NMec = 95584
T = 18
P = 1
Profits ignored
Valid tasks:                                                                0
Solution time = 1.468e-05
Task data
   16  24     1 0
   18  37     1 -1
   46  54     1 0
   44  59     1 -1
   48  68     1 -1
   46  70     1 -1
   53  71     1 -1
   69  79     1 0
   66  83     1 -1
   70  86     1 -1
   73  87     1 -1
   90  98     1 0
   99 106     1 0
   56 128     1 -1
  143 152     1 0
  138 159     1 -1
  156 159     1 0
  102 168     1 -1
Best profit: 7
End
