NMec = 95584
T = 21
P = 1
Profits ignored
Valid tasks:                                                                0
Solution time = 2.488e-05
Task data
    0   8     1 0
   13  28     1 0
   24  37     1 -1
   34  48     1 0
   43  50     1 -1
   42  51     1 -1
   42  56     1 -1
   58  64     1 0
   53  70     1 -1
   63  74     1 -1
   63  78     1 -1
   75  90     1 0
   78  92     1 -1
   96 100     1 0
   92 102     1 -1
   94 105     1 -1
  116 132     1 0
  127 133     1 -1
  135 143     1 0
  151 163     1 0
  175 194     1 0
Best profit: 10
End
