NMec = 95584
T = 24
P = 1
Profits ignored
Valid tasks:                                                                0
Solution time = 2.216e-05
Task data
    2  18     1 0
   16  35     1 -1
   32  41     1 0
   48  62     1 0
   56  74     1 -1
   68  75     1 0
   73  83     1 -1
   84  92     1 0
   78  98     1 -1
   93 104     1 0
  123 130     1 0
  128 134     1 -1
  136 143     1 0
  129 146     1 -1
  145 158     1 0
  144 170     1 -1
  185 198     1 0
  201 208     1 0
  201 210     1 -1
  210 223     1 0
  206 225     1 -1
  225 232     1 0
  220 233     1 -1
  221 234     1 -1
Best profit: 13
End
