NMec = 95584
T = 27
P = 1
Profits ignored
Valid tasks:                                                                0
Solution time = 4.334e-05
Task data
    6  27     1 0
   20  35     1 -1
   37  42     1 0
   26  43     1 -1
   40  48     1 -1
   51  66     1 0
   57  72     1 -1
   82  93     1 0
   79 105     1 -1
   89 111     1 -1
  103 116     1 0
  103 125     1 -1
  132 137     1 0
  162 170     1 0
  150 177     1 -1
  165 187     1 -1
   26 194     1 -1
  192 198     1 0
  198 215     1 -1
   20 216     1 -1
  115 221     1 -1
   16 223     1 -1
  217 224     1 0
  226 237     1 0
  242 258     1 0
  244 259     1 -1
  252 266     1 -1
Best profit: 11
End
