NMec = 95584
T = 29
P = 1
Profits ignored
Valid tasks:                                                                0
Solution time = 2.319e-05
Task data
   33  40     1 0
   30  42     1 -1
   64  71     1 0
   62  78     1 -1
   87 113     1 0
  107 116     1 -1
  127 137     1 0
  137 144     1 -1
  140 155     1 0
  162 169     1 0
  162 171     1 -1
  173 174     1 0
  169 194     1 -1
  183 196     1 0
  195 206     1 -1
  192 207     1 -1
  201 207     1 0
  200 213     1 -1
  220 230     1 0
  221 230     1 -1
  226 233     1 -1
  212 236     1 -1
  236 244     1 0
  232 245     1 -1
  233 258     1 -1
  221 267     1 -1
  266 267     1 0
  173 270     1 -1
  259 274     1 -1
Best profit: 12
End
