NMec = 95584
T = 31
P = 1
Profits ignored
Valid tasks:                                                                0
Solution time = 2.644e-05
Task data
    3  14     1 0
   20  24     1 0
   37  51     1 0
   61  75     1 0
   60  86     1 -1
   76  88     1 0
  104 113     1 0
  110 113     1 -1
  102 122     1 -1
  112 123     1 -1
   86 126     1 -1
  130 136     1 0
  137 146     1 0
  127 152     1 -1
  166 167     1 0
  150 170     1 -1
  162 179     1 -1
  168 184     1 0
  194 201     1 0
  202 224     1 0
  205 224     1 -1
  223 229     1 -1
  244 252     1 0
  244 256     1 -1
  267 272     1 0
  271 284     1 -1
  288 295     1 0
  288 303     1 -1
  294 303     1 -1
   22 306     1 -1
   15 307     1 -1
Best profit: 15
End
