NMec = 95584
T = 32
P = 1
Profits ignored
Valid tasks:                                                                0
Solution time = 1.600e-05
Task data
    1  24     1 0
   29  48     1 0
   35  49     1 -1
   51  58     1 0
   42  61     1 -1
   50  69     1 -1
   51  75     1 -1
   70  76     1 0
   64  77     1 -1
   68  88     1 -1
   96 104     1 0
  104 109     1 -1
  104 114     1 -1
  103 115     1 -1
  164 191     1 0
   28 205     1 -1
   74 208     1 -1
  124 234     1 -1
  147 245     1 -1
  233 249     1 0
  242 253     1 -1
  245 259     1 -1
    0 261     1 -1
  257 261     1 0
  278 292     1 0
  285 296     1 -1
  287 296     1 -1
  303 305     1 0
  293 310     1 -1
  299 310     1 -1
  302 313     1 -1
  312 315     1 0
Best profit: 11
End
