NMec = 95584
T = 33
P = 1
Profits ignored
Valid tasks:                                                                0
Solution time = 2.855e-05
Task data
    8  18     1 0
   25  29     1 0
   36  45     1 0
   64  75     1 0
   57  77     1 -1
   62  84     1 -1
   73  90     1 -1
   81  92     1 0
   79  95     1 -1
   83 103     1 -1
   94 111     1 0
  116 139     1 0
  160 172     1 0
   30 187     1 -1
  183 193     1 0
  204 212     1 0
  212 213     1 -1
  201 227     1 -1
  212 231     1 -1
  218 234     1 0
  235 237     1 0
  231 241     1 -1
  227 243     1 -1
  248 259     1 0
  264 267     1 0
  117 268     1 -1
  247 268     1 -1
  255 281     1 -1
  119 290     1 -1
  292 302     1 0
  284 306     1 -1
  305 311     1 0
  289 316     1 -1
Best profit: 16
End
