01 7.685e-06
02 1.029e-05
03 9.469e-06
04 1.082e-05
05 1.256e-05
06 1.117e-05
07 1.049e-05
08 1.243e-05
09 6.632e-06
10 8.977e-06
11 1.277e-05
12 9.849e-06
13 9.468e-06
14 1.495e-05
15 1.018e-05
16 3.429e-05
17 9.518e-06
18 1.468e-05
19 1.689e-05
20 1.788e-05
21 2.488e-05
22 1.742e-05
23 3.351e-05
24 2.216e-05
25 1.577e-05
26 3.926e-05
27 4.334e-05
28 2.515e-05
29 2.319e-05
30 1.926e-05
31 2.644e-05
32 1.600e-05
33 2.855e-05
34 1.742e-05
35 3.042e-05
36 5.093e-05
37 2.927e-05
38 1.875e-05
39 5.297e-05
40 4.495e-05
41 2.070e-05
42 2.063e-05
43 9.161e-05
44 4.684e-05
45 3.491e-05
46 3.563e-05
47 2.312e-05
48 7.445e-05
49 1.362e-04
50 5.632e-05
51 4.067e-05
52 8.256e-05
53 3.151e-05
54 4.878e-05
55 2.610e-05
56 8.646e-05
57 4.746e-05
58 2.905e-05
59 5.322e-05
60 2.606e-05
61 3.574e-05
62 4.925e-05
63 3.934e-05
64 5.238e-05
