NMec = 95584
T = 18
P = 3
Profits not ignored
Valid tasks:                                                             7864
Solution time = 8.220e-03
Task data
    2  41  2997 -1
    3  58 12692 0
    8  38  2893 -1
   14  26  3380 1
   14  29  1669 -1
   16  28  2611 -1
   18  32  2688 2
   18  54  3527 -1
   20  29  2073 -1
   21  28  1108 -1
   22  35  1720 -1
   25  33   892 -1
   31  42  1464 1
   36  47  1725 2
   42  57  2721 -1
   47  55  1612 1
   48  54  1694 2
   52  56  1171 -1
Best profit: 25255
End
