NMec = 95584
T = 18
P = 2
Profits not ignored
Valid tasks:                                                             7071
Solution time = 7.691e-03
Task data
    1  15  2077 0
    2  80 16373 1
    3  18  1526 -1
    9  68 12047 -1
   16  21   732 0
   17  18   209 -1
   22  30  2108 0
   22  38  4420 -1
   28  41  3388 -1
   31  88 13145 0
   35  42   793 -1
   44  53   750 -1
   47  69  4118 -1
   50  68  1774 -1
   51  58  1150 -1
   55  70  2867 -1
   57  72  2721 -1
   74  84  1352 -1
Best profit: 34435
End
