NMec = 95584
T = 18
P = 4
Profits not ignored
Valid tasks:                                                            19003
Solution time = 1.211e-02
Task data
    5  14  1043 0
    8  15  1361 1
    8  40  7984 2
    9  23  3012 -1
    9  25  3854 3
   13  27  3512 -1
   13  30  2493 -1
   17  18   151 0
   17  26   990 -1
   18  35  3731 1
   20  24  1301 -1
   20  36  3046 -1
   21  40  3581 0
   24  27   489 -1
   24  31   763 -1
   24  35  1725 -1
   26  39  1307 3
   32  43  1474 -1
Best profit: 23012
End
