NMec = 95584
T = 19
P = 5
Profits not ignored
Valid tasks:                                                            81244
Solution time = 3.682e-02
Task data
    0  15  2790 0
    2   9  1236 1
    5  27  6666 2
    8  12   676 -1
    8  30  4352 3
    9  17   688 -1
   10  21  1268 -1
   10  23  1992 -1
   10  31  3920 1
   11  18  1313 -1
   12  24  2475 4
   13  15   360 -1
   13  27  1084 -1
   15  35  1549 -1
   18  35  1715 0
   22  36  1591 -1
   23  34  1495 -1
   26  31  1223 4
   31  37   554 -1
Best profit: 24377
End
