NMec = 95584
T = 19
P = 6
Profits not ignored
Valid tasks:                                                            77317
Solution time = 3.560e-02
Task data
    0   9  1423 0
    1  19  5507 1
    1  27  1951 -1
    2  28  5138 2
    3  20  1328 -1
    4  25  2096 -1
    5   7   535 3
    5  23  2276 -1
    7  26  3282 4
    9  22  2852 3
    9  24  2790 5
   10  27  1909 -1
   11  23  1028 -1
   12  15   499 0
   16  20   773 -1
   16  24  1704 -1
   16  28  1757 0
   17  23   740 -1
   19  26   612 -1
Best profit: 23783
End
