NMec = 95584
T = 19
P = 4
Profits not ignored
Valid tasks:                                                            83769
Solution time = 3.441e-02
Task data
    0  21  3610 0
    1  10  1893 1
    2   8  1082 2
    3  25  1696 -1
    5  25  2515 -1
    6  13   633 3
   10  33  3415 -1
   11  32  4187 1
   12  26  3055 2
   14  20   872 -1
   15  19   477 -1
   16  23  2319 3
   20  42  2439 -1
   24  40  2297 0
   25  36   868 -1
   27  41  2673 2
   30  43  2441 3
   34  41   612 1
   36  47  1268 -1
Best profit: 24802
End
