NMec = 95584
T = 20
P = 4
Profits not ignored
Valid tasks:                                                           124624
Solution time = 5.327e-02
Task data
    1   9   880 0
    2  14  1319 -1
    4  41  4665 1
    8  15  1706 2
    8  37  5290 3
   12  25  2472 0
   13  28  2422 -1
   13  32  1306 -1
   15  36  1919 -1
   16  20  1117 -1
   17  35  2275 -1
   19  24   977 -1
   19  27  1342 2
   24  31   658 -1
   28  38  2167 0
   30  32   380 -1
   30  39  1214 2
   38  47  1409 3
   39  46  2106 0
   40  47  2036 -1
Best profit: 23251
End
