NMec = 95584
T = 20
P = 6
Profits not ignored
Valid tasks:                                                           124420
Solution time = 6.711e-02
Task data
    0  31  3245 -1
    0  32  7035 0
    1  32  4768 1
    4  13  1627 2
    4  21  2184 3
    6  31  3288 -1
    7  25  1240 -1
    8  16  1590 -1
   12  30  4834 4
   13  15   294 -1
   13  18   494 -1
   13  28  1916 -1
   13  32  3938 5
   14  16   423 -1
   15  21  1235 -1
   16  25  2633 2
   16  33  1570 -1
   17  25  1106 -1
   22  29  1786 3
   30  32   455 -1
Best profit: 28805
End
