NMec = 95584
T = 20
P = 2
Profits not ignored
Valid tasks:                                                            42536
Solution time = 3.770e-02
Task data
    1   8   658 -1
    1  10  1764 0
    3  15  3422 1
    7  28  3098 -1
    8  17  1766 -1
   14  27  2119 0
   15  39  1632 -1
   18  21   486 1
   24  39  1623 1
   31  34   651 0
   38  51  1676 0
   42  49  1012 -1
   44  64  5343 -1
   48  57  2132 1
   55  61  1044 -1
   56  82  6026 0
   61  75  1466 -1
   61  88  5513 1
   63  75  1597 -1
   93  94   175 -1
Best profit: 25412
End
