NMec = 95584
T = 20
P = 1
Profits not ignored
Valid tasks:                                                             6300
Solution time = 2.518e-02
Task data
    9  18  1627 0
   20  25   719 0
   27  50  1567 -1
   40 159 17878 0
   60  67  1411 -1
   63  72  1514 -1
   69  81  1271 -1
   70  76   986 -1
   74  84  2799 -1
   74  87  1719 -1
   76  98  4061 -1
  114 131  1826 -1
  114 131  4738 -1
  114 138  5330 -1
  132 138   576 -1
  166 176  2456 -1
  167 188  4332 0
  178 188  1392 -1
  186 196  1335 -1
  188 195   698 -1
Best profit: 24556
End
