NMec = 95584
T = 21
P = 6
Profits not ignored
Valid tasks:                                                           418494
Solution time = 1.567e-01
Task data
    2  17  2967 0
    3  18  2241 1
    5  14  2003 2
    5  18  1679 3
    5  30  4074 4
    7   9   642 5
    8  22  1104 -1
    9  23  1860 -1
   10  15   564 5
   10  19  1223 -1
   10  25  1130 -1
   12  21   995 -1
   15  28  1966 2
   16  18   434 -1
   17  21  1120 -1
   17  27  1802 5
   18  26  1224 0
   20  26   669 -1
   22  31  2084 1
   22  32  1535 3
   27  33  1517 -1
Best profit: 22781
End
