NMec = 95584
T = 21
P = 4
Profits not ignored
Valid tasks:                                                           221149
Solution time = 1.105e-01
Task data
    2  11   955 0
    3  14  1439 1
    7  21  1409 2
    8  44  5181 -1
    9  29  4701 3
    9  49  2893 -1
   10  19  1223 -1
   13  27  3205 0
   16  28  1877 -1
   18  27  2084 1
   18  35  1791 -1
   23  45  4264 2
   29  47  4116 0
   31  45  3005 1
   31  48  2527 -1
   32  35   545 3
   33  41  1117 -1
   36  48  2129 3
   42  47   838 -1
   43  50  1254 -1
   47  52   442 -1
Best profit: 27852
End
