NMec = 95584
T = 21
P = 5
Profits not ignored
Valid tasks:                                                           137909
Solution time = 1.130e-01
Task data
    1  18  2200 0
    5  18  2596 1
    9  12   545 2
   10  27  2159 -1
   11  34  2254 -1
   12  24  1814 3
   13  30  3846 -1
   14  28  3126 2
   16  28  1877 -1
   16  40  5416 4
   18  30  1612 -1
   18  33  1592 -1
   21  41  2941 0
   22  41  4477 1
   24  32   860 -1
   25  31  1403 -1
   25  41  2387 3
   27  36  1638 -1
   28  39   848 -1
   29  37  1411 2
   33  41   663 -1
Best profit: 26913
End
