NMec = 95584
T = 21
P = 8
Profits not ignored
Valid tasks:                                                           785188
Solution time = 1.869e-01
Task data
    0   9  1396 -1
    0  12  1768 0
    0  19  1990 -1
    1  15  3005 1
    1  16  2309 2
    2  13  1488 -1
    2  14   918 -1
    2  21  1878 -1
    3  15  2038 3
    3  23  2941 4
    4  10  1517 5
    4  24  4701 6
    6  27  3603 7
    8  17  1223 -1
   14  16   626 0
   14  20  1298 5
   15  18   480 -1
   16  17   428 1
   16  27  1685 3
   19  27   663 0
   20  21   192 -1
Best profit: 26582
End
