NMec = 95584
T = 21
P = 3
Profits not ignored
Valid tasks:                                                           209378
Solution time = 9.725e-02
Task data
    0   6  1011 0
    2  17  2232 1
    3   4   328 2
    3  17  1799 -1
    4  20  1597 -1
    8  15   978 -1
    8  28  2604 0
    9  22  2194 2
   11  22  1194 -1
   15  29  1104 -1
   22  24   213 -1
   22  55  4761 1
   25  59  7477 2
   40  48   860 0
   42  52  1496 -1
   49  56  1124 -1
   49  68  4006 0
   54  64  2463 -1
   58  66  1950 -1
   58  69  2225 1
   61  66  1251 -1
Best profit: 27698
End
