NMec = 95584
T = 22
P = 4
Profits not ignored
Valid tasks:                                                           562256
Solution time = 2.514e-01
Task data
    0  11  2317 0
    0  27  7136 1
    0  50 12077 2
    1  18  1846 -1
    5  11   490 -1
    5  12  1470 -1
    6  27  4827 3
    8  17  1110 -1
   16  20   930 -1
   20  36  2961 0
   22  41  1524 -1
   23  26   522 -1
   27  36  1020 -1
   28  34   643 1
   29  39  1776 -1
   30  33   845 3
   31  45  1057 -1
   33  41  1418 -1
   35  47  2119 1
   38  51  1352 0
   39  53  1493 3
   40  42   423 -1
Best profit: 35770
End
