NMec = 95584
T = 22
P = 6
Profits not ignored
Valid tasks:                                                           419160
Solution time = 2.970e-01
Task data
    0  11  3059 0
    0  26  5211 1
    2  10   919 2
    2  14  1294 3
    6  21  2250 -1
    7  10   646 4
    8  20   909 5
   10  22  2048 -1
   10  29  2219 -1
   13  32  3259 0
   14  34  1479 -1
   14  35  1677 -1
   15  24  1742 -1
   17  24  1044 -1
   17  35  1743 -1
   19  31  2415 2
   19  35  3730 3
   20  24   483 -1
   20  28  1654 -1
   21  33  2744 4
   21  36  3790 5
   24  36  1334 -1
Best profit: 27976
End
