NMec = 95584
T = 23
P = 1
Profits not ignored
Valid tasks:                                                            37638
Solution time = 2.010e-01
Task data
    7  17  2121 -1
    9 201 36777 0
   17  39  2581 -1
   29  43  1893 -1
   39  46  1286 -1
   51  58  1612 -1
   76  84  1181 -1
  105 125  2322 -1
  116 126  2114 -1
  120 130   988 -1
  137 147   895 -1
  152 163  1839 -1
  164 171  1454 -1
  173 184  1165 -1
  187 198  2384 -1
  188 192  1050 -1
  201 218  2062 -1
  204 215  1164 -1
  205 213  1668 -1
  205 228  1965 -1
  209 221  1673 -1
  211 228  3240 0
  224 228   523 -1
Best profit: 40017
End
