NMec = 95584
T = 23
P = 3
Profits not ignored
Valid tasks:                                                           459952
Solution time = 3.280e-01
Task data
    1  14  2781 0
    3  16  2521 1
    4  36  6115 2
    5  24  1939 -1
   11  20  1929 -1
   13  27  1346 -1
   14  24  1260 -1
   15  25  1068 0
   19  22   515 -1
   22  65  5772 1
   23  37  3022 -1
   25  29   632 -1
   25  32  1525 -1
   29  40  1347 -1
   29  43  2726 0
   31  43  2499 -1
   35  42   885 -1
   41  53  2729 2
   45  52  1286 -1
   45  67  2404 0
   47  59  1058 -1
   65  74  1533 2
   71  72   165 -1
Best profit: 27649
End
