NMec = 95584
T = 23
P = 6
Profits not ignored
Valid tasks:                                                          1847998
Solution time = 6.287e-01
Task data
    0  19  2091 -1
    2  13  2418 0
    3  14  1544 1
    3  38  5783 2
    5  12  1010 -1
    5  14  1123 -1
    5  22  3336 3
    5  24  3972 4
    7  11   407 -1
    7  24  3471 5
    9  23  1968 -1
   12  18   775 -1
   13  26  1147 -1
   14  33  1941 -1
   16  34  3420 0
   17  27  1999 1
   21  34  1358 -1
   23  27   573 -1
   24  31   719 -1
   24  32  1889 3
   25  29   954 4
   28  35  1538 1
   31  36   920 -1
Best profit: 30324
End
