NMec = 95584
T = 23
P = 7
Profits not ignored
Valid tasks:                                                          1239923
Solution time = 6.762e-01
Task data
    0  10  1217 0
    0  18  1986 1
    0  21  4617 2
    2   8   884 3
    3  22  2573 -1
    4  27  3149 4
    5  13   808 -1
    5  13  1788 5
    5  23  3621 6
    9  20  1164 -1
   10  26  2731 3
   12  27  1833 -1
   13  23  2114 -1
   13  24  2161 -1
   13  29  3089 0
   14  28  1684 -1
   17  32  1301 -1
   18  32  2892 5
   19  24  1113 -1
   19  32  1147 -1
   20  27   777 -1
   20  31  2418 1
   21  32  1839 -1
Best profit: 28392
End
