NMec = 95584
T = 24
P = 1
Profits not ignored
Valid tasks:                                                            75240
Solution time = 4.650e-01
Task data
    2  18  2580 -1
   16  35  3991 0
   32  41  1052 -1
   48  62  2226 -1
   56  74  5440 0
   68  75  1590 -1
   73  83  1326 -1
   78  98  2944 -1
   84  92  1397 0
   93 104  2732 0
  123 130  1465 0
  128 134   458 -1
  129 146  3719 -1
  136 143  1219 0
  144 170  4914 0
  145 158  2217 -1
  185 198  1519 0
  201 208  1723 0
  201 210  1759 -1
  206 225  2828 -1
  210 223  2962 0
  220 233  2288 -1
  221 234  2120 -1
  225 232  1903 -1
Best profit: 27362
End
