NMec = 95584
T = 24
P = 8
Profits not ignored
Valid tasks:                                                          3110436
Solution time = 1.495e+00
Task data
    0  29  6829 0
    1  20  2804 -1
    2   8  1144 1
    2  14   849 -1
    2  25  5707 2
    4  17  2120 -1
    4  18  4295 3
    4  21  3276 4
    5  15  2328 5
    6  10   776 -1
    6  12  1398 6
    6  28  3641 7
    7  26  3035 -1
    8  16  1648 -1
   10  16  1067 -1
   11  23  1367 -1
   12  14   446 -1
   12  24  2286 -1
   13  29  2049 -1
   14  26  2799 1
   14  28  2981 6
   16  28  2686 5
   18  23   849 -1
   21  27   760 -1
Best profit: 37084
End
