NMec = 95584
T = 24
P = 5
Profits not ignored
Valid tasks:                                                          1630327
Solution time = 9.619e-01
Task data
    1  11  1326 0
    1  17  3597 1
    2  15  2782 2
    2  18  2580 -1
    2  26  5691 3
    4  16  1969 -1
    6  24  3008 4
    8  17  2153 -1
    8  41  4767 -1
    9  23  1628 -1
   10  27  3165 -1
   11  14   654 -1
   12  18  1039 -1
   13  30  2742 0
   16  45  5490 2
   20  28   588 -1
   20  32  3723 1
   25  38  1472 -1
   26  45  3102 4
   34  39  1427 0
   34  41  1132 -1
   34  44  2196 1
   34  46  2686 3
   36  39   729 -1
Best profit: 37770
End
