NMec = 95584
T = 24
P = 6
Profits not ignored
Valid tasks:                                                          3269880
Solution time = 1.228e+00
Task data
    0   8  1336 0
    1  17  4043 1
    2  14  1823 2
    4  16  2380 3
    4  21  2546 4
    7  28  4736 5
    8  28  3257 -1
    9  12   606 -1
    9  12   827 -1
   10  19  1759 -1
   11  27  1787 -1
   12  24   849 -1
   12  26  4295 0
   14  18  1139 -1
   16  23  1219 -1
   16  35  3974 2
   18  36  2883 1
   18  36  3792 3
   20  37  1953 -1
   23  38  1928 4
   24  27   729 -1
   30  31   424 0
   30  38  1426 5
   31  34   654 -1
Best profit: 35586
End
