NMec = 95584
T = 24
P = 3
Profits not ignored
Valid tasks:                                                           419950
Solution time = 6.730e-01
Task data
   11  18  1822 0
   14  27  1519 -1
   15  32  2546 -1
   18  21   799 1
   18  28  1707 -1
   18  29  2110 -1
   19  42  3633 0
   20  37  5154 2
   22  36  3099 -1
   23  78  6746 1
   27  38  1900 -1
   30  34   911 -1
   32  50  2664 -1
   43  60  2742 0
   46  72  5365 2
   47  62  2374 -1
   50  57   523 -1
   55  68  1472 -1
   56  67  1961 -1
   58  63  1099 -1
   62  71  2116 -1
   62  76  2276 0
   64  68  1077 -1
   73  79  1665 -1
Best profit: 28537
End
