NMec = 95584
T = 25
P = 7
Profits not ignored
Valid tasks:                                                          3193176
Solution time = 2.662e+00
Task data
    0  32  5078 0
    2   3   193 1
    2   7   890 2
    4  25  2625 -1
    4  30  6030 1
    4  33  4435 3
    6  18  1939 4
    7  20   732 -1
    8  18  1143 -1
    8  21  2679 2
    8  22  2129 -1
   10  27  2833 5
   11  19   859 -1
   11  33  2145 -1
   13  17   995 -1
   13  19  1623 -1
   14  23  2211 -1
   16  23   745 -1
   16  30  1724 -1
   17  32  3843 6
   19  30   949 -1
   19  33  2155 4
   20  21   472 -1
   23  28   452 2
   23  30  1203 -1
Best profit: 30527
End
