NMec = 95584
T = 25
P = 4
Profits not ignored
Valid tasks:                                                           943264
Solution time = 1.476e+00
Task data
    2  55  5183 -1
    3  11   471 0
    5  16  1804 1
    8  22  3316 2
    9  59  3834 -1
   10  23  2679 -1
   10  23  2070 -1
   10  27  4020 3
   10  52  5130 -1
   13  25  1927 -1
   14  29  1839 -1
   15  17   427 0
   17  24  1855 -1
   18  29  1790 -1
   18  33  3765 0
   19  42  5763 1
   25  39  1431 2
   28  39  1847 3
   32  39   832 -1
   36  42   652 -1
   36  54  1772 0
   38  46  1417 -1
   41  47   554 2
   41  49  1294 3
   49  58  1989 -1
Best profit: 26464
End
