NMec = 95584
T = 25
P = 2
Profits not ignored
Valid tasks:                                                           308688
Solution time = 1.051e+00
Task data
    0  39  5913 -1
    2   7  1327 0
    2  16  2254 -1
    4  75 13776 1
    6  16  1693 -1
    8  22  2361 0
   11  33  2194 -1
   26  35  2354 0
   47  66  4636 0
   49  53   377 -1
   60  69  1419 -1
   64  75  2681 -1
   65  73  2162 -1
   65  87  2643 -1
   69  94  3103 0
   74  86  1249 -1
   78  84   367 1
   78 100  1818 -1
   85  89   520 1
   87 106  2873 -1
   87 110  2238 -1
   89  99  1630 -1
   92 110  3778 1
  104 119  2386 0
  111 116   559 -1
Best profit: 34608
End
