NMec = 95584
T = 25
P = 6
Profits not ignored
Valid tasks:                                                           521929
Solution time = 2.034e+00
Task data
    1  41  3911 0
    4  17   732 -1
    4  18  1559 1
    4  23  1920 -1
    4  27  5305 2
    6  25  3078 -1
   10  23  2204 3
   10  25  2299 -1
   10  31  4913 4
   10  32  4401 5
   11  27  3380 -1
   11  34  2864 -1
   14  27  2075 -1
   15  34  1581 -1
   16  26  1561 -1
   16  27  2782 -1
   17  28  1804 -1
   17  36  2298 -1
   18  34  2535 -1
   20  27  1883 1
   21  31  1026 -1
   23  34   903 -1
   24  31  1922 3
   25  32  1183 -1
   31  38   745 -1
Best profit: 26098
End
