NMec = 95584
T = 25
P = 5
Profits not ignored
Valid tasks:                                                          2622636
Solution time = 2.044e+00
Task data
    0   8  1278 0
    1  43  9967 1
    1  47  2456 -1
    3  18  2405 2
    4   7   885 3
    8  26  1824 -1
   10  20  2589 0
   10  24  3350 3
   14  24  1641 -1
   15  26  1847 4
   16  25   791 -1
   16  28  1351 -1
   19  21   432 2
   20  41  1655 -1
   21  22   399 -1
   21  28   955 0
   21  46  2418 -1
   22  46  2872 2
   23  33  1050 -1
   25  36  1774 3
   29  49  5043 0
   30  42  2488 4
   33  43  1732 -1
   37  49  1927 3
   41  48   747 -1
Best profit: 37812
End
