NMec = 95584
T = 26
P = 7
Profits not ignored
Valid tasks:                                                          3776833
Solution time = 4.960e+00
Task data
    0  15  1647 0
    1   8   946 1
    1  23  2411 -1
    2  27  4440 2
    3  16  1155 3
    3  24  4454 4
    4  13   655 -1
    5  14  1061 -1
    5  26  2963 -1
    9  22  2573 -1
    9  31  4207 1
   10  20  1293 -1
   10  29  2648 -1
   11  21  2390 5
   11  28  1061 -1
   11  31  2115 -1
   13  22  1006 -1
   13  26  3251 6
   13  26  1873 -1
   14  35  2258 -1
   15  21   725 -1
   18  34  2235 0
   19  30  2395 3
   19  37  1614 -1
   22  27  1112 5
   27  30   713 -1
Best profit: 28232
End
