NMec = 95584
T = 26
P = 5
Profits not ignored
Valid tasks:                                                          2397382
Solution time = 3.713e+00
Task data
    0   2   398 0
    0  51  6142 1
    2  34  6583 2
    5  13  2090 0
    8  21  2835 3
    9  24  2733 -1
    9  27  1992 -1
    9  29  1238 -1
    9  46  3227 -1
   10  20  2022 -1
   10  20  2037 4
   11  16   496 -1
   13  24  1236 -1
   15  36  2892 -1
   15  39  2565 -1
   16  33  1861 0
   20  37  1909 -1
   21  32  1207 -1
   21  40  3559 4
   22  37  2141 3
   23  32  1008 -1
   28  40   851 -1
   34  42  1058 0
   36  44  1213 2
   39  42   733 3
   40  49  2173 -1
Best profit: 30650
End
