NMec = 95584
T = 26
P = 1
Profits not ignored
Valid tasks:                                                            19770
Solution time = 1.567e+00
Task data
    1  13  1536 -1
    7 240 24077 -1
    9 255 25530 -1
   11  33  4207 0
   17  36  2350 -1
   24  36  1073 -1
   52  79  2935 0
   64  79  1642 -1
   68  86  2015 -1
   72  82  2195 -1
   80  87  1078 0
   86 106  4252 -1
   90 235 19323 0
   94 112  2542 -1
  109 131  2316 -1
  112 126  2757 -1
  114 119   510 -1
  146 152  1246 -1
  154 163  2322 -1
  170 182  1709 -1
  181 204  1570 -1
  188 207  1179 -1
  193 215  4997 -1
  194 203  1852 -1
  198 212  2562 -1
  220 238  1911 -1
Best profit: 27543
End
