NMec = 95584
T = 26
P = 6
Profits not ignored
Valid tasks:                                                          2592748
Solution time = 4.523e+00
Task data
    1  13  1309 0
    2  10  1823 1
    4  26  3928 2
    6  21  1890 3
    9  42  6783 4
   10  28  1568 -1
   11  17  1626 1
   11  34  1414 -1
   12  28  2290 -1
   15  20   637 0
   16  32  2251 -1
   16  42  3549 5
   17  37  2202 -1
   17  38  2275 -1
   18  31  1437 -1
   18  41  5214 1
   19  31  1105 -1
   21  32  2136 0
   22  32  1293 -1
   22  34  1308 -1
   23  32  1338 -1
   25  33   927 -1
   26  39  2573 3
   28  32   328 -1
   30  42  2408 2
   36  41  1098 -1
Best profit: 33876
End
