NMec = 95584
T = 26
P = 2
Profits not ignored
Valid tasks:                                                          1310820
Solution time = 2.358e+00
Task data
    1  16  1609 -1
    2  14  2314 0
    8  32  2651 -1
    8  86 10566 1
   13  20   824 -1
   18  27   850 0
   28  37  1049 0
   28  38   720 -1
   29  35   413 -1
   39  43   915 0
   44  68  3367 -1
   45  62  1861 -1
   48  58   908 -1
   52  61  2025 0
   64  69  1304 -1
   65  77  1536 -1
   68  92  4629 0
   77  80   404 -1
   82  92  1446 -1
   86  97  2050 -1
   86 103  1847 -1
   90 102  1721 -1
   91 114  4788 1
   93 113  4875 0
  106 114  1058 -1
  114 122  1655 -1
Best profit: 32011
End
