NMec = 95584
T = 27
P = 4
Profits not ignored
Valid tasks:                                                          4745797
Solution time = 6.900e+00
Task data
    0  55  6389 0
    4  20  4062 1
    6  16  1068 2
    9  21  1210 -1
    9  28  2458 -1
   15  32  4257 3
   15  34  1853 -1
   17  24  1891 2
   17  63  5497 -1
   22  38  2058 1
   22  45  2655 -1
   28  65  5414 2
   32  41   952 -1
   32  42  1206 -1
   32  43  1198 -1
   39  50  1687 -1
   40  49  1359 -1
   40  57  2156 -1
   42  46  1299 1
   42  63  2762 -1
   43  61  4766 3
   44  46   389 -1
   47  61  2690 1
   48  57  1101 -1
   53  59  1535 -1
   56  60  1244 0
   59  62   625 -1
Best profit: 35138
End
