NMec = 95584
T = 27
P = 2
Profits not ignored
Valid tasks:                                                          1263709
Solution time = 4.437e+00
Task data
    1  10  1198 0
    8  31  5968 1
    8 113  9814 -1
   10  21  3117 -1
   11  19  2258 0
   13  15   300 -1
   15  31  2200 -1
   29  37  1131 0
   31  50  2213 -1
   39  52  1541 -1
   40  57  2446 0
   45  47   292 -1
   46  66  2302 -1
   47  63  4016 1
   48  64  3727 -1
   63  80  4257 0
   64  83  4779 1
   66  76  1256 -1
   68  84  2389 -1
   71  96  2474 -1
   78  81   485 -1
   89 100  1117 0
  100 119  2850 1
  106 112   861 0
  108 110   352 -1
  113 128  2869 0
  119 134  2496 -1
Best profit: 33750
End
