NMec = 95584
T = 27
P = 3
Profits not ignored
Valid tasks:                                                          1525563
Solution time = 5.135e+00
Task data
    1  72 18696 0
   12  31  1941 -1
   12  35  2875 -1
   13  80 16062 1
   19  41  5770 2
   20  25   856 -1
   24  47  2284 -1
   24  49  3364 -1
   25  43  2168 -1
   26  40  1645 -1
   28  38  2629 -1
   37  43   652 -1
   41  47  1535 -1
   42  47  1493 2
   52  67  2009 2
   52  71  2213 -1
   53  57   551 -1
   53  68  1597 -1
   54  68  2039 -1
   62  67   738 -1
   62  87  3041 -1
   63  68   556 -1
   63  69  1656 -1
   68  84  2058 2
   74  83  1793 -1
   74  85  1872 0
   76  84  1265 -1
Best profit: 47960
End
