NMec = 95584
T = 27
P = 8
Profits not ignored
Valid tasks:                                                         23335506
Solution time = 1.285e+01
Task data
    0   9  1359 0
    1  16  4155 1
    1  23  2624 -1
    1  33  7805 2
    2  29  2604 -1
    2  32  3753 3
    3   9   667 -1
    3  14  2152 4
    3  16  3345 5
    5  16  3011 6
    8  21  1812 -1
    9  27  4489 7
    9  32  2223 -1
    9  32  3420 -1
   11  16   844 -1
   13  26  1758 -1
   13  31  4165 0
   14  23  1560 -1
   15  28  1535 -1
   16  29  1549 4
   17  29  1521 1
   20  31  1321 5
   22  31   971 6
   23  24   200 -1
   23  29   861 -1
   27  28   498 -1
   27  29   360 -1
Best profit: 39596
End
