NMec = 95584
T = 27
P = 7
Profits not ignored
Valid tasks:                                                          9617820
Solution time = 1.046e+01
Task data
    0  36  8839 0
    0  38  9212 1
    2  24  2624 -1
    4  12  1131 2
    4  23  2588 -1
    5  13  1107 3
    6  15  1406 4
    7  21  1660 -1
    8  18  1973 5
    8  20  1297 -1
   10  29  2718 -1
   12  22  2857 6
   12  34  2130 -1
   13  22  2509 2
   13  23  1568 -1
   14  26  2850 3
   15  27  1262 -1
   17  23   820 -1
   18  36  2300 4
   19  30  1872 5
   19  31  1558 -1
   20  32  1238 -1
   21  25  1183 -1
   22  29   878 -1
   23  27   466 2
   25  35  2736 6
   28  30   331 -1
Best profit: 39258
End
