NMec = 95584
T = 28
P = 2
Profits not ignored
Valid tasks:                                                          2651822
Solution time = 9.256e+00
Task data
    0 139 14248 -1
    3  21  4008 0
   11  13   204 -1
   12  17  1777 1
   14  24   987 -1
   17  66  6053 -1
   20  36  3365 1
   26  35   806 -1
   27  38  1444 -1
   29  38  2485 0
   29  47  1469 -1
   38  57  3657 1
   50  72  3983 0
   56  67  2163 -1
   57  60   480 -1
   59  75  1419 -1
   61  64   515 1
   66  86  2957 -1
   67  81  3295 1
   75  83   769 0
   92  99   439 0
   98 108  1677 1
  100 109  1110 0
  105 110   660 -1
  108 118  1524 -1
  112 125  2425 0
  113 123  1530 1
  121 124   665 -1
Best profit: 31035
End
