NMec = 95584
T = 28
P = 7
Profits not ignored
Valid tasks:                                                         47876910
Solution time = 2.633e+01
Task data
    0   7  1688 0
    0  26  4676 1
    1  19  1530 2
    3  14  1662 3
    3  22  2422 4
    5  14  2197 5
    6  14  2665 6
    7  28  2828 -1
   11  18  1220 -1
   11  28  1220 -1
   12  19  1127 -1
   13  33  5217 0
   15  32  2503 3
   16  25   854 -1
   18  19   397 5
   18  29  2194 -1
   18  33  2884 6
   19  29   851 -1
   20  35  1917 2
   20  37  1979 5
   21  23   251 -1
   24  29   539 -1
   25  30   612 -1
   25  34   548 -1
   26  30   832 -1
   27  38  2078 1
   28  39  1332 4
   30  34   602 -1
Best profit: 35147
End
