NMec = 95584
T = 28
P = 1
Profits not ignored
Valid tasks:                                                            15523
Solution time = 6.357e+00
Task data
   18 246 27420 -1
   23  47  2134 -1
   25 263 52486 0
   26 146 17032 -1
   30 194 27408 -1
   78  82  1481 -1
   84  99  1237 -1
  112 124  2251 -1
  112 130  1704 -1
  114 133  3959 -1
  118 138  1149 -1
  129 140  1543 -1
  149 162  1554 -1
  162 179  1220 -1
  173 197  2545 -1
  174 184  1323 -1
  174 186  1430 -1
  179 193  3727 -1
  180 196  2354 -1
  183 193  1530 -1
  212 229  3797 -1
  213 226  1169 -1
  218 228  1677 -1
  223 235  2377 -1
  225 248  4326 -1
  227 246  1611 -1
  261 266   727 -1
  270 276  1213 -1
Best profit: 52486
End
