NMec = 95584
T = 29
P = 1
Profits not ignored
Valid tasks:                                                           214515
Solution time = 1.709e+01
Task data
   30  42  1247 0
   33  40   709 -1
   62  78  3175 0
   64  71  1091 -1
   87 113  5717 0
  107 116  2114 -1
  127 137  1046 0
  137 144  1222 -1
  140 155  3884 0
  162 169  1080 -1
  162 171  2429 0
  169 194  4638 -1
  173 174   446 -1
  173 270 18587 0
  183 196  1081 -1
  192 207  2044 -1
  195 206   938 -1
  200 213  1724 -1
  201 207  1737 -1
  212 236  2867 -1
  220 230  3160 -1
  221 230  2152 -1
  221 267  3383 -1
  226 233  1565 -1
  232 245  1970 -1
  233 258  2491 -1
  236 244  2034 -1
  259 274  3492 -1
  266 267   259 -1
Best profit: 36085
End
