NMec = 95584
T = 29
P = 8
Profits not ignored
Valid tasks:                                                         93879914
Solution time = 5.551e+01
Task data
    0  13  1342 0
    0  22  4870 1
    1   8  1126 2
    1   9   797 3
    1  12  1141 -1
    2  15  3163 4
    2  17  2855 5
    2  20  3604 6
    4  17  4022 7
    5  23  2564 -1
    5  32  3610 -1
    7  15  1228 -1
    8  16  1761 -1
    8  27  2294 -1
    9  11   289 -1
    9  15  1308 2
   10  34  5284 3
   12  27  1970 -1
   13  21   695 -1
   14  24  2672 -1
   14  27  3398 0
   17  24  1722 -1
   17  26   782 -1
   17  26  2481 2
   17  34  2299 4
   19  30  2619 5
   21  29  1375 6
   21  31  2448 7
   29  34   433 -1
Best profit: 42991
End
