NMec = 95584
T = 29
P = 7
Profits not ignored
Valid tasks:                                                         26259830
Solution time = 4.695e+01
Task data
    1  41  8946 0
    1  41  5767 1
    3  10   767 2
    5  27  1656 -1
    6  10   443 3
    7   9   286 4
    7  32  5495 5
   10  22  1601 4
   10  30  2863 -1
   11  15   387 2
   11  23  3225 -1
   12  28  1630 -1
   13  29  2171 -1
   14  20  1701 3
   14  34  3922 -1
   14  38  5648 6
   16  19   760 2
   16  30  1721 -1
   16  30  2934 -1
   17  31  1934 -1
   20  30  1680 -1
   20  37  5170 2
   21  38  4005 3
   22  32  1963 -1
   23  29  1507 -1
   23  37  3177 4
   24  28  1214 -1
   26  35  1350 -1
   33  39   548 -1
Best profit: 44153
End
