NMec = 95584
T = 29
P = 3
Profits not ignored
Valid tasks:                                                         10772912
Solution time = 2.529e+01
Task data
    4  13  1528 0
    4  19  1836 -1
    4  22  4089 1
    5  14   721 -1
    8  25  1725 -1
    8  27  2727 2
   15  22  1695 -1
   15  29  3720 0
   19  42  3065 -1
   22  29   709 -1
   24  31  1428 1
   28  43  2159 2
   36  46  1055 0
   38  59  4895 1
   40  62  2831 -1
   46  53  1518 -1
   46  57  2348 2
   49  67  4615 0
   50  70  2954 -1
   52  78  3481 -1
   58  73  2988 -1
   63  87  7181 1
   65  70   470 -1
   65  87  5582 2
   67  81  1426 -1
   68  82  1158 -1
   71  90  4364 0
   73  81  1903 -1
   77  87  2486 -1
Best profit: 45691
End
