NMec = 95584
T = 30
P = 5
Profits not ignored
Valid tasks:                                                         39643794
Solution time = 6.742e+01
Task data
    2   5   656 0
    3  14  1308 1
    3  50 12719 2
    7  22  1391 -1
    7  28  4279 0
   11  32  2662 -1
   11  59  4747 -1
   13  31  3345 3
   14  30  3257 4
   16  36  2547 -1
   17  52  7571 1
   19  23   870 -1
   19  34  3765 -1
   20  36  2301 -1
   22  27   770 -1
   30  49  2691 -1
   31  38  1160 -1
   31  47  1487 -1
   31  48  2653 -1
   32  43  2860 0
   33  44  1947 3
   33  45  2268 4
   36  57  2735 -1
   38  52  1536 -1
   39  45   874 -1
   45  55  2333 0
   45  57  2497 3
   47  54  1930 4
   49  59   897 -1
   50  58  2627 -1
Best profit: 46970
End
