NMec = 95584
T = 30
P = 3
Profits not ignored
Valid tasks:                                                          4672236
Solution time = 4.656e+01
Task data
    1   2   425 0
    1  92 21644 1
    2  85 10766 -1
    5  51  5687 -1
    8  14  1136 0
   12  84  9879 -1
   13  23  1937 2
   21  32  2335 0
   21  42  2132 -1
   23  95  6382 -1
   24  34  2108 -1
   24  34  2622 2
   28  34   763 -1
   29  37   734 -1
   34  49  2619 0
   39  57  2362 -1
   45  60  2791 2
   52  61  1248 0
   67  85  5035 0
   67  90  2911 -1
   68  81  2064 -1
   68  84  3576 2
   71  95  4348 -1
   78  93  3073 -1
   80  88  2171 -1
   80  93  1434 -1
   83  93  1481 -1
   89  96  1160 0
   89  98  2919 2
   91  99   783 -1
Best profit: 49447
End
