01 01 5.710e-07
02 01 8.810e-07
02 02 7.310e-07
03 01 8.520e-07
03 02 1.052e-06
03 03 1.072e-06
04 01 1.202e-06
04 02 1.343e-06
04 03 1.363e-06
04 04 1.313e-06
05 01 1.783e-06
05 02 2.014e-06
05 03 2.114e-06
05 04 2.023e-06
05 05 2.024e-06
06 01 2.685e-06
06 02 3.307e-06
06 03 3.607e-06
06 04 3.807e-06
06 05 3.857e-06
06 06 4.118e-06
07 01 4.549e-06
07 02 6.202e-06
07 03 6.702e-06
07 04 7.834e-06
07 05 7.474e-06
07 06 7.725e-06
07 07 7.233e-06
08 01 6.512e-06
08 02 1.009e-05
08 03 1.221e-05
08 04 1.533e-05
08 05 1.528e-05
08 06 1.345e-05
08 07 1.356e-05
08 08 2.202e-05
09 01 1.266e-05
09 02 1.790e-05
09 03 2.218e-05
09 04 2.627e-05
09 05 2.743e-05
09 06 3.008e-05
09 07 2.863e-05
09 08 3.041e-05
10 01 2.526e-05
10 02 3.887e-05
10 03 4.428e-05
10 04 5.519e-05
10 05 6.716e-05
10 06 6.155e-05
10 07 5.892e-05
10 08 5.974e-05
11 01 3.434e-05
11 02 6.226e-05
11 03 9.316e-05
11 04 9.970e-05
11 05 1.149e-04
11 06 1.336e-04
11 07 1.301e-04
11 08 1.392e-04
12 01 8.447e-05
12 02 1.063e-04
12 03 2.359e-04
12 04 2.196e-04
12 05 2.585e-04
12 06 2.677e-04
12 07 2.693e-04
12 08 2.925e-04
13 01 1.642e-04
13 02 2.430e-04
13 03 3.157e-04
13 04 3.782e-04
13 05 4.336e-04
13 06 5.255e-04
13 07 5.563e-04
13 08 5.747e-04
14 01 2.716e-04
14 02 5.142e-04
14 03 4.989e-04
14 04 8.512e-04
14 05 9.164e-04
14 06 1.095e-03
14 07 1.196e-03
14 08 1.237e-03
15 01 8.499e-04
15 02 8.577e-04
15 03 1.489e-03
15 04 1.311e-03
15 05 1.698e-03
15 06 2.003e-03
15 07 2.577e-03
15 08 2.590e-03
16 01 1.269e-03
16 02 1.564e-03
16 03 3.049e-03
16 04 2.673e-03
16 05 3.815e-03
16 06 4.086e-03
16 07 4.831e-03
16 08 5.180e-03
17 01 2.425e-03
17 02 4.383e-03
17 03 4.810e-03
17 04 6.906e-03
17 05 6.443e-03
17 06 8.650e-03
17 07 9.894e-03
17 08 1.084e-02
18 01 5.044e-03
18 02 7.691e-03
18 03 8.220e-03
18 04 1.211e-02
18 05 1.468e-02
18 06 1.715e-02
18 07 2.056e-02
18 08 2.214e-02
19 01 1.050e-02
19 02 1.406e-02
19 03 2.045e-02
19 04 3.441e-02
19 05 3.682e-02
19 06 3.560e-02
19 07 4.304e-02
19 08 4.594e-02
20 01 2.518e-02
20 02 3.770e-02
20 03 4.683e-02
20 04 5.327e-02
20 05 5.788e-02
20 06 6.711e-02
20 07 9.804e-02
20 08 9.720e-02
21 01 4.960e-02
21 02 6.611e-02
21 03 9.725e-02
21 04 1.105e-01
21 05 1.130e-01
21 06 1.567e-01
21 07 1.669e-01
21 08 1.869e-01
22 01 1.041e-01
22 02 1.264e-01
22 03 1.770e-01
22 04 2.514e-01
22 05 2.721e-01
22 06 2.970e-01
22 07 3.313e-01
22 08 3.419e-01
23 01 2.010e-01
23 02 2.479e-01
23 03 3.280e-01
23 04 3.971e-01
23 05 5.060e-01
23 06 6.287e-01
23 07 6.762e-01
23 08 7.419e-01
24 01 4.650e-01
24 02 5.761e-01
24 03 6.730e-01
24 04 8.212e-01
24 05 9.619e-01
24 06 1.228e+00
24 07 1.150e+00
24 08 1.495e+00
25 01 8.123e-01
25 02 1.051e+00
25 03 1.361e+00
25 04 1.476e+00
25 05 2.044e+00
25 06 2.034e+00
25 07 2.662e+00
25 08 3.144e+00
26 01 1.567e+00
26 02 2.358e+00
26 03 2.869e+00
26 04 3.127e+00
26 05 3.713e+00
26 06 4.523e+00
26 07 4.960e+00
26 08 6.140e+00
27 01 3.093e+00
27 02 4.437e+00
27 03 5.135e+00
27 04 6.900e+00
27 05 8.262e+00
27 06 8.817e+00
27 07 1.046e+01
27 08 1.285e+01
28 01 6.357e+00
28 02 9.256e+00
28 03 1.309e+01
28 04 1.265e+01
28 05 1.914e+01
28 06 2.220e+01
28 07 2.633e+01
28 08 2.411e+01
29 01 1.709e+01
29 02 1.849e+01
29 03 2.529e+01
29 04 2.943e+01
29 05 3.638e+01
29 06 3.797e+01
29 07 4.695e+01
29 08 5.551e+01
30 01 3.586e+01
30 02 3.889e+01
30 03 4.656e+01
30 04 6.306e+01
30 05 6.742e+01
30 06 1.082e+02
30 07 9.826e+01
30 08 1.056e+02
