NMec = 95584
T = 16
P = 6
Profits ignored
Valid tasks:                                                                0
Solution time = 1.934e-06
Task data
    2  15     1 0
    7  15     1 1
    6  16     1 2
    5  17     1 3
    7  17     1 4
    4  20     1 5
    6  20     1 -900904828
   12  23     1 0
   16  23     1 0
   14  25     1 4
    9  26     1 1736415839
    5  27     1 -900904936
    7  27     1 103830664
    4  29     1 0
    9  29     1 -899968624
   22  29     1 1
Best profit: 8
End
