NMec = 95584
T = 17
P = 3
Profits ignored
Valid tasks:                                                                0
Solution time = 1.753e-06
Task data
    8  16     1 0
   16  19     1 1
    0  21     1 2
   15  23     1 -300430227
    4  29     1 0
    9  29     1 0
   20  29     1 0
   23  32     1 1
   16  33     1 -922142728
   17  33     1 -921341552
   34  38     1 0
   30  44     1 2
   20  46     1 0
   33  47     1 1
   42  54     1 0
   37  55     1 4
   50  56     1 1
Best profit: 10
End
