NMec = 95584
T = 17
P = 5
Profits ignored
Valid tasks:                                                                0
Solution time = 1.863e-06
Task data
    3  14     1 0
    4  14     1 1
    4  15     1 2
    9  15     1 3
    3  16     1 4
    3  16     1 1675744392
    4  16     1 828805700
   10  17     1 1736415839
   14  18     1 0
   11  19     1 0
    6  20     1 195
    8  23     1 828805592
   12  25     1 0
   20  26     1 0
   21  31     1 1
   13  32     1 0
   23  33     1 2
Best profit: 8
End
