NMec = 95584
T = 17
P = 6
Profits ignored
Valid tasks:                                                                0
Solution time = 2.114e-06
Task data
    0   5     1 0
    6  14     1 0
    7  14     1 1
    3  18     1 2
   13  18     1 3
   15  21     1 0
    3  24     1 4
    3  24     1 5
   14  24     1 0
   20  24     1 1
   14  25     1 0
   16  25     1 1404002996
   13  26     1 1966969992
    9  27     1 1404322192
    5  28     1 4
    5  29     1 32551
    8  29     1 32551
Best profit: 9
End
