NMec = 95584
T = 17
P = 1
Profits ignored
Valid tasks:                                                                0
Solution time = 1.483e-06
Task data
    8  11     1 0
    8  18     1 0
   10  26     1 0
   47  57     1 0
   57  62     1 -1089434515
   64  72     1 0
   70  75     1 1736415839
   71  97     1 32575
  104 109     1 0
  105 112     1 195
  105 112     1 0
  104 122     1 -1092705144
  104 132     1 0
   91 143     1 571965840
    2 156     1 32575
  146 158     1 0
   20 162     1 0
Best profit: 5
End
