NMec = 95584
T = 18
P = 3
Profits ignored
Valid tasks:                                                                0
Solution time = 1.863e-06
Task data
   14  26     1 0
   16  28     1 1
   21  28     1 2
   14  29     1 32520
   20  29     1 -1137065584
   18  32     1 -165520275
   25  33     1 0
   22  35     1 0
    8  38     1 0
    2  41     1 0
   31  42     1 0
   36  47     1 1
   18  54     1 0
   48  54     1 0
   47  55     1 2
   52  56     1 1
   42  57     1 1736415839
    3  58     1 -1138244364
Best profit: 8
End
