NMec = 95584
T = 18
P = 6
Profits ignored
Valid tasks:                                                                0
Solution time = 2.334e-06
Task data
    4   9     1 0
    5  10     1 1
   12  15     1 0
    6  18     1 2
    6  18     1 3
   16  19     1 0
    7  20     1 4
   10  21     1 5
   11  21     1 1
   16  22     1 -194274684
    0  24     1 4
    4  24     1 0
    9  25     1 0
   15  26     1 0
    5  27     1 -104455032
   14  27     1 0
    5  28     1 32727
    8  28     1 -192982640
Best profit: 9
End
