NMec = 95584
T = 18
P = 5
Profits ignored
Valid tasks:                                                                0
Solution time = 2.144e-06
Task data
    0   7     1 0
    6  12     1 1
    5  15     1 2
    8  16     1 0
    1  19     1 3
   11  22     1 4
   14  22     1 1
    1  24     1 0
   17  24     1 0
   10  26     1 0
    0  28     1 1588414104
    8  29     1 1588920720
   10  29     1 1030519917
   13  29     1 0
   24  32     1 1
    0  33     1 1736415839
   14  33     1 1588414212
   24  33     1 2
Best profit: 10
End
