NMec = 95584
T = 18
P = 4
Profits ignored
Valid tasks:                                                                0
Solution time = 1.984e-06
Task data
    5  14     1 0
    8  15     1 1
   17  18     1 0
    9  23     1 2
   20  24     1 0
    9  25     1 3
   17  26     1 1
   13  27     1 4
   24  27     1 2
   13  30     1 -428886904
   24  31     1 0
   18  35     1 104808848
   24  35     1 0
   20  36     1 -425616275
   26  39     1 0
    8  40     1 0
   21  40     1 32708
   32  43     1 1
Best profit: 10
End
