NMec = 95584
T = 18
P = 2
Profits ignored
Valid tasks:                                                                0
Solution time = 1.764e-06
Task data
    1  15     1 0
    3  18     1 1
   17  18     1 0
   16  21     1 195
   22  30     1 0
   22  38     1 1
   28  41     1 0
   35  42     1 0
   44  53     1 0
   51  58     1 1
    9  68     1 -679089832
   50  68     1 0
   47  69     1 32511
   55  70     1 0
   57  72     1 1736415839
    2  80     1 -678510192
   74  84     1 0
   31  88     1 -679089724
Best profit: 10
End
