NMec = 95584
T = 19
P = 4
Profits ignored
Valid tasks:                                                                0
Solution time = 2.304e-06
Task data
    2   8     1 0
    1  10     1 1
    6  13     1 2
   15  19     1 0
   14  20     1 1
    0  21     1 3
   16  23     1 2
    3  25     1 4
    5  25     1 1718216916
   12  26     1 0
   11  32     1 0
   10  33     1 490953837
   25  36     1 0
   24  40     1 1
   27  41     1 2
   34  41     1 3
   20  42     1 0
   30  43     1 1736415839
   36  47     1 0
Best profit: 11
End
