NMec = 95584
T = 19
P = 1
Profits ignored
Valid tasks:                                                                0
Solution time = 1.583e-06
Task data
   21  34     1 0
   39  51     1 0
   37  67     1 0
   51  73     1 1736415839
   68  73     1 0
   54  79     1 -472870512
   62  84     1 0
   81 107     1 0
   89 108     1 0
   98 117     1 32736
  116 142     1 0
  128 144     1 195
  135 145     1 -473038920
  142 151     1 0
   36 155     1 0
   63 159     1 -473038812
  151 161     1 0
  151 163     1 1205623917
  158 174     1 32736
Best profit: 6
End
