NMec = 95584
T = 19
P = 6
Profits ignored
Valid tasks:                                                                0
Solution time = 2.254e-06
Task data
    5   7     1 0
    0   9     1 1
   12  15     1 0
    1  19     1 2
    3  20     1 3
   16  20     1 0
    9  22     1 4
    5  23     1 5
   11  23     1 1
   17  23     1 0
    9  24     1 1736415839
   16  24     1 0
    4  25     1 -2056927832
    7  26     1 0
   19  26     1 -2056838768
    1  27     1 361743723
   10  27     1 0
    2  28     1 0
   16  28     1 32703
Best profit: 9
End
