NMec = 95584
T = 19
P = 2
Profits ignored
Valid tasks:                                                                0
Solution time = 1.954e-06
Task data
   13  19     1 0
   13  24     1 1
   23  36     1 0
   30  48     1 1
   35  55     1 32544
   46  56     1 0
   45  60     1 1060035693
   44  61     1 0
   57  66     1 0
   54  70     1 1
   46  71     1 32544
   56  79     1 32544
   68  84     1 0
   71  87     1 1
   35  90     1 1395473928
   65  90     1 1736415839
   88  90     1 0
   14  91     1 195
   84  92     1 1396330896
Best profit: 10
End
