NMec = 95584
T = 20
P = 1
Profits ignored
Valid tasks:                                                                0
Solution time = 1.744e-06
Task data
    9  18     1 0
   20  25     1 0
   27  50     1 0
   60  67     1 0
   63  72     1 872795245
   70  76     1 0
   69  81     1 0
   74  84     1 195
   74  87     1 0
   76  98     1 32741
  114 131     1 0
  114 131     1 0
  114 138     1 869524616
  132 138     1 0
   40 159     1 -1367705736
  166 176     1 0
  167 188     1 -1367705628
  178 188     1 0
  188 195     1 0
  186 196     1 32741
Best profit: 9
End
