NMec = 95584
T = 20
P = 5
Profits ignored
Valid tasks:                                                                0
Solution time = 2.164e-06
Task data
    3  11     1 0
    8  13     1 1
    7  15     1 2
    8  18     1 3
   14  18     1 0
    1  20     1 4
    9  20     1 32723
   12  20     1 195
    7  25     1 0
   12  26     1 0
   18  29     1 1
   12  30     1 2006405520
   22  34     1 0
   26  36     1 2
    1  38     1 2005710488
   12  38     1 0
   28  38     1 3
   10  39     1 0
   18  39     1 0
   28  39     1 4
Best profit: 11
End
