NMec = 95584
T = 20
P = 8
Profits ignored
Valid tasks:                                                                0
Solution time = 2.615e-06
Task data
    0   7     1 0
    4   9     1 1
    4   9     1 2
    7  11     1 3
    8  12     1 0
   10  13     1 1
   13  16     1 0
   18  20     1 0
   11  21     1 2
   17  21     1 1
   16  23     1 3
    8  25     1 4
   14  26     1 5
   22  26     1 0
   23  27     1 1
    5  28     1 6
   18  28     1 7
   20  28     1 -2029664796
    9  29     1 -643541653
   10  29     1 1736415839
Best profit: 17
End
