NMec = 95584
T = 20
P = 6
Profits ignored
Valid tasks:                                                                0
Solution time = 2.364e-06
Task data
    4  13     1 0
   13  15     1 1
    8  16     1 2
   14  16     1 0
   13  18     1 3
    4  21     1 4
   15  21     1 5
    7  25     1 780379499
   16  25     1 1
   17  25     1 0
   13  28     1 32755
   22  29     1 2
   12  30     1 195
    0  31     1 0
    6  31     1 32755
    0  32     1 777106568
    1  32     1 1587972712
   13  32     1 1587972820
   30  32     1 0
   16  33     1 0
Best profit: 11
End
