NMec = 95584
T = 20
P = 3
Profits ignored
Valid tasks:                                                                0
Solution time = 2.194e-06
Task data
    1   6     1 0
    5  18     1 1
    4  21     1 2
    9  23     1 0
   16  24     1 -1598116332
   25  30     1 0
   26  30     1 1
   22  37     1 2
   37  47     1 0
   32  50     1 1
   38  50     1 2
   42  50     1 32679
   37  58     1 0
   42  58     1 -1932941973
   50  62     1 0
   58  63     1 1
    8  65     1 -1936214904
    0  66     1 0
   47  66     1 0
   58  66     1 2
Best profit: 13
End
