NMec = 95584
T = 21
P = 1
Profits ignored
Valid tasks:                                                                0
Solution time = 1.462e-06
Task data
    0   8     1 0
   13  28     1 0
   24  37     1 32736
   34  48     1 0
   43  50     1 4
   42  51     1 1350923627
   42  56     1 -808767340
   58  64     1 0
   53  70     1 1347650696
   63  74     1 1736415839
   63  78     1 0
   75  90     1 0
   78  92     1 32736
   96 100     1 0
   92 102     1 0
   94 105     1 0
  116 132     1 0
  127 133     1 1
  135 143     1 0
  151 163     1 0
  175 194     1 0
Best profit: 10
End
