NMec = 95584
T = 21
P = 3
Profits ignored
Valid tasks:                                                                0
Solution time = 1.964e-06
Task data
    3   4     1 0
    0   6     1 1
    8  15     1 0
    2  17     1 2
    3  17     1 -1417802643
    4  20     1 32763
    9  22     1 1
   11  22     1 0
   22  24     1 0
    8  28     1 0
   15  29     1 4
   40  48     1 0
   42  52     1 1
   22  55     1 2
   49  56     1 0
   25  59     1 0
   54  64     1 1
   58  66     1 0
   61  66     1 2
   49  68     1 195
   58  69     1 32763
Best profit: 13
End
