NMec = 95584
T = 21
P = 5
Profits ignored
Valid tasks:                                                                0
Solution time = 2.395e-06
Task data
    9  12     1 0
    1  18     1 1
    5  18     1 2
   12  24     1 3
   10  27     1 4
   14  28     1 0
   16  28     1 1736415839
   13  30     1 0
   18  30     1 0
   25  31     1 1
   24  32     1 2
   18  33     1 0
   11  34     1 32540
   27  36     1 3
   29  37     1 0
   28  39     1 4
   16  40     1 0
   21  41     1 1
   22  41     1 2070889835
   25  41     1 32540
   33  41     1 1
Best profit: 12
End
