NMec = 95584
T = 21
P = 2
Profits ignored
Valid tasks:                                                                0
Solution time = 1.913e-06
Task data
    7  16     1 0
   24  29     1 0
    5  30     1 1
   27  44     1 89824365
   37  51     1 0
   41  51     1 1
   49  52     1 195
   37  55     1 32516
   46  61     1 1736415839
   53  64     1 0
   54  67     1 1
   48  69     1 0
   66  71     1 0
   76  82     1 0
   79  85     1 1
   82  87     1 -1017265776
   13  88     1 0
   78  94     1 0
   86  95     1 0
   74  99     1 89826667
   88  99     1 1
Best profit: 12
End
