NMec = 95584
T = 21
P = 8
Profits ignored
Valid tasks:                                                                0
Solution time = 2.675e-06
Task data
    0   9     1 0
    4  10     1 1
    0  12     1 2
    2  13     1 3
    2  14     1 4
    1  15     1 5
    3  15     1 6
    1  16     1 7
   14  16     1 0
    8  17     1 1747802712
   16  17     1 1
   15  18     1 2
    0  19     1 0
   14  20     1 3
    2  21     1 32546
   20  21     1 0
    3  23     1 1
    4  24     1 1556071787
    6  27     1 0
   16  27     1 4
   19  27     1 1
Best profit: 15
End
