NMec = 95584
T = 21
P = 4
Profits ignored
Valid tasks:                                                                0
Solution time = 2.274e-06
Task data
    2  11     1 0
    3  14     1 1
   10  19     1 2
    7  21     1 3
   13  27     1 0
   18  27     1 1
   16  28     1 1736415839
    9  29     1 1287308651
   18  35     1 0
   32  35     1 0
   33  41     1 1
    8  44     1 1
   23  45     1 2
   31  45     1 3
   29  47     1 0
   42  47     1 0
   31  48     1 32621
   36  48     1 0
    9  49     1 32621
   43  50     1 1
   47  52     1 2
Best profit: 13
End
