NMec = 95584
T = 22
P = 1
Profits ignored
Valid tasks:                                                                0
Solution time = 1.463e-06
Task data
   25  32     1 0
   40  48     1 0
   42  50     1 0
   40  56     1 0
   44  59     1 0
   56  60     1 0
   63  69     1 0
   51  78     1 32702
   88  92     1 0
   85  94     1 32765
   91 100     1 0
   89 105     1 32702
  125 138     1 0
  133 140     1 1505346923
  137 141     1 1
  140 149     1 0
  133 159     1 0
  156 172     1 0
  172 179     1 4
  193 204     1 0
  182 207     1 -822623856
  199 213     1 1736415839
Best profit: 9
End
