NMec = 95584
T = 22
P = 6
Profits ignored
Valid tasks:                                                                0
Solution time = 2.555e-06
Task data
    2  10     1 0
    7  10     1 1
    0  11     1 2
    2  14     1 3
    8  20     1 4
    6  21     1 5
   10  22     1 32764
   15  24     1 0
   17  24     1 1
   20  24     1 2
    0  26     1 85649768
   20  28     1 3
   10  29     1 -789850773
   19  31     1 4
   13  32     1 195
   21  33     1 4
   14  34     1 0
   14  35     1 0
   17  35     1 0
   19  35     1 0
   21  36     1 32582
   24  36     1 5
Best profit: 12
End
