NMec = 95584
T = 22
P = 5
Profits ignored
Valid tasks:                                                                0
Solution time = 2.424e-06
Task data
    3  10     1 0
    1  12     1 1
    3  18     1 2
   11  19     1 0
   14  20     1 1
   10  21     1 3
   14  21     1 4
   15  22     1 32656
   20  24     1 0
   17  25     1 1683546512
    2  27     1 0
   20  28     1 2
   22  28     1 1
   20  29     1 32656
   16  35     1 0
   13  38     1 195
   31  39     1 0
   38  41     1 1
   21  42     1 32766
   27  42     1 3
   29  43     1 2
   39  43     1 4
Best profit: 15
End
