NMec = 95584
T = 22
P = 2
Profits ignored
Valid tasks:                                                                0
Solution time = 1.974e-06
Task data
    1  10     1 0
    2  16     1 1
    8  16     1 0
    5  17     1 1
   16  25     1 0
   16  27     1 32765
   22  30     1 1
   30  33     1 0
   11  36     1 32714
   30  36     1 -1838574229
   17  38     1 32714
   26  43     1 0
   28  48     1 0
   35  49     1 0
   28  53     1 195
   34  53     1 1
   43  55     1 -1841847160
   48  57     1 32714
   56  73     1 0
   30  87     1 -1889566320
   84  88     1 0
   77  89     1 1
Best profit: 10
End
