NMec = 95584
T = 22
P = 4
Profits ignored
Valid tasks:                                                                0
Solution time = 2.645e-06
Task data
    0  11     1 0
    5  11     1 1
    5  12     1 2
    8  17     1 3
    1  18     1 32754
   16  20     1 0
   23  26     1 0
    0  27     1 32754
    6  27     1 0
   30  33     1 0
   28  34     1 1
   20  36     1 2
   27  36     1 3
   29  39     1 0
   22  41     1 0
   33  41     1 32767
   40  42     1 0
   31  45     1 0
   35  47     1 1
    0  50     1 32754
   38  51     1 2
   39  53     1 3
Best profit: 14
End
