NMec = 95584
T = 22
P = 7
Profits ignored
Valid tasks:                                                                0
Solution time = 2.594e-06
Task data
    4   8     1 0
    4  10     1 1
    3  11     1 2
    4  12     1 3
    0  14     1 4
    5  16     1 5
    5  16     1 6
    5  17     1 32670
    8  22     1 0
    7  24     1 32670
   11  24     1 0
   18  24     1 1
   11  25     1 1134027912
   13  26     1 2
   12  27     1 0
    1  28     1 1137298541
   11  28     1 0
   19  28     1 3
    6  30     1 0
    1  31     1 4
   17  31     1 4
   23  31     1 5
Best profit: 13
End
