NMec = 95584
T = 22
P = 3
Profits ignored
Valid tasks:                                                                0
Solution time = 2.174e-06
Task data
    4  16     1 0
   11  22     1 1
   17  25     1 0
   13  27     1 2
   20  28     1 0
   21  29     1 32630
   31  36     1 0
   31  42     1 1
   44  45     1 0
   23  48     1 0
   25  48     1 32630
   33  48     1 2
   43  54     1 1
   47  56     1 0
   56  60     1 1
   40  61     1 -1786219436
   53  61     1 2
   45  62     1 -1786219544
   50  62     1 0
   53  63     1 -1785654896
   25  68     1 32630
   49  69     1 4
Best profit: 12
End
