NMec = 95584
T = 22
P = 8
Profits ignored
Valid tasks:                                                                0
Solution time = 2.635e-06
Task data
    8  14     1 0
    4  15     1 1
    4  16     1 2
   11  18     1 3
   18  19     1 0
    0  21     1 4
    4  21     1 5
    5  21     1 6
    9  22     1 7
   11  22     1 -1951351884
    4  23     1 32719
    8  24     1 -1756361619
   16  24     1 1
    9  25     1 0
   10  25     1 32766
    7  27     1 1736415839
   10  27     1 0
    0  28     1 0
    4  28     1 32719
    2  29     1 -1950731888
   16  29     1 4
   19  29     1 2
Best profit: 11
End
