NMec = 95584
T = 23
P = 2
Profits ignored
Valid tasks:                                                                0
Solution time = 2.685e-06
Task data
   13  22     1 0
   18  29     1 1
   26  36     1 0
   41  47     1 0
   49  54     1 0
   44  56     1 1
   33  57     1 0
   46  57     1 0
   47  58     1 32584
   49  59     1 0
   47  60     1 1744634256
   48  63     1 1703099501
   55  81     1 0
   65  86     1 1
   80  94     1 32584
   86 102     1 0
   98 106     1 1
    1 107     1 0
   90 107     1 1742944548
  103 107     1 0
   95 108     1 0
  101 110     1 0
   11 111     1 1
Best profit: 11
End
