NMec = 95584
T = 23
P = 7
Profits ignored
Valid tasks:                                                                0
Solution time = 2.816e-06
Task data
    2   8     1 0
    0  10     1 1
    5  13     1 2
    5  13     1 3
    0  18     1 4
    9  20     1 0
    0  21     1 5
    3  22     1 6
    5  23     1 32754
   13  23     1 1
   13  24     1 0
   19  24     1 2
   10  26     1 0
    4  27     1 0
   12  27     1 1736415839
   20  27     1 3
   14  28     1 2048864656
   13  29     1 455703661
   20  31     1 4
   17  32     1 195
   18  32     1 455705963
   19  32     1 0
   21  32     1 0
Best profit: 13
End
