NMec = 95584
T = 23
P = 5
Profits ignored
Valid tasks:                                                                0
Solution time = 2.675e-06
Task data
    1   3     1 0
    1   8     1 1
    0  11     1 2
    9  12     1 0
   15  22     1 0
    6  25     1 3
   11  27     1 1
   11  27     1 4
    0  29     1 195
   14  30     1 2
   22  31     1 0
   13  32     1 159126664
   17  34     1 162397293
   22  34     1 0
   34  36     1 0
   27  39     1 3
   27  39     1 32664
   24  41     1 0
   25  41     1 0
   32  41     1 1
   33  42     1 2
   23  43     1 0
    1  44     1 32664
Best profit: 13
End
End
