NMec = 95584
T = 23
P = 1
Profits ignored
Valid tasks:                                                                0
Solution time = 1.744e-06
Task data
    7  17     1 0
   17  39     1 668955024
   29  43     1 0
   39  46     1 0
   51  58     1 0
   76  84     1 0
  105 125     1 0
  116 126     1 1
  120 130     1 32692
  137 147     1 0
  152 163     1 0
  164 171     1 0
  173 184     1 0
  188 192     1 0
  187 198     1 0
    9 201     1 32692
  205 213     1 0
  204 215     1 32692
  201 218     1 1736415839
  209 221     1 0
  205 228     1 0
  211 228     1 0
  224 228     1 0
Best profit: 12
End
