NMec = 95584
T = 23
P = 3
Profits ignored
Valid tasks:                                                                0
Solution time = 2.144e-06
Task data
    1  14     1 0
    3  16     1 1
   11  20     1 2
   19  22     1 0
    5  24     1 32730
   14  24     1 1736415839
   15  25     1 0
   13  27     1 32730
   25  29     1 0
   25  32     1 1
    4  36     1 290284680
   23  37     1 2
   29  40     1 -206634608
   35  42     1 0
   29  43     1 293555309
   31  43     1 1
   45  52     1 0
   41  53     1 1
   47  59     1 2
   22  65     1 0
   45  67     1 0
   71  72     1 0
   65  74     1 1
Best profit: 13
End
