NMec = 95584
T = 24
P = 6
Profits ignored
Valid tasks:                                                                0
Solution time = 2.715e-06
Task data
    0   8     1 0
    9  12     1 0
    9  12     1 1
    2  14     1 2
    4  16     1 3
    1  17     1 4
   14  18     1 0
   10  19     1 5
    4  21     1 32563
   16  23     1 1
   12  24     1 32563
   12  26     1 0
   11  27     1 0
   24  27     1 0
    7  28     1 0
    8  28     1 1736415839
   30  31     1 0
   31  34     1 1
   16  35     1 2
   18  36     1 3
   18  36     1 4
   20  37     1 5
   23  38     1 4
   30  38     1 0
Best profit: 16
End
