NMec = 95584
T = 24
P = 4
Profits ignored
Valid tasks:                                                                0
Solution time = 3.065e-06
Task data
    1   2     1 0
    8  13     1 0
    8  15     1 1
    5  24     1 2
   15  26     1 0
    8  27     1 3
    8  29     1 0
    8  29     1 0
   25  31     1 1
   32  33     1 0
   15  34     1 1388241296
   30  34     1 2
   18  36     1 1736415839
   22  36     1 1386252260
   22  38     1 0
   27  41     1 4
   33  42     1 1
    1  50     1 32619
   43  54     1 0
   44  55     1 1
   26  56     1 0
   38  57     1 2
   34  58     1 3
   34  59     1 0
Best profit: 14
End
