NMec = 95584
T = 24
P = 5
Profits ignored
Valid tasks:                                                                0
Solution time = 2.595e-06
Task data
    1  11     1 0
   11  14     1 1
    2  15     1 2
    4  16     1 3
    1  17     1 4
    8  17     1 0
    2  18     1 0
   12  18     1 0
    9  23     1 1161745771
    6  24     1 0
    2  26     1 0
   10  27     1 32591
   20  28     1 0
   13  30     1 1158472840
   20  32     1 1
   25  38     1 2
   34  39     1 0
   36  39     1 1
    8  41     1 32591
   34  41     1 3
   34  44     1 4
   16  45     1 -2021548184
   26  45     1 1736415839
   34  46     1 0
Best profit: 13
End
