NMec = 95584
T = 25
P = 3
Profits ignored
Valid tasks:                                                                0
Solution time = 2.435e-06
Task data
    5  10     1 0
    2  11     1 1
    9  19     1 2
   16  24     1 0
    1  25     1 0
   24  27     1 1
   19  28     1 32523
   17  32     1 0
   12  37     1 0
   26  37     1 0
   20  40     1 2
   16  43     1 4
   30  48     1 1
   43  49     1 0
   38  53     1 0
   14  55     1 -1082715692
   53  57     1 0
    4  59     1 -30927509
   26  72     1 1736415839
   52  75     1 1
   74  79     1 0
   72  80     1 2
   64  82     1 0
   66  82     1 -1082314352
   75  83     1 -30929811
Best profit: 13
End
