NMec = 95584
T = 25
P = 8
Profits ignored
Valid tasks:                                                                0
Solution time = 2.946e-06
Task data
    0   7     1 0
    1   9     1 1
    1   9     1 2
    6   9     1 3
    2  14     1 4
    9  14     1 0
    4  15     1 5
    2  16     1 6
    4  20     1 7
   10  22     1 1
    0  24     1 0
    2  24     1 -1
   16  24     1 0
    0  25     1 0
    8  25     1 32734
    8  25     1 -2037140117
   14  26     1 2
    1  27     1 1
   13  27     1 3
   14  28     1 0
   24  29     1 1
   28  29     1 0
    6  30     1 1564168592
   15  31     1 4
   17  31     1 5
Best profit: 17
End
