NMec = 95584
T = 25
P = 2
Profits ignored
Valid tasks:                                                                0
Solution time = 2.033e-06
Task data
    2   7     1 0
    2  16     1 1
    6  16     1 -1986079256
    8  22     1 0
   11  33     1 -1986079148
   26  35     1 0
    0  39     1 0
   49  53     1 0
   47  66     1 1
   60  69     1 0
   65  73     1 -1937347475
    4  75     1 0
   64  75     1 1736415839
   78  84     1 0
   74  86     1 1
   65  87     1 0
   85  89     1 0
   69  94     1 32510
   89  99     1 1
   78 100     1 0
   87 106     1 1
   87 110     1 32765
   92 110     1 0
  111 116     1 0
  104 119     1 1
Best profit: 14
End
