NMec = 95584
T = 25
P = 5
Profits ignored
Valid tasks:                                                                0
Solution time = 2.575e-06
Task data
    4   7     1 0
    0   8     1 1
    3  18     1 2
   10  20     1 0
   19  21     1 1
   21  22     1 0
   10  24     1 3
   14  24     1 4
   16  25     1 0
    8  26     1 -1
   15  26     1 858661480
   16  28     1 4
   21  28     1 2
   23  33     1 0
   25  36     1 1
   20  41     1 0
   30  42     1 2
    1  43     1 0
   33  43     1 3
   21  46     1 32582
   22  46     1 0
    1  47     1 -1146071701
   41  48     1 0
   29  49     1 4
   37  49     1 1
Best profit: 16
End
