NMec = 95584
T = 25
P = 6
Profits ignored
Valid tasks:                                                                0
Solution time = 2.635e-06
Task data
    4  17     1 0
    4  18     1 1
    4  23     1 2
   10  23     1 3
    6  25     1 4
   10  25     1 5
   16  26     1 0
    4  27     1 581739656
   11  27     1 0
   14  27     1 0
   16  27     1 0
   20  27     1 0
   17  28     1 32657
   10  31     1 1736415839
   21  31     1 1
   24  31     1 2
   10  32     1 0
   25  32     1 3
   11  34     1 32657
   15  34     1 0
   18  34     1 39174544
   23  34     1 0
   17  36     1 0
   31  38     1 0
    1  41     1 39030868
Best profit: 11
End
