NMec = 95584
T = 25
P = 1
Profits ignored
Valid tasks:                                                                0
Solution time = 1.943e-06
Task data
    6  26     1 0
   16  38     1 4
   45  59     1 0
   53  63     1 -2084121237
   82  90     1 0
   90  97     1 32767
   93  99     1 0
  111 125     1 0
  119 135     1 32623
  130 140     1 0
  145 152     1 0
  137 159     1 32623
  152 168     1 0
  122 169     1 32623
  161 172     1 0
  158 174     1 -2087394168
  157 176     1 1736415839
  177 183     1 0
  174 185     1 32623
  167 192     1 -1
  187 196     1 0
  197 201     1 0
  210 220     1 0
  211 220     1 0
    9 246     1 0
Best profit: 12
End
