NMec = 95584
T = 25
P = 4
Profits ignored
Valid tasks:                                                                0
Solution time = 2.575e-06
Task data
    3  11     1 0
    5  16     1 1
   15  17     1 0
    8  22     1 2
   10  23     1 3
   10  23     1 0
   17  24     1 1
   13  25     1 0
   10  27     1 1736415839
   14  29     1 0
   18  29     1 0
   18  33     1 195
   25  39     1 1
   28  39     1 2
   32  39     1 0
   19  42     1 2139004013
   36  42     1 3
   38  46     1 32521
   41  47     1 0
   41  49     1 1
   10  52     1 32521
   36  54     1 32766
    2  55     1 -1
   49  58     1 0
    9  59     1 0
Best profit: 14
End
