NMec = 95584
T = 26
P = 8
Profits ignored
Valid tasks:                                                                0
Solution time = 3.056e-06
Task data
    1   6     1 0
    4   8     1 1
    1  10     1 2
    0  15     1 3
    8  15     1 0
   15  17     1 1
    2  19     1 4
   13  19     1 2
   15  19     1 5
   16  19     1 0
    9  21     1 6
   11  21     1 7
   12  21     1 1381344392
    0  24     1 32513
   14  24     1 0
    5  26     1 0
    8  26     1 32513
   11  26     1 1384617323
   18  28     1 1
    3  29     1 195
   25  29     1 0
    6  31     1 32513
   14  31     1 32513
   21  31     1 2
    9  32     1 0
   19  32     1 3
Best profit: 16
End
