NMec = 95584
T = 26
P = 7
Profits ignored
Valid tasks:                                                                0
Solution time = 3.036e-06
Task data
    1   8     1 0
    4  13     1 1
    5  14     1 2
    0  15     1 3
    3  16     1 4
   10  20     1 0
   11  21     1 5
   15  21     1 1
    9  22     1 6
   13  22     1 32748
    1  23     1 195
    3  24     1 -2130997176
    5  26     1 0
   13  26     1 32748
   13  26     1 -1
    2  27     1 1736415839
   22  27     1 0
   11  28     1 -2005293717
   10  29     1 -2008566648
   19  30     1 2
   27  30     1 1
    9  31     1 0
   11  31     1 0
   18  34     1 3
   14  35     1 0
   19  37     1 4
Best profit: 14
End
