NMec = 95584
T = 26
P = 1
Profits ignored
Valid tasks:                                                                0
Solution time = 1.863e-06
Task data
    1  13     1 0
   11  33     1 0
   17  36     1 0
   24  36     1 32553
   52  79     1 0
   64  79     1 0
   72  82     1 32553
   68  86     1 4
   80  87     1 0
   86 106     1 1598916056
   94 112     1 0
  114 119     1 0
  112 126     1 0
  109 131     1 0
  146 152     1 0
  154 163     1 0
  170 182     1 0
  194 203     1 0
  181 204     1 0
  188 207     1 -1378638485
  198 212     1 1736415839
  193 215     1 0
   90 235     1 -1381911416
  220 238     1 0
    7 240     1 1598996880
    9 255     1 0
Best profit: 11
End
