NMec = 95584
T = 26
P = 6
Profits ignored
Valid tasks:                                                                0
Solution time = 2.935e-06
Task data
    2  10     1 0
    1  13     1 1
   11  17     1 0
   15  20     1 1
    6  21     1 2
    4  26     1 3
   10  28     1 4
   12  28     1 5
   18  31     1 0
   19  31     1 0
   16  32     1 -2018728824
   21  32     1 1
   22  32     1 2
   23  32     1 -1
   28  32     1 3
   25  33     1 -193212016
   11  34     1 -2015455893
   22  34     1 32673
   17  37     1 195
   17  38     1 0
   26  39     1 0
   18  41     1 0
   36  41     1 0
    9  42     1 32673
   16  42     1 -2015458195
   30  42     1 4
Best profit: 14
End
