NMec = 95584
T = 26
P = 2
Profits ignored
Valid tasks:                                                                0
Solution time = 2.255e-06
Task data
    2  14     1 0
    1  16     1 1
   13  20     1 1180184976
   18  27     1 0
    8  32     1 4
   29  35     1 0
   28  37     1 1
   28  38     1 0
   39  43     1 0
   48  58     1 0
   52  61     1 1
   45  62     1 0
   44  68     1 0
   64  69     1 0
   65  77     1 1
   77  80     1 0
    8  86     1 -1
   68  92     1 1178931972
   82  92     1 0
   86  97     1 1
   90 102     1 810779784
   86 103     1 0
   93 113     1 0
   91 114     1 32643
  106 114     1 1
  114 122     1 0
Best profit: 16
End
