NMec = 95584
T = 26
P = 5
Profits ignored
Valid tasks:                                                                0
Solution time = 2.795e-06
Task data
    0   2     1 0
    5  13     1 0
   11  16     1 1
   10  20     1 2
   10  20     1 3
    8  21     1 4
    9  24     1 1736415839
   13  24     1 -1182875248
    9  27     1 195
    9  29     1 -1627871893
   21  32     1 0
   23  32     1 1
   16  33     1 0
    2  34     1 32624
   15  36     1 -1627874195
   20  37     1 4
   22  37     1 2
   15  39     1 0
   21  40     1 3
   28  40     1 4
   34  42     1 0
   39  42     1 1
   36  44     1 0
    9  46     1 0
   40  49     1 2
    0  51     1 1
Best profit: 14
End
