NMec = 95584
T = 27
P = 5
Profits ignored
Valid tasks:                                                                0
Solution time = 2.805e-06
Task data
    2  11     1 0
    9  11     1 1
    5  17     1 2
   13  20     1 0
   11  26     1 3
    7  28     1 4
   13  28     1 1
   19  30     1 2
   21  30     1 0
   16  31     1 -603932876
   20  32     1 0
   27  32     1 3
   10  36     1 0
   32  36     1 0
   24  37     1 32764
   29  37     1 1
   36  38     1 2
   19  39     1 0
   24  42     1 634975595
   18  44     1 195
   36  45     1 3
   30  47     1 4
   37  47     1 0
   34  49     1 32669
   31  51     1 32669
    0  53     1 -603932984
   36  53     1 0
Best profit: 16
End
