NMec = 95584
T = 27
P = 6
Profits ignored
Valid tasks:                                                                0
Solution time = 2.925e-06
Task data
    2  10     1 0
    3  13     1 1
    3  19     1 2
    3  22     1 3
    6  22     1 4
   11  22     1 0
   14  26     1 1
   15  26     1 5
   13  27     1 -907849328
   12  28     1 0
   19  28     1 32764
   20  28     1 2
   10  29     1 32715
   17  29     1 0
    9  31     1 195
   25  32     1 0
   25  34     1 3
    5  35     1 -1
   26  35     1 4
   29  35     1 1
   14  36     1 0
   20  37     1 32715
   18  38     1 0
   35  39     1 0
   22  42     1 0
   21  43     1 0
   40  44     1 0
Best profit: 15
End
