NMec = 95584
T = 27
P = 4
Profits ignored
Valid tasks:                                                                0
Solution time = 2.685e-06
Task data
    6  16     1 0
    4  20     1 1
    9  21     1 2
   17  24     1 0
    9  28     1 3
   15  32     1 -1944961939
   15  34     1 0
   22  38     1 1
   32  41     1 0
   32  42     1 2
   32  43     1 3
   22  45     1 0
   42  46     1 0
   44  46     1 1
   40  49     1 0
   39  50     1 1
    0  55     1 0
   40  57     1 32767
   48  57     1 0
   53  59     1 1
   56  60     1 2
   43  61     1 0
   47  61     1 3
   59  62     1 0
   17  63     1 0
   42  63     1 32713
   28  65     1 0
Best profit: 16
End
