NMec = 95584
T = 27
P = 2
Profits ignored
Valid tasks:                                                                0
Solution time = 2.274e-06
Task data
    1  10     1 0
   13  15     1 0
   11  19     1 1
   10  21     1 0
    8  31     1 32538
   15  31     1 32538
   29  37     1 0
   45  47     1 0
   31  50     1 1
   39  52     1 -1
   40  57     1 0
   47  63     1 1800147344
   48  64     1 0
   46  66     1 32538
   66  76     1 0
   63  80     1 1
   78  81     1 0
   64  83     1 374207851
   68  84     1 1
   71  96     1 4
   89 100     1 0
  108 110     1 0
  106 112     1 1
    8 113     1 0
  100 119     1 0
  113 128     1 0
  119 134     1 1
Best profit: 15
End
