NMec = 95584
T = 27
P = 8
Profits ignored
Valid tasks:                                                                0
Solution time = 3.156e-06
Task data
    0   9     1 0
    3   9     1 1
    3  14     1 2
    1  16     1 3
    3  16     1 4
    5  16     1 5
   11  16     1 0
    8  21     1 6
    1  23     1 7
   14  23     1 1
   23  24     1 0
   13  26     1 32611
    9  27     1 160981392
   15  28     1 2
   27  28     1 0
    2  29     1 -1135025016
   16  29     1 0
   17  29     1 3
   23  29     1 4
   27  29     1 1
   13  31     1 1736415839
   20  31     1 5
   22  31     1 6
    2  32     1 195
    9  32     1 0
    9  32     1 0
    1  33     1 -1131754387
Best profit: 18
End
