NMec = 95584
T = 27
P = 7
Profits ignored
Valid tasks:                                                                0
Solution time = 3.025e-06
Task data
    4  12     1 0
    5  13     1 1
    6  15     1 2
    8  18     1 3
    8  20     1 4
    7  21     1 5
   12  22     1 6
   13  22     1 0
    4  23     1 32646
   13  23     1 0
   17  23     1 1
    2  24     1 0
   21  25     1 2
   14  26     1 1736415839
   15  27     1 0
   23  27     1 0
   10  29     1 0
   22  29     1 3
   19  30     1 32646
   28  30     1 0
   19  31     1 32765
   20  32     1 4
   12  34     1 0
   25  35     1 1
    0  36     1 -548715157
   18  36     1 195
    0  38     1 1923043728
Best profit: 14
End
