NMec = 95584
T = 28
P = 6
Profits ignored
Valid tasks:                                                                0
Solution time = 3.045e-06
Task data
    3   8     1 0
    1   9     1 1
    2  10     1 2
    4  11     1 3
   10  17     1 0
    2  20     1 4
    8  20     1 5
   21  25     1 0
   15  29     1 1
   24  29     1 2
    9  30     1 32551
   18  30     1 3
   21  31     1 4
   27  31     1 0
    0  32     1 32551
   12  32     1 -1
    7  34     1 0
    3  35     1 32551
   26  35     1 5
   28  35     1 0
   31  38     1 1
   31  39     1 2
   22  40     1 2112722056
   26  40     1 0
   28  43     1 -435196819
   31  44     1 3
   33  44     1 0
   26  45     1 2112938384
Best profit: 18
End
