NMec = 95584
T = 28
P = 7
Profits ignored
Valid tasks:                                                                0
Solution time = 3.516e-06
Task data
    0   7     1 0
    3  14     1 1
    5  14     1 2
    6  14     1 3
   11  18     1 0
    1  19     1 4
   12  19     1 5
   18  19     1 1
    3  22     1 6
   21  23     1 0
   16  25     1 2
    0  26     1 859962477
    7  28     1 32765
   11  28     1 0
   18  29     1 3
   19  29     1 -548822252
   24  29     1 0
   25  30     1 1
   26  30     1 2
   15  32     1 0
   13  33     1 0
   18  33     1 856691848
   25  34     1 4
   30  34     1 0
   20  35     1 5
   20  37     1 0
   27  38     1 6
   28  39     1 32672
Best profit: 19
End
