NMec = 95584
T = 28
P = 1
Profits ignored
Valid tasks:                                                                0
Solution time = 2.044e-06
Task data
   23  47     1 0
   78  82     1 0
   84  99     1 0
  112 124     1 0
  112 130     1 0
  114 133     1 1
  118 138     1 0
  129 140     1 0
   26 146     1 1190287576
  149 162     1 0
  162 179     1 0
  174 184     1 0
  174 186     1 0
  179 193     1 0
  183 193     1 0
   30 194     1 195
  180 196     1 0
  173 197     1 4
  213 226     1 0
  218 228     1 0
  212 229     1 32529
  223 235     1 32529
   18 246     1 1736415839
  227 246     1 0
  225 248     1 1407124616
   25 263     1 32529
  261 266     1 0
  270 276     1 0
Best profit: 11
End
