NMec = 95584
T = 28
P = 4
Profits ignored
Valid tasks:                                                                0
Solution time = 2.825e-06
Task data
   10  14     1 0
    6  16     1 1
    1  18     1 2
   15  20     1 0
    3  21     1 3
   13  23     1 0
   15  25     1 32603
   14  26     1 0
   12  27     1 32603
   22  30     1 0
   30  39     1 1
   45  48     1 0
   23  49     1 2
   25  49     1 3
   15  52     1 0
   39  54     1 1
   44  57     1 1
   45  58     1 987185552
   40  59     1 987112628
   47  59     1 32766
   45  62     1 1736415839
    8  63     1 32603
   47  63     1 4
   49  64     1 0
    1  65     1 32603
    8  65     1 -1
   61  67     1 1
    0  69     1 0
Best profit: 13
End
