NMec = 95584
T = 28
P = 5
Profits ignored
Valid tasks:                                                                0
Solution time = 3.055e-06
Task data
    1   2     1 0
    3  11     1 0
    1  14     1 1
    2  16     1 2
    4  16     1 3
   12  17     1 0
    7  22     1 4
   15  23     1 1
   11  25     1 32577
   12  26     1 876360080
   18  26     1 0
   24  31     1 1
   29  31     1 0
   30  31     1 2
   15  34     1 32577
   21  38     1 3
   31  38     1 4
   33  41     1 0
   40  41     1 1
    7  42     1 -1794286483
   25  43     1 0
   35  44     1 2
   40  45     1 3
   39  47     1 4
   39  48     1 195
    1  53     1 -1797557112
   32  53     1 0
    2  54     1 0
Best profit: 19
End
