NMec = 95584
T = 28
P = 3
Profits ignored
Valid tasks:                                                                0
Solution time = 2.555e-06
Task data
    5   9     1 0
    8  17     1 1
    0  19     1 2
    7  22     1 32765
   12  22     1 0
   18  25     1 1
   18  26     1 1
   13  31     1 -348367996
   27  34     1 0
   18  36     1 -66669205
   29  39     1 1
   25  40     1 2
   30  49     1 32716
   46  51     1 0
   49  55     1 1
   44  60     1 2
   38  62     1 0
   40  65     1 -66671507
   63  72     1 0
   24  76     1 -348368104
   59  80     1 1
   67  81     1 2
   69  82     1 0
   75  83     1 0
   75  84     1 0
   73  85     1 0
   66  86     1 0
   78  92     1 0
Best profit: 15
End
