NMec = 95584
T = 29
P = 8
Profits ignored
Valid tasks:                                                                0
Solution time = 3.356e-06
Task data
    1   8     1 0
    1   9     1 1
    9  11     1 0
    1  12     1 2
    0  13     1 3
    2  15     1 4
    7  15     1 5
    9  15     1 6
    8  16     1 7
    2  17     1 1831421291
    4  17     1 1831418989
    2  20     1 32765
   13  21     1 0
    0  22     1 32637
    5  23     1 -1
   14  24     1 1
   17  24     1 2
   17  26     1 3
   17  26     1 4
    8  27     1 32637
   12  27     1 1736415839
   14  27     1 -132579404
   21  29     1 5
   19  30     1 6
   21  31     1 7
    5  32     1 0
   10  34     1 0
   17  34     1 32765
   29  34     1 0
Best profit: 18
End
