NMec = 95584
T = 29
P = 3
Profits ignored
Valid tasks:                                                                0
Solution time = 2.325e-06
Task data
    4  13     1 0
    5  14     1 1
    4  19     1 2
    4  22     1 1
   15  22     1 0
    8  25     1 0
    8  27     1 0
   15  29     1 1
   22  29     1 2
   24  31     1 0
   19  42     1 32764
   28  43     1 -1
   36  46     1 0
   46  53     1 1
   46  57     1 2
   38  59     1 0
   40  62     1 1736415839
   49  67     1 0
   50  70     1 0
   65  70     1 1
   58  73     1 2
   52  78     1 0
   67  81     1 0
   73  81     1 0
   68  82     1 32733
   63  87     1 -1813816211
   65  87     1 -1822849244
   77  87     1 1
   71  90     1 -1822849352
Best profit: 15
End
