NMec = 95584
T = 29
P = 7
Profits ignored
Valid tasks:                                                                0
Solution time = 3.206e-06
Task data
    7   9     1 0
    3  10     1 1
    6  10     1 2
   11  15     1 0
   16  19     1 0
   14  20     1 1
   10  22     1 3
   11  23     1 2
    5  27     1 4
   12  28     1 5
   24  28     1 0
   13  29     1 6
   23  29     1 1
   10  30     1 0
   16  30     1 32641
   16  30     1 0
   20  30     1 4
   17  31     1 0
    7  32     1 0
   22  32     1 -1750829717
   14  34     1 0
   26  35     1 2
   20  37     1 -1750832019
   23  37     1 3
   14  38     1 32641
   21  38     1 0
   33  39     1 0
    1  41     1 -1698159848
    1  41     1 0
Best profit: 16
End
