NMec = 95584
T = 29
P = 4
Profits ignored
Valid tasks:                                                                0
Solution time = 2.785e-06
Task data
    2   8     1 0
    5  12     1 1
    1  18     1 2
   18  21     1 0
   15  24     1 1
   19  24     1 2
   13  28     1 3
   10  29     1 0
    5  30     1 32764
   21  34     1 0
    4  36     1 32701
   26  40     1 0
   21  41     1 0
   27  43     1 1
   39  47     1 2
   21  48     1 195
   31  50     1 3
   42  50     1 0
   38  52     1 1665330285
   27  53     1 0
   48  54     1 1
   48  60     1 2
   60  62     1 0
   52  64     1 3
   40  65     1 32764
   52  66     1 -1
    0  69     1 0
   54  69     1 1736415839
   64  72     1 0
Best profit: 17
End
