NMec = 95584
T = 29
P = 1
Profits ignored
Valid tasks:                                                                0
Solution time = 2.074e-06
Task data
   33  40     1 0
   30  42     1 960763016
   64  71     1 0
   62  78     1 0
   87 113     1 0
  107 116     1 0
  127 137     1 0
  137 144     1 4
  140 155     1 0
  162 169     1 0
  162 171     1 0
  173 174     1 0
  169 194     1 964035947
  183 196     1 0
  195 206     1 0
  192 207     1 32767
  201 207     1 0
  200 213     1 1736415839
  220 230     1 0
  221 230     1 1
  226 233     1 0
  212 236     1 32705
  236 244     1 0
  232 245     1 0
  233 258     1 0
  221 267     1 -472403568
  266 267     1 0
  173 270     1 32767
  259 274     1 -473260680
Best profit: 12
End
