NMec = 95584
T = 29
P = 5
Profits ignored
Valid tasks:                                                                0
Solution time = 3.256e-06
Task data
    4  11     1 0
    5  19     1 1
    1  24     1 2
    9  24     1 3
   16  24     1 0
    8  25     1 4
    8  26     1 0
   16  26     1 1736415839
   27  30     1 0
   15  34     1 32738
   24  34     1 1
   24  37     1 -1612614293
   28  39     1 2
   31  40     1 0
   35  40     1 1
   30  44     1 3
   30  46     1 4
   42  46     1 0
   27  48     1 -2118943740
   32  48     1 32738
   32  48     1 0
   20  51     1 195
   36  51     1 1
   21  54     1 0
   47  54     1 0
   32  55     1 0
   42  55     1 1
   43  55     1 2
   41  57     1 -2118495856
Best profit: 17
End
