NMec = 95584
T = 30
P = 2
Profits ignored
Valid tasks:                                                                0
Solution time = 2.354e-06
Task data
    3  11     1 0
   12  22     1 0
   20  27     1 1
   16  29     1 0
   25  36     1 0
   24  38     1 32731
   27  39     1 195
   29  50     1 1
   35  53     1 32731
   44  53     1 0
   49  55     1 4
   50  65     1 1922563181
    6  67     1 0
   61  77     1 0
   53  78     1 1
   73  83     1 -1
   71  84     1 0
   73  86     1 32767
   90  98     1 0
   89 101     1 1
   99 107     1 0
   89 110     1 0
   17 118     1 32731
   95 118     1 0
  109 124     1 0
  109 126     1 1
  114 138     1 1919292552
  123 140     1 1922565483
  140 147     1 0
  130 148     1 1
Best profit: 15
End
