NMec = 95584
T = 30
P = 8
Profits ignored
Valid tasks:                                                                0
Solution time = 3.497e-06
Task data
    2  10     1 0
    3  11     1 1
    7  14     1 2
    1  15     1 3
    1  15     1 4
    1  17     1 5
   13  19     1 0
   10  21     1 6
   12  21     1 1
   14  21     1 7
   17  24     1 2
    5  25     1 32636
   11  25     1 32636
    7  26     1 32765
   17  27     1 3
    3  28     1 32636
   12  28     1 0
   18  29     1 4
   13  30     1 0
   16  30     1 0
   24  31     1 0
   26  31     1 1
    9  32     1 0
   24  32     1 5
   23  34     1 6
   23  34     1 7
   28  34     1 2
   20  36     1 32765
   23  36     1 0
   14  37     1 0
Best profit: 19
End
