NMec = 95584
T = 30
P = 5
Profits ignored
Valid tasks:                                                                0
Solution time = 3.296e-06
Task data
    2   5     1 0
    3  14     1 1
    7  22     1 0
   19  23     1 1
   22  27     1 2
    7  28     1 3
   14  30     1 4
   13  31     1 4
   11  32     1 32713
   19  34     1 0
   16  36     1 32713
   20  36     1 32766
   31  38     1 0
   32  43     1 1
   33  44     1 2
   33  45     1 3
   39  45     1 0
   31  47     1 4
   31  48     1 -1359106963
   30  49     1 1
    3  50     1 32713
   17  52     1 -597450348
   38  52     1 0
   47  54     1 0
   45  55     1 1
   36  57     1 -597261936
   45  57     1 2
   50  58     1 3
   11  59     1 32713
   49  59     1 4
Best profit: 18
End
