NMec = 95584
T = 30
P = 6
Profits ignored
Valid tasks:                                                                0
Solution time = 3.496e-06
Task data
    0   9     1 0
    1   9     1 1
    1  13     1 2
    2  14     1 3
    5  14     1 4
   17  18     1 0
    8  20     1 5
    5  22     1 32664
   14  23     1 1
   18  25     1 2
   25  28     1 0
   17  31     1 3
   20  31     1 4
   25  31     1 1
   12  34     1 -149849516
   28  35     1 2
   31  38     1 0
   34  38     1 1
   30  39     1 5
   31  39     1 0
   21  41     1 195
   33  41     1 3
   35  41     1 4
   35  41     1 32664
   33  43     1 4
   33  44     1 -1325009784
   23  47     1 -149483120
   32  47     1 1736415839
    1  48     1 0
   37  48     1 2
Best profit: 20
End
