NMec = 95584
T = 31
P = 2
Profits ignored
Valid tasks:                                                                0
Solution time = 2.554e-06
Task data
    6   8     1 0
    0  10     1 1
    6  14     1 0
   12  26     1 0
   12  27     1 1
   16  31     1 32536
   20  38     1 0
   15  41     1 195
   42  45     1 0
   36  48     1 1
   24  50     1 0
   70  74     1 0
   61  81     1 1
   71  82     1 -1408277368
   68  90     1 -1405045520
   82  93     1 0
   88 100     1 1
  100 109     1 0
  105 109     1 1
  112 119     1 0
   99 123     1 32536
    1 125     1 -1
  115 129     1 1
  114 133     1 0
    8 134     1 1
  127 136     1 0
  133 141     1 1
  130 144     1 32536
  129 147     1 32767
  128 149     1 0
  132 153     1 -1405006739
Best profit: 16
End
