NMec = 95584
T = 31
P = 3
Profits ignored
Valid tasks:                                                                0
Solution time = 2.515e-06
Task data
    1  16     1 0
   11  18     1 1
   15  20     1 2
    7  21     1 -1
   15  22     1 0
   22  34     1 0
    7  35     1 195
   15  40     1 1331650960
   28  41     1 1
   28  43     1 2
   22  46     1 32734
   30  49     1 1736415839
   31  52     1 0
   35  52     1 0
   40  52     1 -1805886355
   42  56     1 1
   17  59     1 -1809156984
   45  62     1 2
   52  63     1 1329701960
   44  64     1 1
   56  65     1 0
   56  66     1 0
   68  74     1 0
   74  82     1 1
   56  83     1 32734
   68  84     1 2
   24  91     1 -1805925136
   75  92     1 0
   88  97     1 1
   18 100     1 0
   81 100     1 4
Best profit: 15
End
