NMec = 95584
T = 31
P = 8
Profits ignored
Valid tasks:                                                                0
Solution time = 3.496e-06
Task data
    0  10     1 0
    1  10     1 1
    4  12     1 2
    7  14     1 3
   13  14     1 0
    0  16     1 4
    0  17     1 5
    0  17     1 6
    7  17     1 7
   11  19     1 1
   12  19     1 1
   18  20     1 0
    3  21     1 0
   10  21     1 0
   12  21     1 0
   13  24     1 2
   11  25     1 0
   13  25     1 32540
   20  26     1 1
   12  27     1 262132112
    8  31     1 32765
   10  31     1 262105460
   10  33     1 32765
   30  34     1 0
   16  35     1 3
   30  36     1 1
    1  37     1 262105352
   20  37     1 4
   24  37     1 5
   26  37     1 2
   27  38     1 6
Best profit: 20
End
