NMec = 95584
T = 31
P = 6
Profits ignored
Valid tasks:                                                                0
Solution time = 3.417e-06
Task data
    0   2     1 0
    6   9     1 0
    2  11     1 1
    4  12     1 2
    4  12     1 3
    2  14     1 4
    6  15     1 5
   10  16     1 0
   11  17     1 0
   10  20     1 10497796
    0  21     1 0
   11  26     1 32552
   13  26     1 1
   16  28     1 2
   10  31     1 -1030058899
    2  33     1 1
   18  33     1 0
   24  33     1 3
    8  35     1 32552
   15  35     1 4
   28  35     1 1
   21  37     1 5
   37  40     1 0
   30  41     1 2
    0  42     1 0
   34  46     1 3
   35  46     1 4
   41  46     1 0
   43  46     1 1
   36  50     1 4
   29  51     1 -1030097680
Best profit: 21
End
