NMec = 95584
T = 31
P = 5
Profits ignored
Valid tasks:                                                                0
Solution time = 3.316e-06
Task data
    2  11     1 0
    0  12     1 1
    3  12     1 2
    1  19     1 3
    5  21     1 4
    2  23     1 0
    7  23     1 4
   14  24     1 0
   16  24     1 1
   17  24     1 2
   26  31     1 0
   18  32     1 0
   11  36     1 0
   28  37     1 1
   28  43     1 2
   26  45     1 3
   36  47     1 0
   34  48     1 4
   38  48     1 1
   44  48     1 2
   19  49     1 195
   44  53     1 0
   38  54     1 0
   39  54     1 32555
   45  54     1 -238316408
   36  55     1 32767
   40  56     1 -235045779
   44  56     1 32767
    0  57     1 712302992
   56  58     1 0
   52  61     1 1
Best profit: 18
End
