NMec = 95584
T = 31
P = 7
Profits ignored
Valid tasks:                                                                0
Solution time = 3.236e-06
Task data
    4   7     1 0
    2  14     1 1
    0  15     1 2
   10  15     1 0
    8  18     1 3
   10  21     1 4
    7  22     1 5
   10  23     1 6
    0  25     1 734156139
    3  27     1 0
   15  27     1 1
    7  28     1 1781316552
   13  30     1 0
   14  31     1 32671
   15  31     1 32671
   17  31     1 0
    7  32     1 -1
   10  32     1 32766
   16  32     1 2
   25  34     1 3
   22  35     1 4
   22  36     1 1781316660
   32  36     1 0
   26  38     1 5
    8  39     1 32766
   31  39     1 1
   10  41     1 0
   16  41     1 0
   19  42     1 734115056
   30  42     1 6
   36  43     1 2
Best profit: 18
End
