NMec = 95584
T = 32
P = 6
Profits ignored
Valid tasks:                                                                0
Solution time = 3.296e-06
Task data
    0   3     1 0
    0   7     1 1
    2   9     1 2
    7   9     1 0
   12  16     1 0
    2  17     1 3
    3  17     1 4
    7  18     1 5
    3  19     1 32681
    1  22     1 873538696
   18  22     1 0
    2  23     1 -1
    9  23     1 1
   14  30     1 2
    8  31     1 1
   24  31     1 0
   11  34     1 876809325
   12  35     1 32681
   15  36     1 32681
   17  37     1 876770544
   22  38     1 3
   14  39     1 195
    3  40     1 0
   19  42     1 4
   23  42     1 5
   29  43     1 1
   17  47     1 32764
   29  47     1 1736415839
   34  49     1 0
   39  49     1 2
   39  51     1 3
   42  53     1 0
Best profit: 19
End
