NMec = 95584
T = 32
P = 8
Profits ignored
Valid tasks:                                                                0
Solution time = 3.747e-06
Task data
    4   9     1 0
    2  12     1 1
    4  14     1 2
   10  16     1 0
    7  18     1 3
   12  18     1 4
   10  19     1 5
   14  19     1 1
   15  20     1 2
   11  21     1 6
   15  23     1 7
   16  24     1 0
   10  28     1 0
    0  29     1 0
   14  30     1 32760
   19  30     1 0
   16  31     1 0
    2  33     1 32760
   13  33     1 0
   26  33     1 1
   27  33     1 2
   29  33     1 3
   15  34     1 -1326376444
   19  34     1 4
   20  36     1 5
   27  36     1 6
   30  37     1 7
   19  38     1 145310856
    1  39     1 32764
    3  39     1 148542704
   12  39     1 32760
   25  39     1 32764
Best profit: 19
End
