NMec = 95584
T = 32
P = 1
Profits ignored
Valid tasks:                                                                0
Solution time = 2.284e-06
Task data
    1  24     1 0
   29  48     1 0
   35  49     1 0
   51  58     1 0
   42  61     1 0
   50  69     1 4
   51  75     1 32764
   70  76     1 0
   64  77     1 0
   68  88     1 0
   96 104     1 0
  104 109     1 32548
  104 114     1 -761803667
  103 115     1 32548
  164 191     1 0
   28 205     1 0
   74 208     1 32548
  124 234     1 32548
  147 245     1 32764
  233 249     1 0
  242 253     1 -1
  245 259     1 32548
    0 261     1 -761842448
  257 261     1 0
  278 292     1 0
  285 296     1 0
  287 296     1 -761801365
  303 305     1 0
  293 310     1 1736415839
  299 310     1 195
  302 313     1 0
  312 315     1 0
Best profit: 11
End
