NMec = 95584
T = 32
P = 4
Profits ignored
Valid tasks:                                                                0
Solution time = 3.106e-06
Task data
    7  14     1 0
   10  18     1 1
   13  20     1 2
    0  21     1 3
   20  27     1 0
   17  28     1 0
   26  29     1 1
   23  33     1 2
   27  34     1 3
   27  36     1 32767
   23  38     1 0
   14  39     1 0
   35  39     1 0
    7  41     1 0
   27  43     1 -1272965781
   34  44     1 1
   45  46     1 0
   38  47     1 2
   29  49     1 32757
   36  49     1 3
   39  49     1 0
   32  52     1 -805695088
   38  52     1 0
   44  56     1 1
   37  59     1 -807364540
   52  59     1 0
   48  67     1 1
   64  67     1 0
   15  72     1 0
   64  72     1 2
   23  73     1 0
   58  76     1 3
Best profit: 18
End
