NMec = 95584
T = 32
P = 3
Profits ignored
Valid tasks:                                                                0
Solution time = 2.845e-06
Task data
    3   9     1 0
    1  10     1 1
   12  20     1 0
   23  25     1 0
    3  26     1 2
    9  26     1 0
   14  26     1 1
   23  30     1 195
   28  33     1 0
   20  40     1 1736415839
   39  50     1 0
   36  52     1 1
   51  56     1 0
   46  59     1 2
   54  60     1 1
   44  62     1 0
   49  65     1 0
   56  70     1 -1
   62  70     1 0
   69  76     1 1
   60  78     1 2
   61  79     1 1
   74  79     1 0
   15  80     1 -1996752268
   83  85     1 0
   71  88     1 32767
   83  91     1 1
   89  91     1 0
   76  93     1 0
   31 102     1 0
    7 106     1 0
   91 106     1 2
Best profit: 20
End
