NMec = 95584
T = 33
P = 5
Profits ignored
Valid tasks:                                                                0
Solution time = 3.387e-06
Task data
    4   8     1 0
    7  10     1 1
   11  15     1 0
    5  17     1 2
   16  17     1 0
    9  18     1 3
    1  19     1 4
   24  25     1 0
    3  27     1 -220177228
   14  27     1 1
   12  28     1 4
    8  34     1 1
   29  37     1 0
   25  42     1 2
   38  43     1 0
   38  44     1 1
   32  46     1 3
   31  48     1 4
   35  54     1 32583
   43  54     1 2
   21  56     1 32583
   40  57     1 -1404070549
   45  57     1 0
   37  58     1 0
   55  59     1 1
   53  60     1 3
   40  61     1 0
   61  62     1 0
    7  64     1 0
   49  64     1 4
   52  64     1 0
   61  64     1 1
   47  65     1 0
Best profit: 22
End
