NMec = 95584
T = 33
P = 2
Profits ignored
Valid tasks:                                                                0
Solution time = 2.716e-06
Task data
    8  13     1 0
    2  16     1 1
   14  16     1 0
   10  19     1 0
    6  21     1 -2055380184
   18  26     1 0
   13  34     1 32511
   30  37     1 0
   33  40     1 1
   17  41     1 32767
   44  63     1 0
   51  63     1 1
   63  67     1 32511
   65  70     1 0
   62  73     1 -1819030419
   64  74     1 1
   58  75     1 32767
   59  82     1 -2055379648
   65  90     1 0
   71  90     1 0
   79  93     1 1
   87  96     1 0
   78  97     1 0
  105 109     1 0
  102 111     1 1
  121 132     1 0
  136 144     1 0
   98 145     1 0
  132 149     1 1
   33 156     1 0
  138 156     1 -1819028117
  146 156     1 0
  150 160     1 1
Best profit: 19
End
