NMec = 95584
T = 33
P = 7
Profits ignored
Valid tasks:                                                                0
Solution time = 3.706e-06
Task data
    0   4     1 0
   10  12     1 0
    1  17     1 1
    7  18     1 2
    9  18     1 3
    6  20     1 4
   12  20     1 5
    1  21     1 6
    8  21     1 0
   18  21     1 0
   16  25     1 -1
   18  26     1 1
   15  27     1 702977264
   19  28     1 2
   26  28     1 0
    7  31     1 32735
   21  33     1 3
   13  34     1 32735
   25  34     1 4
   16  35     1 32735
   28  35     1 1
   25  38     1 5
    2  41     1 0
   33  41     1 0
   23  42     1 6
   30  42     1 2
   28  44     1 699745416
   34  45     1 3
   31  46     1 0
   37  46     1 1
   26  47     1 1
   32  47     1 32764
   36  47     1 4
Best profit: 22
End
