NMec = 95584
T = 33
P = 3
Profits ignored
Valid tasks:                                                                0
Solution time = 2.635e-06
Task data
    8  14     1 0
    3  17     1 1
    9  21     1 2
   12  21     1 32678
   13  22     1 4
    8  26     1 0
   21  29     1 0
   15  33     1 32678
   28  36     1 1
   29  38     1 2
   45  46     1 0
   34  50     1 -265472888
   13  51     1 32678
   38  53     1 1
   31  55     1 532004560
   37  56     1 1736415839
   50  61     1 0
   52  65     1 2
   54  68     1 1
   47  69     1 -262241040
   50  77     1 -262199957
   55  77     1 -1
   63  78     1 0
   65  79     1 32764
   32  81     1 32678
   67  84     1 2
   68  91     1 -262202259
   82  91     1 0
   82 102     1 1
   84 103     1 0
  101 104     1 0
   97 106     1 2
   87 107     1 532004132
Best profit: 17
End
