NMec = 95584
T = 33
P = 4
Profits ignored
Valid tasks:                                                                0
Solution time = 3.096e-06
Task data
    3   6     1 0
    3   9     1 1
    5  14     1 2
    5  15     1 3
    1  16     1 -1892115360
   17  22     1 0
    2  23     1 0
   23  25     1 0
   10  29     1 1
   24  29     1 2
   27  29     1 0
   12  32     1 0
   25  34     1 3
   30  34     1 0
   17  39     1 4
   28  39     1 0
   27  43     1 -126727059
   35  51     1 0
   43  51     1 1
   41  56     1 2
   47  58     1 3
   46  59     1 -1892115896
   53  63     1 0
   55  64     1 1
   59  65     1 2
   59  69     1 3
   48  70     1 0
   56  70     1 32698
   61  71     1 32698
   61  74     1 0
   55  76     1 -126765840
   59  76     1 32767
   60  78     1 195
Best profit: 19
End
