NMec = 95584
T = 33
P = 8
Profits ignored
Valid tasks:                                                                0
Solution time = 3.737e-06
Task data
    3   6     1 0
    3   9     1 1
    1  11     1 2
    2  13     1 3
    9  14     1 0
   14  16     1 1
    0  18     1 4
    7  18     1 5
    6  19     1 6
    6  22     1 7
    9  22     1 0
   11  23     1 32712
   13  23     1 2
   17  23     1 0
    1  25     1 32712
   15  25     1 3
    7  26     1 -269367244
    5  27     1 32712
    9  27     1 -269366816
   23  27     1 1
   11  29     1 32765
   12  29     1 0
   11  33     1 251475184
   27  33     1 0
   19  34     1 4
   21  34     1 5
   23  35     1 6
    2  36     1 0
   28  36     1 1
   23  38     1 7
   29  39     1 2
    8  40     1 0
   26  41     1 3
Best profit: 22
End
