NMec = 95584
T = 34
P = 5
Profits ignored
Valid tasks:                                                                0
Solution time = 3.306e-06
Task data
    0  15     1 0
   12  15     1 1
    6  16     1 2
   11  16     1 3
    4  18     1 4
   10  19     1 0
    8  23     1 452223376
    9  24     1 32766
   21  25     1 0
   19  29     1 1
   22  31     1 2
   19  35     1 3
   22  36     1 4
   33  37     1 0
   38  42     1 0
   40  44     1 1
   20  45     1 0
   32  46     1 2
   34  48     1 -1
   40  48     1 3
   41  48     1 4
   40  51     1 -763832981
   36  54     1 32665
   45  55     1 0
   32  56     1 32665
   36  57     1 -767105912
   53  57     1 1
   28  60     1 4
   55  60     1 2
   51  62     1 3
   41  63     1 32766
   56  63     1 0
   55  67     1 4
   64  67     1 0
Best profit: 23
End
