NMec = 95584
T = 34
P = 7
Profits ignored
Valid tasks:                                                                0
Solution time = 3.907e-06
Task data
    2   8     1 0
    8  13     1 1
   10  15     1 0
    9  20     1 2
   17  23     1 0
    8  25     1 3
    8  26     1 4
   18  26     1 1
   20  26     1 5
    3  27     1 6
   11  28     1 195
    7  29     1 -1
   16  29     1 32697
   17  29     1 32697
   24  29     1 0
   15  30     1 0
   18  30     1 0
   15  31     1 0
   19  33     1 0
   28  34     1 1
   22  35     1 2
   16  37     1 32697
   29  37     1 3
   33  37     1 0
   22  38     1 4
   16  39     1 32765
   24  40     1 -1424562960
   10  42     1 1
    6  43     1 0
   22  44     1 32765
   35  44     1 1
   43  45     1 0
    2  48     1 32697
   34  48     1 4
Best profit: 18
End
