NMec = 95584
T = 34
P = 2
Profits ignored
Valid tasks:                                                                0
Solution time = 2.745e-06
Task data
    9  15     1 0
   17  26     1 0
    5  30     1 1
    9  32     1 32670
   26  37     1 0
   33  40     1 0
   27  41     1 32765
   35  56     1 1
   60  64     1 0
   58  69     1 1
   60  75     1 1736415839
   58  76     1 0
   66  77     1 0
   70  79     1 1
   64  80     1 32765
   77  80     1 195
   64  83     1 32670
   76  85     1 0
   80  88     1 0
   75  90     1 -17025148
   81  91     1 1
   50 104     1 -17025256
  107 114     1 0
  116 117     1 0
  114 121     1 1
  117 127     1 0
   44 140     1 -1814858616
  137 146     1 0
  140 150     1 1
  146 155     1 0
  142 159     1 0
  139 162     1 32670
  144 162     1 32670
  156 163     1 0
Best profit: 17
End
