NMec = 95584
T = 34
P = 8
Profits ignored
Valid tasks:                                                                0
Solution time = 4.118e-06
Task data
   11  12     1 0
    5  13     1 1
    2  14     1 2
    9  14     1 3
    6  15     1 4
    5  16     1 5
    5  19     1 6
    8  19     1 7
    0  21     1 4
   12  23     1 32524
   22  23     1 0
   10  24     1 0
   15  25     1 1
   20  27     1 2
   15  28     1 3
   18  30     1 4
    9  31     1 32524
   27  31     1 0
    0  32     1 671957344
   22  32     1 5
    9  33     1 32524
    5  34     1 0
   14  35     1 0
   16  35     1 1045349512
   31  35     1 1
   34  35     1 0
    4  36     1 0
   16  36     1 1048581360
   10  37     1 0
   17  39     1 1
   32  39     1 2
   27  40     1 6
   18  41     1 671956808
   36  42     1 0
Best profit: 20
End
