NMec = 95584
T = 34
P = 6
Profits ignored
Valid tasks:                                                                0
Solution time = 3.426e-06
Task data
    3  15     1 0
    8  17     1 1
    2  19     1 2
   10  19     1 3
    3  20     1 4
    6  20     1 5
    0  21     1 0
    4  22     1 32575
    1  24     1 32766
    6  24     1 -1525316368
   17  24     1 0
   18  26     1 1
    7  27     1 -1528548216
   14  27     1 0
   21  28     1 2
   21  32     1 3
    9  33     1 1612301828
   16  35     1 32575
   24  35     1 4
   28  35     1 0
   32  38     1 1
   25  39     1 5
   27  44     1 32766
   22  45     1 4
   22  46     1 1612302256
   28  46     1 -1
   20  47     1 0
   32  50     1 2
   37  50     1 0
   46  53     1 1
   12  55     1 0
   41  55     1 3
   49  55     1 4
   55  56     1 0
Best profit: 20
End
