NMec = 95584
T = 35
P = 4
Profits ignored
Valid tasks:                                                                0
Solution time = 3.597e-06
Task data
    0   8     1 0
   10  15     1 0
    3  19     1 1
    6  22     1 2
    4  24     1 3
    6  27     1 0
   27  28     1 0
   29  33     1 0
   34  35     1 0
   25  36     1 1
   28  39     1 2
   33  39     1 3
   19  40     1 0
   28  40     1 0
   35  42     1 0
   30  44     1 0
   12  55     1 -103611256
    1  58     1 0
   42  58     1 0
   54  58     1 1
   50  60     1 2
   53  64     1 3
   60  67     1 0
   58  68     1 32740
   45  69     1 -287710832
   57  71     1 -1
   35  72     1 -100338325
   67  73     1 1
    3  76     1 195
   49  76     1 32740
   71  77     1 0
   67  78     1 2
   72  80     1 3
    2  87     1 32764
   75  87     1 1
Best profit: 21
End
