NMec = 95584
T = 35
P = 6
Profits ignored
Valid tasks:                                                                0
Solution time = 3.897e-06
Task data
    1   5     1 0
    1   5     1 1
    4  12     1 2
    6  12     1 0
   10  14     1 1
    3  16     1 3
   11  21     1 4
    6  22     1 5
   13  22     1 0
   14  22     1 2
   12  23     1 0
    7  24     1 32764
   20  25     1 1
    5  26     1 0
   17  27     1 3
   12  29     1 0
   12  29     1 0
   22  31     1 4
   25  33     1 0
   27  33     1 1
   32  33     1 2
   31  41     1 3
   25  42     1 5
   21  43     1 32602
   26  43     1 -1382722320
   36  44     1 0
    4  46     1 -1433683068
   25  46     1 0
   37  46     1 1
   42  48     1 2
   36  49     1 4
   28  51     1 4
   47  55     1 0
   32  57     1 32764
    5  58     1 1736415839
Best profit: 23
End
