NMec = 95584
T = 35
P = 8
Profits ignored
Valid tasks:                                                                0
Solution time = 4.378e-06
Task data
    4  12     1 0
    7  16     1 1
   10  17     1 2
   15  18     1 0
   13  21     1 3
   20  21     1 0
    2  22     1 4
    5  22     1 5
   11  23     1 6
    6  24     1 7
   13  24     1 -1
   14  24     1 0
   13  25     1 32766
   10  26     1 -1100593813
   17  27     1 1
   21  27     1 2
   19  28     1 32520
   26  31     1 0
   31  32     1 1
   16  33     1 1
   20  33     1 315852736
   30  34     1 2
   27  35     1 3
   12  36     1 4
   26  36     1 4
   30  36     1 5
   18  38     1 315852308
   16  39     1 0
    6  40     1 0
   31  40     1 6
   28  41     1 7
   29  42     1 0
   31  42     1 0
   35  43     1 0
   40  43     1 1
Best profit: 22
End
