NMec = 95584
T = 35
P = 5
Profits ignored
Valid tasks:                                                                0
Solution time = 3.547e-06
Task data
    1   6     1 0
    6   9     1 1
    4  13     1 2
    5  13     1 3
   10  16     1 0
    5  22     1 4
   10  25     1 1
    9  27     1 1736415839
    7  28     1 32764
   16  28     1 2
   22  28     1 0
   22  31     1 3
   16  33     1 1427379264
   12  34     1 0
   20  36     1 0
   25  37     1 4
   26  37     1 1
   34  38     1 0
    1  40     1 2087238765
   26  40     1 1427378836
   18  44     1 2087241067
   32  44     1 2
   26  45     1 32723
   36  46     1 3
   36  47     1 1
   35  51     1 0
   43  51     1 0
   25  53     1 0
   46  53     1 1
   29  55     1 32764
   44  61     1 4
   53  62     1 0
   27  65     1 0
   55  66     1 1
   61  68     1 2
Best profit: 21
End
