NMec = 95584
T = 35
P = 7
Profits ignored
Valid tasks:                                                                0
Solution time = 3.667e-06
Task data
    1  11     1 0
    5  12     1 1
    7  15     1 2
    3  16     1 3
   14  17     1 0
   13  19     1 1
    4  20     1 4
   12  20     1 5
    8  21     1 6
    7  22     1 32767
    1  23     1 32743
   13  23     1 0
   12  25     1 0
   19  25     1 0
    3  26     1 0
    9  26     1 1070146696
   17  28     1 2
   20  28     1 1
   12  30     1 32743
    2  31     1 0
   12  34     1 32743
   19  36     1 3
   31  36     1 0
   27  41     1 4
   37  41     1 0
   30  42     1 1
   37  42     1 2
   29  44     1 5
   43  44     1 0
   39  45     1 3
   25  46     1 6
   12  48     1 0
   29  48     1 32767
   39  48     1 0
   43  49     1 1
Best profit: 23
End
