NMec = 95584
T = 36
P = 7
Profits ignored
Valid tasks:                                                                0
Solution time = 3.998e-06
Task data
    9  11     1 0
    5  13     1 1
    4  14     1 2
    8  15     1 3
    1  16     1 4
   14  21     1 0
    5  22     1 5
   13  22     1 6
   11  23     1 -3189520
   22  24     1 0
   22  24     1 1
    1  26     1 32707
   21  26     1 2
    8  27     1 0
   18  28     1 3
   20  32     1 4
   29  32     1 0
   24  34     1 5
   23  35     1 6
   17  36     1 1196774336
   22  36     1 -1
   16  37     1 1
   33  37     1 0
   25  40     1 1
   33  41     1 2
   31  42     1 3
   35  42     1 4
   24  43     1 0
   36  45     1 5
   37  45     1 6
    5  47     1 0
   26  47     1 0
    2  48     1 -3148437
   34  48     1 1196773800
   25  50     1 32707
   41  51     1 0
Best profit: 24
End
