NMec = 95584
T = 36
P = 8
Profits ignored
Valid tasks:                                                                0
Solution time = 4.268e-06
Task data
    0   3     1 0
    1   8     1 1
    1   8     1 2
    2  12     1 3
    3  15     1 4
    1  16     1 5
    9  17     1 0
    1  18     1 6
   16  19     1 1
   16  21     1 2
    2  22     1 7
    6  22     1 0
   10  23     1 0
   11  23     1 0
   16  23     1 3
   13  24     1 1736415839
   15  24     1 195
   19  25     1 0
   13  27     1 32681
   15  27     1 32766
   20  27     1 1
   15  28     1 0
    9  29     1 0
   17  29     1 4
    8  30     1 1940302824
   25  30     1 2
   16  31     1 0
    5  33     1 0
   22  33     1 5
   23  34     1 6
   37  38     1 0
   26  40     1 3
   39  42     1 0
   30  43     1 1
   37  43     1 2
   27  44     1 7
Best profit: 24
End
