NMec = 95584
T = 36
P = 6
Profits ignored
Valid tasks:                                                                0
Solution time = 3.627e-06
Task data
    1   6     1 0
    4  11     1 1
    2  12     1 2
    5  12     1 3
    0  15     1 4
    0  17     1 5
    5  19     1 32765
   10  21     1 0
    8  22     1 1160806760
   14  28     1 1
   12  29     1 32655
   19  30     1 2
   14  31     1 3
   17  32     1 4
   20  34     1 5
   27  34     1 0
   25  39     1 1160806868
   25  40     1 -1
   38  43     1 0
   28  44     1 388011371
   28  46     1 1
   38  46     1 1
   43  47     1 2
   33  49     1 3
   39  51     1 4
   47  53     1 0
   26  55     1 0
   41  55     1 5
   43  55     1 387970288
   41  56     1 0
   44  56     1 1160807296
   45  57     1 0
    6  58     1 0
   54  58     1 0
    7  59     1 0
   49  59     1 1
Best profit: 22
End
