NMec = 95584
T = 36
P = 5
Profits ignored
Valid tasks:                                                                0
Solution time = 3.667e-06
Task data
    3   8     1 0
    2  11     1 1
    9  13     1 0
    8  15     1 2
    0  16     1 3
   10  16     1 4
    9  17     1 0
   10  18     1 0
   16  18     1 0
    1  20     1 -785794624
    5  28     1 32659
   17  33     1 1
   26  34     1 0
   18  37     1 2
   18  38     1 3
   33  42     1 4
   23  46     1 913597803
   27  48     1 32765
   43  52     1 0
   36  54     1 1
   31  55     1 -785795052
   12  56     1 32659
   51  56     1 2
    9  59     1 -784834160
   47  59     1 3
   33  60     1 0
   50  60     1 4
   51  63     1 195
   52  67     1 913556720
   54  67     1 0
    2  69     1 32659
   59  69     1 1
   66  69     1 2
   52  70     1 0
    0  71     1 32659
   49  71     1 32659
Best profit: 20
End
