NMec = 95584
T = 37
P = 5
Profits ignored
Valid tasks:                                                                0
Solution time = 3.576e-06
Task data
    1   9     1 0
   15  17     1 0
   17  20     1 1
    2  22     1 2
    9  25     1 3
   14  25     1 4
   14  27     1 0
   16  29     1 0
   16  31     1 0
   16  32     1 32665
    8  34     1 32665
   23  34     1 0
   23  34     1 1
   24  34     1 2
   24  35     1 195
    3  38     1 -1
   35  39     1 0
   15  40     1 32665
   24  40     1 32765
   39  42     1 1
   36  45     1 2
   45  51     1 0
   29  52     1 3
   34  53     1 4
   42  57     1 0
   44  61     1 1
   51  61     1 2
    5  62     1 32665
   49  65     1 2147104548
   54  65     1 0
   61  68     1 3
   52  69     1 4
    3  71     1 0
   36  71     1 2147332496
   50  71     1 0
   51  71     1 -1115401080
    0  72     1 -1112130451
Best profit: 19
End
