NMec = 95584
T = 37
P = 7
Profits ignored
Valid tasks:                                                                0
Solution time = 3.917e-06
Task data
    0   8     1 0
    1  10     1 1
    1  11     1 2
    0  12     1 3
    7  13     1 4
   16  17     1 0
    8  18     1 5
    6  19     1 6
    1  21     1 1736415839
    7  23     1 0
   15  23     1 1
    7  24     1 1937229652
    9  25     1 4
   11  25     1 0
   17  25     1 2
    8  26     1 1937654160
   11  27     1 0
   12  27     1 0
   15  27     1 3
    6  29     1 0
   11  30     1 32741
   12  30     1 1937229544
   24  34     1 0
   14  37     1 4
   25  37     1 1
   21  38     1 5
   28  38     1 2
   28  43     1 3
   32  43     1 6
   33  44     1 906060936
   34  44     1 32741
   33  45     1 909333867
   22  46     1 1937230208
   30  48     1 1
   43  48     1 0
   27  50     1 1937230080
   40  52     1 1
Best profit: 20
End
