NMec = 95584
T = 37
P = 4
Profits ignored
Valid tasks:                                                                0
Solution time = 3.386e-06
Task data
    2   9     1 0
    3  18     1 1
    5  18     1 2
    8  18     1 3
    9  22     1 0
    7  24     1 0
   14  24     1 0
   14  25     1 0
   17  27     1 0
   30  35     1 0
   13  38     1 32764
   26  39     1 1
   25  40     1 2
   29  43     1 3
   37  44     1 0
   37  49     1 -1742320531
    0  52     1 0
   43  52     1 1
   39  55     1 -1742359312
   56  57     1 0
   23  60     1 0
   50  61     1 2
   42  62     1 1736415839
   41  63     1 0
   52  63     1 3
   63  67     1 0
   42  68     1 32764
   52  69     1 32628
   62  70     1 1
   56  72     1 4
   66  74     1 2
   64  81     1 3
   29  84     1 -1742318229
   63  87     1 -1
   75  88     1 0
   65  89     1 -744134376
   15  92     1 0
Best profit: 19
End
