NMec = 95584
T = 38
P = 6
Profits ignored
Valid tasks:                                                                0
Solution time = 3.967e-06
Task data
    2  11     1 0
    3  12     1 1
    4  13     1 2
    2  15     1 3
    4  16     1 4
    1  17     1 5
   10  17     1 1984464008
   13  18     1 0
    9  19     1 0
   11  20     1 32765
    8  22     1 0
    9  22     1 -1794211816
    8  25     1 0
    8  25     1 4
   23  29     1 0
   26  29     1 1
   27  29     1 2
   19  31     1 3
    8  32     1 1987695856
   15  32     1 0
   21  32     1 4
   30  34     1 0
   25  35     1 5
   31  37     1 1
   32  40     1 2
   29  41     1 32760
   23  44     1 0
   32  44     1 3
   39  48     1 0
   34  49     1 4
   25  50     1 32765
   44  52     1 1
   40  53     1 5
    0  58     1 32765
   47  58     1 2
   50  58     1 0
   34  60     1 -1794211280
   53  60     1 1
Best profit: 24
End
