NMec = 95584
T = 39
P = 7
Profits ignored
Valid tasks:                                                                0
Solution time = 4.177e-06
Task data
    2   8     1 0
    3  11     1 1
    4  11     1 2
    3  13     1 3
    3  16     1 4
    7  16     1 5
    5  17     1 6
   15  19     1 0
    4  23     1 1590788852
    9  26     1 0
   14  26     1 1
    9  27     1 0
   16  29     1 2
   21  29     1 0
   15  31     1 3
   29  31     1 1
   32  33     1 0
   22  35     1 4
   26  36     1 5
   26  37     1 6
   26  39     1 32743
   33  39     1 1
   22  40     1 0
   20  44     1 0
   29  44     1 32743
   40  44     1 0
   42  45     1 1
   10  46     1 -2012758931
   31  46     1 2
   32  48     1 3
   33  48     1 -1
   12  49     1 0
   39  49     1 4
   29  50     1 0
   39  51     1 5
   49  51     1 0
    2  52     1 32767
   42  52     1 6
   35  55     1 0
Best profit: 26
End
