NMec = 95584
T = 39
P = 4
Profits ignored
Valid tasks:                                                                0
Solution time = 3.366e-06
Task data
    2   9     1 0
    9  18     1 1
   12  18     1 0
   10  22     1 2
    4  23     1 3
   11  23     1 0
   18  23     1 0
   23  28     1 0
   15  33     1 32623
   17  35     1 32623
   31  38     1 0
   31  38     1 1
   33  47     1 2
   44  48     1 0
   37  51     1 3
   40  53     1 1
   49  55     1 0
   36  61     1 1948447880
   39  61     1 4
   41  61     1 32766
   64  68     1 0
   47  69     1 0
   69  71     1 0
   62  73     1 1
   52  76     1 2
   58  77     1 3
   62  77     1 0
   71  80     1 1786052632
   65  82     1 32623
   78  83     1 0
   75  84     1 1
   64  85     1 32766
   78  89     1 2
   73  92     1 0
   28  93     1 1
   89  94     1 0
   75  95     1 1786270096
   90  96     1 1
   86  97     1 3
Best profit: 24
End
