NMec = 95584
T = 39
P = 8
Profits ignored
Valid tasks:                                                                0
Solution time = 4.568e-06
Task data
    3   6     1 0
    5  10     1 1
    1  11     1 2
    5  11     1 3
    3  16     1 4
    6  17     1 5
    9  17     1 0
   10  18     1 6
    8  19     1 7
    2  20     1 1769566608
    5  20     1 1
    9  20     1 0
   12  20     1 1
    6  21     1 366726253
   15  23     1 2
   16  26     1 3
    9  27     1 0
   15  27     1 195
   10  28     1 0
   20  29     1 0
   10  31     1 0
   18  32     1 4
   18  34     1 5
   20  34     1 6
   14  38     1 0
   32  41     1 0
   35  42     1 1
    7  43     1 0
   22  43     1 7
   25  43     1 2
   36  44     1 3
   42  44     1 0
   33  45     1 4
   12  46     1 0
   34  46     1 1769489128
    4  48     1 0
   29  48     1 1769489236
   40  48     1 5
   41  48     1 6
Best profit: 25
End
