NMec = 95584
T = 39
P = 5
Profits ignored
Valid tasks:                                                                0
Solution time = 4.037e-06
Task data
    0   4     1 0
    2  13     1 1
    0  19     1 2
    4  20     1 3
    4  20     1 4
   12  20     1 0
   13  21     1 32764
    7  24     1 736181044
   16  24     1 1
   17  25     1 32628
   17  29     1 32628
   21  33     1 0
   29  34     1 1
   33  37     1 2
   34  40     1 0
   26  43     1 3
   34  46     1 4
   36  47     1 1
   40  49     1 2
   31  50     1 0
   32  51     1 0
   31  52     1 0
   35  53     1 4
   48  55     1 0
   50  55     1 1
    9  57     1 0
   33  58     1 0
   39  58     1 32628
   50  58     1 2
   57  64     1 0
   34  65     1 32628
   60  69     1 1
   13  73     1 195
   20  73     1 -612684691
   70  74     1 0
    8  75     1 736489872
   63  75     1 2
    2  76     1 736181472
   72  77     1 1
Best profit: 23
End
