NMec = 95584
T = 40
P = 5
Profits ignored
Valid tasks:                                                                0
Solution time = 3.878e-06
Task data
    0   2     1 0
    0   4     1 1
    6  16     1 0
    1  19     1 2
    6  19     1 1
    9  19     1 3
    3  21     1 4
   21  24     1 0
   15  26     1 1189956717
   21  27     1 1
   13  30     1 32764
   12  31     1 0
   25  31     1 0
   26  36     1 2
   28  37     1 1
   33  37     1 0
   25  39     1 3
   28  43     1 4
   33  44     1 32635
   36  44     1 0
   36  44     1 0
   33  47     1 0
   37  48     1 2
   33  49     1 402014608
   23  53     1 4
   40  55     1 0
   50  55     1 1
   44  56     1 3
   51  57     1 2
   37  58     1 32635
   58  61     1 0
   49  64     1 4
   54  64     1 1186686088
   57  67     1 1
   63  67     1 0
   45  68     1 1736415839
   73  75     1 0
   69  77     1 1
    8  79     1 -1
   55  79     1 32635
Best profit: 26
End
