NMec = 95584
T = 40
P = 7
Profits ignored
Valid tasks:                                                                0
Solution time = 4.198e-06
Task data
    0   7     1 0
    5  10     1 1
    2  12     1 2
    3  18     1 3
    9  18     1 0
    6  19     1 4
   13  20     1 1
    7  21     1 5
    8  22     1 6
    7  23     1 0
    7  24     1 0
   11  24     1 0
    5  28     1 166921456
   31  32     1 0
   14  33     1 2
   17  35     1 -1974439488
   27  35     1 1
   27  36     1 3
   27  36     1 4
   31  37     1 5
   33  38     1 0
    3  40     1 4
   29  41     1 6
   33  45     1 32622
   44  45     1 0
    1  46     1 0
   17  46     1 0
   23  46     1 32622
   27  47     1 1
   28  47     1 -1973911152
   33  47     1 0
   39  47     1 1
   34  48     1 2
   43  49     1 3
   28  51     1 0
   34  51     1 -1
   40  54     1 4
    2  55     1 195
    9  55     1 32765
   46  57     1 0
Best profit: 23
End
