NMec = 95584
T = 40
P = 6
Profits ignored
Valid tasks:                                                                0
Solution time = 4.037e-06
Task data
    3   8     1 0
    1  11     1 1
    1  12     1 2
    0  13     1 3
    6  13     1 4
   12  16     1 0
    2  19     1 5
    7  19     1 0
   14  21     1 1
    5  22     1 299026992
   14  24     1 2
    9  28     1 4
   17  28     1 0
   16  30     1 3
   18  31     1 4
   26  31     1 1
    7  32     1 0
   22  32     1 5
   23  36     1 -957852309
   17  37     1 32703
   19  37     1 299026328
   27  38     1 2
   33  40     1 0
   18  43     1 0
    9  45     1 0
   21  45     1 1736415839
   35  49     1 1
   39  49     1 2
   35  52     1 3
   36  56     1 4
   42  56     1 0
   37  58     1 5
   37  58     1 32703
   39  58     1 -957854611
    5  59     1 299026864
    9  63     1 -1
   54  65     1 1
   59  65     1 0
   55  66     1 2
   62  66     1 3
Best profit: 26
End
