NMec = 95584
T = 40
P = 4
Profits ignored
Valid tasks:                                                                0
Solution time = 3.717e-06
Task data
    1   5     1 0
    1   6     1 1
    1  14     1 2
    4  21     1 3
   13  26     1 0
   16  30     1 1
   27  37     1 0
   31  37     1 1
   26  41     1 2
   28  45     1 3
   33  45     1 32670
   24  48     1 32765
   33  48     1 -1116908181
   36  48     1 0
   39  52     1 0
   44  54     1 1
   46  55     1 2
   33  57     1 0
   36  57     1 32670
   49  59     1 3
   49  60     1 0
   57  61     1 0
   63  65     1 0
   57  67     1 1
   62  70     1 2
   59  71     1 32670
   66  72     1 0
   53  75     1 0
   68  78     1 1
   29  83     1 0
   62  85     1 3
   66  86     1 0
   68  86     1 -1120181112
   79  87     1 0
   82  89     1 1
   78  91     1 2
   81  93     1 195
   87  94     1 3
   27  99     1 32670
   97  99     1 0
Best profit: 26
End
