NMec = 97746
T = 16
P = 7
Profits ignored
Valid tasks:                                                            54558
Solution time = 9.630e-04
Task data
    0  14     1 0
    0  25     1 -1
    3  15     1 -1
    4   8     1 1
    4  27     1 -1
    5  15     1 2
    6  11     1 3
    6  17     1 -1
    6  21     1 4
    9  25     1 1
   11  25     1 5
   14  15     1 3
   14  22     1 6
   15  20     1 0
   16  27     1 2
   17  23     1 3
Best profit: 12
All profits:
0 1
1 16
2 120
3 560
4 1820
5 4368
6 8008
7 11440
8 12497
9 9684
10 4719
11 1210
12 115
End
