NMec = 97746
T = 16
P = 8
Profits ignored
Valid tasks:                                                            62248
Solution time = 1.059e-03
Task data
    0  14     1 0
    0  25     1 -1
    3  15     1 -1
    4   8     1 1
    4  27     1 -1
    5  15     1 2
    6  11     1 3
    6  17     1 4
    6  21     1 5
    9  25     1 1
   11  25     1 6
   14  15     1 3
   14  22     1 7
   15  20     1 0
   16  27     1 2
   17  23     1 3
Best profit: 13
All profits:
0 1
1 16
2 120
3 560
4 1820
5 4368
6 8008
7 11440
8 12870
9 11320
10 7447
11 3330
12 858
13 90
End
