NMec = 97746
T = 17
P = 4
Profits ignored
Valid tasks:                                                            19039
Solution time = 3.197e-04
Task data
    0  16     1 0
    0  34     1 -1
    0  40     1 -1
    2  26     1 -1
    7  13     1 1
   10  20     1 2
   10  24     1 -1
   11  23     1 -1
   12  29     1 -1
   13  21     1 3
   15  26     1 1
   18  29     1 -1
   18  30     1 0
   21  35     1 2
   22  29     1 3
   29  37     1 1
   33  38     1 0
Best profit: 10
All profits:
0 1
1 17
2 136
3 680
4 2380
5 5018
6 5914
7 3688
8 1091
9 112
10 2
End
