NMec = 97746
T = 17
P = 3
Profits ignored
Valid tasks:                                                            14504
Solution time = 2.300e-04
Task data
    3  13     1 -1
    5  23     1 0
    5  51     1 -1
   11  18     1 1
   12  21     1 2
   13  35     1 -1
   19  39     1 -1
   21  40     1 -1
   22  43     1 -1
   24  37     1 -1
   28  35     1 0
   29  39     1 -1
   31  47     1 1
   33  39     1 2
   36  39     1 0
   44  54     1 0
   48  51     1 1
Best profit: 9
All profits:
0 1
1 17
2 136
3 680
4 2080
5 3855
6 4238
7 2618
8 797
9 82
End
