NMec = 97746
T = 17
P = 7
Profits ignored
Valid tasks:                                                            72370
Solution time = 1.301e-03
Task data
    0  17     1 -1
    2   5     1 0
    2  25     1 -1
    2  25     1 -1
    6  15     1 0
    6  20     1 -1
    6  24     1 -1
    7  18     1 -1
    7  18     1 -1
    7  27     1 1
    8  24     1 2
    8  25     1 3
    9  22     1 4
   11  22     1 5
   15  24     1 6
   17  25     1 0
   24  29     1 4
Best profit: 10
All profits:
0 1
1 17
2 136
3 680
4 2380
5 6188
6 12376
7 19448
8 19583
9 9852
10 1709
End
