NMec = 97746
T = 18
P = 3
Profits ignored
Valid tasks:                                                            57576
Solution time = 7.747e-04
Task data
    0  54     1 -1
    4  18     1 -1
    5   9     1 0
    5  21     1 -1
    9  17     1 1
   10  25     1 -1
   11  27     1 -1
   15  23     1 0
   16  18     1 2
   20  37     1 1
   21  40     1 -1
   22  41     1 2
   30  34     1 0
   35  54     1 0
   39  50     1 1
   42  48     1 2
   52  56     1 1
   56  59     1 0
Best profit: 12
All profits:
0 1
1 18
2 153
3 816
4 2923
5 7178
6 12169
7 14247
8 11422
9 6125
10 2087
11 404
12 33
End
