NMec = 97746
T = 18
P = 8
Profits ignored
Valid tasks:                                                           255804
Solution time = 3.926e-03
Task data
    0   6     1 0
    0  10     1 1
    0  13     1 -1
    0  26     1 -1
    1  19     1 2
    2  17     1 3
    3   7     1 4
    4  17     1 5
    5   7     1 6
    6  15     1 7
    7  14     1 0
    8  18     1 4
   11  24     1 1
   13  20     1 6
   15  26     1 0
   16  21     1 7
   19  28     1 3
   23  27     1 2
Best profit: 16
All profits:
0 1
1 18
2 153
3 816
4 3060
5 8568
6 18564
7 31824
8 43758
9 48588
10 43513
11 31010
12 17039
13 6815
14 1800
15 263
16 14
End
