NMec = 97746
T = 18
P = 2
Profits ignored
Valid tasks:                                                             9516
Solution time = 1.538e-04
Task data
    2  10     1 0
    8  23     1 -1
   11  23     1 -1
   11  24     1 -1
   12  85     1 -1
   14  36     1 -1
   21  31     1 -1
   21  41     1 0
   23  28     1 1
   38  48     1 1
   43  60     1 -1
   53  63     1 -1
   54  67     1 -1
   58  66     1 0
   60  71     1 1
   60  74     1 -1
   67  79     1 0
   73  84     1 1
Best profit: 8
All profits:
0 1
1 18
2 153
3 714
4 1899
5 2913
6 2516
7 1113
8 189
End
