NMec = 97746
T = 18
P = 6
Profits ignored
Valid tasks:                                                           181054
Solution time = 2.812e-03
Task data
    0   6     1 0
    0  10     1 1
    0  13     1 -1
    0  26     1 -1
    1  19     1 -1
    2  17     1 -1
    3   7     1 2
    4  17     1 3
    5   7     1 4
    6  15     1 5
    7  14     1 0
    8  18     1 2
   11  24     1 1
   13  20     1 4
   15  26     1 0
   16  21     1 5
   19  28     1 2
   23  27     1 3
Best profit: 14
All profits:
0 1
1 18
2 153
3 816
4 3060
5 8568
6 18564
7 31423
8 40725
9 38699
10 25428
11 10706
12 2587
13 297
14 9
End
