NMec = 97746
T = 18
P = 7
Profits ignored
Valid tasks:                                                           232804
Solution time = 3.588e-03
Task data
    0   6     1 0
    0  10     1 1
    0  13     1 -1
    0  26     1 -1
    1  19     1 -1
    2  17     1 2
    3   7     1 3
    4  17     1 4
    5   7     1 5
    6  15     1 6
    7  14     1 0
    8  18     1 3
   11  24     1 1
   13  20     1 5
   15  26     1 0
   16  21     1 6
   19  28     1 2
   23  27     1 3
Best profit: 15
All profits:
0 1
1 18
2 153
3 816
4 3060
5 8568
6 18564
7 31824
8 43609
9 47485
10 40017
11 24876
12 10621
13 2799
14 377
15 16
End
