NMec = 97746
T = 18
P = 1
Profits ignored
Valid tasks:                                                             2873
Solution time = 4.426e-05
Task data
    5  19     1 -1
   15  22     1 -1
   17  28     1 0
   23 178     1 -1
   28  39     1 -1
   28  46     1 -1
   32  45     1 0
   41  57     1 -1
   56  65     1 0
   67  83     1 0
   88  96     1 -1
   89 100     1 0
   92 166     1 -1
   96 111     1 -1
  102 107     1 -1
  102 116     1 0
  118 139     1 0
  158 166     1 0
Best profit: 8
All profits:
0 1
1 18
2 114
3 374
4 713
5 823
6 573
7 221
8 36
End
