NMec = 97746
T = 18
P = 5
Profits ignored
Valid tasks:                                                            77757
Solution time = 1.581e-03
Task data
    0  13     1 0
    1  12     1 1
    3  12     1 2
    5  13     1 3
    5  30     1 -1
    7  29     1 -1
    9  26     1 -1
   13  31     1 -1
   14  24     1 0
   16  27     1 -1
   16  34     1 -1
   18  24     1 1
   19  33     1 -1
   19  34     1 2
   19  34     1 3
   24  32     1 4
   25  28     1 0
   26  29     1 1
Best profit: 11
All profits:
0 1
1 18
2 153
3 816
4 3060
5 8568
6 16918
7 21872
8 17279
9 7504
10 1470
11 98
End
