NMec = 97746
T = 19
P = 4
Profits ignored
Valid tasks:                                                            49086
Solution time = 1.040e-03
Task data
    0  18     1 0
    2   9     1 1
    4  17     1 2
    4  26     1 -1
    8  20     1 3
   11  19     1 1
   11  25     1 -1
   12  28     1 -1
   12  34     1 -1
   13  36     1 -1
   14  34     1 -1
   19  31     1 -1
   20  37     1 -1
   21  28     1 -1
   22  31     1 0
   23  38     1 1
   24  40     1 2
   25  26     1 3
   30  39     1 3
Best profit: 10
All profits:
0 1
1 19
2 171
3 969
4 3876
5 9934
6 15063
7 12716
8 5402
9 905
10 30
End
