NMec = 97746
T = 19
P = 8
Profits ignored
Valid tasks:                                                           457039
Solution time = 8.563e-03
Task data
    0   8     1 0
    0  27     1 -1
    1  10     1 -1
    3   9     1 1
    3  10     1 2
    3  13     1 3
    3  24     1 -1
    4  12     1 4
    6  11     1 5
    7  26     1 -1
    8  14     1 6
    9  24     1 0
    9  25     1 7
   10  27     1 1
   12  25     1 2
   13  18     1 4
   13  24     1 5
   14  24     1 3
   16  26     1 6
Best profit: 15
All profits:
0 1
1 19
2 171
3 969
4 3876
5 11628
6 27132
7 50388
8 75582
9 91795
10 88431
11 64129
12 32022
13 9550
14 1302
15 44
End
