NMec = 97746
T = 19
P = 3
Profits ignored
Valid tasks:                                                            31420
Solution time = 5.555e-04
Task data
    0   7     1 0
    4  42     1 -1
   11  55     1 -1
   14  25     1 0
   20  22     1 1
   20  32     1 2
   23  43     1 -1
   24  32     1 1
   24  43     1 -1
   26  40     1 -1
   27  53     1 -1
   28  40     1 0
   37  44     1 -1
   39  41     1 1
   39  60     1 -1
   40  48     1 2
   41  50     1 0
   46  59     1 1
   50  59     1 2
Best profit: 11
All profits:
0 1
1 19
2 171
3 969
4 3327
5 6922
6 8839
7 6928
8 3256
9 866
10 116
11 6
End
