NMec = 97746
T = 19
P = 1
Profits ignored
Valid tasks:                                                            12976
Solution time = 3.462e-04
Task data
    6  13     1 0
   23  31     1 -1
   25  38     1 0
   34 147     1 -1
   40  51     1 -1
   44  55     1 0
   56  64     1 0
   56  78     1 -1
   75  76     1 0
   78  88     1 0
   91 109     1 -1
  107 114     1 -1
  108 116     1 0
  125 140     1 -1
  130 131     1 0
  132 144     1 0
  151 168     1 -1
  158 166     1 -1
  163 173     1 0
Best profit: 10
All profits:
0 1
1 19
2 145
3 623
4 1690
5 2985
6 3439
7 2549
8 1177
9 312
10 36
End
