NMec = 97746
T = 19
P = 6
Profits ignored
Valid tasks:                                                           203107
Solution time = 3.565e-03
Task data
    0  17     1 -1
    0  19     1 -1
    1  22     1 -1
    1  22     1 -1
    3  11     1 0
    3  12     1 -1
    3  16     1 -1
    3  22     1 -1
    6   9     1 1
    6  10     1 2
    7  17     1 3
    8  24     1 4
   10  30     1 1
   11  26     1 2
   12  13     1 0
   12  16     1 5
   14  29     1 0
   18  23     1 3
   19  29     1 5
Best profit: 12
All profits:
0 1
1 19
2 171
3 969
4 3876
5 11628
6 27132
7 46712
8 54187
9 39022
10 15961
11 3203
12 226
End
