NMec = 97746
T = 19
P = 2
Profits ignored
Valid tasks:                                                            44985
Solution time = 8.116e-04
Task data
    1  63     1 -1
    6  14     1 0
    9  10     1 1
   11  15     1 1
   15  23     1 0
   23  24     1 1
   23  30     1 -1
   24  33     1 -1
   24  33     1 0
   26  48     1 1
   49  57     1 0
   54  63     1 1
   56  78     1 -1
   59  83     1 -1
   67  74     1 -1
   68  79     1 -1
   73  78     1 0
   74  76     1 1
   78  83     1 1
Best profit: 12
All profits:
0 1
1 19
2 171
3 914
4 3131
5 7041
6 10541
7 10731
8 7529
9 3596
10 1105
11 192
12 14
End
