NMec = 97746
T = 19
P = 5
Profits ignored
Valid tasks:                                                           149412
Solution time = 2.595e-03
Task data
    0   2     1 0
    4  11     1 0
    6  15     1 1
    6  30     1 -1
    7  24     1 -1
    8  28     1 -1
    8  30     1 -1
    9  18     1 -1
   10  19     1 2
   11  20     1 -1
   11  21     1 3
   12  33     1 -1
   15  27     1 0
   16  33     1 1
   18  26     1 4
   20  35     1 2
   24  34     1 3
   27  33     1 4
   30  36     1 0
Best profit: 12
All profits:
0 1
1 19
2 171
3 969
4 3876
5 11628
6 25375
7 38064
8 37374
9 22731
10 7838
11 1295
12 71
End
