NMec = 97746
T = 20
P = 1
Profits ignored
Valid tasks:                                                             2775
Solution time = 5.420e-05
Task data
    9  18     1 -1
   11  21     1 -1
   11  35     1 -1
   12  29     1 -1
   13  28     1 -1
   15  38     1 0
   23 184     1 -1
   41  44     1 0
   61  74     1 -1
   62 129     1 -1
   72  88     1 0
   75  99     1 -1
   80 105     1 -1
   93 106     1 0
  134 137     1 0
  137 158     1 -1
  145 155     1 -1
  146 152     1 -1
  150 158     1 0
  180 195     1 0
Best profit: 7
All profits:
0 1
1 20
2 140
3 483
4 863
5 812
6 384
7 72
End
