NMec = 97746
T = 20
P = 5
Profits ignored
Valid tasks:                                                           245580
Solution time = 3.986e-03
Task data
    0  13     1 -1
    0  19     1 -1
    4  23     1 0
    5  23     1 1
    8  13     1 2
    9  30     1 -1
   10  30     1 -1
   11  19     1 3
   12  35     1 -1
   13  18     1 4
   13  27     1 -1
   16  37     1 -1
   17  29     1 -1
   18  37     1 2
   19  32     1 4
   24  39     1 0
   25  30     1 1
   27  32     1 3
   31  36     1 1
   36  39     1 3
Best profit: 12
All profits:
0 1
1 20
2 190
3 1140
4 4845
5 15504
6 36556
7 59985
8 64805
9 43344
10 16261
11 2797
12 132
End
