NMec = 97746
T = 20
P = 4
Profits ignored
Valid tasks:                                                            92686
Solution time = 1.758e-03
Task data
    0  47     1 -1
    0  49     1 -1
    1  46     1 -1
    2  15     1 -1
    3  13     1 -1
    3  14     1 -1
    5  22     1 0
    5  29     1 1
    8  22     1 2
   13  24     1 3
   15  41     1 -1
   20  39     1 -1
   22  42     1 -1
   24  47     1 -1
   25  37     1 -1
   31  37     1 0
   32  45     1 1
   35  42     1 2
   35  44     1 3
   42  49     1 0
Best profit: 9
All profits:
0 1
1 20
2 190
3 1140
4 4845
5 14040
6 25928
7 27937
8 15326
9 3259
End
