NMec = 97746
T = 20
P = 7
Profits ignored
Valid tasks:                                                           372994
Solution time = 6.631e-03
Task data
    0  20     1 -1
    0  20     1 -1
    1  11     1 0
    1  25     1 -1
    2  11     1 1
    3  13     1 -1
    3  15     1 -1
    3  18     1 -1
    3  19     1 -1
    3  19     1 -1
    4  27     1 -1
    7  14     1 2
    7  20     1 3
    8  29     1 4
    9  27     1 5
   12  22     1 0
   13  18     1 1
   13  28     1 6
   20  26     1 1
   21  24     1 2
Best profit: 11
All profits:
0 1
1 20
2 190
3 1140
4 4845
5 15504
6 38760
7 77520
8 107915
9 87765
10 34786
11 4548
End
