NMec = 97746
T = 20
P = 6
Profits ignored
Valid tasks:                                                           488216
Solution time = 7.450e-03
Task data
    0   5     1 0
    0   7     1 1
    2  23     1 -1
    3  29     1 -1
    4  16     1 -1
    6  15     1 0
    6  16     1 2
    6  17     1 -1
    7  21     1 -1
    7  26     1 -1
    8  15     1 1
   11  32     1 3
   12  13     1 4
   12  30     1 5
   14  29     1 4
   16  18     1 0
   16  27     1 1
   17  30     1 2
   23  25     1 0
   28  33     1 0
Best profit: 14
All profits:
0 1
1 20
2 190
3 1140
4 4845
5 15504
6 38760
7 75328
8 109558
9 113881
10 80778
11 36933
12 9927
13 1302
14 49
End
