NMec = 97746
T = 20
P = 3
Profits ignored
Valid tasks:                                                            58247
Solution time = 1.184e-03
Task data
    0  12     1 0
    3  61     1 -1
    8  17     1 1
   11  27     1 2
   12  64     1 -1
   20  32     1 0
   23  51     1 -1
   27  48     1 -1
   29  50     1 -1
   30  37     1 1
   32  39     1 2
   33  39     1 0
   37  54     1 -1
   39  60     1 -1
   43  47     1 0
   43  54     1 -1
   47  61     1 -1
   50  58     1 0
   53  64     1 1
   54  62     1 2
Best profit: 11
All profits:
0 1
1 20
2 190
3 1140
4 4291
5 10123
6 15159
7 14482
8 8730
9 3311
10 728
11 72
End
