NMec = 97746
T = 21
P = 6
Profits ignored
Valid tasks:                                                           321600
Solution time = 5.964e-03
Task data
    1  10     1 0
    1  15     1 -1
    2  17     1 -1
    3  16     1 -1
    3  23     1 -1
    4  22     1 -1
    4  24     1 -1
    4  28     1 -1
    4  33     1 -1
    5  25     1 -1
    7  16     1 1
   10  24     1 -1
   12  24     1 -1
   12  32     1 0
   13  20     1 2
   13  23     1 3
   14  24     1 4
   14  27     1 5
   21  34     1 1
   24  25     1 2
   24  33     1 3
Best profit: 10
All profits:
0 1
1 21
2 210
3 1330
4 5985
5 20349
6 54264
7 94774
8 93079
9 44296
10 7291
End
