NMec = 97746
T = 21
P = 3
Profits ignored
Valid tasks:                                                            61855
Solution time = 1.533e-03
Task data
    1  64     1 -1
    4  20     1 0
    4  27     1 -1
   10  18     1 1
   15  30     1 -1
   18  29     1 2
   18  34     1 -1
   18  36     1 -1
   20  43     1 1
   21  31     1 0
   30  42     1 2
   35  51     1 -1
   35  55     1 -1
   39  54     1 -1
   41  63     1 -1
   43  69     1 -1
   44  62     1 -1
   45  56     1 -1
   49  61     1 0
   50  65     1 1
   51  64     1 2
Best profit: 9
All profits:
0 1
1 21
2 210
3 1330
4 5446
5 14117
6 21118
7 15385
8 4067
9 160
End
