NMec = 97746
T = 21
P = 5
Profits ignored
Valid tasks:                                                           340224
Solution time = 6.517e-03
Task data
    0  21     1 -1
    0  40     1 -1
    1   5     1 0
    1  22     1 1
    3  14     1 2
    4  15     1 3
    5  28     1 -1
    8   9     1 0
    8  30     1 -1
    9  19     1 4
   10  27     1 -1
   13  19     1 0
   13  36     1 -1
   18  21     1 2
   18  34     1 -1
   18  40     1 -1
   18  41     1 3
   21  29     1 0
   21  33     1 4
   24  29     1 1
   25  35     1 2
Best profit: 13
All profits:
0 1
1 21
2 210
3 1330
4 5985
5 20349
6 50140
7 83912
8 90669
9 60136
10 22779
11 4348
12 338
13 6
End
