NMec = 97746
T = 21
P = 8
Profits ignored
Valid tasks:                                                          1768774
Solution time = 3.563e-02
Task data
    0  27     1 -1
    1   5     1 0
    1  23     1 -1
    1  23     1 -1
    1  24     1 -1
    2   4     1 1
    2  10     1 2
    2  21     1 3
    4  23     1 4
    5  18     1 1
    6  16     1 0
    8  13     1 5
   10  15     1 6
   13  18     1 2
   13  25     1 7
   15  20     1 5
   17  25     1 0
   17  25     1 6
   20  27     1 1
   21  26     1 2
   21  28     1 5
Best profit: 17
All profits:
0 1
1 21
2 210
3 1330
4 5985
5 20349
6 54264
7 116280
8 203490
9 293033
10 345075
11 324130
12 232638
13 120471
14 41795
15 8741
16 926
17 35
End
