NMec = 97746
T = 22
P = 1
Profits ignored
Valid tasks:                                                             7716
Solution time = 1.158e-04
Task data
    0  16     1 -1
    4 180     1 -1
    5   8     1 0
   12 174     1 -1
   15 106     1 -1
   24  37     1 -1
   29  41     1 -1
   33 181     1 -1
   35  40     1 0
   36  99     1 -1
   58  75     1 -1
   62  66     1 0
   89  97     1 0
  107 114     1 0
  109 118     1 -1
  117 126     1 0
  127 141     1 -1
  131 156     1 -1
  138 149     1 -1
  141 148     1 0
  179 195     1 0
  196 206     1 0
Best profit: 9
All profits:
0 1
1 22
2 151
3 584
4 1384
5 2068
6 1958
7 1136
8 364
9 48
End
