NMec = 97746
T = 22
P = 2
Profits ignored
Valid tasks:                                                           124064
Solution time = 2.083e-03
Task data
    0  95     1 -1
    2   8     1 0
    8  26     1 -1
   11  95     1 -1
   12  22     1 0
   14  33     1 -1
   17  29     1 1
   23  32     1 0
   25  44     1 -1
   32  40     1 -1
   37  47     1 -1
   37  48     1 0
   38  51     1 1
   53  64     1 0
   63  70     1 1
   66  86     1 -1
   72  77     1 0
   74  96     1 -1
   77  85     1 1
   80 103     1 -1
   92 108     1 0
   94  98     1 1
Best profit: 12
All profits:
0 1
1 22
2 231
3 1401
4 5323
5 13402
6 23578
7 29830
8 26736
9 16128
10 6058
11 1249
12 105
End
