NMec = 97746
T = 22
P = 4
Profits ignored
Valid tasks:                                                           289220
Solution time = 4.962e-03
Task data
    0  52     1 -1
    6  43     1 -1
    7  22     1 -1
    8  14     1 0
   10  17     1 1
   10  25     1 -1
   13  24     1 2
   13  30     1 -1
   14  30     1 3
   15  37     1 -1
   17  30     1 0
   19  45     1 -1
   21  27     1 1
   21  41     1 -1
   26  31     1 2
   26  48     1 -1
   28  54     1 -1
   32  47     1 0
   33  36     1 1
   33  43     1 2
   35  53     1 3
   45  51     1 1
Best profit: 12
All profits:
0 1
1 22
2 231
3 1540
4 7315
5 24344
6 54374
7 78603
8 70997
9 38440
10 11610
11 1671
12 72
End
