NMec = 97746
T = 22
P = 5
Profits ignored
Valid tasks:                                                           942391
Solution time = 1.478e-02
Task data
    0  15     1 -1
    0  40     1 -1
    2  21     1 -1
    3  19     1 -1
    4  15     1 0
    7  16     1 -1
    7  22     1 -1
    7  26     1 -1
   12  23     1 1
   12  27     1 2
   12  31     1 -1
   14  20     1 3
   14  27     1 4
   16  19     1 0
   20  38     1 -1
   25  29     1 0
   25  35     1 1
   27  42     1 3
   29  36     1 2
   29  42     1 4
   32  42     1 0
   36  42     1 1
Best profit: 13
All profits:
0 1
1 22
2 231
3 1540
4 7315
5 26334
6 72222
7 147693
8 219466
9 228939
10 157315
11 65560
12 14520
13 1233
End
