NMec = 97746
T = 22
P = 3
Profits ignored
Valid tasks:                                                           461605
Solution time = 1.016e-02
Task data
    7  16     1 -1
   11  16     1 0
   14  20     1 1
   15  25     1 2
   16  29     1 -1
   20  33     1 -1
   24  39     1 0
   24  42     1 -1
   26  40     1 1
   27  31     1 2
   36  42     1 2
   36  52     1 -1
   37  54     1 -1
   41  55     1 0
   42  53     1 1
   45  61     1 -1
   46  65     1 -1
   47  51     1 2
   48  70     1 -1
   52  61     1 2
   54  71     1 1
   56  60     1 0
Best profit: 13
All profits:
0 1
1 22
2 231
3 1540
4 7127
5 23665
6 56958
7 98362
8 118445
9 94675
10 46566
11 12505
12 1468
13 40
End
