NMec = 97746
T = 22
P = 6
Profits ignored
Valid tasks:                                                          1551250
Solution time = 2.461e-02
Task data
    0  17     1 -1
    1  15     1 0
    5  31     1 -1
    6  21     1 -1
    6  23     1 -1
    7  13     1 1
    7  15     1 2
    7  15     1 3
    7  16     1 4
    8  21     1 -1
   10  22     1 -1
   10  23     1 -1
   12  25     1 5
   14  25     1 1
   18  27     1 0
   21  23     1 2
   21  24     1 3
   21  35     1 4
   25  33     1 2
   26  36     1 1
   27  32     1 3
   27  34     1 5
Best profit: 15
All profits:
0 1
1 22
2 231
3 1540
4 7315
5 26334
6 74613
7 167119
8 287918
9 366205
10 329336
11 199185
12 74830
13 15214
14 1356
15 31
End
