NMec = 97746
T = 23
P = 8
Profits ignored
Valid tasks:                                                          1912596
Solution time = 4.942e-02
Task data
    0  17     1 -1
    0  19     1 -1
    1  21     1 -1
    1  21     1 -1
    2  23     1 -1
    2  28     1 -1
    3  12     1 0
    3  17     1 -1
    4  26     1 -1
    5  26     1 -1
    6  14     1 1
    6  15     1 2
    7  18     1 -1
    7  18     1 -1
    8  20     1 3
    8  21     1 4
    9  28     1 5
   10  13     1 6
   10  21     1 7
   15  26     1 0
   15  28     1 1
   16  22     1 2
   17  27     1 6
Best profit: 12
All profits:
0 1
1 23
2 253
3 1771
4 8855
5 33649
6 100947
7 245157
8 490314
9 619564
10 351274
11 59423
12 1365
End
