NMec = 97746
T = 23
P = 4
Profits ignored
Valid tasks:                                                          1839639
Solution time = 3.137e-02
Task data
    2  13     1 0
    2  21     1 -1
    7  28     1 -1
   10  21     1 -1
   10  26     1 -1
   11  26     1 -1
   11  29     1 1
   12  27     1 2
   14  26     1 0
   15  17     1 3
   22  29     1 3
   24  41     1 -1
   29  39     1 0
   31  52     1 -1
   32  49     1 -1
   34  39     1 1
   35  39     1 2
   35  45     1 3
   35  51     1 -1
   40  48     1 0
   45  56     1 1
   45  57     1 2
   47  53     1 3
Best profit: 14
All profits:
0 1
1 23
2 253
3 1771
4 8855
5 33342
6 96508
7 215179
8 364743
9 453135
10 387111
11 207870
12 62241
13 8362
14 245
End
