NMec = 97746
T = 23
P = 3
Profits ignored
Valid tasks:                                                           775890
Solution time = 1.086e-02
Task data
    0  61     1 -1
    2  14     1 0
    3  13     1 1
    3  13     1 2
    3  76     1 -1
    5  21     1 -1
   11  31     1 -1
   14  19     1 1
   14  28     1 2
   15  52     1 -1
   19  24     1 0
   22  40     1 -1
   24  40     1 -1
   25  34     1 0
   30  46     1 1
   32  40     1 2
   42  59     1 -1
   43  49     1 0
   51  62     1 0
   52  55     1 1
   54  74     1 2
   62  67     1 1
   64  66     1 0
Best profit: 15
All profits:
0 1
1 23
2 253
3 1771
4 8535
5 29101
6 71365
7 127491
8 167381
9 162386
10 116704
11 61606
12 22994
13 5540
14 711
15 28
End
