NMec = 97746
T = 23
P = 5
Profits ignored
Valid tasks:                                                          2687468
Solution time = 4.639e-02
Task data
    1  21     1 -1
    1  42     1 -1
    2   6     1 0
    8  12     1 0
   10  13     1 1
   11  14     1 2
   11  33     1 -1
   14  22     1 -1
   14  33     1 -1
   15  22     1 0
   19  25     1 1
   19  30     1 2
   19  31     1 3
   20  32     1 4
   23  39     1 -1
   24  38     1 -1
   25  45     1 -1
   26  36     1 0
   27  45     1 1
   31  37     1 2
   35  41     1 3
   35  44     1 4
   38  41     1 0
Best profit: 15
All profits:
0 1
1 23
2 253
3 1771
4 8855
5 33649
6 99804
7 231456
8 415179
9 567198
10 579063
11 430653
12 224706
13 77517
14 15873
15 1467
End
