NMec = 97746
T = 23
P = 1
Profits ignored
Valid tasks:                                                            30984
Solution time = 4.812e-04
Task data
    2  12     1 0
   10  23     1 -1
   14  39     1 -1
   17  38     1 -1
   19  42     1 0
   25 208     1 -1
   46  50     1 0
   46 215     1 -1
   78  81     1 0
   91  94     1 -1
   93 102     1 0
   95 113     1 -1
  103 110     1 0
  110 132     1 -1
  127 133     1 -1
  127 140     1 0
  139 151     1 -1
  151 166     1 0
  155 199     1 -1
  158 175     1 -1
  168 172     1 0
  191 205     1 0
  216 220     1 0
Best profit: 11
All profits:
0 1
1 23
2 196
3 939
4 2864
5 5757
6 7770
7 7079
8 4292
9 1658
10 369
11 36
End
