NMec = 97746
T = 23
P = 2
Profits ignored
Valid tasks:                                                           398400
Solution time = 6.139e-03
Task data
    2  20     1 -1
    8  26     1 -1
   10  16     1 -1
   12  18     1 0
   14  33     1 -1
   15  19     1 1
   23  34     1 0
   26  37     1 1
   35  51     1 -1
   41  55     1 -1
   43  48     1 -1
   44  52     1 0
   48  55     1 1
   62  93     1 -1
   66  72     1 -1
   66  81     1 0
   67  73     1 1
   78  90     1 1
   80  96     1 -1
   85 102     1 -1
   91  98     1 0
   93 110     1 1
  105 112     1 0
Best profit: 12
All profits:
0 1
1 23
2 253
3 1717
4 7885
5 25423
6 58071
7 92929
8 101284
9 71898
10 31046
11 7210
12 660
End
