NMec = 97746
T = 24
P = 1
Profits ignored
Valid tasks:                                                            19944
Solution time = 4.442e-04
Task data
    3  19     1 -1
   10  18     1 -1
   13  35     1 -1
   14  33     1 0
   19 185     1 -1
   24  95     1 -1
   40  53     1 0
   45  63     1 -1
   47  69     1 -1
   52  68     1 -1
   56  60     1 0
   64  75     1 0
   76  94     1 0
  118 132     1 -1
  125 131     1 -1
  127 133     1 0
  132 151     1 -1
  145 166     1 -1
  148 153     1 -1
  151 164     1 0
  187 193     1 -1
  188 199     1 0
  203 220     1 -1
  205 214     1 0
Best profit: 9
All profits:
0 1
1 24
2 219
3 1065
4 3056
5 5325
6 5586
7 3396
8 1112
9 160
End
