NMec = 97746
T = 24
P = 5
Profits ignored
Valid tasks:                                                          1065216
Solution time = 2.199e-02
Task data
    0  47     1 -1
    1  15     1 0
    4  16     1 1
    6  24     1 -1
    7  39     1 -1
    8  33     1 -1
   11  21     1 2
   12  27     1 -1
   13  33     1 3
   15  23     1 4
   15  46     1 -1
   18  35     1 -1
   19  23     1 0
   20  43     1 -1
   21  27     1 1
   21  43     1 -1
   24  34     1 0
   24  44     1 -1
   25  42     1 -1
   26  36     1 2
   27  44     1 4
   33  36     1 1
   34  44     1 3
   35  44     1 0
Best profit: 13
All profits:
0 1
1 24
2 276
3 2024
4 10626
5 42504
6 123009
7 240085
8 299549
9 226321
10 96853
11 21671
12 2205
13 68
End
