NMec = 97746
T = 24
P = 4
Profits ignored
Valid tasks:                                                          1580221
Solution time = 2.522e-02
Task data
    0  20     1 -1
    3  13     1 0
    5  19     1 -1
    5  21     1 1
    6  46     1 -1
    8  29     1 -1
   15  18     1 0
   15  24     1 2
   15  37     1 -1
   16  26     1 3
   16  33     1 -1
   16  34     1 -1
   20  36     1 0
   23  31     1 1
   28  29     1 2
   28  32     1 3
   29  49     1 -1
   30  46     1 -1
   31  39     1 -1
   34  53     1 1
   34  53     1 2
   37  43     1 0
   39  51     1 3
   48  58     1 0
Best profit: 14
All profits:
0 1
1 24
2 276
3 2024
4 10626
5 41238
6 117869
7 244890
8 363735
9 377853
10 265839
11 120144
12 31640
13 3936
14 126
End
