NMec = 97746
T = 24
P = 3
Profits ignored
Valid tasks:                                                           174660
Solution time = 2.823e-03
Task data
    2  63     1 -1
    3  17     1 -1
    3  62     1 -1
    8  65     1 -1
   10  20     1 -1
   10  29     1 -1
   15  19     1 0
   15  27     1 1
   15  29     1 2
   15  66     1 -1
   21  37     1 -1
   21  75     1 -1
   24  55     1 -1
   25  36     1 0
   30  40     1 1
   36  45     1 2
   36  50     1 -1
   37  55     1 -1
   41  47     1 0
   41  63     1 -1
   46  66     1 1
   46  79     1 2
   51  54     1 0
   74  76     1 0
Best profit: 11
All profits:
0 1
1 24
2 276
3 2024
4 9132
5 25129
6 43062
7 46622
8 31790
9 13269
10 3069
11 262
End
