NMec = 97746
T = 24
P = 2
Profits ignored
Valid tasks:                                                           240034
Solution time = 3.559e-03
Task data
    2  97     1 -1
    3  16     1 0
   15  33     1 -1
   19  21     1 0
   19  29     1 -1
   19  32     1 -1
   19  36     1 -1
   23  33     1 -1
   24  46     1 0
   28  45     1 1
   47  63     1 0
   48  52     1 1
   52  74     1 -1
   52  75     1 -1
   52  76     1 -1
   54  68     1 1
   61  81     1 -1
   66  80     1 0
   75  82     1 1
   83  99     1 -1
   84 111     1 -1
   85  94     1 0
   91 103     1 1
  115 119     1 0
Best profit: 12
All profits:
0 1
1 24
2 276
3 1877
4 8126
5 23362
6 46045
7 61960
8 55266
9 31126
10 10213
11 1668
12 90
End
