NMec = 97746
T = 25
P = 6
Profits ignored
Valid tasks:                                                          3510838
Solution time = 8.255e-02
Task data
    2  34     1 -1
    4  17     1 0
    5  36     1 -1
    7  15     1 1
    8  17     1 2
    9  16     1 3
    9  34     1 -1
   13  38     1 -1
   14  25     1 -1
   15  26     1 4
   16  36     1 -1
   17  25     1 1
   17  36     1 -1
   18  26     1 0
   18  29     1 -1
   20  33     1 -1
   20  37     1 -1
   20  40     1 -1
   21  40     1 2
   22  33     1 3
   25  30     1 5
   26  34     1 1
   27  34     1 0
   27  41     1 4
   33  35     1 5
Best profit: 14
All profits:
0 1
1 25
2 300
3 2300
4 12650
5 53130
6 177100
7 444774
8 784212
9 924954
10 699472
11 320495
12 81378
13 9698
14 349
End
