NMec = 97746
T = 25
P = 4
Profits ignored
Valid tasks:                                                          2657656
Solution time = 4.008e-02
Task data
    0  14     1 -1
    1  18     1 -1
    1  19     1 -1
    2  24     1 0
    3  11     1 1
    7  17     1 2
    8  29     1 -1
   10  31     1 -1
   11  22     1 3
   13  23     1 1
   15  38     1 -1
   17  34     1 -1
   21  31     1 -1
   22  43     1 -1
   23  34     1 2
   25  42     1 -1
   25  62     1 -1
   27  35     1 0
   27  37     1 1
   27  43     1 3
   38  50     1 0
   38  57     1 1
   40  57     1 2
   46  57     1 3
   55  60     1 0
Best profit: 14
All profits:
0 1
1 25
2 300
3 2300
4 12650
5 51755
6 157679
7 353825
8 574771
9 658466
10 510695
11 251801
12 72275
13 10545
14 568
End
