NMec = 97746
T = 25
P = 7
Profits ignored
Valid tasks:                                                          9993356
Solution time = 1.958e-01
Task data
    1  16     1 -1
    1  16     1 -1
    2  22     1 -1
    3  17     1 -1
    4  10     1 0
    4  13     1 1
    5  17     1 2
    5  30     1 -1
    7  21     1 3
    8  17     1 4
    8  25     1 -1
    8  26     1 -1
    9  18     1 5
    9  23     1 6
    9  32     1 -1
   13  30     1 -1
   16  30     1 -1
   18  24     1 0
   21  27     1 1
   21  27     1 2
   21  28     1 4
   21  33     1 5
   23  33     1 3
   24  34     1 6
   25  31     1 0
Best profit: 15
All profits:
0 1
1 25
2 300
3 2300
4 12650
5 53130
6 177100
7 480700
8 1062822
9 1855310
10 2421318
11 2197645
12 1260225
13 404208
14 62416
15 3206
End
