NMec = 97746
T = 25
P = 2
Profits ignored
Valid tasks:                                                           611645
Solution time = 9.703e-03
Task data
    1  16     1 0
    5  28     1 -1
   16 119     1 -1
   17  27     1 -1
   22  32     1 0
   26  32     1 1
   31  51     1 -1
   33  50     1 0
   35  63     1 -1
   38  48     1 1
   42  62     1 -1
   51  56     1 0
   52  58     1 1
   55  62     1 -1
   56  70     1 -1
   59  68     1 0
   60  75     1 1
   61  84     1 -1
   62  86     1 -1
   74  92     1 0
   80  90     1 1
   88 114     1 -1
   94  97     1 0
  111 124     1 0
  113 120     1 1
Best profit: 14
All profits:
0 1
1 25
2 300
3 2135
4 9839
5 31173
6 70901
7 118061
8 143505
9 124739
10 74732
11 29020
12 6529
13 669
14 16
End
