NMec = 97746
T = 25
P = 8
Profits ignored
Valid tasks:                                                         13343868
Solution time = 2.264e-01
Task data
    0  13     1 -1
    0  24     1 -1
    1  26     1 -1
    2   3     1 0
    2  11     1 -1
    2  30     1 -1
    3  16     1 -1
    3  23     1 -1
    4  10     1 -1
    4  21     1 -1
    5  13     1 0
    6  11     1 1
    7  14     1 2
    7  31     1 -1
    8  21     1 3
    8  31     1 4
    9  10     1 5
    9  30     1 6
   10  26     1 7
   15  28     1 0
   19  29     1 1
   21  27     1 2
   22  28     1 3
   26  31     1 5
   27  31     1 7
Best profit: 15
All profits:
0 1
1 25
2 300
3 2300
4 12650
5 53130
6 177100
7 480700
8 1081575
9 1993311
10 2874111
11 3055420
12 2249220
13 1058505
14 276977
15 28543
End
