NMec = 97746
T = 26
P = 3
Profits ignored
Valid tasks:                                                          2608882
Solution time = 4.054e-02
Task data
    2  26     1 -1
    4  18     1 0
   11  73     1 -1
   16  29     1 -1
   17  29     1 -1
   17  39     1 -1
   19  21     1 0
   19  34     1 -1
   22  38     1 0
   23  27     1 1
   24  34     1 2
   28  42     1 -1
   34  48     1 1
   36  47     1 2
   40  48     1 0
   46  61     1 -1
   46  67     1 -1
   47  62     1 -1
   48  60     1 -1
   50  61     1 0
   52  63     1 1
   57  71     1 -1
   59  70     1 2
   62  80     1 0
   65  78     1 1
   73  82     1 2
Best profit: 14
All profits:
0 1
1 26
2 325
3 2600
4 14519
5 58358
6 169948
7 359207
8 550958
9 609298
10 477605
11 256902
12 89504
13 18047
14 1584
End
