NMec = 97746
T = 26
P = 5
Profits ignored
Valid tasks:                                                          5775614
Solution time = 9.872e-02
Task data
    0   9     1 0
    1   7     1 1
    1  19     1 2
    2  38     1 -1
    4   9     1 3
    4  28     1 -1
    7  24     1 4
    9  23     1 1
   10  45     1 -1
   11  31     1 -1
   12  33     1 -1
   13  32     1 -1
   16  24     1 0
   16  28     1 3
   17  30     1 -1
   19  30     1 -1
   21  40     1 -1
   23  35     1 2
   28  35     1 0
   28  44     1 -1
   28  50     1 1
   29  30     1 3
   30  49     1 4
   33  46     1 3
   36  50     1 0
   38  51     1 2
Best profit: 16
All profits:
0 1
1 26
2 325
3 2600
4 14950
5 65780
6 221599
7 557537
8 1025782
9 1358502
10 1270855
11 815201
12 342348
13 87527
14 11935
15 641
16 5
End
