NMec = 97746
T = 26
P = 2
Profits ignored
Valid tasks:                                                           316805
Solution time = 5.211e-03
Task data
    2   9     1 0
    8  25     1 -1
    9  90     1 -1
   13  33     1 -1
   19  42     1 -1
   23  26     1 0
   24  32     1 1
   26  48     1 -1
   27  38     1 -1
   29  38     1 -1
   30  43     1 -1
   31  50     1 0
   33  37     1 1
   68  77     1 -1
   69  76     1 -1
   70  90     1 -1
   72  83     1 0
   73  78     1 1
   73  93     1 -1
   79  98     1 -1
   80  92     1 -1
   81  92     1 1
   90 100     1 0
   93 107     1 -1
   95 111     1 1
  106 108     1 0
Best profit: 11
All profits:
0 1
1 26
2 325
3 2379
4 10961
5 32939
6 65471
7 85645
8 71795
9 36331
10 9852
11 1080
End
