NMec = 97746
T = 26
P = 1
Profits ignored
Valid tasks:                                                            99840
Solution time = 1.753e-03
Task data
   15  34     1 0
   60  77     1 -1
   65  68     1 -1
   66  80     1 -1
   68  79     1 0
   83  96     1 -1
   94 106     1 0
  100 108     1 -1
  106 122     1 -1
  106 128     1 -1
  107 108     1 0
  112 125     1 -1
  115 132     1 0
  122 145     1 -1
  137 144     1 0
  146 161     1 0
  166 173     1 -1
  171 179     1 0
  173 188     1 -1
  188 199     1 0
  189 204     1 -1
  197 205     1 -1
  199 203     1 -1
  203 211     1 0
  220 234     1 -1
  227 239     1 0
Best profit: 11
All profits:
0 1
1 26
2 285
3 1734
4 6493
5 15682
6 24863
7 25758
8 16942
9 6624
10 1336
11 96
End
