NMec = 97746
T = 26
P = 7
Profits ignored
Valid tasks:                                                         27227076
Solution time = 4.795e-01
Task data
    0  14     1 -1
    0  22     1 -1
    1  33     1 -1
    2  13     1 -1
    3   9     1 0
    3  33     1 -1
    4  29     1 -1
    5  20     1 1
    6  15     1 2
    6  36     1 -1
    7  10     1 3
    8  14     1 4
    9  29     1 5
   11  17     1 0
   12  19     1 3
   13  30     1 -1
   13  31     1 6
   15  22     1 4
   16  33     1 2
   20  30     1 0
   21  37     1 1
   23  25     1 3
   26  36     1 3
   28  36     1 4
   30  32     1 5
   33  36     1 0
Best profit: 18
All profits:
0 1
1 26
2 325
3 2600
4 14950
5 65780
6 230230
7 657800
8 1551783
9 3003709
10 4674994
11 5695794
12 5278096
13 3605856
14 1748195
15 569960
16 114533
17 12013
18 431
End
