NMec = 97746
T = 26
P = 8
Profits ignored
Valid tasks:                                                         37321244
Solution time = 6.719e-01
Task data
    0   8     1 -1
    0  16     1 -1
    0  18     1 -1
    1   9     1 -1
    2  18     1 -1
    2  21     1 0
    3   9     1 1
    3  22     1 2
    3  24     1 -1
    4   9     1 3
    4  15     1 4
    4  25     1 -1
    5  24     1 5
    7  18     1 6
    7  28     1 -1
    8  11     1 7
   10  16     1 1
   10  27     1 3
   16  26     1 4
   17  32     1 1
   21  28     1 6
   21  32     1 7
   22  31     1 0
   23  24     1 2
   25  29     1 2
   25  32     1 5
Best profit: 18
All profits:
0 1
1 26
2 325
3 2600
4 14950
5 65780
6 230230
7 657800
8 1562275
9 3110514
10 5162127
11 7000770
12 7536455
13 6216615
14 3756780
15 1555803
16 396117
17 50348
18 1728
End
