NMec = 97746
T = 26
P = 6
Profits ignored
Valid tasks:                                                         11967656
Solution time = 1.997e-01
Task data
    0  25     1 -1
    2  22     1 -1
    2  32     1 -1
    3  20     1 -1
    4  16     1 -1
    4  20     1 -1
    5  41     1 -1
    7  16     1 -1
    7  22     1 -1
    8  19     1 -1
    9  12     1 0
    9  26     1 1
   10  27     1 2
   12  18     1 3
   12  20     1 4
   12  30     1 5
   15  31     1 -1
   21  41     1 0
   24  27     1 3
   27  37     1 1
   30  35     1 2
   30  38     1 3
   30  43     1 4
   31  42     1 5
   38  43     1 1
   40  42     1 2
Best profit: 15
All profits:
0 1
1 26
2 325
3 2600
4 14950
5 65780
6 230230
7 641172
8 1387689
9 2275734
10 2764890
11 2421333
12 1463857
13 567007
14 121886
15 10176
End
