NMec = 97746
T = 27
P = 6
Profits ignored
Valid tasks:                                                         16064868
Solution time = 2.508e-01
Task data
    1  10     1 0
    4  19     1 1
    5  17     1 2
    6  22     1 3
    6  28     1 -1
    9  18     1 4
   10  26     1 -1
   10  27     1 -1
   12  33     1 -1
   12  33     1 -1
   14  36     1 -1
   16  20     1 0
   16  27     1 5
   17  31     1 -1
   17  39     1 -1
   19  31     1 -1
   20  33     1 -1
   22  33     1 -1
   23  35     1 0
   23  41     1 1
   24  32     1 2
   24  40     1 3
   25  36     1 4
   29  33     1 5
   36  39     1 0
   36  43     1 2
   38  41     1 4
Best profit: 16
All profits:
0 1
1 27
2 351
3 2925
4 17550
5 80730
6 296010
7 861446
8 1926043
9 3196465
10 3828224
11 3218176
12 1828988
13 660541
14 135043
15 12124
16 224
End
