NMec = 97746
T = 27
P = 8
Profits ignored
Valid tasks:                                                         32732576
Solution time = 5.730e-01
Task data
    0   8     1 0
    0  15     1 -1
    1  16     1 -1
    1  16     1 -1
    2   4     1 1
    2  17     1 -1
    3   6     1 2
    3  21     1 -1
    4  17     1 3
    5   8     1 1
    5  31     1 -1
    5  33     1 -1
    6  25     1 -1
    6  25     1 -1
    8  22     1 -1
    8  33     1 -1
    9  25     1 -1
   10  22     1 0
   10  28     1 1
   11  17     1 2
   13  22     1 4
   13  26     1 5
   14  33     1 6
   15  30     1 7
   21  23     1 2
   22  30     1 3
   29  32     1 0
Best profit: 15
All profits:
0 1
1 27
2 351
3 2925
4 17550
5 80730
6 296010
7 888030
8 2220075
9 4510581
10 7011146
11 7847633
12 5997314
13 2936360
14 823841
15 100002
End
