NMec = 97746
T = 27
P = 4
Profits ignored
Valid tasks:                                                          2839409
Solution time = 6.440e-02
Task data
    0  11     1 0
    1   4     1 1
    2  13     1 2
    3  66     1 -1
    4  35     1 3
    7  47     1 -1
   12  15     1 0
   12  29     1 1
   12  60     1 -1
   16  57     1 -1
   22  62     1 -1
   23  27     1 0
   24  31     1 2
   28  41     1 0
   30  54     1 -1
   32  57     1 -1
   34  52     1 -1
   36  43     1 1
   36  43     1 2
   36  47     1 3
   36  51     1 -1
   40  54     1 -1
   41  58     1 -1
   42  54     1 0
   44  67     1 1
   50  65     1 2
   51  56     1 3
Best profit: 16
All profits:
0 1
1 27
2 351
3 2925
4 17550
5 74443
6 219547
7 450977
8 648930
9 654788
10 460222
11 221822
12 71357
13 14616
14 1752
15 100
16 1
End
