NMec = 97746
T = 27
P = 2
Profits ignored
Valid tasks:                                                           529511
Solution time = 8.690e-03
Task data
   12  23     1 0
   22  29     1 1
   22  42     1 -1
   25 103     1 -1
   25 130     1 -1
   29  49     1 -1
   32  44     1 -1
   34  49     1 0
   35  57     1 -1
   36  43     1 1
   43  59     1 -1
   45  56     1 1
   45 122     1 -1
   53  68     1 -1
   54  62     1 0
   56  83     1 -1
   58  65     1 1
   73  84     1 -1
   75  79     1 -1
   77  82     1 0
   78  87     1 1
   88 100     1 0
   97 103     1 1
   99 113     1 -1
  100 111     1 -1
  108 114     1 0
  109 114     1 1
Best profit: 13
All profits:
0 1
1 27
2 351
3 2618
4 12221
5 37781
6 80692
7 121773
8 128921
9 92026
10 41237
11 10477
12 1326
13 60
End
