NMec = 97746
T = 27
P = 5
Profits ignored
Valid tasks:                                                          6584796
Solution time = 9.614e-02
Task data
    0  37     1 -1
    1  49     1 -1
    4  21     1 0
    5  30     1 -1
    6  16     1 1
    6  22     1 -1
    7  42     1 -1
    8  18     1 2
    8  22     1 -1
   10  18     1 3
   10  30     1 -1
   11  12     1 4
   13  25     1 -1
   13  27     1 -1
   14  25     1 -1
   16  26     1 4
   17  39     1 -1
   18  33     1 1
   20  32     1 2
   22  29     1 0
   22  33     1 3
   27  31     1 4
   32  42     1 0
   38  48     1 1
   39  48     1 2
   42  51     1 3
   45  52     1 0
Best profit: 16
All profits:
0 1
1 27
2 351
3 2925
4 17550
5 80730
6 278046
7 693196
8 1233535
9 1559715
10 1391555
11 861391
12 357765
13 93609
14 13589
15 805
16 6
End
