NMec = 97746
T = 27
P = 1
Profits ignored
Valid tasks:                                                            52526
Solution time = 7.579e-04
Task data
    1  24     1 -1
   10  19     1 0
   14  26     1 -1
   15  24     1 -1
   18  40     1 -1
   19  61     1 -1
   21  34     1 0
   48  72     1 -1
   56  80     1 -1
   70  77     1 -1
   72  85     1 0
   73 108     1 -1
   76 183     1 -1
   96 112     1 0
  121 249     1 -1
  133 135     1 0
  134 146     1 -1
  135 144     1 -1
  144 153     1 0
  175 188     1 -1
  175 198     1 0
  181 203     1 -1
  199 205     1 0
  209 225     1 0
  243 250     1 -1
  248 253     1 0
  254 265     1 0
Best profit: 11
All profits:
0 1
1 27
2 285
3 1563
4 5087
5 10536
6 14117
7 12111
8 6451
9 2006
10 322
11 20
End
