NMec = 97746
T = 27
P = 7
Profits ignored
Valid tasks:                                                         12480494
Solution time = 2.301e-01
Task data
    3  16     1 -1
    3  18     1 -1
    5  31     1 -1
    6  15     1 0
    6  21     1 -1
    6  32     1 -1
    7  30     1 -1
    8  24     1 -1
    8  27     1 -1
    9  23     1 -1
    9  35     1 -1
   10  27     1 1
   10  37     1 -1
   11  19     1 2
   12  19     1 3
   12  25     1 4
   14  22     1 5
   14  23     1 6
   14  33     1 -1
   15  34     1 -1
   20  33     1 0
   21  35     1 2
   21  36     1 3
   24  33     1 5
   26  32     1 4
   27  31     1 6
   28  34     1 1
Best profit: 14
All profits:
0 1
1 27
2 351
3 2925
4 17550
5 80730
6 296010
7 888030
8 2046486
9 3279914
10 3343761
11 1940880
12 533031
13 49971
14 827
End
