NMec = 97746
T = 28
P = 1
Profits ignored
Valid tasks:                                                           365407
Solution time = 8.710e-03
Task data
   16  23     1 0
   23  41     1 -1
   29  40     1 -1
   32  45     1 0
   53  65     1 -1
   55  67     1 -1
   63  68     1 -1
   63 263     1 -1
   65  71     1 0
   72  87     1 0
   95  98     1 0
  107 115     1 -1
  107 115     1 0
  124 236     1 -1
  134 151     1 0
  156 173     1 0
  176 189     1 0
  193 198     1 -1
  194 213     1 -1
  197 210     1 0
  220 233     1 0
  228 250     1 -1
  235 245     1 0
  241 267     1 -1
  254 261     1 -1
  254 272     1 -1
  260 270     1 -1
  261 263     1 0
Best profit: 13
All profits:
0 1
1 28
2 318
3 2091
4 8916
5 25966
6 53477
7 79222
8 84476
9 63924
10 33292
11 11280
12 2224
13 192
End
