NMec = 97746
T = 28
P = 6
Profits ignored
Valid tasks:                                                         14097822
Solution time = 2.846e-01
Task data
    0  46     1 -1
    1  45     1 -1
    2  24     1 -1
    2  44     1 -1
    4  16     1 0
    5   7     1 1
    5  15     1 2
    5  26     1 -1
    5  29     1 -1
    6  36     1 -1
    9  43     1 -1
   11  26     1 -1
   13  20     1 1
   14  24     1 -1
   14  24     1 3
   15  26     1 4
   15  32     1 -1
   16  17     1 2
   16  24     1 5
   16  35     1 -1
   17  23     1 0
   21  35     1 1
   22  30     1 2
   25  36     1 0
   25  37     1 3
   29  38     1 4
   29  46     1 5
   32  45     1 2
Best profit: 16
All profits:
0 1
1 28
2 378
3 3276
4 20475
5 98280
6 376740
7 1106084
8 2341501
9 3430401
10 3382233
11 2186881
12 897096
13 222025
14 30458
15 1931
16 34
End
