NMec = 97746
T = 28
P = 3
Profits ignored
Valid tasks:                                                          6504144
Solution time = 1.324e-01
Task data
    3  11     1 0
    5  93     1 -1
    9  26     1 -1
   10  85     1 -1
   12  23     1 0
   15  25     1 -1
   17  28     1 1
   22  42     1 -1
   23  44     1 2
   25  35     1 0
   30  39     1 1
   35  59     1 -1
   42  91     1 -1
   44  51     1 -1
   44  55     1 0
   45  49     1 1
   45  52     1 2
   50  53     1 1
   59  75     1 0
   74  90     1 -1
   75  83     1 1
   75  87     1 -1
   75  90     1 -1
   80  92     1 -1
   81  82     1 0
   81  93     1 2
   83  91     1 0
   86  88     1 1
Best profit: 16
All profits:
0 1
1 28
2 378
3 3276
4 19821
5 86193
6 273127
7 636892
8 1100250
9 1415335
10 1353321
11 947910
12 471642
13 158595
14 33352
15 3843
16 180
End
