NMec = 97746
T = 28
P = 7
Profits ignored
Valid tasks:                                                        100231152
Solution time = 1.722e+00
Task data
    0  11     1 0
    0  12     1 1
    0  25     1 -1
    2  14     1 2
    2  27     1 -1
    3  13     1 3
    3  17     1 4
    4   6     1 5
    5  25     1 -1
    8  31     1 -1
    9  13     1 5
   13  16     1 0
   13  28     1 -1
   13  29     1 -1
   13  35     1 -1
   14  20     1 1
   14  34     1 -1
   15  27     1 2
   15  39     1 3
   16  18     1 5
   17  24     1 0
   18  32     1 4
   22  32     1 1
   23  25     1 5
   23  37     1 6
   27  37     1 0
   28  39     1 2
   32  39     1 5
Best profit: 20
All profits:
0 1
1 28
2 378
3 3276
4 20475
5 98280
6 376740
7 1184040
8 3094440
9 6727380
10 12032858
11 17410546
12 20004434
13 17906453
14 12227653
15 6209498
16 2267460
17 567890
18 90819
19 8191
20 312
End
