NMec = 97746
T = 28
P = 5
Profits ignored
Valid tasks:                                                        130324992
Solution time = 1.976e+00
Task data
    2  24     1 -1
    3  13     1 0
    4  11     1 1
    4  11     1 2
    4  12     1 3
   12  27     1 -1
   15  17     1 0
   16  23     1 -1
   17  31     1 -1
   19  29     1 0
   20  23     1 1
   22  33     1 2
   23  29     1 3
   23  34     1 4
   23  44     1 -1
   24  26     1 1
   25  46     1 -1
   29  47     1 -1
   30  37     1 0
   37  43     1 1
   39  54     1 0
   40  43     1 2
   41  50     1 3
   43  45     1 4
   45  52     1 1
   46  55     1 2
   48  52     1 4
   53  55     1 1
Best profit: 21
All profits:
0 1
1 28
2 378
3 3276
4 20475
5 98280
6 376361
7 1177142
8 3048599
9 6583390
10 11880206
11 17889860
12 22381417
13 23096269
14 19460109
15 13203310
16 7078696
17 2920388
18 891466
19 189044
20 24788
21 1509
End
