NMec = 97746
T = 28
P = 2
Profits ignored
Valid tasks:                                                          2728452
Solution time = 4.085e-02
Task data
    4  23     1 0
    4 137     1 -1
    8  14     1 1
   12  79     1 -1
   22  27     1 1
   23  38     1 -1
   24  39     1 -1
   32  43     1 0
   36  45     1 1
   49  61     1 -1
   52  61     1 -1
   59  61     1 0
   59  75     1 1
   63  72     1 0
   71  95     1 -1
   79 137     1 -1
   80  97     1 -1
   88  96     1 0
   92 101     1 -1
   93 106     1 1
   95 111     1 -1
  100 105     1 0
  101 114     1 -1
  108 119     1 -1
  110 116     1 0
  111 120     1 1
  129 135     1 0
  130 139     1 1
Best profit: 15
All profits:
0 1
1 28
2 378
3 3094
4 16769
5 63499
6 173919
7 351762
8 531059
9 599624
10 502710
11 307533
12 132896
13 38205
14 6489
15 486
End
