NMec = 97746
T = 29
P = 5
Profits ignored
Valid tasks:                                                         13780426
Solution time = 2.333e-01
Task data
    1   7     1 0
    5  17     1 1
    7  29     1 -1
    7  32     1 -1
    8  11     1 0
    8  17     1 2
    9  24     1 3
   10  28     1 -1
   10  33     1 -1
   10  42     1 -1
   10  57     1 -1
   11  27     1 4
   14  29     1 -1
   15  30     1 -1
   17  30     1 -1
   18  44     1 -1
   20  37     1 -1
   21  32     1 0
   21  41     1 -1
   24  28     1 1
   25  30     1 2
   25  56     1 -1
   26  38     1 3
   28  35     1 4
   32  33     1 1
   33  36     1 0
   35  46     1 1
   35  54     1 2
   39  51     1 0
Best profit: 16
All profits:
0 1
1 29
2 406
3 3654
4 23751
5 118755
6 444646
7 1204152
8 2326989
9 3196464
10 3101220
11 2091299
12 949000
13 272747
14 44156
15 3113
16 44
End
