NMec = 97746
T = 29
P = 3
Profits ignored
Valid tasks:                                                          4190553
Solution time = 6.515e-02
Task data
    0  94     1 -1
    1  10     1 0
    4  21     1 -1
    6  15     1 1
    6  27     1 -1
    6  94     1 -1
   12  22     1 0
   13  24     1 2
   16  80     1 -1
   19  34     1 -1
   21  30     1 1
   27  51     1 -1
   29  49     1 -1
   30  42     1 0
   31  34     1 1
   31  44     1 -1
   32  58     1 -1
   34  60     1 2
   34  78     1 -1
   35  45     1 1
   43  55     1 0
   44  83     1 -1
   47  89     1 -1
   52  63     1 -1
   58  63     1 0
   61  69     1 1
   62  75     1 2
   70  91     1 0
   87  92     1 1
Best profit: 15
All profits:
0 1
1 29
2 406
3 3654
4 22188
5 92615
6 271105
7 566972
8 859265
9 951686
10 767658
11 439866
12 169712
13 40212
14 4964
15 220
End
