NMec = 97746
T = 29
P = 1
Profits ignored
Valid tasks:                                                           156459
Solution time = 2.781e-03
Task data
    1 228     1 -1
   11 257     1 -1
   18  28     1 0
   27 121     1 -1
   34  53     1 0
   61  80     1 -1
   64  82     1 0
   76 216     1 -1
   84  99     1 -1
   90 100     1 0
  104 120     1 -1
  115 125     1 0
  119 129     1 -1
  121 135     1 -1
  125 133     1 -1
  128 144     1 0
  145 163     1 -1
  149 169     1 -1
  150 158     1 0
  165 170     1 0
  172 182     1 -1
  177 189     1 -1
  178 185     1 0
  214 235     1 -1
  224 234     1 -1
  228 237     1 -1
  234 251     1 0
  247 260     1 -1
  258 281     1 0
Best profit: 11
All profits:
0 1
1 29
2 298
3 1804
4 7031
5 18352
6 32778
7 40122
8 32956
9 17248
10 5168
11 672
End
