NMec = 97746
T = 29
P = 7
Profits ignored
Valid tasks:                                                        206116720
Solution time = 3.485e+00
Task data
    2  13     1 0
    4  14     1 1
    4  14     1 2
    5  22     1 3
    6  11     1 4
    8  16     1 5
    9  17     1 6
    9  25     1 -1
   10  23     1 -1
   10  27     1 -1
   11  29     1 -1
   12  24     1 -1
   13  15     1 4
   15  24     1 0
   15  26     1 -1
   15  34     1 -1
   18  28     1 -1
   18  31     1 1
   19  27     1 2
   20  37     1 4
   21  32     1 5
   22  28     1 6
   23  25     1 3
   25  40     1 0
   27  35     1 3
   29  38     1 2
   30  38     1 6
   34  40     1 1
   36  41     1 3
Best profit: 21
All profits:
0 1
1 29
2 406
3 3654
4 23751
5 118755
6 475020
7 1560780
8 4280272
9 9845806
10 18902258
11 29930787
12 38483650
13 39462861
14 31617361
15 19305511
16 8696630
17 2760488
18 575180
19 69637
20 3831
21 52
End
