NMec = 97746
T = 29
P = 2
Profits ignored
Valid tasks:                                                          2109375
Solution time = 3.036e-02
Task data
    0  17     1 -1
    1  14     1 -1
    5 107     1 -1
    5 142     1 -1
    6  89     1 -1
    7  15     1 -1
    7  21     1 -1
    9  18     1 0
    9  27     1 -1
   11  19     1 1
   24  34     1 0
   25  37     1 1
   34  54     1 -1
   34  56     1 -1
   35 123     1 -1
   44  54     1 0
   48  61     1 -1
   49  65     1 1
   56  59     1 0
   67  77     1 0
   69  91     1 1
   84  91     1 0
   93 111     1 -1
   96 106     1 -1
   97 115     1 0
  103 112     1 1
  115 120     1 1
  118 128     1 0
  123 140     1 1
Best profit: 15
All profits:
0 1
1 29
2 406
3 3324
4 17433
5 62402
6 159004
7 298099
8 420943
9 451895
10 365287
11 215635
12 88301
13 23112
14 3324
15 180
End
