NMec = 97746
T = 29
P = 8
Profits ignored
Valid tasks:                                                        228076866
Solution time = 4.436e+00
Task data
    2  27     1 -1
    2  27     1 -1
    3   8     1 0
    4  13     1 1
    4  21     1 2
    5  14     1 3
    5  30     1 -1
    7  35     1 -1
    8  14     1 4
    8  26     1 -1
    8  26     1 5
   10  14     1 0
   10  19     1 6
   10  31     1 -1
   13  25     1 7
   13  33     1 -1
   14  24     1 1
   15  23     1 0
   16  34     1 -1
   20  28     1 3
   21  27     1 4
   22  30     1 2
   24  34     1 0
   25  34     1 1
   25  35     1 6
   27  32     1 5
   29  36     1 3
   30  33     1 4
   30  33     1 7
Best profit: 21
All profits:
0 1
1 29
2 406
3 3654
4 23751
5 118755
6 475020
7 1560780
8 4292145
9 9983444
10 19617757
11 32117511
12 42811831
13 45207053
14 36702005
15 22164790
16 9580578
17 2824528
18 531999
19 57843
20 2941
21 45
End
