NMec = 97746
T = 29
P = 4
Profits ignored
Valid tasks:                                                         21832400
Solution time = 3.739e-01
Task data
    0   9     1 0
    4  13     1 1
    5   8     1 2
    9  29     1 2
   14  34     1 0
   17  45     1 -1
   18  22     1 1
   18  38     1 -1
   19  21     1 3
   21  43     1 -1
   22  72     1 -1
   23  64     1 -1
   26  43     1 -1
   30  34     1 1
   30  53     1 -1
   33  39     1 2
   34  46     1 3
   35  40     1 0
   36  61     1 -1
   37  56     1 -1
   38  47     1 1
   39  55     1 -1
   43  52     1 0
   44  59     1 -1
   46  58     1 2
   48  56     1 1
   54  59     1 0
   55  59     1 3
   61  66     1 0
Best profit: 18
All profits:
0 1
1 29
2 406
3 3654
4 23751
5 115500
6 423051
7 1170113
8 2451249
9 3895935
10 4689241
11 4243800
12 2847098
13 1382654
14 467903
15 103693
16 13487
17 822
18 13
End
