NMec = 97746
T = 30
P = 2
Profits ignored
Valid tasks:                                                          7593713
Solution time = 1.325e-01
Task data
    2  15     1 0
    3 149     1 -1
    8 102     1 -1
   19  30     1 -1
   19  37     1 -1
   22  37     1 -1
   23  43     1 0
   29  39     1 1
   44  55     1 0
   49  64     1 -1
   50  65     1 -1
   50  66     1 -1
   56  61     1 -1
   58  72     1 -1
   59  75     1 0
   60  63     1 1
   65  78     1 1
   80  81     1 0
   83  90     1 0
   87  94     1 1
   99 107     1 0
  102 107     1 1
  103 120     1 -1
  108 123     1 -1
  112 117     1 0
  115 130     1 -1
  118 138     1 -1
  119 140     1 0
  120 124     1 1
  125 146     1 1
Best profit: 16
All profits:
0 1
1 30
2 435
3 3856
4 22893
5 96059
6 294677
7 676315
8 1176786
9 1559751
10 1570312
11 1187987
12 661579
13 261879
14 69393
15 10980
16 780
End
