NMec = 97746
T = 30
P = 3
Profits ignored
Valid tasks:                                                         21471654
Solution time = 3.083e-01
Task data
    1  17     1 -1
    2   9     1 0
    2  83     1 -1
    8  19     1 1
   11  22     1 0
   15  96     1 -1
   16  34     1 -1
   17  24     1 2
   19  27     1 -1
   21  35     1 -1
   21  42     1 -1
   22  32     1 1
   23  99     1 -1
   24  35     1 0
   25  33     1 2
   35  58     1 -1
   35  64     1 -1
   35  64     1 -1
   37  41     1 0
   37  59     1 1
   40  46     1 2
   43  59     1 0
   47  65     1 2
   63  75     1 -1
   63  83     1 0
   66  77     1 1
   68  78     1 2
   78  97     1 1
   81  90     1 2
   93  96     1 0
Best profit: 18
All profits:
0 1
1 30
2 435
3 4060
4 26510
5 125131
6 436258
7 1144409
8 2292285
9 3545016
10 4268164
11 4020446
12 2957657
13 1676678
14 711352
15 215117
16 42925
17 4940
18 240
End
