NMec = 97746
T = 30
P = 1
Profits ignored
Valid tasks:                                                           582150
Solution time = 1.244e-02
Task data
    7 223     1 -1
   11  23     1 -1
   20  30     1 0
   30  47     1 -1
   35  53     1 -1
   36  51     1 0
   45 250     1 -1
   56  68     1 -1
   58  69     1 0
   64  86     1 -1
   69  80     1 -1
   77  85     1 0
   98 115     1 -1
  109 117     1 0
  120 125     1 0
  129 144     1 -1
  136 145     1 -1
  137 218     1 -1
  141 148     1 0
  158 166     1 0
  170 185     1 -1
  178 195     1 0
  207 213     1 0
  223 244     1 -1
  229 246     1 -1
  231 249     1 0
  262 279     1 -1
  263 279     1 -1
  269 283     1 -1
  273 288     1 0
Best profit: 12
All profits:
0 1
1 30
2 357
3 2487
4 11456
5 36258
6 80533
7 126944
8 141473
9 108979
10 55092
11 16380
12 2160
End
