NMec = 97746
T = 30
P = 8
Profits ignored
Valid tasks:                                                        353330297
Solution time = 6.438e+00
Task data
    0  34     1 -1
    1  37     1 -1
    2  37     1 -1
    4  15     1 0
    5  14     1 1
    6  11     1 2
    6  19     1 -1
    7  19     1 -1
    8  26     1 -1
    9  18     1 3
   10  13     1 4
   10  33     1 -1
   11  19     1 5
   12  30     1 -1
   14  26     1 -1
   14  37     1 -1
   15  22     1 1
   15  29     1 2
   15  34     1 4
   16  22     1 0
   18  37     1 6
   19  20     1 3
   19  28     1 7
   20  23     1 5
   22  34     1 3
   28  31     1 0
   28  33     1 1
   29  33     1 5
   31  33     1 2
   32  35     1 0
Best profit: 20
All profits:
0 1
1 30
2 435
3 4060
4 27405
5 142506
6 593775
7 2035800
8 5852925
9 14222593
10 29010545
11 48762006
12 66020792
13 70411873
14 57880735
15 35816644
16 16200148
17 5139484
18 1071552
19 130146
20 6842
End
