NMec = 97746
T = 30
P = 5
Profits ignored
Valid tasks:                                                        127763383
Solution time = 3.546e+00
Task data
    0  14     1 0
    1  19     1 1
    4  27     1 -1
    6  14     1 2
   13  17     1 3
   13  32     1 -1
   15  21     1 0
   16  31     1 -1
   20  30     1 -1
   21  27     1 1
   22  33     1 0
   23  26     1 2
   23  33     1 3
   26  34     1 4
   26  57     1 -1
   29  35     1 1
   31  43     1 2
   32  55     1 -1
   32  57     1 -1
   33  56     1 -1
   34  48     1 -1
   35  55     1 -1
   38  55     1 -1
   39  57     1 -1
   40  57     1 -1
   42  51     1 0
   42  52     1 1
   45  54     1 2
   45  55     1 3
   47  58     1 4
Best profit: 17
All profits:
0 1
1 30
2 435
3 4060
4 27405
5 142506
6 589887
7 1968976
8 5307349
9 11493713
10 19765498
11 26493987
12 26985179
13 20173612
14 10526519
15 3548988
16 679822
17 55416
End
