NMec = 97746
T = 30
P = 7
Profits ignored
Valid tasks:                                                        231727456
Solution time = 3.848e+00
Task data
    0   7     1 0
    0  42     1 -1
    1   7     1 1
    1   8     1 2
    1   9     1 3
    1  21     1 -1
    2  12     1 4
    2  14     1 5
    3  12     1 6
    3  26     1 -1
    4  21     1 -1
    8  25     1 -1
    9  23     1 -1
   11  20     1 -1
   11  24     1 -1
   13  21     1 -1
   13  23     1 0
   14  18     1 1
   15  22     1 2
   15  26     1 -1
   15  31     1 -1
   17  21     1 3
   19  26     1 1
   19  32     1 4
   19  33     1 5
   20  33     1 6
   22  26     1 3
   25  31     1 0
   26  36     1 2
   28  39     1 1
Best profit: 19
All profits:
0 1
1 30
2 435
3 4060
4 27405
5 142506
6 593775
7 2035800
8 5803064
9 13662211
10 26144374
11 39946422
12 47865847
13 44062050
14 30315453
15 14984372
16 5009060
17 1023409
18 104314
19 2868
End
