NMec = 97746
T = 31
P = 2
Profits ignored
Valid tasks:                                                          7321533
Solution time = 1.186e-01
Task data
   14 136     1 -1
   16  23     1 0
   16 120     1 -1
   17  28     1 -1
   17 148     1 -1
   19  34     1 1
   26  33     1 0
   27  45     1 -1
   30  48     1 -1
   30  49     1 -1
   37  45     1 -1
   37  60     1 -1
   40  48     1 -1
   42  47     1 -1
   42  49     1 -1
   43  65     1 0
   45  58     1 1
   69  88     1 0
   77  89     1 1
   92  97     1 0
   92 104     1 1
  101 116     1 0
  105 112     1 1
  107 118     1 -1
  118 119     1 0
  118 122     1 1
  123 134     1 0
  127 134     1 1
  140 150     1 -1
  142 150     1 0
  148 154     1 1
Best profit: 17
All profits:
0 1
1 31
2 465
3 4084
4 23352
5 92819
6 268889
7 589920
8 1008784
9 1365309
10 1461371
11 1219321
12 774695
13 363123
14 119988
15 25985
16 3228
17 168
End
