NMec = 97746
T = 31
P = 3
Profits ignored
Valid tasks:                                                         50104376
Solution time = 8.660e-01
Task data
    0  14     1 0
    0  45     1 -1
    4 103     1 -1
    9  94     1 -1
   10  28     1 1
   17  23     1 0
   19  20     1 2
   25  41     1 -1
   26  36     1 0
   26  86     1 -1
   27  30     1 2
   29  36     1 1
   30  50     1 -1
   33  48     1 -1
   36  42     1 -1
   37  45     1 0
   40  45     1 1
   42  46     1 2
   46  62     1 0
   53  66     1 1
   55  59     1 2
   63  70     1 0
   72  82     1 0
   73  89     1 -1
   77  94     1 -1
   82  91     1 -1
   86  93     1 -1
   86  97     1 0
   87 101     1 1
   89  96     1 2
   98  99     1 0
Best profit: 19
All profits:
0 1
1 31
2 465
3 4495
4 30703
5 154027
6 580588
7 1673684
8 3741378
9 6548412
10 9025090
11 9814235
12 8407055
13 5639601
14 2927675
15 1151735
16 331297
17 65526
18 7936
19 442
End
