NMec = 97746
T = 31
P = 8
Profits ignored
Valid tasks:                                                        570371710
Solution time = 1.195e+01
Task data
    0  34     1 -1
    1  11     1 -1
    1  17     1 0
    1  23     1 1
    2  10     1 2
    2  13     1 3
    3  15     1 4
    4  14     1 5
    4  16     1 6
    5  28     1 -1
    6  21     1 7
    8  25     1 -1
   10  24     1 -1
   11  17     1 2
   13  28     1 -1
   15  20     1 3
   15  24     1 -1
   15  26     1 -1
   16  29     1 -1
   17  27     1 -1
   17  32     1 -1
   18  21     1 0
   18  35     1 2
   18  38     1 4
   20  24     1 5
   21  32     1 3
   21  35     1 6
   22  35     1 0
   24  33     1 1
   24  38     1 7
   27  31     1 5
Best profit: 20
All profits:
0 1
1 31
2 465
3 4495
4 31465
5 169911
6 736281
7 2629575
8 7888725
9 20038734
10 42790618
11 75336574
12 106654964
13 118149927
14 99340458
15 61169317
16 26416257
17 7566336
18 1322930
19 120830
20 3816
End
