NMec = 97746
T = 31
P = 5
Profits ignored
Valid tasks:                                                        155206738
Solution time = 2.445e+00
Task data
    0  14     1 0
    2  56     1 -1
    4  33     1 -1
    5  17     1 -1
    8  18     1 -1
    8  48     1 -1
    9  19     1 -1
    9  19     1 1
   11  26     1 2
   12  21     1 3
   16  26     1 0
   17  25     1 4
   19  41     1 -1
   21  33     1 1
   22  40     1 -1
   24  35     1 3
   24  55     1 -1
   26  41     1 -1
   29  41     1 -1
   30  47     1 -1
   30  51     1 -1
   32  40     1 0
   32  52     1 2
   35  42     1 1
   37  41     1 3
   40  55     1 4
   42  53     1 0
   46  54     1 1
   51  54     1 3
   53  58     1 2
   54  60     1 0
Best profit: 18
All profits:
0 1
1 31
2 465
3 4495
4 31465
5 169911
6 728890
7 2501875
8 6844324
9 14788573
10 24935548
11 32348493
12 31766053
13 23160848
14 12218943
15 4482513
16 1069493
17 146394
18 8423
End
