NMec = 97746
T = 31
P = 1
Profits ignored
Valid tasks:                                                          1843200
Solution time = 2.682e-02
Task data
    5  18     1 -1
    6  20     1 -1
   10  18     1 0
   21  47     1 -1
   27  34     1 0
   55  70     1 0
  112 133     1 -1
  121 131     1 -1
  122 133     1 0
  142 145     1 0
  142 152     1 -1
  145 164     1 -1
  146 155     1 -1
  148 169     1 -1
  150 160     1 -1
  150 165     1 0
  178 185     1 -1
  179 194     1 -1
  181 191     1 -1
  181 192     1 0
  207 219     1 -1
  209 233     1 -1
  219 227     1 0
  235 246     1 -1
  237 248     1 -1
  243 251     1 0
  252 258     1 0
  260 262     1 0
  260 272     1 -1
  263 272     1 0
  277 289     1 0
Best profit: 13
All profits:
0 1
1 31
2 427
3 3460
4 18384
5 67524
6 175988
7 328646
8 438407
9 411293
10 262905
11 108054
12 25488
13 2592
End
