NMec = 97746
T = 31
P = 7
Profits ignored
Valid tasks:                                                        349707712
Solution time = 6.493e+00
Task data
    1  20     1 -1
    1  39     1 -1
    2  14     1 0
    2  18     1 -1
    2  25     1 -1
    3  17     1 -1
    4  16     1 1
    6  13     1 2
    9  22     1 3
    9  39     1 -1
   11  23     1 -1
   11  27     1 -1
   12  27     1 -1
   13  20     1 4
   14  18     1 2
   14  43     1 -1
   15  26     1 0
   16  19     1 5
   16  24     1 6
   19  24     1 1
   19  41     1 -1
   20  24     1 2
   20  35     1 -1
   21  34     1 4
   21  43     1 5
   23  36     1 3
   26  37     1 1
   27  31     1 0
   29  38     1 2
   30  43     1 6
   33  42     1 0
Best profit: 19
All profits:
0 1
1 31
2 465
3 4495
4 31465
5 169911
6 736281
7 2629575
8 7826510
9 19274534
10 38510075
11 60949933
12 74564124
13 68651744
14 46134358
15 21807972
16 6905868
17 1359233
18 145069
19 6068
End
