NMec = 97746
T = 31
P = 6
Profits ignored
Valid tasks:                                                        170614643
Solution time = 3.593e+00
Task data
    0  10     1 0
    0  19     1 -1
    3  21     1 -1
    3  44     1 -1
    3  51     1 -1
    4  21     1 1
    4  28     1 -1
    6  16     1 2
    6  17     1 3
    9  12     1 4
   10  19     1 5
   11  30     1 -1
   13  27     1 -1
   13  40     1 -1
   14  25     1 -1
   15  26     1 0
   16  42     1 -1
   17  26     1 2
   17  28     1 4
   19  31     1 3
   20  29     1 5
   22  34     1 1
   24  45     1 -1
   26  40     1 -1
   30  40     1 -1
   31  38     1 0
   31  44     1 2
   34  38     1 3
   34  41     1 4
   34  50     1 5
   36  41     1 1
Best profit: 18
All profits:
0 1
1 31
2 465
3 4495
4 31465
5 169911
6 736281
7 2596084
8 7388880
9 16655405
10 29025109
11 38021567
12 36328855
13 24508293
14 11221081
15 3303521
16 574070
17 48124
18 1005
End
