NMec = 97746
T = 31
P = 4
Profits ignored
Valid tasks:                                                         40294615
Solution time = 8.162e-01
Task data
    2   9     1 0
    2  51     1 -1
    3  28     1 -1
    8  15     1 1
    9  11     1 2
   10  68     1 -1
   11  16     1 0
   11  21     1 3
   12  26     1 2
   25  38     1 0
   26  67     1 -1
   27  35     1 1
   27  50     1 -1
   28  46     1 2
   36  61     1 -1
   40  41     1 0
   40  53     1 -1
   42  47     1 0
   42  55     1 -1
   43  57     1 1
   46  60     1 -1
   46  60     1 -1
   46  67     1 -1
   47  58     1 -1
   48  61     1 -1
   49  52     1 0
   49  53     1 2
   49  69     1 3
   55  71     1 0
   58  69     1 1
   58  73     1 2
Best profit: 18
All profits:
0 1
1 31
2 465
3 4495
4 31465
5 163541
6 633272
7 1837037
8 4020534
9 6673853
10 8418181
11 8050341
12 5793327
13 3092534
14 1194613
15 320166
16 55251
17 5309
18 199
End
