NMec = 97746
T = 32
P = 2
Profits ignored
Valid tasks:                                                         13839920
Solution time = 2.089e-01
Task data
    2  24     1 0
   16  87     1 -1
   19  25     1 1
   34  45     1 0
   44  99     1 -1
   47  66     1 -1
   49  69     1 -1
   52 140     1 -1
   53  72     1 -1
   54  66     1 0
   63  77     1 1
   71  81     1 -1
   73  86     1 0
   76  98     1 -1
   78  91     1 1
   86 104     1 -1
   89  93     1 0
   95 109     1 -1
   95 109     1 -1
   97 107     1 0
   97 109     1 1
  101 117     1 -1
  105 133     1 -1
  111 134     1 0
  114 119     1 1
  124 146     1 -1
  131 149     1 -1
  132 146     1 -1
  140 155     1 0
  144 149     1 1
  152 154     1 1
  155 156     1 1
Best profit: 16
All profits:
0 1
1 32
2 496
3 4705
4 29938
5 134802
6 444191
7 1092301
8 2023321
9 2828081
10 2969052
11 2314852
12 1313408
13 523867
14 138143
15 21320
16 1410
End
