NMec = 97746
T = 32
P = 3
Profits ignored
Valid tasks:                                                         41903239
Solution time = 7.145e-01
Task data
    0  12     1 -1
    0 106     1 -1
    3  11     1 -1
    3 106     1 -1
    5  16     1 0
    6  15     1 1
    8  28     1 -1
    9  17     1 2
    9 106     1 -1
   11  23     1 -1
   12  21     1 -1
   15  29     1 -1
   16  36     1 1
   18  27     1 0
   20  25     1 2
   25  45     1 -1
   29  41     1 0
   33  39     1 2
   34  45     1 -1
   40  55     1 1
   44  58     1 0
   44  68     1 2
   65  72     1 0
   65  85     1 -1
   69  85     1 -1
   73  91     1 -1
   74  84     1 -1
   76  83     1 0
   78  98     1 1
   80  85     1 2
   84 103     1 0
   93  94     1 2
Best profit: 17
All profits:
0 1
1 32
2 496
3 4960
4 34829
5 177184
6 665723
7 1880298
8 4030823
9 6631447
10 8477874
11 8427048
12 6371772
13 3510245
14 1327731
15 318081
16 42370
17 2325
End
