NMec = 97746
T = 32
P = 7
Profits ignored
Valid tasks:                                                        278721696
Solution time = 8.067e+00
Task data
    1  18     1 0
    3  12     1 1
    5   9     1 2
    5  14     1 3
    5  44     1 -1
    8  18     1 4
    9  20     1 5
   10  21     1 2
   11  19     1 6
   15  35     1 -1
   16  22     1 1
   16  33     1 -1
   19  36     1 -1
   19  36     1 -1
   19  44     1 -1
   20  35     1 -1
   21  36     1 -1
   21  45     1 -1
   24  32     1 -1
   24  33     1 -1
   24  33     1 -1
   24  45     1 -1
   25  30     1 -1
   25  36     1 -1
   25  42     1 0
   27  32     1 1
   27  39     1 2
   28  40     1 3
   29  44     1 4
   30  39     1 5
   30  43     1 6
   34  40     1 1
Best profit: 17
All profits:
0 1
1 32
2 496
3 4960
4 35960
5 201376
6 906192
7 3365856
8 10186852
9 24246687
10 44061913
11 60023874
12 60413620
13 44033155
14 22392820
15 7387705
16 1362994
17 97203
End
