NMec = 97746
T = 32
P = 1
Profits ignored
Valid tasks:                                                          3628910
Solution time = 5.322e-02
Task data
   14  28     1 -1
   19  28     1 0
   26 232     1 -1
   33 276     1 -1
   46 299     1 -1
   47  52     1 0
   51  60     1 -1
   53  69     1 0
   73  81     1 0
  107 119     1 -1
  113 121     1 0
  124 125     1 0
  125 147     1 -1
  136 144     1 0
  137 147     1 -1
  140 153     1 -1
  146 157     1 0
  156 172     1 -1
  161 170     1 -1
  163 181     1 0
  198 212     1 -1
  211 215     1 0
  214 225     1 -1
  225 231     1 0
  231 244     1 -1
  243 248     1 0
  260 261     1 0
  264 288     1 -1
  265 274     1 0
  285 287     1 0
  293 312     1 0
  314 316     1 0
Best profit: 17
All profits:
0 1
1 32
2 396
3 3043
4 16095
5 61247
6 172688
7 367734
8 597977
9 745855
10 712636
11 517856
12 282226
13 112712
14 31780
15 5944
16 656
17 32
End
