NMec = 97746
T = 32
P = 6
Profits ignored
Valid tasks:                                                         99548160
Solution time = 2.311e+00
Task data
    0   7     1 0
    0   9     1 1
    2  10     1 2
    4  18     1 3
    5  16     1 4
    5  27     1 5
    9  53     1 -1
   10  49     1 -1
   11  18     1 0
   11  32     1 -1
   12  37     1 -1
   14  24     1 1
   15  23     1 2
   15  29     1 -1
   16  32     1 -1
   16  34     1 -1
   17  19     1 4
   19  30     1 -1
   19  34     1 -1
   19  41     1 -1
   20  43     1 -1
   21  43     1 -1
   21  45     1 -1
   22  38     1 -1
   24  33     1 -1
   24  40     1 0
   25  29     1 1
   26  37     1 2
   27  44     1 3
   27  51     1 4
   29  37     1 5
   37  48     1 1
Best profit: 17
All profits:
0 1
1 32
2 496
3 4960
4 35960
5 201376
6 906192
7 3184690
8 8378410
9 16115422
10 22414327
11 22322010
12 15658620
13 7513862
14 2341849
15 430826
16 38225
17 902
End
