NMec = 97746
T = 32
P = 5
Profits ignored
Valid tasks:                                                        216317248
Solution time = 4.354e+00
Task data
    0   2     1 0
    0  13     1 1
    0  61     1 -1
    0  62     1 -1
    5  38     1 -1
    6  11     1 0
    7  37     1 -1
    9  20     1 2
   10  19     1 3
   15  33     1 -1
   16  26     1 -1
   18  34     1 -1
   19  34     1 -1
   19  40     1 -1
   20  33     1 -1
   21  23     1 0
   21  36     1 1
   21  41     1 2
   21  49     1 3
   23  33     1 4
   24  36     1 0
   31  62     1 -1
   36  42     1 4
   36  55     1 -1
   39  55     1 -1
   44  53     1 0
   44  57     1 -1
   45  63     1 1
   47  54     1 2
   52  62     1 3
   53  57     1 4
   54  60     1 0
Best profit: 18
All profits:
0 1
1 32
2 496
3 4960
4 35960
5 201376
6 895043
7 3172996
8 8930155
9 19775188
10 34046463
11 44950491
12 44824957
13 33159003
14 17766258
15 6655950
16 1644000
17 238628
18 15291
End
