NMec = 97746
T = 33
P = 6
Profits ignored
Valid tasks:                                                        831911513
Solution time = 1.797e+01
Task data
    0  25     1 -1
    0  51     1 -1
    0  54     1 -1
    1  10     1 -1
    1  11     1 -1
    2  12     1 0
    4  17     1 -1
    5  17     1 1
    5  19     1 2
    9  18     1 3
    9  28     1 4
   10  22     1 5
   14  23     1 0
   15  34     1 -1
   15  50     1 -1
   19  45     1 -1
   22  25     1 1
   23  52     1 -1
   24  33     1 -1
   25  32     1 0
   25  50     1 -1
   28  35     1 1
   29  34     1 2
   29  47     1 -1
   30  46     1 -1
   31  35     1 3
   32  42     1 4
   32  53     1 5
   34  52     1 0
   35  52     1 2
   41  48     1 1
   43  49     1 3
   43  53     1 4
Best profit: 19
All profits:
0 1
1 33
2 528
3 5456
4 40920
5 237336
6 1107568
7 4249679
8 13487130
9 35228848
10 74878521
11 127411405
12 169891461
13 172971482
14 130417368
15 70136843
16 25486046
17 5696522
18 643697
19 20669
End
