NMec = 97746
T = 33
P = 5
Profits ignored
Valid tasks:                                                        593040491
Solution time = 1.129e+01
Task data
    1  24     1 -1
    2  13     1 -1
    2  14     1 -1
    2  18     1 -1
    3   9     1 0
    3  40     1 -1
    4  15     1 -1
    4  21     1 -1
    6  24     1 -1
    8  16     1 -1
    9  29     1 1
   11  14     1 0
   11  19     1 2
   12  14     1 3
   12  34     1 4
   13  36     1 -1
   16  57     1 -1
   19  35     1 -1
   19  40     1 -1
   26  38     1 0
   32  47     1 1
   32  52     1 2
   33  45     1 3
   35  40     1 4
   39  61     1 -1
   43  55     1 0
   46  64     1 -1
   48  60     1 -1
   48  62     1 1
   48  65     1 3
   53  59     1 2
   56  62     1 0
   57  59     1 4
Best profit: 17
All profits:
0 1
1 33
2 528
3 5456
4 40920
5 237336
6 1101182
7 4148237
8 12738142
9 31824952
10 64264700
11 103460895
12 129603731
13 121497882
14 80380429
15 34482350
16 8393987
17 859730
End
