NMec = 97746
T = 33
P = 4
Profits ignored
Valid tasks:                                                        211257663
Solution time = 3.427e+00
Task data
    0  75     1 -1
    2  17     1 -1
    2  66     1 -1
    4  52     1 -1
    7  14     1 0
   12  16     1 1
   14  19     1 2
   14  26     1 3
   15  22     1 0
   15  38     1 -1
   21  43     1 -1
   22  33     1 1
   22  73     1 -1
   25  42     1 0
   25  52     1 -1
   26  46     1 -1
   28  32     1 2
   28  36     1 3
   35  43     1 1
   35  57     1 -1
   37  50     1 2
   40  54     1 3
   43  53     1 0
   45  48     1 1
   46  69     1 -1
   49  65     1 -1
   53  76     1 -1
   54  64     1 0
   56  66     1 1
   56  72     1 2
   64  82     1 3
   68  78     1 0
   73  82     1 1
Best profit: 20
All profits:
0 1
1 33
2 528
3 5456
4 40920
5 233347
6 1027713
7 3514248
8 9361450
9 19491266
10 31806259
11 40731471
12 40893921
13 32044815
14 19405525
15 8909998
16 2994453
17 691449
18 97896
19 6786
20 128
End
