NMec = 97746
T = 33
P = 7
Profits ignored
Valid tasks:                                                        272994454
Solution time = 5.703e+00
Task data
    0   7     1 0
    1  47     1 -1
    1  47     1 -1
    2  24     1 -1
    2  24     1 -1
    4  19     1 1
    7  21     1 2
   10  29     1 -1
   11  21     1 0
   12  26     1 3
   13  19     1 4
   15  29     1 5
   16  34     1 -1
   16  35     1 -1
   16  46     1 -1
   17  30     1 -1
   17  31     1 6
   17  41     1 -1
   19  38     1 -1
   20  34     1 1
   20  41     1 -1
   21  39     1 -1
   21  39     1 -1
   23  41     1 -1
   24  42     1 -1
   25  47     1 0
   26  27     1 2
   26  47     1 4
   27  46     1 3
   30  41     1 2
   30  46     1 5
   32  41     1 6
   37  43     1 1
Best profit: 17
All profits:
0 1
1 33
2 528
3 5456
4 40920
5 237336
6 1107568
7 4272048
8 13282358
9 31547271
10 54726846
11 67152391
12 56503196
13 31267496
14 10665964
15 2011311
16 169846
17 3885
End
