NMec = 97746
T = 33
P = 8
Profits ignored
Valid tasks:                                                       3666345504
Solution time = 6.324e+01
Task data
    0  12     1 -1
    0  15     1 -1
    1  22     1 -1
    2   9     1 0
    2  32     1 -1
    3  28     1 -1
    4  13     1 -1
    4  20     1 -1
    6  14     1 -1
    6  15     1 -1
    7  13     1 1
    7  13     1 2
    8  20     1 3
    9  11     1 4
    9  17     1 5
   11  13     1 0
   11  18     1 6
   11  20     1 7
   12  20     1 4
   14  23     1 -1
   17  36     1 0
   18  28     1 1
   21  28     1 2
   22  24     1 3
   22  25     1 4
   22  33     1 5
   22  40     1 6
   23  28     1 7
   27  39     1 3
   29  38     1 1
   29  38     1 2
   33  40     1 4
   36  39     1 5
Best profit: 23
All profits:
0 1
1 33
2 528
3 5456
4 40920
5 237336
6 1107568
7 4272048
8 13884156
9 38526231
10 91904664
11 188560186
12 331123894
13 493658968
14 618651793
15 644203620
16 549471354
17 376733164
18 202398829
19 82261730
20 24056383
21 4687976
22 532662
23 26004
End
