NMec = 97746
T = 33
P = 1
Profits ignored
Valid tasks:                                                          4374061
Solution time = 9.107e-02
Task data
   12 326     1 -1
   13  16     1 -1
   14  27     1 0
   25 253     1 -1
   38  52     1 -1
   50  68     1 0
   79 104     1 -1
   83 104     1 -1
   86  91     1 0
   92 102     1 -1
   95 109     1 0
   95 115     1 -1
  115 121     1 0
  129 138     1 -1
  134 154     1 0
  158 176     1 -1
  172 183     1 0
  190 197     1 0
  205 217     1 -1
  209 215     1 0
  217 226     1 0
  231 235     1 0
  237 249     1 -1
  238 250     1 -1
  245 252     1 -1
  246 262     1 0
  263 278     1 -1
  268 272     1 0
  280 293     1 -1
  287 299     1 0
  292 309     1 -1
  304 317     1 -1
  307 320     1 0
Best profit: 15
All profits:
0 1
1 33
2 441
3 3637
4 20215
5 79871
6 230995
7 497182
8 801970
9 967972
10 865344
11 561216
12 254752
13 76096
14 13312
15 1024
End
