NMec = 97746
T = 34
P = 2
Profits ignored
Valid tasks:                                                        104930192
Solution time = 1.742e+00
Task data
    2  13     1 0
   10  26     1 1
   12  33     1 -1
   20  22     1 0
   23  34     1 -1
   23  34     1 -1
   28  43     1 0
   33  57     1 1
   52  66     1 -1
   59 141     1 -1
   60  82     1 0
   61  71     1 1
   69  93     1 -1
   76  92     1 -1
   84  93     1 0
   88 103     1 -1
   88 106     1 1
   94 113     1 -1
   97 111     1 0
   99 121     1 -1
  110 122     1 -1
  111 115     1 1
  115 128     1 -1
  116 125     1 0
  120 123     1 1
  120 145     1 -1
  126 147     1 -1
  127 143     1 -1
  129 141     1 0
  131 145     1 1
  135 157     1 -1
  154 167     1 0
  156 161     1 1
  163 169     1 1
Best profit: 18
All profits:
0 1
1 34
2 561
3 5827
4 42092
5 222843
6 892468
7 2758346
8 6658066
9 12616224
10 18744627
11 21680789
12 19271087
13 12913782
14 6348500
15 2199521
16 503694
17 67730
18 4000
End
