NMec = 97746
T = 34
P = 4
Profits ignored
Valid tasks:                                                        423549464
Solution time = 7.232e+00
Task data
    4   9     1 0
    5  14     1 1
    6  21     1 2
    7  59     1 -1
    8  30     1 -1
    8  34     1 -1
   21  35     1 -1
   22  26     1 0
   22  31     1 1
   24  27     1 2
   27  36     1 0
   27  38     1 3
   30  38     1 2
   30  50     1 -1
   32  81     1 -1
   33  53     1 -1
   35  67     1 -1
   36  46     1 -1
   38  48     1 -1
   38  56     1 -1
   42  46     1 0
   43  52     1 1
   45  59     1 -1
   46  55     1 2
   46  57     1 3
   47  63     1 -1
   51  62     1 -1
   51  68     1 -1
   53  64     1 0
   55  66     1 1
   58  63     1 2
   61  76     1 3
   68  81     1 0
   72  81     1 1
Best profit: 19
All profits:
0 1
1 34
2 561
3 5984
4 46376
5 274675
6 1269209
7 4616566
8 13274218
9 30218882
10 54429072
11 77311705
12 86013668
13 74079772
14 48481285
15 23439150
16 8020728
17 1814284
18 239614
19 13680
End
