NMec = 97746
T = 34
P = 7
Profits ignored
Valid tasks:                                                       4607607798
Solution time = 9.586e+01
Task data
    1   9     1 0
    1  11     1 1
    1  20     1 -1
    2  17     1 -1
    3   9     1 2
    3  31     1 -1
    4  10     1 3
    4  12     1 4
    5  16     1 -1
   10  16     1 0
   10  18     1 2
   10  24     1 5
   10  26     1 6
   11  20     1 3
   15  26     1 1
   15  32     1 -1
   15  40     1 -1
   16  27     1 4
   17  21     1 0
   18  36     1 -1
   19  35     1 -1
   22  45     1 -1
   24  27     1 0
   24  33     1 -1
   26  34     1 -1
   26  42     1 -1
   27  36     1 1
   28  46     1 0
   29  44     1 2
   29  46     1 3
   30  31     1 4
   30  37     1 5
   30  48     1 6
   38  45     1 1
Best profit: 22
All profits:
0 1
1 34
2 561
3 5984
4 46376
5 278256
6 1344904
7 5379616
8 18138878
9 52116904
10 128065253
11 268390135
12 475914663
13 705348660
14 859555686
15 843463845
16 649455386
17 380122080
18 162401910
19 47843039
20 8853963
21 855346
22 26318
End
