NMec = 97746
T = 34
P = 3
Profits ignored
Valid tasks:                                                        266403104
Solution time = 4.280e+00
Task data
    2  10     1 -1
    2  19     1 -1
    3   6     1 0
    3  21     1 -1
    4  19     1 1
    4  67     1 -1
    7  14     1 0
    7 108     1 -1
    8  13     1 2
   11  31     1 -1
   15  24     1 0
   16  31     1 2
   18  42     1 -1
   28  35     1 0
   30  67     1 -1
   31  49     1 1
   34  48     1 2
   36  91     1 -1
   48  57     1 0
   50  65     1 -1
   55  58     1 1
   58  69     1 -1
   60  74     1 -1
   61  72     1 0
   61  79     1 1
   65  74     1 2
   66  91     1 -1
   75  87     1 0
   75  91     1 -1
   81  98     1 1
   86  92     1 2
   89 101     1 0
   93 110     1 2
  107 113     1 0
Best profit: 20
All profits:
0 1
1 34
2 561
3 5984
4 45631
5 259943
6 1131868
7 3823731
8 10138424
9 21292085
10 35644136
11 47706477
12 51007852
13 43352033
14 29005350
15 15039652
16 5898423
17 1683362
18 327328
19 38251
20 1978
End
