NMec = 97746
T = 34
P = 1
Profits ignored
Valid tasks:                                                          3064327
Solution time = 6.215e-02
Task data
    0  22     1 -1
    3  18     1 0
    4 310     1 -1
   28  47     1 -1
   31 317     1 -1
   35  45     1 -1
   41  52     1 0
   53  65     1 -1
   53  70     1 -1
   55  58     1 0
   67  83     1 0
   84 102     1 -1
   93 112     1 -1
   94 101     1 0
  100 116     1 -1
  104 112     1 0
  141 214     1 -1
  143 163     1 -1
  150 164     1 -1
  151 170     1 -1
  159 181     1 0
  179 188     1 -1
  188 198     1 0
  201 204     1 0
  210 221     1 0
  235 256     1 -1
  244 265     1 -1
  251 262     1 0
  275 281     1 0
  277 284     1 -1
  283 297     1 0
  311 318     1 -1
  311 323     1 -1
  313 325     1 0
Best profit: 14
All profits:
0 1
1 34
2 461
3 3833
4 21212
5 81661
6 225257
7 451765
8 661195
9 701675
10 530069
11 275258
12 92466
13 17928
14 1512
End
