NMec = 97746
T = 34
P = 5
Profits ignored
Valid tasks:                                                       1045739956
Solution time = 1.859e+01
Task data
    3  13     1 0
    3  29     1 -1
    4  11     1 1
    4  26     1 2
    7  19     1 3
   11  27     1 4
   12  28     1 -1
   13  30     1 -1
   13  33     1 -1
   18  61     1 -1
   19  23     1 0
   21  37     1 -1
   23  32     1 -1
   23  34     1 -1
   23  35     1 -1
   25  47     1 0
   26  31     1 1
   27  32     1 2
   28  34     1 3
   28  41     1 4
   32  38     1 1
   35  53     1 -1
   37  56     1 -1
   40  54     1 -1
   41  56     1 -1
   44  53     1 -1
   44  67     1 -1
   46  64     1 1
   47  61     1 2
   48  66     1 0
   49  54     1 3
   52  62     1 4
   55  57     1 3
   58  65     1 3
Best profit: 19
All profits:
0 1
1 34
2 561
3 5984
4 46376
5 278256
6 1338395
7 5245635
8 16835266
9 44143562
10 93724930
11 158807461
12 210908646
13 215061956
14 164248542
15 90888158
16 34676486
17 8390440
18 1090775
19 48492
End
