NMec = 97746
T = 35
P = 5
Profits ignored
Valid tasks:                                                        737791813
Solution time = 1.193e+01
Task data
    0  69     1 -1
    1  24     1 -1
    1  56     1 -1
    2  20     1 0
    3  66     1 -1
    6  18     1 1
    7  14     1 2
    8  13     1 3
    8  25     1 -1
    9  10     1 4
   11  28     1 -1
   12  32     1 -1
   14  51     1 -1
   15  23     1 -1
   15  24     1 -1
   16  22     1 2
   16  31     1 -1
   17  36     1 -1
   18  33     1 3
   19  30     1 1
   20  24     1 4
   22  28     1 0
   24  34     1 -1
   24  36     1 2
   26  37     1 4
   30  51     1 0
   32  45     1 1
   34  46     1 3
   38  59     1 -1
   43  64     1 2
   46  58     1 1
   47  65     1 3
   49  65     1 4
   52  53     1 0
   62  65     1 0
Best profit: 21
All profits:
0 1
1 35
2 595
3 6545
4 52360
5 324632
6 1592247
7 6172413
8 18830782
9 45130919
10 84984143
11 125784649
12 146230898
13 133148701
14 94371231
15 51519589
16 21345673
17 6587381
18 1469261
19 220427
20 18724
21 607
End
