NMec = 97746
T = 35
P = 8
Profits ignored
Valid tasks:                                                       2714705446
Solution time = 5.106e+01
Task data
    2  39     1 -1
    2  41     1 -1
    3  15     1 0
    4  40     1 -1
    5  10     1 1
    5  24     1 -1
    7  10     1 2
    7  15     1 3
    7  16     1 4
    8  34     1 -1
   10  12     1 5
   13  19     1 1
   13  24     1 -1
   13  27     1 -1
   13  28     1 -1
   13  31     1 -1
   14  24     1 -1
   14  28     1 -1
   14  37     1 -1
   15  20     1 2
   15  24     1 5
   16  38     1 -1
   17  30     1 -1
   18  33     1 -1
   18  41     1 0
   19  26     1 3
   20  39     1 1
   20  39     1 4
   21  30     1 2
   23  40     1 6
   24  38     1 7
   25  30     1 5
   29  43     1 3
   31  39     1 2
   38  43     1 5
Best profit: 20
All profits:
0 1
1 35
2 595
3 6545
4 52360
5 324632
6 1623160
7 6724520
8 23535820
9 69446993
10 168671635
11 327445431
12 496242791
13 576752088
14 505580730
15 327406074
16 151957907
17 48200534
18 9645525
19 1045856
20 42214
End
