NMec = 97746
T = 35
P = 6
Profits ignored
Valid tasks:                                                       3149413610
Solution time = 5.102e+01
Task data
    0   8     1 -1
    0  18     1 0
    1  11     1 1
    2  22     1 2
    4  23     1 3
    6  21     1 4
    6  35     1 -1
    6  39     1 -1
    7  20     1 5
   11  29     1 -1
   12  51     1 -1
   16  18     1 1
   16  25     1 -1
   16  28     1 -1
   17  35     1 -1
   17  42     1 -1
   20  29     1 -1
   21  26     1 0
   22  30     1 -1
   23  42     1 1
   23  45     1 -1
   24  29     1 2
   24  33     1 3
   24  44     1 4
   25  34     1 5
   29  40     1 0
   30  49     1 -1
   32  42     1 2
   36  48     1 3
   37  57     1 5
   41  58     1 0
   43  50     1 1
   44  57     1 2
   46  58     1 4
   53  54     1 1
Best profit: 22
All profits:
0 1
1 35
2 595
3 6545
4 52360
5 324632
6 1623160
7 6692617
8 22932363
9 65188245
10 152851003
11 293710023
12 459511219
13 581187721
14 589083334
15 473011544
16 296260121
17 141717270
18 50271993
19 12663532
20 2112369
21 204641
22 8287
End
