NMec = 97746
T = 35
P = 4
Profits ignored
Valid tasks:                                                        583064364
Solution time = 1.176e+01
Task data
    0  86     1 -1
    1  25     1 -1
    2  13     1 0
    2  72     1 -1
    6  25     1 1
    6  79     1 -1
    9  72     1 -1
   13  32     1 2
   21  27     1 0
   22  29     1 3
   23  35     1 -1
   23  37     1 -1
   24  44     1 -1
   26  28     1 1
   28  39     1 0
   28  44     1 -1
   29  50     1 -1
   30  39     1 1
   30  47     1 3
   35  44     1 2
   40  45     1 0
   40  47     1 1
   45  60     1 -1
   50  63     1 0
   51  71     1 1
   54  59     1 2
   54  60     1 3
   60  86     1 -1
   62  76     1 -1
   63  78     1 -1
   71  80     1 -1
   71  82     1 0
   71  87     1 2
   72  81     1 1
   76  81     1 3
Best profit: 20
All profits:
0 1
1 35
2 595
3 6545
4 52360
5 319947
6 1519839
7 5646642
8 16468691
9 37849847
10 68843317
11 99378085
12 113761302
13 102831886
14 72972458
15 40276460
16 16901427
17 5116195
18 1008595
19 106430
20 3707
End
