NMec = 97746
T = 35
P = 3
Profits ignored
Valid tasks:                                                        127510703
Solution time = 2.209e+00
Task data
    1 116     1 -1
    4  26     1 -1
   11  36     1 -1
   15  25     1 -1
   17  26     1 0
   19 112     1 -1
   20  32     1 -1
   22  40     1 -1
   23  29     1 1
   24  44     1 2
   27  50     1 0
   31  43     1 1
   37 110     1 -1
   48  65     1 -1
   49  58     1 1
   52  67     1 0
   54  70     1 2
   54  73     1 -1
   56  77     1 -1
   59  79     1 -1
   63  71     1 1
   67  75     1 -1
   67  78     1 -1
   70  78     1 -1
   71  80     1 0
   72  74     1 1
   72  83     1 2
   81  93     1 0
   90 100     1 -1
   90 104     1 -1
   92 100     1 1
   94 112     1 -1
   99 116     1 0
  100 115     1 2
  102 116     1 1
Best profit: 17
All profits:
0 1
1 35
2 595
3 6545
4 50872
5 289119
6 1222564
7 3897527
8 9452839
9 17558161
10 25067428
11 27376467
12 22412514
13 13245572
14 5352132
15 1370292
16 196280
17 11760
End
