NMec = 97746
T = 35
P = 1
Profits ignored
Valid tasks:                                                          3198970
Solution time = 5.567e-02
Task data
    8 287     1 -1
   33  46     1 -1
   40  64     1 -1
   46  56     1 0
   52  75     1 -1
   54  78     1 -1
   57  71     1 -1
   65  66     1 0
   70 238     1 -1
   72  86     1 -1
   75  88     1 -1
   78  86     1 -1
   83  87     1 0
   88  92     1 0
  112 123     1 0
  145 160     1 -1
  146 153     1 -1
  151 165     1 0
  162 171     1 -1
  165 176     1 -1
  166 185     1 0
  203 213     1 0
  208 220     1 -1
  213 227     1 -1
  215 219     1 -1
  219 231     1 0
  233 239     1 -1
  235 250     1 -1
  236 246     1 0
  255 277     1 -1
  271 284     1 0
  317 325     1 0
  324 339     1 -1
  328 339     1 0
  341 349     1 0
Best profit: 14
All profits:
0 1
1 35
2 494
3 4128
4 22818
5 87711
6 241059
7 480351
8 696471
9 730262
10 544244
11 279070
12 92886
13 17928
14 1512
End
