NMec = 97746
T = 36
P = 8
Profits ignored
Valid tasks:                                                      10737385508
Solution time = 1.770e+02
Task data
    0  12     1 -1
    0  21     1 -1
    1  12     1 -1
    2  10     1 0
    2  13     1 -1
    2  26     1 -1
    3  25     1 -1
    4  15     1 1
    5  18     1 -1
    5  21     1 2
    7  22     1 3
    7  24     1 4
    8  17     1 5
   10  12     1 6
   11  26     1 0
   11  28     1 -1
   12  22     1 7
   13  20     1 6
   13  35     1 -1
   17  25     1 1
   17  27     1 -1
   17  31     1 -1
   17  33     1 -1
   17  37     1 -1
   18  28     1 -1
   19  27     1 5
   20  42     1 -1
   22  35     1 2
   22  39     1 6
   23  30     1 3
   25  32     1 4
   25  42     1 7
   27  32     1 0
   27  39     1 1
   28  34     1 5
   36  44     1 0
Best profit: 21
All profits:
0 1
1 36
2 630
3 7140
4 58905
5 376992
6 1947792
7 8347680
8 30260340
9 93886309
10 249787692
11 565323810
12 1072468720
13 1675017253
14 2110657805
15 2093918536
16 1580789420
17 862753206
18 315300170
19 68797273
20 7421279
21 264519
End
