NMec = 97746
T = 36
P = 4
Profits ignored
Valid tasks:                                                       1712267618
Solution time = 2.779e+01
Task data
    0   6     1 0
    1  13     1 -1
    1  19     1 -1
    1  27     1 -1
    3  12     1 1
    5  61     1 -1
    7  11     1 0
    7  13     1 2
    7  18     1 3
    7  75     1 -1
   11  53     1 -1
   12  22     1 0
   13  57     1 -1
   14  34     1 -1
   16  33     1 -1
   17  33     1 -1
   23  37     1 -1
   24  34     1 0
   24  36     1 1
   27  30     1 2
   29  45     1 3
   39  48     1 -1
   42  45     1 0
   42  62     1 -1
   43  53     1 1
   43  56     1 -1
   44  60     1 2
   47  59     1 0
   48  62     1 3
   52  76     1 -1
   56  61     1 1
   67  79     1 0
   70  73     1 1
   71  82     1 2
   74  77     1 1
   75  86     1 3
Best profit: 21
All profits:
0 1
1 36
2 630
3 7140
4 58905
5 373871
6 1872152
7 7477262
8 23944841
9 61694400
10 128236667
11 215417612
12 292591861
13 320942565
14 283306416
15 199813546
16 111011721
17 47292928
18 14730512
19 3094696
20 380103
21 19753
End
