NMec = 97746
T = 36
P = 6
Profits ignored
Valid tasks:                                                       3399101026
Solution time = 5.371e+01
Task data
    0  59     1 -1
    1  13     1 0
    1  55     1 -1
    2  11     1 1
    3  56     1 -1
    4  15     1 2
    4  31     1 -1
    5   8     1 3
    5  21     1 -1
    5  47     1 -1
    7  24     1 -1
    8  17     1 -1
    8  22     1 -1
    8  26     1 -1
   11  22     1 3
   11  26     1 4
   12  37     1 -1
   13  27     1 1
   16  20     1 0
   16  24     1 2
   16  25     1 5
   22  40     1 -1
   24  37     1 0
   27  39     1 -1
   28  39     1 -1
   28  42     1 -1
   28  50     1 1
   31  36     1 2
   33  43     1 3
   33  52     1 4
   37  42     1 2
   37  52     1 5
   39  55     1 0
   46  54     1 2
   51  57     1 1
   56  58     1 0
Best profit: 21
All profits:
0 1
1 36
2 630
3 7140
4 58905
5 376992
6 1947792
7 8299912
8 29323833
9 85395066
10 202561714
11 385983128
12 582955720
13 689274781
14 630219339
15 439274381
16 229049743
17 86950668
18 23043922
19 3972896
20 388914
21 15513
End
