NMec = 97746
T = 36
P = 1
Profits ignored
Valid tasks:                                                          9287700
Solution time = 1.805e-01
Task data
    1 252     1 -1
    2 256     1 -1
   35 264     1 -1
   41  48     1 -1
   41  53     1 0
   56  65     1 0
   60  84     1 -1
   68  89     1 -1
   69  82     1 0
   97 117     1 -1
   98 116     1 0
  118 134     1 -1
  123 131     1 0
  142 153     1 0
  162 167     1 -1
  165 171     1 0
  167 177     1 -1
  175 181     1 0
  190 204     1 -1
  194 204     1 -1
  195 214     1 -1
  198 202     1 0
  209 218     1 -1
  211 218     1 0
  233 253     1 -1
  243 259     1 -1
  253 260     1 0
  253 274     1 -1
  264 272     1 0
  281 291     1 0
  304 320     1 -1
  307 323     1 -1
  308 324     1 -1
  312 327     1 0
  329 350     1 -1
  331 339     1 0
Best profit: 15
All profits:
0 1
1 36
2 519
3 4516
4 26944
5 115350
6 363038
7 852780
8 1505692
9 1996768
10 1971464
11 1422496
12 725888
13 247296
14 50304
15 4608
End
