NMec = 97746
T = 36
P = 3
Profits ignored
Valid tasks:                                                        114660448
Solution time = 1.779e+00
Task data
    4  21     1 -1
    5  11     1 0
    5  31     1 -1
   11  17     1 -1
   11  31     1 -1
   13  26     1 0
   13 113     1 -1
   14  61     1 -1
   15  22     1 1
   16  35     1 -1
   16  41     1 2
   21  47     1 -1
   23  45     1 -1
   24  48     1 -1
   25  60     1 -1
   26  49     1 -1
   27  48     1 -1
   28 113     1 -1
   31  36     1 0
   31  51     1 1
   38  51     1 0
   42  56     1 2
   43  59     1 -1
   48  62     1 -1
   53  65     1 -1
   54  59     1 -1
   56  77     1 0
   59  64     1 1
   59  74     1 2
   68  75     1 1
   76  87     1 1
   79  90     1 0
   88 101     1 1
   91 113     1 0
   99 115     1 2
  109 116     1 1
Best profit: 18
All profits:
0 1
1 36
2 630
3 7140
4 56037
5 313719
6 1283221
7 3915644
8 9061230
9 16083043
10 22032553
11 23328913
12 19018756
13 11809279
14 5467961
15 1818482
16 406703
17 53968
18 3132
End
