NMec = 97746
T = 36
P = 7
Profits ignored
Valid tasks:                                                       6790828078
Solution time = 1.154e+02
Task data
    0  48     1 -1
    1  15     1 -1
    1  18     1 -1
    2   8     1 0
    5  10     1 1
    5  19     1 -1
    6  24     1 -1
    7  15     1 2
    7  22     1 -1
    7  23     1 -1
    8  29     1 -1
    9  18     1 0
    9  19     1 3
    9  19     1 4
   10  21     1 5
   11  28     1 -1
   12  23     1 1
   12  32     1 -1
   14  36     1 -1
   15  33     1 6
   15  39     1 -1
   17  24     1 2
   19  28     1 0
   20  29     1 3
   21  32     1 4
   22  35     1 -1
   24  50     1 -1
   25  35     1 1
   26  34     1 2
   27  46     1 5
   30  42     1 0
   33  45     1 3
   33  51     1 4
   34  38     1 6
   36  47     1 1
   39  44     1 2
Best profit: 22
All profits:
0 1
1 36
2 630
3 7140
4 58905
5 376992
6 1947792
7 8347680
8 30126922
9 91782343
10 234376074
11 495938065
12 858655102
13 1200738402
14 1337378451
15 1167563727
16 783537854
17 394163289
18 143599058
19 36006076
20 5718566
21 490273
22 14700
End
