NMec = 97746
T = 37
P = 6
Profits ignored
Valid tasks:                                                       3528705020
Solution time = 6.701e+01
Task data
    1   4     1 0
    1  61     1 -1
    4  41     1 -1
    7  35     1 -1
   10  11     1 0
   10  22     1 1
   11  24     1 2
   12  57     1 -1
   13  38     1 -1
   15  21     1 0
   15  23     1 3
   15  26     1 -1
   16  32     1 -1
   16  39     1 -1
   17  19     1 4
   17  29     1 -1
   18  32     1 -1
   18  59     1 -1
   20  29     1 -1
   20  29     1 4
   23  27     1 0
   23  30     1 1
   24  31     1 3
   25  38     1 2
   26  39     1 5
   27  46     1 -1
   27  53     1 -1
   32  44     1 -1
   34  46     1 -1
   35  48     1 -1
   40  54     1 0
   42  47     1 1
   42  49     1 2
   43  60     1 3
   44  45     1 4
   44  58     1 5
   47  61     1 4
Best profit: 20
All profits:
0 1
1 37
2 666
3 7770
4 66045
5 435897
6 2324784
7 10190628
8 36660023
9 107166821
10 251540805
11 467726700
12 678264770
13 753176969
14 626667399
15 379954949
16 161390354
17 45125567
18 7427072
19 567172
20 10591
End
