NMec = 97746
T = 37
P = 4
Profits ignored
Valid tasks:                                                       1079359091
Solution time = 1.760e+01
Task data
    0  92     1 -1
    1  22     1 -1
    2  63     1 -1
    4  15     1 -1
    4  90     1 -1
    5  20     1 -1
    6  25     1 -1
    6  91     1 -1
    7  14     1 -1
    7  15     1 0
    7  28     1 1
   11  14     1 2
   11  21     1 3
   16  70     1 -1
   18  28     1 0
   24  41     1 2
   26  30     1 3
   31  48     1 0
   34  51     1 -1
   35  42     1 1
   35  79     1 -1
   40  83     1 -1
   42  44     1 2
   43  55     1 -1
   45  52     1 1
   45  56     1 2
   49  55     1 0
   49  65     1 -1
   50  63     1 3
   52  74     1 -1
   54  68     1 1
   57  69     1 0
   61  83     1 2
   64  87     1 3
   69  80     1 1
   81  90     1 0
   82  92     1 1
Best profit: 21
All profits:
0 1
1 37
2 666
3 7770
4 66045
5 428333
6 2151091
7 8404724
8 25644926
9 61411399
10 116020082
11 173682896
12 206622411
13 195425809
14 146433404
15 86167842
16 39244612
17 13545166
18 3431631
19 602546
20 64675
21 3025
End
