NMec = 97746
T = 37
P = 8
Profits ignored
Valid tasks:                                                      41267987516
Solution time = 6.768e+02
Task data
    0   8     1 0
    0  10     1 1
    0  20     1 2
    2   6     1 3
    2  24     1 -1
    3   4     1 4
    3  11     1 5
    3  12     1 6
    3  18     1 7
    6  19     1 4
    6  28     1 -1
    8  23     1 -1
   11  23     1 0
   12  30     1 1
   14  22     1 3
   14  23     1 5
   15  36     1 -1
   17  32     1 -1
   17  33     1 -1
   17  38     1 -1
   18  25     1 6
   21  25     1 2
   22  37     1 -1
   23  26     1 3
   23  30     1 4
   23  34     1 -1
   23  41     1 -1
   23  41     1 7
   26  38     1 0
   26  40     1 2
   27  34     1 3
   27  34     1 5
   27  35     1 6
   31  45     1 1
   32  36     1 4
   36  45     1 3
   38  46     1 4
Best profit: 27
All profits:
0 1
1 37
2 666
3 7770
4 66045
5 435897
6 2324784
7 10295472
8 38608020
9 124332100
10 346889209
11 841222952
12 1769526901
13 -1085945269
14 679361704
15 -2063254137
16 -1417415514
17 -2064075488
18 554293815
19 -1402200317
20 1353802517
21 481419553
22 124304754
23 21816532
24 2358476
25 134860
26 3196
27 20
End
