NMec = 97746
T = 37
P = 7
Profits ignored
Valid tasks:                                                       4354801670
Solution time = 7.661e+01
Task data
    0  51     1 -1
    2   6     1 0
    3  17     1 1
    4  27     1 -1
    7  17     1 0
    7  19     1 2
    7  25     1 3
    8  24     1 4
    8  28     1 -1
    9  50     1 -1
   10  23     1 5
   11  20     1 6
   13  29     1 -1
   13  34     1 -1
   14  47     1 -1
   16  34     1 -1
   17  38     1 -1
   18  29     1 0
   18  31     1 1
   20  52     1 -1
   21  39     1 -1
   23  28     1 2
   23  32     1 6
   23  35     1 -1
   23  44     1 -1
   26  34     1 -1
   26  37     1 -1
   26  38     1 3
   27  40     1 4
   27  43     1 5
   31  36     1 0
   31  51     1 2
   33  45     1 1
   34  47     1 6
   39  47     1 0
   39  49     1 3
   43  52     1 4
Best profit: 22
All profits:
0 1
1 37
2 666
3 7770
4 66045
5 435897
6 2324784
7 10295472
8 38059857
9 115636713
10 282344788
11 543310490
12 811291763
13 926857540
14 797395792
15 506287973
16 230834444
17 72720930
18 14964593
19 1845046
20 118092
21 2967
22 10
End
