NMec = 97746
T = 37
P = 1
Profits ignored
Valid tasks:                                                          7620522
Solution time = 1.697e-01
Task data
   11  21     1 0
   28  52     1 -1
   38  52     1 -1
   39  49     1 0
   41  50     1 -1
   50  59     1 0
   61  76     1 -1
   70  81     1 -1
   74  88     1 0
   83 201     1 -1
   86 103     1 -1
   96 101     1 0
  108 122     1 -1
  115 128     1 -1
  115 129     1 -1
  116 133     1 -1
  118 132     1 0
  136 155     1 -1
  137 302     1 -1
  139 162     1 -1
  146 155     1 0
  183 202     1 -1
  187 197     1 -1
  193 205     1 0
  215 228     1 0
  222 362     1 -1
  238 243     1 0
  268 290     1 -1
  271 284     1 -1
  276 281     1 0
  299 305     1 0
  310 332     1 -1
  322 330     1 -1
  327 335     1 0
  337 355     1 -1
  341 349     1 -1
  346 351     1 0
Best profit: 14
All profits:
0 1
1 37
2 587
3 5369
4 32063
5 133678
6 403922
7 900637
8 1485284
9 1790728
10 1540239
11 907722
12 342090
13 72090
14 6075
End
