NMec = 97746
T = 37
P = 5
Profits ignored
Valid tasks:                                                       4553752472
Solution time = 8.203e+01
Task data
    0  22     1 -1
    1   3     1 0
    1  20     1 -1
    2   9     1 1
    6  31     1 0
    7  12     1 2
    7  57     1 -1
    7  61     1 -1
   10  16     1 1
   10  30     1 3
   10  35     1 4
   21  24     1 1
   26  34     1 1
   26  51     1 -1
   29  40     1 -1
   32  42     1 0
   33  43     1 -1
   35  41     1 1
   35  53     1 -1
   36  49     1 2
   36  53     1 -1
   39  46     1 3
   39  50     1 4
   40  56     1 -1
   41  68     1 -1
   42  51     1 1
   43  45     1 0
   43  55     1 -1
   44  54     1 -1
   46  55     1 -1
   47  66     1 -1
   48  58     1 0
   48  69     1 3
   50  57     1 2
   53  73     1 1
   54  69     1 4
   58  68     1 2
Best profit: 22
All profits:
0 1
1 37
2 666
3 7770
4 66045
5 435897
6 2305236
7 9884506
8 34475647
9 97912071
10 226598436
11 427503737
12 657079089
13 820964931
14 830185010
15 674743766
16 436186153
17 220755917
18 85310530
19 24142001
20 4644991
21 525603
22 24432
End
