NMec = 97746
T = 38
P = 6
Profits ignored
Valid tasks:                                                      31338457724
Solution time = 5.382e+02
Task data
    2  12     1 -1
    2  14     1 -1
    2  63     1 -1
    4   9     1 -1
    4  22     1 0
    5  16     1 1
    6  52     1 -1
    7  11     1 2
    7  14     1 3
    7  28     1 4
    7  49     1 -1
    8  21     1 5
   12  23     1 2
   14  63     1 -1
   16  28     1 3
   18  32     1 1
   24  37     1 -1
   24  47     1 -1
   25  39     1 -1
   25  42     1 -1
   28  38     1 -1
   30  40     1 -1
   31  40     1 0
   32  40     1 2
   32  41     1 3
   32  42     1 4
   32  46     1 5
   35  38     1 1
   39  49     1 1
   41  46     1 0
   44  56     1 -1
   46  62     1 2
   47  57     1 0
   51  53     1 1
   53  58     1 3
   53  61     1 4
   53  62     1 5
   54  60     1 1
Best profit: 24
All profits:
0 1
1 38
2 703
3 8436
4 73815
5 501942
6 2760681
7 12599629
8 48438669
9 157976309
10 437819814
11 1029411262
12 2045860491
13 -875331394
14 483044642
15 1245185993
16 990130939
17 -190037232
18 -1732510679
19 1264138587
20 481328627
21 136468202
22 27174979
23 3405974
24 203520
End
