NMec = 97746
T = 38
P = 2
Profits ignored
Valid tasks:                                                        329172108
Solution time = 5.621e+00
Task data
    1   8     1 -1
    2  16     1 -1
    2  16     1 0
    3 188     1 -1
    6  21     1 1
   15  30     1 -1
   15  32     1 -1
   17  27     1 -1
   20  39     1 -1
   24  38     1 -1
   26  30     1 0
   26  38     1 1
   32  39     1 0
   32 173     1 -1
   49  56     1 0
   49 170     1 -1
   54  68     1 1
   80  83     1 0
   84  91     1 -1
   84  94     1 0
   84  95     1 1
   93 174     1 -1
  101 112     1 0
  102 125     1 1
  109 128     1 -1
  119 129     1 0
  123 143     1 -1
  128 135     1 1
  130 140     1 0
  139 143     1 1
  153 156     1 0
  156 176     1 -1
  161 179     1 -1
  166 178     1 -1
  166 179     1 -1
  167 180     1 0
  171 180     1 1
  181 185     1 0
Best profit: 20
All profits:
0 1
1 38
2 703
3 8045
4 62885
5 355896
6 1513191
7 4960576
8 12781154
9 26243015
10 43327685
11 57764999
12 62140007
13 53594348
14 36592189
15 19383934
16 7734466
17 2225397
18 431208
19 49806
20 2565
End
