NMec = 97746
T = 38
P = 1
Profits ignored
Valid tasks:                                                         44901120
Solution time = 6.098e-01
Task data
    6  18     1 0
   26  34     1 -1
   27  37     1 0
   35 160     1 -1
   40  56     1 0
   58 272     1 -1
   71  89     1 0
   91 100     1 -1
   97 105     1 -1
   99 100     1 0
  108 111     1 0
  116 127     1 0
  132 313     1 -1
  134 140     1 -1
  134 148     1 0
  139 301     1 -1
  143 162     1 -1
  147 350     1 -1
  150 160     1 0
  167 177     1 0
  182 191     1 0
  182 201     1 -1
  187 203     1 -1
  192 206     1 -1
  193 218     1 -1
  199 206     1 0
  218 242     1 -1
  222 233     1 -1
  233 245     1 0
  268 280     1 -1
  272 289     1 0
  291 295     1 0
  301 324     1 -1
  307 317     1 -1
  308 322     1 0
  325 338     1 0
  353 361     1 0
  364 374     1 0
Best profit: 19
All profits:
0 1
1 38
2 574
3 5150
4 31840
5 145446
6 509598
7 1399966
8 3056816
9 5348025
10 7526037
11 8519693
12 7728855
13 5572203
14 3147779
15 1362227
16 435668
17 96948
18 13392
19 864
End
