NMec = 97746
T = 38
P = 5
Profits ignored
Valid tasks:                                                       7030880969
Solution time = 1.114e+02
Task data
    0  75     1 -1
    0  75     1 -1
    2  19     1 -1
    3  16     1 0
    3  21     1 1
    3  54     1 -1
    4  29     1 -1
   10  16     1 2
   12  16     1 3
   15  22     1 4
   16  29     1 -1
   20  30     1 -1
   21  38     1 -1
   22  30     1 -1
   22  41     1 -1
   23  25     1 0
   23  75     1 -1
   24  28     1 1
   24  33     1 2
   25  34     1 3
   26  39     1 0
   28  41     1 4
   29  36     1 1
   32  46     1 -1
   32  52     1 -1
   32  71     1 -1
   33  60     1 -1
   34  47     1 2
   39  48     1 1
   41  51     1 0
   41  56     1 3
   45  55     1 4
   53  71     1 0
   54  62     1 1
   57  71     1 2
   65  66     1 1
   65  74     1 3
   70  75     1 1
Best profit: 23
All profits:
0 1
1 38
2 703
3 8436
4 73815
5 501942
6 2741291
7 12181397
8 44163328
9 130511187
10 313905065
11 613670989
12 973764532
13 1251630727
14 1298922011
15 1082745354
16 719275943
17 376394945
18 152398660
19 46356133
20 10077649
21 1437567
22 115464
23 3792
End
