NMec = 97746
T = 38
P = 3
Profits ignored
Valid tasks:                                                       7092772352
Solution time = 1.359e+02
Task data
    1   6     1 0
    1 125     1 -1
    8  25     1 0
   13  20     1 1
   17  37     1 2
   24  29     1 1
   27  29     1 0
   30  48     1 -1
   35  45     1 0
   36  47     1 1
   45  51     1 2
   46  63     1 -1
   48  55     1 -1
   49  69     1 -1
   51  68     1 -1
   52  60     1 0
   52  63     1 1
   54  60     1 2
   68  73     1 0
   73  85     1 1
   75  85     1 0
   75  92     1 -1
   82  94     1 2
   88  91     1 0
   90 117     1 -1
   91 101     1 -1
   91 107     1 1
   95  98     1 0
   97 105     1 2
  101 113     1 -1
  101 115     1 -1
  101 117     1 -1
  103 118     1 -1
  106 115     1 0
  106 123     1 -1
  107 117     1 2
  112 125     1 1
  117 121     1 0
Best profit: 24
All profits:
0 1
1 38
2 703
3 8436
4 73267
5 486236
6 2542962
7 10686537
8 36576923
9 103009251
10 240633130
11 469241109
12 767157706
13 1053391534
14 1213125529
15 1166036556
16 927597605
17 603474466
18 316000180
19 130381104
20 41162174
21 9526115
22 1509756
23 144794
24 6240
End
