NMec = 97746
T = 39
P = 5
Profits ignored
Valid tasks:                                                      23832326939
Solution time = 4.425e+02
Task data
    0  13     1 0
    2   9     1 1
    4  55     1 -1
    6  25     1 -1
    6  26     1 -1
    7  17     1 2
    7  25     1 -1
   10  14     1 1
   10  27     1 3
   12  66     1 -1
   14  18     1 0
   14  39     1 -1
   15  18     1 1
   15  29     1 -1
   17  35     1 -1
   19  36     1 0
   20  42     1 1
   23  29     1 2
   23  33     1 4
   28  44     1 3
   30  35     1 2
   34  55     1 4
   35  62     1 -1
   36  44     1 2
   36  61     1 -1
   39  51     1 0
   43  52     1 1
   44  73     1 -1
   47  58     1 2
   48  61     1 3
   48  67     1 -1
   48  71     1 -1
   52  59     1 0
   54  71     1 -1
   55  75     1 1
   57  68     1 4
   59  77     1 2
   63  74     1 0
   67  74     1 3
Best profit: 25
End
