NMec = 97746
T = 39
P = 6
Profits ignored
Valid tasks:                                                      22826859075
Solution time = 4.783e+02
Task data
    1  64     1 -1
    4  17     1 -1
    4  46     1 -1
    5  16     1 -1
    7  15     1 0
    7  56     1 -1
    9  20     1 1
   10  23     1 -1
   11  13     1 2
   11  29     1 3
   11  44     1 -1
   12  36     1 4
   12  64     1 -1
   13  19     1 5
   15  28     1 2
   16  26     1 0
   21  60     1 -1
   23  24     1 1
   23  37     1 5
   28  49     1 -1
   29  41     1 0
   34  57     1 -1
   35  41     1 1
   35  44     1 2
   37  49     1 3
   38  43     1 4
   39  41     1 5
   39  60     1 -1
   41  56     1 -1
   44  60     1 -1
   46  57     1 -1
   47  54     1 -1
   47  60     1 0
   48  56     1 1
   50  54     1 2
   51  58     1 3
   51  64     1 4
   52  63     1 5
   55  60     1 2
Best profit: 23
End
