NMec = 97746
T = 39
P = 7
Profits ignored
Valid tasks:                                                      73453979856
Solution time = 1.231e+03
Task data
    0   5     1 0
    0  13     1 1
    0  24     1 -1
    1  10     1 2
    2  15     1 3
    3  18     1 4
    3  27     1 -1
    5  20     1 -1
    8  25     1 -1
   10  27     1 -1
   11  46     1 -1
   12  23     1 0
   12  26     1 -1
   12  28     1 2
   12  31     1 5
   14  30     1 1
   14  39     1 -1
   17  36     1 3
   19  31     1 4
   19  35     1 6
   20  53     1 -1
   21  39     1 -1
   24  49     1 -1
   25  35     1 0
   26  40     1 -1
   27  51     1 -1
   31  54     1 -1
   33  40     1 1
   34  55     1 2
   35  44     1 4
   35  49     1 5
   37  40     1 0
   39  43     1 3
   39  49     1 6
   44  51     1 0
   44  55     1 1
   46  53     1 3
   49  55     1 4
   53  54     1 0
Best profit: 25
End
