NMec = 97746
T = 39
P = 4
Profits ignored
Valid tasks:                                                       6987895600
Solution time = 1.281e+02
Task data
    0  11     1 0
    1   9     1 1
    2  21     1 -1
    5  91     1 -1
    7  33     1 -1
    7  55     1 -1
    7  65     1 -1
   12  21     1 0
   13  22     1 1
   16  26     1 2
   17  23     1 3
   18  69     1 -1
   20  41     1 -1
   24  43     1 -1
   26  44     1 -1
   28  37     1 0
   29  37     1 1
   34  54     1 -1
   34  78     1 -1
   36  48     1 2
   36  62     1 -1
   37  45     1 3
   38  50     1 0
   39  42     1 1
   45  57     1 1
   46  54     1 3
   51  62     1 0
   52  55     1 2
   73  77     1 -1
   73  89     1 -1
   74  84     1 0
   74  95     1 -1
   75  85     1 1
   75  87     1 2
   77  96     1 -1
   77  97     1 3
   91  94     1 0
   91  95     1 1
   91  96     1 2
Best profit: 23
All profits:
0 1
1 39
2 741
3 9139
4 82251
5 570859
6 3136941
7 13829389
8 49266026
9 142409147
10 334791028
11 640703572
12 997631383
13 1260907252
14 1287250693
15 1052899029
16 681875440
17 344006535
18 132275070
19 37606190
20 7560055
21 1003370
22 78650
23 2800
End
