NMec = 97746
T = 39
P = 1
Profits ignored
Valid tasks:                                                         32695614
Solution time = 5.331e-01
Task data
   26  35     1 0
   31  47     1 -1
   38  41     1 -1
   40  57     1 0
   64  67     1 0
   64 176     1 -1
   81 316     1 -1
   83 102     1 -1
   88  92     1 0
   90 103     1 -1
   91 105     1 -1
   96 108     1 0
  107 175     1 -1
  117 123     1 -1
  117 130     1 -1
  119 125     1 -1
  121 129     1 0
  148 155     1 0
  160 172     1 -1
  161 182     1 -1
  164 170     1 -1
  167 173     1 0
  176 196     1 -1
  184 198     1 -1
  190 194     1 0
  211 225     1 -1
  218 227     1 0
  226 236     1 -1
  232 239     1 0
  243 253     1 0
  257 266     1 -1
  264 265     1 0
  267 277     1 -1
  274 278     1 -1
  275 285     1 0
  325 348     1 -1
  327 329     1 0
  351 361     1 -1
  355 373     1 0
Best profit: 16
All profits:
0 1
1 39
2 647
3 6405
4 42787
5 204602
6 723915
7 1931545
8 3922864
9 6073282
10 7125911
11 6249562
12 3998730
13 1793332
14 526616
15 89040
16 6336
End
