NMec = 97746
T = 40
P = 6
Profits ignored
Valid tasks:                                                     142736166622
Solution time = 2.488e+03
Task data
    0  14     1 0
    0  17     1 -1
    1  58     1 -1
    2   9     1 1
    3  11     1 2
    3  20     1 -1
    5  20     1 -1
    5  26     1 3
    6  21     1 4
   10  17     1 1
   10  33     1 -1
   11  18     1 5
   14  25     1 2
   15  33     1 0
   19  24     1 1
   19  38     1 5
   23  31     1 4
   25  34     1 1
   26  47     1 -1
   28  46     1 -1
   28  61     1 -1
   29  43     1 -1
   30  41     1 2
   31  46     1 3
   36  52     1 0
   38  51     1 1
   40  51     1 4
   41  45     1 5
   41  55     1 -1
   41  59     1 -1
   42  57     1 -1
   43  44     1 2
   44  55     1 -1
   45  66     1 2
   49  58     1 3
   51  64     1 5
   53  61     1 0
   53  61     1 1
   55  61     1 4
   59  63     1 3
Best profit: 27
End
