NMec = 97746
T = 40
P = 7
Profits ignored
Valid tasks:                                                     104592055264
Solution time = 1.849e+03
Task data
    0  15     1 -1
    2  12     1 -1
    2  21     1 -1
    3  12     1 -1
    3  18     1 -1
    3  26     1 -1
    3  48     1 -1
    4  53     1 -1
    5   8     1 0
    6  11     1 1
    6  16     1 -1
    6  16     1 -1
    6  18     1 -1
    6  20     1 2
    7  10     1 3
    7  12     1 4
    8  51     1 -1
    9  21     1 0
    9  33     1 5
   10  16     1 6
   13  17     1 1
   15  42     1 -1
   16  18     1 3
   16  31     1 4
   18  40     1 1
   20  31     1 3
   23  42     1 -1
   24  27     1 0
   25  47     1 -1
   29  33     1 0
   30  48     1 2
   32  39     1 3
   34  42     1 0
   34  47     1 4
   35  44     1 5
   35  45     1 6
   40  50     1 3
   41  57     1 1
   45  54     1 0
   47  54     1 5
Best profit: 25
End
