NMec = 97746
T = 40
P = 4
Profits ignored
Valid tasks:                                                      27870479641
Solution time = 4.782e+02
Task data
    0  39     1 -1
    2  88     1 -1
    5  17     1 0
    5  30     1 -1
    8  11     1 1
    9  15     1 2
   10  15     1 3
   14  27     1 1
   16  22     1 2
   18  30     1 -1
   20  33     1 0
   21  41     1 -1
   23  33     1 2
   28  37     1 1
   29  32     1 3
   30  54     1 -1
   34  49     1 0
   35  37     1 2
   36  58     1 3
   36  66     1 -1
   42  51     1 1
   43  75     1 -1
   48  53     1 2
   48  70     1 -1
   50  67     1 -1
   53  66     1 -1
   57  69     1 0
   57  73     1 -1
   59  73     1 1
   61  68     1 2
   61  79     1 -1
   66  67     1 3
   68  86     1 -1
   69  76     1 2
   71  92     1 -1
   72  88     1 0
   73  79     1 3
   74  97     1 1
   80  93     1 2
   81  88     1 3
Best profit: 25
End
