01 01 1
02 01 2
02 02 2
03 01 1
03 02 2
03 03 3
04 01 1
04 02 2
04 03 3
04 04 4
05 01 2
05 02 3
05 03 4
05 04 5
05 05 5
06 01 3
06 02 3
06 03 4
06 04 5
06 05 6
06 06 6
07 01 3
07 02 5
07 03 3
07 04 4
07 05 5
07 06 6
07 07 7
08 01 3
08 02 2
08 03 4
08 04 5
08 05 6
08 06 7
08 07 8
08 08 8
09 01 4
09 02 5
09 03 4
09 04 5
09 05 6
09 06 7
09 07 8
09 08 9
10 01 5
10 02 6
10 03 7
10 04 4
10 05 5
10 06 6
10 07 7
10 08 8
11 01 6
11 02 5
11 03 6
11 04 6
11 05 7
11 06 8
11 07 9
11 08 10
12 01 7
12 02 5
12 03 7
12 04 8
12 05 9
12 06 10
12 07 11
12 08 12
13 01 6
13 02 5
13 03 8
13 04 7
13 05 9
13 06 10
13 07 11
13 08 12
14 01 7
14 02 9
14 03 8
14 04 8
14 05 8
14 06 9
14 07 10
14 08 11
15 01 6
15 02 9
15 03 9
15 04 6
15 05 9
15 06 10
15 07 11
15 08 12
16 01 6
16 02 8
16 03 9
16 04 8
16 05 9
16 06 11
16 07 12
16 08 13
17 01 7
17 02 8
17 03 9
17 04 10
17 05 7
17 06 9
17 07 10
17 08 11
18 01 8
18 02 8
18 03 12
18 04 9
18 05 11
18 06 14
18 07 15
18 08 16
19 01 10
19 02 12
19 03 11
19 04 10
19 05 12
19 06 12
19 07 14
19 08 15
20 01 7
20 02 13
20 03 11
20 04 9
20 05 12
20 06 14
20 07 11
20 08 12
21 01 9
21 02 11
21 03 9
21 04 12
21 05 13
21 06 10
21 07 16
21 08 17
22 01 9
22 02 12
22 03 13
22 04 12
22 05 13
22 06 15
22 07 12
22 08 16
23 01 11
23 02 12
23 03 15
23 04 14
23 05 15
23 06 13
23 07 17
23 08 12
24 01 9
24 02 12
24 03 11
24 04 14
24 05 13
24 06 15
24 07 16
24 08 10
25 01 11
25 02 14
25 03 12
25 04 14
25 05 17
25 06 14
25 07 15
25 08 15
26 01 11
26 02 11
26 03 14
26 04 16
26 05 16
26 06 15
26 07 18
26 08 18
27 01 11
27 02 13
27 03 13
27 04 16
27 05 16
27 06 16
27 07 14
27 08 15
28 01 13
28 02 15
28 03 16
28 04 14
28 05 21
28 06 16
28 07 20
28 08 16
29 01 11
29 02 15
29 03 15
29 04 18
29 05 16
29 06 18
29 07 21
29 08 21
30 01 12
30 02 16
30 03 18
30 04 21
30 05 17
30 06 21
30 07 19
30 08 20
31 01 13
31 02 17
31 03 19
31 04 18
31 05 18
31 06 18
31 07 19
31 08 20
32 01 17
32 02 16
32 03 17
32 04 17
32 05 18
32 06 17
32 07 17
32 08 18
33 01 15
33 02 20
33 03 20
33 04 20
33 05 17
33 06 19
33 07 17
33 08 23
34 01 14
34 02 18
34 03 20
34 04 19
34 05 19
34 06 20
34 07 22
34 08 22
35 01 14
35 02 15
35 03 17
35 04 20
35 05 21
35 06 22
35 07 21
35 08 20
36 01 15
36 02 18
36 03 18
36 04 21
36 05 23
36 06 21
36 07 22
36 08 21
37 01 14
37 02 21
37 03 21
37 04 21
37 05 22
37 06 20
37 07 22
37 08 27
38 01 19
38 02 20
38 03 24
38 04 26
38 05 23
38 06 24
38 07 28
38 08 22
39 01 16
39 02 22
39 03 22
39 04 23
39 05 25
39 06 23
39 07 25
39 08 27
40 01 18
40 02 20
40 03 23
40 04 25
40 05 24
40 06 27
40 07 25
40 08 25
