NMec = 95584
T = 17
P = 4
Profits ignored
Valid tasks:                                                            46300
Solution time = 8.008e-04
Task data
    1  16     1 0
    2  19     1 -1
    4  14     1 1
    4  42     1 -1
   10  22     1 2
   12  19     1 3
   13  31     1 -1
   16  17     1 1
   16  37     1 -1
   17  20     1 0
   18  39     1 -1
   20  25     1 1
   23  34     1 0
   24  28     1 2
   26  34     1 1
   28  33     1 3
   32  34     1 2
Best profit: 12
All profits:
0 1
1 17
2 136
3 680
4 2380
5 5947
6 10348
7 12062
8 9085
9 4264
10 1188
11 180
12 12
End
