NMec = 95584
T = 17
P = 3
Profits ignored
Valid tasks:                                                            24008
Solution time = 3.775e-04
Task data
    0  21     1 0
    4  29     1 -1
    8  16     1 1
    9  29     1 -1
   15  23     1 -1
   16  19     1 2
   16  33     1 -1
   17  33     1 1
   20  29     1 2
   20  46     1 -1
   23  32     1 0
   30  44     1 -1
   33  47     1 0
   34  38     1 1
   37  55     1 2
   42  54     1 1
   50  56     1 0
Best profit: 11
All profits:
0 1
1 17
2 136
3 680
4 2218
5 4747
6 6591
7 5732
8 2955
9 825
10 103
11 3
End
