NMec = 95584
T = 17
P = 1
Profits ignored
Valid tasks:                                                              652
Solution time = 1.481e-05
Task data
    2 156     1 -1
    8  11     1 -1
    8  18     1 -1
   10  26     1 0
   20 162     1 -1
   47  57     1 -1
   57  62     1 0
   64  72     1 -1
   70  75     1 -1
   71  97     1 0
   91 143     1 -1
  104 109     1 -1
  104 122     1 -1
  104 132     1 -1
  105 112     1 -1
  105 112     1 0
  146 158     1 0
Best profit: 5
All profits:
0 1
1 17
2 84
3 207
4 241
5 102
End
