NMec = 95584
T = 17
P = 6
Profits ignored
Valid tasks:                                                            51760
Solution time = 1.094e-03
Task data
    0   5     1 0
    3  18     1 -1
    3  24     1 -1
    3  24     1 -1
    5  28     1 -1
    5  29     1 -1
    6  14     1 0
    7  14     1 1
    8  29     1 -1
    9  27     1 -1
   13  18     1 2
   13  26     1 3
   14  24     1 4
   14  25     1 5
   15  21     1 0
   16  25     1 1
   20  24     1 2
Best profit: 10
All profits:
0 1
1 17
2 136
3 680
4 2380
5 6188
6 12376
7 15884
8 10783
9 3111
10 204
End
