NMec = 95584
T = 17
P = 8
Profits ignored
Valid tasks:                                                           106522
Solution time = 2.004e-03
Task data
    0   5     1 0
    3  18     1 -1
    3  24     1 -1
    3  24     1 -1
    5  28     1 -1
    5  29     1 -1
    6  14     1 0
    7  14     1 1
    8  29     1 2
    9  27     1 3
   13  18     1 4
   13  26     1 5
   14  24     1 6
   14  25     1 7
   15  21     1 0
   16  25     1 1
   20  24     1 4
Best profit: 12
All profits:
0 1
1 17
2 136
3 680
4 2380
5 6188
6 12376
7 19448
8 24310
9 22770
10 13680
11 4158
12 378
End
