NMec = 95584
T = 18
P = 3
Profits ignored
Valid tasks:                                                            14096
Solution time = 2.315e-04
Task data
    2  41     1 -1
    3  58     1 -1
    8  38     1 -1
   14  26     1 -1
   14  29     1 -1
   16  28     1 -1
   18  32     1 -1
   18  54     1 -1
   20  29     1 -1
   21  28     1 0
   22  35     1 1
   25  33     1 2
   31  42     1 0
   36  47     1 1
   42  57     1 -1
   47  55     1 0
   48  54     1 1
   52  56     1 2
Best profit: 8
All profits:
0 1
1 18
2 153
3 816
4 2498
5 4312
6 4002
7 1876
8 420
End
