NMec = 95584
T = 18
P = 2
Profits ignored
Valid tasks:                                                            14128
Solution time = 2.344e-04
Task data
    1  15     1 0
    2  80     1 -1
    3  18     1 -1
    9  68     1 -1
   16  21     1 0
   17  18     1 1
   22  30     1 0
   22  38     1 -1
   28  41     1 1
   31  88     1 -1
   35  42     1 0
   44  53     1 0
   47  69     1 -1
   50  68     1 -1
   51  58     1 -1
   55  70     1 0
   57  72     1 1
   74  84     1 0
Best profit: 10
All profits:
0 1
1 18
2 153
3 706
4 1917
5 3244
6 3633
7 2736
8 1318
9 360
10 42
End
