NMec = 95584
T = 18
P = 7
Profits ignored
Valid tasks:                                                           123176
Solution time = 2.752e-03
Task data
    0  24     1 -1
    4   9     1 0
    4  24     1 -1
    5  10     1 1
    5  27     1 -1
    5  28     1 -1
    6  18     1 -1
    6  18     1 -1
    7  20     1 -1
    8  28     1 -1
    9  25     1 2
   10  21     1 0
   11  21     1 1
   12  15     1 3
   14  27     1 4
   15  26     1 5
   16  19     1 3
   16  22     1 6
Best profit: 10
All profits:
0 1
1 18
2 153
3 816
4 3060
5 8568
6 18564
7 31824
8 35367
9 20254
10 4551
End
