NMec = 95584
T = 18
P = 1
Profits ignored
Valid tasks:                                                             1548
Solution time = 2.946e-05
Task data
   16  24     1 -1
   18  37     1 0
   44  59     1 -1
   46  54     1 -1
   46  70     1 -1
   48  68     1 -1
   53  71     1 0
   56 128     1 -1
   66  83     1 -1
   69  79     1 -1
   70  86     1 -1
   73  87     1 0
   90  98     1 0
   99 106     1 0
  102 168     1 -1
  138 159     1 -1
  143 152     1 0
  156 159     1 0
Best profit: 7
All profits:
0 1
1 18
2 112
3 328
4 500
5 402
6 161
7 26
End
