NMec = 95584
T = 18
P = 5
Profits ignored
Valid tasks:                                                            57800
Solution time = 1.187e-03
Task data
    0   7     1 0
    0  28     1 -1
    0  33     1 -1
    1  19     1 -1
    1  24     1 -1
    5  15     1 -1
    6  12     1 1
    8  16     1 0
    8  29     1 -1
   10  26     1 -1
   10  29     1 -1
   11  22     1 2
   13  29     1 1
   14  22     1 3
   14  33     1 4
   17  24     1 0
   24  32     1 2
   24  33     1 3
Best profit: 10
All profits:
0 1
1 18
2 153
3 816
4 3060
5 8568
6 15750
7 16915
8 9711
9 2584
10 224
End
