NMec = 95584
T = 18
P = 6
Profits ignored
Valid tasks:                                                            71090
Solution time = 1.718e-03
Task data
    0  24     1 -1
    4   9     1 0
    4  24     1 -1
    5  10     1 1
    5  27     1 -1
    5  28     1 -1
    6  18     1 -1
    6  18     1 -1
    7  20     1 -1
    8  28     1 -1
    9  25     1 -1
   10  21     1 0
   11  21     1 1
   12  15     1 2
   14  27     1 3
   15  26     1 4
   16  19     1 2
   16  22     1 5
Best profit: 9
All profits:
0 1
1 18
2 153
3 816
4 3060
5 8568
6 18564
7 23253
8 13620
9 3037
End
