NMec = 95584
T = 19
P = 2
Profits ignored
Valid tasks:                                                            11807
Solution time = 2.092e-04
Task data
   13  19     1 0
   13  24     1 1
   14  91     1 -1
   23  36     1 0
   30  48     1 -1
   35  55     1 1
   35  90     1 -1
   44  61     1 -1
   45  60     1 -1
   46  56     1 0
   46  71     1 -1
   54  70     1 -1
   56  79     1 1
   57  66     1 0
   65  90     1 -1
   68  84     1 -1
   71  87     1 0
   84  92     1 1
   88  90     1 0
Best profit: 10
All profits:
0 1
1 19
2 171
3 781
4 1983
5 3057
6 3033
7 1913
8 711
9 131
10 7
End
