NMec = 95584
T = 19
P = 1
Profits ignored
Valid tasks:                                                             1432
Solution time = 3.084e-05
Task data
   21  34     1 0
   36 155     1 -1
   37  67     1 -1
   39  51     1 0
   51  73     1 -1
   54  79     1 -1
   62  84     1 -1
   63 159     1 -1
   68  73     1 0
   81 107     1 -1
   89 108     1 -1
   98 117     1 0
  116 142     1 -1
  128 144     1 -1
  135 145     1 -1
  142 151     1 0
  151 161     1 -1
  151 163     1 -1
  158 174     1 0
Best profit: 6
All profits:
0 1
1 19
2 113
3 334
4 504
5 363
6 98
End
