NMec = 95584
T = 19
P = 8
Profits ignored
Valid tasks:                                                           444520
Solution time = 1.041e-02
Task data
    0   3     1 0
    1  13     1 -1
    1  17     1 -1
    2   4     1 1
    2  25     1 -1
    3   9     1 2
    4  13     1 -1
    4  13     1 0
    4  29     1 -1
    5  19     1 1
    6  16     1 3
    6  26     1 4
    8  20     1 5
    9  24     1 6
   11  22     1 2
   11  22     1 7
   16  23     1 0
   17  20     1 3
   20  24     1 1
Best profit: 14
All profits:
0 1
1 19
2 171
3 969
4 3876
5 11628
6 27132
7 50388
8 75582
9 91399
10 86403
11 60094
12 28164
13 7763
14 931
End
