NMec = 95584
T = 19
P = 5
Profits ignored
Valid tasks:                                                           161058
Solution time = 3.579e-03
Task data
    0  15     1 -1
    2   9     1 0
    5  27     1 -1
    8  12     1 1
    8  30     1 -1
    9  17     1 -1
   10  21     1 0
   10  23     1 -1
   10  31     1 -1
   11  18     1 2
   12  24     1 3
   13  15     1 1
   13  27     1 4
   15  35     1 -1
   18  35     1 1
   22  36     1 0
   23  34     1 2
   26  31     1 3
   31  37     1 4
Best profit: 12
All profits:
0 1
1 19
2 171
3 969
4 3876
5 11628
6 25711
7 39802
8 40971
9 26445
10 9727
11 1666
12 72
End
