NMec = 95584
T = 19
P = 6
Profits ignored
Valid tasks:                                                           116827
Solution time = 3.221e-03
Task data
    0   9     1 0
    1  19     1 -1
    1  27     1 -1
    2  28     1 -1
    3  20     1 -1
    4  25     1 -1
    5   7     1 1
    5  23     1 -1
    7  26     1 -1
    9  22     1 -1
    9  24     1 -1
   10  27     1 -1
   11  23     1 0
   12  15     1 1
   16  20     1 1
   16  24     1 2
   16  28     1 3
   17  23     1 4
   19  26     1 5
Best profit: 9
All profits:
0 1
1 19
2 171
3 969
4 3876
5 11628
6 27132
7 38374
8 27216
9 7441
End
