NMec = 95584
T = 19
P = 7
Profits ignored
Valid tasks:                                                           349536
Solution time = 5.924e-03
Task data
    0   3     1 0
    1  13     1 -1
    1  17     1 -1
    2   4     1 1
    2  25     1 -1
    3   9     1 2
    4  13     1 -1
    4  13     1 0
    4  29     1 -1
    5  19     1 1
    6  16     1 3
    6  26     1 -1
    8  20     1 4
    9  24     1 5
   11  22     1 2
   11  22     1 6
   16  23     1 0
   17  20     1 3
   20  24     1 1
Best profit: 13
All profits:
0 1
1 19
2 171
3 969
4 3876
5 11628
6 27132
7 50388
8 73688
9 80721
10 61678
11 30122
12 8222
13 921
End
