NMec = 95584
T = 19
P = 4
Profits ignored
Valid tasks:                                                           151517
Solution time = 3.118e-03
Task data
    0  21     1 -1
    1  10     1 0
    2   8     1 1
    3  25     1 -1
    5  25     1 -1
    6  13     1 2
   10  33     1 -1
   11  32     1 -1
   12  26     1 0
   14  20     1 1
   15  19     1 2
   16  23     1 3
   20  42     1 -1
   24  40     1 -1
   25  36     1 -1
   27  41     1 0
   30  43     1 1
   34  41     1 2
   36  47     1 3
Best profit: 11
All profits:
0 1
1 19
2 171
3 969
4 3876
5 11317
6 24034
7 36438
8 38106
9 25656
10 9588
11 1342
End
