NMec = 95584
T = 20
P = 5
Profits ignored
Valid tasks:                                                           207083
Solution time = 3.710e-03
Task data
    1  20     1 -1
    1  38     1 -1
    3  11     1 0
    7  15     1 1
    7  25     1 -1
    8  13     1 2
    8  18     1 -1
    9  20     1 3
   10  39     1 -1
   12  20     1 0
   12  26     1 4
   12  30     1 -1
   12  38     1 -1
   14  18     1 2
   18  29     1 -1
   18  39     1 1
   22  34     1 0
   26  36     1 2
   28  38     1 3
   28  39     1 4
Best profit: 12
All profits:
0 1
1 20
2 190
3 1140
4 4845
5 15504
6 35770
7 55492
8 54073
9 30347
10 8645
11 1024
12 32
End
