NMec = 95584
T = 20
P = 3
Profits ignored
Valid tasks:                                                           122732
Solution time = 2.225e-03
Task data
    0  66     1 -1
    1   6     1 0
    4  21     1 -1
    5  18     1 1
    8  65     1 -1
    9  23     1 0
   16  24     1 2
   22  37     1 1
   25  30     1 0
   26  30     1 2
   32  50     1 -1
   37  47     1 0
   37  58     1 -1
   38  50     1 1
   42  50     1 2
   42  58     1 -1
   47  66     1 -1
   50  62     1 0
   58  63     1 1
   58  66     1 2
Best profit: 13
All profits:
0 1
1 20
2 190
3 1140
4 4573
5 12457
6 23259
7 29923
8 26456
9 16014
10 6627
11 1798
12 262
13 12
End
