NMec = 95584
T = 20
P = 2
Profits ignored
Valid tasks:                                                            85072
Solution time = 1.310e-03
Task data
    1   8     1 -1
    1  10     1 0
    3  15     1 -1
    7  28     1 -1
    8  17     1 1
   14  27     1 0
   15  39     1 -1
   18  21     1 1
   24  39     1 1
   31  34     1 0
   38  51     1 -1
   42  49     1 0
   44  64     1 -1
   48  57     1 1
   55  61     1 0
   56  82     1 -1
   61  75     1 -1
   61  88     1 1
   63  75     1 0
   93  94     1 0
Best profit: 12
All profits:
0 1
1 20
2 190
3 1090
4 4113
5 10513
6 18321
7 21662
8 17115
9 8771
10 2761
11 480
12 35
End
