NMec = 95584
T = 20
P = 1
Profits ignored
Valid tasks:                                                             8100
Solution time = 1.628e-04
Task data
    9  18     1 0
   20  25     1 0
   27  50     1 0
   40 159     1 -1
   60  67     1 -1
   63  72     1 0
   69  81     1 -1
   70  76     1 -1
   74  84     1 -1
   74  87     1 -1
   76  98     1 0
  114 131     1 -1
  114 131     1 0
  114 138     1 -1
  132 138     1 0
  166 176     1 0
  167 188     1 -1
  178 188     1 -1
  186 196     1 -1
  188 195     1 0
Best profit: 9
All profits:
0 1
1 20
2 154
3 620
4 1482
5 2204
6 2051
7 1158
8 362
9 48
End
