NMec = 95584
T = 20
P = 4
Profits ignored
Valid tasks:                                                           249248
Solution time = 3.711e-03
Task data
    1   9     1 0
    2  14     1 1
    4  41     1 -1
    8  15     1 2
    8  37     1 -1
   12  25     1 -1
   13  28     1 0
   13  32     1 -1
   15  36     1 -1
   16  20     1 1
   17  35     1 -1
   19  24     1 2
   19  27     1 3
   24  31     1 1
   28  38     1 2
   30  32     1 0
   30  39     1 3
   38  47     1 0
   39  46     1 1
   40  47     1 2
Best profit: 14
All profits:
0 1
1 20
2 190
3 1140
4 4845
5 14955
6 33297
7 52955
8 59590
9 46768
10 24939
11 8613
12 1758
13 173
14 4
End
