NMec = 95584
T = 20
P = 7
Profits ignored
Valid tasks:                                                           910904
Solution time = 1.648e-02
Task data
    0   7     1 0
    4   9     1 1
    4   9     1 2
    5  28     1 -1
    7  11     1 3
    8  12     1 0
    8  25     1 -1
    9  29     1 -1
   10  13     1 1
   10  29     1 -1
   11  21     1 2
   13  16     1 0
   14  26     1 1
   16  23     1 3
   17  21     1 0
   18  20     1 4
   18  28     1 5
   20  28     1 6
   22  26     1 0
   23  27     1 2
Best profit: 16
All profits:
0 1
1 20
2 190
3 1140
4 4845
5 15504
6 38760
7 77520
8 125759
9 166000
10 176649
11 148299
12 94991
13 44297
14 14028
15 2672
16 229
End
