NMec = 95584
T = 21
P = 1
Profits ignored
Valid tasks:                                                            30672
Solution time = 7.136e-04
Task data
    0   8     1 0
   13  28     1 -1
   24  37     1 0
   34  48     1 -1
   42  51     1 -1
   42  56     1 -1
   43  50     1 0
   53  70     1 -1
   58  64     1 -1
   63  74     1 0
   63  78     1 -1
   75  90     1 -1
   78  92     1 0
   92 102     1 -1
   94 105     1 -1
   96 100     1 0
  116 132     1 -1
  127 133     1 0
  135 143     1 0
  151 163     1 0
  175 194     1 0
Best profit: 10
All profits:
0 1
1 21
2 187
3 933
4 2901
5 5902
6 7995
7 7153
8 4062
9 1327
10 190
End
