NMec = 95584
T = 21
P = 6
Profits ignored
Valid tasks:                                                           836988
Solution time = 1.320e-02
Task data
    2  17     1 0
    3  18     1 -1
    5  14     1 1
    5  18     1 -1
    5  30     1 -1
    7   9     1 2
    8  22     1 -1
    9  23     1 -1
   10  15     1 2
   10  19     1 -1
   10  25     1 -1
   12  21     1 3
   15  28     1 1
   16  18     1 2
   17  21     1 4
   17  27     1 5
   18  26     1 0
   20  26     1 2
   22  31     1 3
   22  32     1 4
   27  33     1 0
Best profit: 14
All profits:
0 1
1 21
2 210
3 1330
4 5985
5 20349
6 54264
7 113017
8 177303
9 200438
10 156129
11 79447
12 24374
13 3892
14 228
End
