NMec = 95584
T = 21
P = 2
Profits ignored
Valid tasks:                                                            88663
Solution time = 2.506e-03
Task data
    5  30     1 -1
    7  16     1 0
   13  88     1 -1
   24  29     1 0
   27  44     1 1
   37  51     1 -1
   37  55     1 -1
   41  51     1 0
   46  61     1 -1
   48  69     1 -1
   49  52     1 1
   53  64     1 0
   54  67     1 1
   66  71     1 0
   74  99     1 -1
   76  82     1 -1
   78  94     1 -1
   79  85     1 0
   82  87     1 1
   86  95     1 0
   88  99     1 1
Best profit: 12
All profits:
0 1
1 21
2 210
3 1233
4 4573
5 11267
6 19155
7 22528
8 17778
9 8904
10 2593
11 379
12 21
End
