NMec = 95584
T = 21
P = 4
Profits ignored
Valid tasks:                                                           427474
Solution time = 9.451e-03
Task data
    2  11     1 0
    3  14     1 1
    7  21     1 -1
    8  44     1 -1
    9  29     1 -1
    9  49     1 -1
   10  19     1 -1
   13  27     1 0
   16  28     1 1
   18  27     1 2
   18  35     1 3
   23  45     1 -1
   29  47     1 -1
   31  45     1 0
   31  48     1 -1
   32  35     1 1
   33  41     1 2
   36  48     1 1
   42  47     1 2
   43  50     1 3
   47  52     1 0
Best profit: 13
All profits:
0 1
1 21
2 210
3 1330
4 5985
5 19873
6 48622
7 85862
8 106387
9 89551
10 49351
11 16877
12 3176
13 228
End
