NMec = 95584
T = 21
P = 3
Profits ignored
Valid tasks:                                                           384704
Solution time = 7.768e-03
Task data
    0   6     1 0
    2  17     1 -1
    3   4     1 1
    3  17     1 -1
    4  20     1 -1
    8  15     1 0
    8  28     1 -1
    9  22     1 -1
   11  22     1 1
   15  29     1 2
   22  24     1 0
   22  55     1 -1
   25  59     1 0
   40  48     1 1
   42  52     1 2
   49  56     1 1
   49  68     1 -1
   54  64     1 -1
   58  66     1 1
   58  69     1 2
   61  66     1 0
Best profit: 13
All profits:
0 1
1 21
2 210
3 1330
4 5876
5 18823
6 44330
7 76393
8 94338
9 80545
10 45007
11 15072
12 2590
13 168
End
