NMec = 95584
T = 21
P = 7
Profits ignored
Valid tasks:                                                          1121940
Solution time = 1.803e-02
Task data
    0   9     1 -1
    0  12     1 -1
    0  19     1 -1
    1  15     1 0
    1  16     1 -1
    2  13     1 1
    2  14     1 2
    2  21     1 -1
    3  15     1 3
    3  23     1 -1
    4  10     1 4
    4  24     1 -1
    6  27     1 5
    8  17     1 6
   14  16     1 1
   14  20     1 4
   15  18     1 2
   16  17     1 0
   16  27     1 3
   19  27     1 0
   20  21     1 1
Best profit: 14
All profits:
0 1
1 21
2 210
3 1330
4 5985
5 20349
6 54264
7 116280
8 199255
9 261571
10 245689
11 151809
12 55074
13 9611
14 491
End
