NMec = 95584
T = 22
P = 5
Profits ignored
Valid tasks:                                                          1511624
Solution time = 3.273e-02
Task data
    1  12     1 0
    2  27     1 -1
    3  10     1 1
    3  18     1 2
   10  21     1 -1
   11  19     1 1
   13  38     1 -1
   14  20     1 -1
   14  21     1 0
   15  22     1 -1
   16  35     1 -1
   17  25     1 3
   20  24     1 1
   20  28     1 2
   20  29     1 4
   21  42     1 -1
   22  28     1 0
   27  42     1 1
   29  43     1 0
   31  39     1 2
   38  41     1 3
   39  43     1 4
Best profit: 15
All profits:
0 1
1 22
2 231
3 1540
4 7315
5 26334
6 73566
7 159272
8 264232
9 331232
10 308408
11 207926
12 97242
13 29192
14 4817
15 294
End
