NMec = 95584
T = 22
P = 8
Profits ignored
Valid tasks:                                                          1178949
Solution time = 2.925e-02
Task data
    0  21     1 -1
    0  28     1 -1
    2  29     1 -1
    4  15     1 0
    4  16     1 1
    4  21     1 -1
    4  23     1 -1
    4  28     1 -1
    5  21     1 -1
    7  27     1 -1
    8  14     1 2
    8  24     1 -1
    9  22     1 -1
    9  25     1 3
   10  25     1 4
   10  27     1 5
   11  18     1 6
   11  22     1 7
   16  24     1 0
   16  29     1 2
   18  19     1 1
   19  29     1 6
Best profit: 12
All profits:
0 1
1 22
2 231
3 1540
4 7315
5 26334
6 74613
7 170544
8 319770
9 363000
10 184184
11 30394
12 1001
End
