NMec = 95584
T = 22
P = 1
Profits ignored
Valid tasks:                                                            15200
Solution time = 2.861e-04
Task data
   25  32     1 0
   40  48     1 -1
   40  56     1 -1
   42  50     1 0
   44  59     1 -1
   51  78     1 -1
   56  60     1 0
   63  69     1 0
   85  94     1 -1
   88  92     1 -1
   89 105     1 -1
   91 100     1 0
  125 138     1 0
  133 140     1 -1
  133 159     1 -1
  137 141     1 -1
  140 149     1 0
  156 172     1 -1
  172 179     1 0
  182 207     1 -1
  193 204     1 -1
  199 213     1 0
Best profit: 9
All profits:
0 1
1 22
2 199
3 959
4 2674
5 4401
6 4194
7 2170
8 532
9 48
End
