NMec = 95584
T = 22
P = 4
Profits ignored
Valid tasks:                                                          1031584
Solution time = 1.837e-02
Task data
    0  11     1 -1
    0  27     1 -1
    0  50     1 -1
    1  18     1 -1
    5  11     1 0
    5  12     1 1
    6  27     1 2
    8  17     1 3
   16  20     1 0
   20  36     1 -1
   22  41     1 -1
   23  26     1 0
   27  36     1 0
   28  34     1 1
   29  39     1 2
   30  33     1 3
   31  45     1 -1
   33  41     1 -1
   35  47     1 1
   38  51     1 0
   39  53     1 3
   40  42     1 2
Best profit: 14
All profits:
0 1
1 22
2 231
3 1540
4 7315
5 26015
6 70344
7 144160
8 219871
9 242786
10 187703
11 96636
12 30157
13 4633
14 170
End
