NMec = 95584
T = 22
P = 2
Profits ignored
Valid tasks:                                                            46704
Solution time = 7.129e-04
Task data
    1  10     1 0
    2  16     1 -1
    5  17     1 -1
    8  16     1 -1
   11  36     1 -1
   16  25     1 0
   16  27     1 1
   17  38     1 -1
   22  30     1 -1
   26  43     1 -1
   28  48     1 -1
   28  53     1 -1
   30  33     1 0
   30  36     1 1
   30  87     1 -1
   34  53     1 -1
   35  49     1 -1
   43  55     1 0
   48  57     1 1
   56  73     1 0
   77  89     1 0
   84  88     1 1
Best profit: 10
All profits:
0 1
1 22
2 231
3 1338
4 4630
5 9859
6 13039
7 10680
8 5293
9 1447
10 164
End
