NMec = 95584
T = 22
P = 3
Profits ignored
Valid tasks:                                                           287232
Solution time = 5.896e-03
Task data
    4  16     1 0
   11  22     1 -1
   13  27     1 -1
   17  25     1 0
   20  28     1 1
   21  29     1 2
   23  48     1 -1
   25  48     1 -1
   25  68     1 -1
   31  36     1 0
   31  42     1 1
   33  48     1 2
   40  61     1 -1
   43  54     1 0
   44  45     1 1
   45  62     1 -1
   47  56     1 -1
   49  69     1 -1
   50  62     1 -1
   53  61     1 1
   53  63     1 2
   56  60     1 0
Best profit: 12
All profits:
0 1
1 22
2 231
3 1540
4 6974
5 21818
6 47241
7 70314
8 70713
9 46282
10 18236
11 3640
12 220
End
