NMec = 95584
T = 22
P = 6
Profits ignored
Valid tasks:                                                           757307
Solution time = 1.827e-02
Task data
    0  11     1 0
    0  26     1 -1
    2  10     1 1
    2  14     1 2
    6  21     1 -1
    7  10     1 3
    8  20     1 4
   10  22     1 5
   10  29     1 -1
   13  32     1 -1
   14  34     1 -1
   14  35     1 -1
   15  24     1 -1
   17  24     1 -1
   17  35     1 -1
   19  31     1 -1
   19  35     1 0
   20  24     1 1
   20  28     1 2
   21  33     1 3
   21  36     1 4
   24  36     1 5
Best profit: 12
All profits:
0 1
1 22
2 231
3 1540
4 7315
5 26334
6 74613
7 153034
8 208532
9 177887
10 87023
11 19695
12 1080
End
