NMec = 95584
T = 23
P = 4
Profits ignored
Valid tasks:                                                           401442
Solution time = 6.360e-03
Task data
    0  50     1 -1
    2  37     1 -1
    6  11     1 0
    6  56     1 -1
   13  25     1 -1
   15  23     1 0
   16  25     1 1
   16  28     1 2
   18  29     1 -1
   20  33     1 -1
   20  45     1 -1
   21  35     1 -1
   23  30     1 3
   25  30     1 0
   25  40     1 -1
   27  45     1 -1
   28  57     1 1
   29  33     1 2
   32  53     1 0
   34  44     1 2
   37  42     1 3
   43  44     1 3
   49  57     1 2
Best profit: 13
All profits:
0 1
1 23
2 253
3 1771
4 8855
5 30214
6 68104
7 100920
8 98233
9 62055
10 24603
11 5710
12 672
13 28
End
