NMec = 95584
T = 23
P = 3
Profits ignored
Valid tasks:                                                           919904
Solution time = 1.291e-02
Task data
    1  14     1 0
    3  16     1 1
    4  36     1 -1
    5  24     1 -1
   11  20     1 -1
   13  27     1 -1
   14  24     1 2
   15  25     1 0
   19  22     1 1
   22  65     1 -1
   23  37     1 -1
   25  29     1 1
   25  32     1 2
   29  40     1 -1
   29  43     1 0
   31  43     1 1
   35  42     1 2
   41  53     1 -1
   45  52     1 0
   45  67     1 1
   47  59     1 2
   65  74     1 0
   71  72     1 1
Best profit: 15
All profits:
0 1
1 23
2 253
3 1771
4 8631
5 30306
6 77754
7 146470
8 202274
9 203199
10 146200
11 73289
12 24357
13 4879
14 482
15 15
End
