NMec = 95584
T = 23
P = 5
Profits ignored
Valid tasks:                                                          1296712
Solution time = 2.628e-02
Task data
    0  11     1 0
    0  29     1 -1
    1   3     1 1
    1   8     1 2
    1  44     1 -1
    6  25     1 1
    9  12     1 2
   11  27     1 -1
   11  27     1 -1
   13  32     1 0
   14  30     1 2
   15  22     1 3
   17  34     1 -1
   22  31     1 4
   22  34     1 -1
   23  43     1 -1
   24  41     1 -1
   25  41     1 -1
   27  39     1 1
   27  39     1 3
   32  41     1 2
   33  42     1 0
   34  36     1 4
Best profit: 14
All profits:
0 1
1 23
2 253
3 1771
4 8855
5 33649
6 96389
7 201426
8 299193
9 309465
10 217020
11 98512
12 26512
13 3510
14 133
End
