NMec = 95584
T = 23
P = 2
Profits ignored
Valid tasks:                                                            69275
Solution time = 1.331e-03
Task data
    1 107     1 -1
   11 111     1 -1
   13  22     1 0
   18  29     1 1
   26  36     1 0
   33  57     1 -1
   41  47     1 0
   44  56     1 -1
   46  57     1 -1
   47  58     1 -1
   47  60     1 -1
   48  63     1 -1
   49  54     1 0
   49  59     1 1
   55  81     1 0
   65  86     1 -1
   80  94     1 1
   86 102     1 0
   90 107     1 -1
   95 108     1 -1
   98 106     1 -1
  101 110     1 1
  103 107     1 0
Best profit: 11
All profits:
0 1
1 23
2 253
3 1518
4 5353
5 11809
6 17331
7 17137
8 10896
9 4116
10 789
11 49
End
