NMec = 95584
T = 23
P = 1
Profits ignored
Valid tasks:                                                            64522
Solution time = 1.383e-03
Task data
    7  17     1 0
    9 201     1 -1
   17  39     1 -1
   29  43     1 -1
   39  46     1 0
   51  58     1 0
   76  84     1 0
  105 125     1 -1
  116 126     1 -1
  120 130     1 0
  137 147     1 0
  152 163     1 0
  164 171     1 0
  173 184     1 0
  187 198     1 -1
  188 192     1 0
  201 218     1 -1
  204 215     1 -1
  205 213     1 -1
  205 228     1 -1
  209 221     1 0
  211 228     1 -1
  224 228     1 0
Best profit: 12
All profits:
0 1
1 23
2 212
3 1099
4 3718
5 8528
6 13640
7 15404
8 12241
9 6698
10 2402
11 508
12 48
End
