NMec = 95584
T = 23
P = 8
Profits ignored
Valid tasks:                                                          3668008
Solution time = 6.394e-02
Task data
    0   3     1 0
    0  16     1 -1
    0  25     1 -1
    1  15     1 1
    1  26     1 -1
    2  11     1 2
    2  25     1 -1
    4  25     1 -1
    5  14     1 0
    5  15     1 3
    5  20     1 -1
    5  21     1 -1
    7  23     1 -1
    7  28     1 -1
   12  20     1 2
   12  21     1 4
   13  21     1 5
   13  21     1 6
   14  28     1 7
   16  22     1 0
   17  20     1 1
   20  23     1 3
   22  27     1 1
Best profit: 14
All profits:
0 1
1 23
2 253
3 1771
4 8855
5 33649
6 100947
7 245157
8 490314
9 779935
10 905885
11 698545
12 322180
13 74924
14 5569
End
