NMec = 95584
T = 24
P = 3
Profits ignored
Valid tasks:                                                           839900
Solution time = 1.657e-02
Task data
   11  18     1 -1
   14  27     1 -1
   15  32     1 -1
   18  21     1 0
   18  28     1 1
   18  29     1 2
   19  42     1 -1
   20  37     1 -1
   22  36     1 -1
   23  78     1 -1
   27  38     1 0
   30  34     1 1
   32  50     1 2
   43  60     1 0
   46  72     1 -1
   47  62     1 -1
   50  57     1 1
   55  68     1 -1
   56  67     1 -1
   58  63     1 1
   62  71     1 0
   62  76     1 2
   64  68     1 1
   73  79     1 0
Best profit: 13
All profits:
0 1
1 24
2 276
3 2024
4 10275
5 37060
6 94946
7 170908
8 212539
9 178022
10 96414
11 31537
12 5499
13 375
End
