NMec = 95584
T = 24
P = 5
Profits ignored
Valid tasks:                                                          2942209
Solution time = 6.727e-02
Task data
    1  11     1 0
    1  17     1 -1
    2  15     1 -1
    2  18     1 -1
    2  26     1 -1
    4  16     1 -1
    6  24     1 -1
    8  17     1 -1
    8  41     1 -1
    9  23     1 1
   10  27     1 2
   11  14     1 3
   12  18     1 0
   13  30     1 4
   16  45     1 -1
   20  28     1 0
   20  32     1 3
   25  38     1 -1
   26  45     1 -1
   34  39     1 0
   34  41     1 1
   34  44     1 2
   34  46     1 3
   36  39     1 4
Best profit: 13
All profits:
0 1
1 24
2 276
3 2024
4 10626
5 42504
6 131718
7 313080
8 559541
9 729564
10 654475
11 369232
12 114744
13 14400
End
