NMec = 95584
T = 24
P = 2
Profits ignored
Valid tasks:                                                           682952
Solution time = 9.773e-03
Task data
    1   7     1 0
    1   9     1 1
    3 118     1 -1
    8 108     1 -1
   12  20     1 0
   12  32     1 -1
   22  33     1 0
   23  34     1 1
   39  42     1 0
   54  66     1 -1
   55  70     1 0
   56  65     1 1
   56  77     1 -1
   57  76     1 -1
   67  75     1 -1
   68  77     1 -1
   70  84     1 1
   74  78     1 0
   84 100     1 0
   85  93     1 1
   94 110     1 -1
  101 114     1 0
  106 116     1 1
  115 118     1 0
Best profit: 15
All profits:
0 1
1 24
2 276
3 1887
4 8463
5 26378
6 59798
7 102240
8 134948
9 138394
10 109118
11 64516
12 27495
13 7929
14 1377
15 108
End
