NMec = 95584
T = 24
P = 6
Profits ignored
Valid tasks:                                                          6467932
Solution time = 1.111e-01
Task data
    0   8     1 0
    1  17     1 -1
    2  14     1 -1
    4  16     1 1
    4  21     1 -1
    7  28     1 -1
    8  28     1 -1
    9  12     1 0
    9  12     1 2
   10  19     1 3
   11  27     1 -1
   12  24     1 4
   12  26     1 5
   14  18     1 0
   16  23     1 2
   16  35     1 -1
   18  36     1 -1
   18  36     1 1
   20  37     1 0
   23  38     1 3
   24  27     1 2
   30  31     1 2
   30  38     1 4
   31  34     1 5
Best profit: 16
All profits:
0 1
1 24
2 276
3 2024
4 10626
5 42504
6 134596
7 343119
8 701188
9 1128000
10 1394719
11 1291309
12 868210
13 405752
14 122869
15 21232
16 1483
End
