NMec = 95584
T = 24
P = 4
Profits ignored
Valid tasks:                                                          1628220
Solution time = 2.719e-02
Task data
    1   2     1 0
    1  50     1 -1
    5  24     1 -1
    8  13     1 0
    8  15     1 1
    8  27     1 -1
    8  29     1 2
    8  29     1 3
   15  26     1 0
   15  34     1 -1
   18  36     1 -1
   22  36     1 -1
   22  38     1 -1
   25  31     1 1
   26  56     1 -1
   27  41     1 0
   30  34     1 2
   32  33     1 1
   33  42     1 3
   34  58     1 -1
   34  59     1 1
   38  57     1 2
   43  54     1 0
   44  55     1 3
Best profit: 15
All profits:
0 1
1 24
2 276
3 2024
4 10626
5 40999
6 115745
7 237603
8 352704
9 375495
10 282709
11 147021
12 50754
13 10878
14 1295
15 66
End
