NMec = 95584
T = 25
P = 5
Profits ignored
Valid tasks:                                                          4891164
Solution time = 8.563e-02
Task data
    0   8     1 0
    1  43     1 -1
    1  47     1 -1
    3  18     1 1
    4   7     1 2
    8  26     1 -1
   10  20     1 0
   10  24     1 -1
   14  24     1 -1
   15  26     1 -1
   16  25     1 2
   16  28     1 3
   19  21     1 1
   20  41     1 -1
   21  22     1 0
   21  28     1 4
   21  46     1 -1
   22  46     1 -1
   23  33     1 0
   25  36     1 1
   29  49     1 2
   30  42     1 3
   33  43     1 4
   37  49     1 0
   41  48     1 1
Best profit: 16
All profits:
0 1
1 25
2 300
3 2300
4 12650
5 53130
6 172575
7 427540
8 792824
9 1082620
10 1072237
11 756403
12 370249
13 120750
14 24604
15 2814
16 142
End
