NMec = 95584
T = 25
P = 4
Profits ignored
Valid tasks:                                                          1884282
Solution time = 2.981e-02
Task data
    2  55     1 -1
    3  11     1 0
    5  16     1 1
    8  22     1 -1
    9  59     1 -1
   10  23     1 -1
   10  23     1 -1
   10  27     1 -1
   10  52     1 -1
   13  25     1 -1
   14  29     1 0
   15  17     1 2
   17  24     1 1
   18  29     1 2
   18  33     1 3
   19  42     1 -1
   25  39     1 -1
   28  39     1 1
   32  39     1 0
   36  42     1 -1
   36  54     1 2
   38  46     1 3
   41  47     1 0
   41  49     1 1
   49  58     1 0
Best profit: 14
All profits:
0 1
1 25
2 300
3 2300
4 12650
5 50781
6 146913
7 301765
8 435928
9 439082
10 303836
11 140888
12 41958
13 7294
14 561
End
