NMec = 95584
T = 25
P = 2
Profits ignored
Valid tasks:                                                           617376
Solution time = 1.595e-02
Task data
    0  39     1 -1
    2   7     1 0
    2  16     1 -1
    4  75     1 -1
    6  16     1 -1
    8  22     1 0
   11  33     1 1
   26  35     1 0
   47  66     1 -1
   49  53     1 0
   60  69     1 -1
   64  75     1 0
   65  73     1 1
   65  87     1 -1
   69  94     1 -1
   74  86     1 1
   78  84     1 0
   78 100     1 -1
   85  89     1 0
   87 106     1 -1
   87 110     1 -1
   89  99     1 1
   92 110     1 0
  104 119     1 1
  111 116     1 0
Best profit: 14
All profits:
0 1
1 25
2 300
3 2180
4 10439
5 34227
6 78437
7 127198
8 146557
9 119203
10 67084
11 25121
12 5834
13 734
14 36
End
