NMec = 95584
T = 25
P = 3
Profits ignored
Valid tasks:                                                          1328910
Solution time = 2.339e-02
Task data
    1  25     1 -1
    2  11     1 0
    4  59     1 -1
    5  10     1 1
    9  19     1 2
   12  37     1 -1
   14  55     1 -1
   16  24     1 0
   16  43     1 -1
   17  32     1 -1
   19  28     1 -1
   20  40     1 1
   24  27     1 2
   26  37     1 0
   26  72     1 -1
   30  48     1 2
   38  53     1 0
   43  49     1 1
   52  75     1 -1
   53  57     1 1
   64  82     1 -1
   66  82     1 -1
   72  80     1 0
   74  79     1 1
   75  83     1 2
Best profit: 14
All profits:
0 1
1 25
2 300
3 2300
4 12110
5 45068
6 120479
7 231724
8 317011
9 302012
10 194426
11 80849
12 20014
13 2491
14 100
End
