NMec = 95584
T = 25
P = 8
Profits ignored
Valid tasks:                                                         15643596
Solution time = 2.841e-01
Task data
    0   7     1 0
    0  24     1 -1
    0  25     1 -1
    1   9     1 1
    1   9     1 2
    1  27     1 -1
    2  14     1 -1
    2  16     1 3
    2  24     1 -1
    4  15     1 4
    4  20     1 -1
    6   9     1 5
    6  30     1 -1
    8  25     1 -1
    8  25     1 0
    9  14     1 6
   10  22     1 1
   13  27     1 2
   14  26     1 5
   14  28     1 7
   15  31     1 6
   16  24     1 4
   17  31     1 3
   24  29     1 1
   28  29     1 0
Best profit: 17
All profits:
0 1
1 25
2 300
3 2300
4 12650
5 53130
6 177100
7 480700
8 1081575
9 2015959
10 3025292
11 3483224
12 2911246
13 1662435
14 601627
15 123646
16 12007
17 379
End
