NMec = 95584
T = 25
P = 6
Profits ignored
Valid tasks:                                                          1038988
Solution time = 2.107e-02
Task data
    1  41     1 -1
    4  17     1 0
    4  18     1 1
    4  23     1 2
    4  27     1 -1
    6  25     1 -1
   10  23     1 3
   10  25     1 -1
   10  31     1 -1
   10  32     1 -1
   11  27     1 -1
   11  34     1 -1
   14  27     1 -1
   15  34     1 -1
   16  26     1 -1
   16  27     1 -1
   17  28     1 -1
   17  36     1 -1
   18  34     1 0
   20  27     1 1
   21  31     1 4
   23  34     1 5
   24  31     1 2
   25  32     1 3
   31  38     1 1
Best profit: 11
All profits:
0 1
1 25
2 300
3 2300
4 12650
5 53130
6 177100
7 332270
8 309825
9 131178
10 19657
11 552
End
