NMec = 95584
T = 25
P = 1
Profits ignored
Valid tasks:                                                            76951
Solution time = 2.048e-03
Task data
    6  26     1 -1
    9 246     1 -1
   16  38     1 0
   45  59     1 -1
   53  63     1 0
   82  90     1 0
   90  97     1 -1
   93  99     1 0
  111 125     1 0
  119 135     1 -1
  122 169     1 -1
  130 140     1 0
  137 159     1 -1
  145 152     1 0
  152 168     1 -1
  157 176     1 -1
  158 174     1 -1
  161 172     1 0
  167 192     1 -1
  174 185     1 -1
  177 183     1 0
  187 196     1 0
  197 201     1 0
  210 220     1 -1
  211 220     1 0
Best profit: 12
All profits:
0 1
1 25
2 237
3 1309
4 4560
5 10616
6 16978
7 18808
8 14319
9 7294
10 2348
11 424
12 32
End
