NMec = 95584
T = 26
P = 4
Profits ignored
Valid tasks:                                                          1355485
Solution time = 4.761e-02
Task data
    0   8     1 0
    0  15     1 1
    1  58     1 -1
    1  59     1 -1
    2  63     1 -1
    4  21     1 -1
    9  21     1 -1
    9  26     1 -1
    9  28     1 -1
   11  23     1 0
   11  41     1 2
   13  37     1 3
   17  21     1 1
   22  47     1 -1
   24  58     1 -1
   25  34     1 0
   34  49     1 -1
   38  50     1 -1
   39  58     1 -1
   40  60     1 -1
   41  51     1 -1
   41  51     1 -1
   42  50     1 0
   42  58     1 1
   47  57     1 2
   47  58     1 3
Best profit: 11
All profits:
0 1
1 26
2 325
3 2600
4 14950
5 61455
6 174895
7 330064
8 388953
9 269169
10 98617
11 14430
End
