NMec = 95584
T = 26
P = 1
Profits ignored
Valid tasks:                                                            39482
Solution time = 7.461e-04
Task data
    1  13     1 0
    7 240     1 -1
    9 255     1 -1
   11  33     1 -1
   17  36     1 -1
   24  36     1 0
   52  79     1 -1
   64  79     1 0
   68  86     1 -1
   72  82     1 -1
   80  87     1 0
   86 106     1 -1
   90 235     1 -1
   94 112     1 0
  109 131     1 -1
  112 126     1 -1
  114 119     1 0
  146 152     1 0
  154 163     1 0
  170 182     1 0
  181 204     1 -1
  188 207     1 -1
  193 215     1 -1
  194 203     1 -1
  198 212     1 0
  220 238     1 0
Best profit: 11
All profits:
0 1
1 26
2 231
3 1202
4 3815
5 7795
6 10404
7 9052
8 5008
9 1652
10 280
11 16
End
