NMec = 95584
T = 26
P = 2
Profits ignored
Valid tasks:                                                          2503392
Solution time = 3.859e-02
Task data
    1  16     1 -1
    2  14     1 0
    8  32     1 -1
    8  86     1 -1
   13  20     1 1
   18  27     1 0
   28  37     1 -1
   28  38     1 0
   29  35     1 1
   39  43     1 0
   44  68     1 -1
   45  62     1 -1
   48  58     1 0
   52  61     1 1
   64  69     1 0
   65  77     1 1
   68  92     1 -1
   77  80     1 0
   82  92     1 0
   86  97     1 -1
   86 103     1 -1
   90 102     1 1
   91 114     1 -1
   93 113     1 0
  106 114     1 1
  114 122     1 0
Best profit: 16
All profits:
0 1
1 26
2 325
3 2520
4 13319
5 50325
6 139761
7 290179
8 454676
9 538828
10 480306
11 317573
12 152085
13 50814
14 11142
15 1431
16 81
End
