NMec = 95584
T = 27
P = 7
Profits ignored
Valid tasks:                                                         19212783
Solution time = 4.129e-01
Task data
    0  36     1 -1
    0  38     1 -1
    2  24     1 -1
    4  12     1 0
    4  23     1 -1
    5  13     1 1
    6  15     1 2
    7  21     1 3
    8  18     1 4
    8  20     1 5
   10  29     1 -1
   12  22     1 -1
   12  34     1 -1
   13  22     1 0
   13  23     1 -1
   14  26     1 -1
   15  27     1 -1
   17  23     1 1
   18  36     1 -1
   19  30     1 2
   19  31     1 4
   20  32     1 6
   21  25     1 5
   22  29     1 3
   23  27     1 0
   25  35     1 1
   28  30     1 0
Best profit: 16
All profits:
0 1
1 27
2 351
3 2925
4 17550
5 80730
6 296010
7 888030
8 2111770
9 3749737
10 4732603
11 4082658
12 2300916
13 790724
14 146831
15 11694
16 226
End
