NMec = 95584
T = 27
P = 4
Profits ignored
Valid tasks:                                                          9101897
Solution time = 1.541e-01
Task data
    0  55     1 -1
    4  20     1 -1
    6  16     1 0
    9  21     1 1
    9  28     1 2
   15  32     1 -1
   15  34     1 3
   17  24     1 0
   17  63     1 -1
   22  38     1 1
   22  45     1 -1
   28  65     1 -1
   32  41     1 0
   32  42     1 -1
   32  43     1 2
   39  50     1 1
   40  49     1 3
   40  57     1 -1
   42  46     1 0
   42  63     1 -1
   43  61     1 -1
   44  46     1 2
   47  61     1 0
   48  57     1 2
   53  59     1 1
   56  60     1 3
   59  62     1 2
Best profit: 17
All profits:
0 1
1 27
2 351
3 2925
4 17550
5 78985
6 268798
7 689849
8 1327594
9 1901819
10 2008716
11 1543534
12 846221
13 321412
14 80743
15 12368
16 978
17 26
End
