NMec = 95584
T = 27
P = 5
Profits ignored
Valid tasks:                                                          9924173
Solution time = 2.272e-01
Task data
    0  53     1 -1
    2  11     1 0
    5  17     1 1
    7  28     1 -1
    9  11     1 2
   10  36     1 -1
   11  26     1 3
   13  20     1 0
   13  28     1 -1
   16  31     1 2
   18  44     1 -1
   19  30     1 1
   19  39     1 -1
   20  32     1 4
   21  30     1 0
   24  37     1 -1
   24  42     1 -1
   27  32     1 3
   29  37     1 -1
   30  47     1 -1
   31  51     1 -1
   32  36     1 0
   34  49     1 1
   36  38     1 2
   36  45     1 3
   36  53     1 4
   37  47     1 0
Best profit: 16
All profits:
0 1
1 27
2 351
3 2925
4 17550
5 80730
6 287459
7 776235
8 1548930
9 2233856
10 2283642
11 1620564
12 777397
13 242788
14 46553
15 4944
16 221
End
