NMec = 95584
T = 27
P = 8
Profits ignored
Valid tasks:                                                         45204870
Solution time = 1.004e+00
Task data
    0   9     1 0
    1  16     1 1
    1  23     1 -1
    1  33     1 -1
    2  29     1 -1
    2  32     1 -1
    3   9     1 2
    3  14     1 3
    3  16     1 4
    5  16     1 5
    8  21     1 6
    9  27     1 -1
    9  32     1 -1
    9  32     1 -1
   11  16     1 0
   13  26     1 -1
   13  31     1 -1
   14  23     1 2
   15  28     1 3
   16  29     1 7
   17  29     1 0
   20  31     1 1
   22  31     1 4
   23  24     1 5
   23  29     1 6
   27  28     1 2
   27  29     1 5
Best profit: 18
All profits:
0 1
1 27
2 351
3 2925
4 17550
5 80730
6 296010
7 888030
8 2220075
9 4623410
10 7792138
11 10118672
12 9577062
13 6234140
14 2615075
15 650369
16 83983
17 4283
18 39
End
