NMec = 95584
T = 27
P = 1
Profits ignored
Valid tasks:                                                            93176
Solution time = 1.668e-03
Task data
    6  27     1 -1
   16 223     1 -1
   20  35     1 0
   20 216     1 -1
   26  43     1 -1
   26 194     1 -1
   37  42     1 -1
   40  48     1 0
   51  66     1 -1
   57  72     1 0
   79 105     1 -1
   82  93     1 0
   89 111     1 -1
  103 116     1 -1
  103 125     1 0
  115 221     1 -1
  132 137     1 0
  150 177     1 -1
  162 170     1 -1
  165 187     1 0
  192 198     1 -1
  198 215     1 0
  217 224     1 0
  226 237     1 0
  242 258     1 -1
  244 259     1 -1
  252 266     1 0
Best profit: 11
All profits:
0 1
1 27
2 260
3 1435
4 5158
5 12493
6 20731
7 23589
8 18014
9 8756
10 2424
11 288
End
