NMec = 95584
T = 27
P = 2
Profits ignored
Valid tasks:                                                          2259200
Solution time = 3.704e-02
Task data
    1  10     1 0
    8  31     1 -1
    8 113     1 -1
   10  21     1 -1
   11  19     1 -1
   13  15     1 0
   15  31     1 1
   29  37     1 0
   31  50     1 -1
   39  52     1 -1
   40  57     1 -1
   45  47     1 0
   46  66     1 -1
   47  63     1 1
   48  64     1 0
   63  80     1 -1
   64  83     1 -1
   66  76     1 0
   68  84     1 -1
   71  96     1 1
   78  81     1 0
   89 100     1 0
  100 119     1 -1
  106 112     1 0
  108 110     1 1
  113 128     1 0
  119 134     1 1
Best profit: 15
All profits:
0 1
1 27
2 351
3 2791
4 14834
5 55517
6 151802
7 309131
8 468228
9 519262
10 411099
11 224641
12 81034
13 18115
14 2251
15 116
End
