NMec = 95584
T = 27
P = 6
Profits ignored
Valid tasks:                                                          9374116
Solution time = 1.666e-01
Task data
    2  10     1 0
    3  13     1 1
    3  19     1 2
    3  22     1 3
    5  35     1 -1
    6  22     1 4
    9  31     1 -1
   10  29     1 -1
   11  22     1 0
   12  28     1 -1
   13  27     1 -1
   14  26     1 -1
   14  36     1 -1
   15  26     1 -1
   17  29     1 -1
   18  38     1 -1
   19  28     1 -1
   20  28     1 1
   20  37     1 -1
   21  43     1 2
   22  42     1 5
   25  32     1 0
   25  34     1 3
   26  35     1 4
   29  35     1 1
   35  39     1 0
   40  44     1 0
Best profit: 15
All profits:
0 1
1 27
2 351
3 2925
4 17550
5 80730
6 296010
7 826771
8 1657413
9 2304899
10 2176126
11 1355686
12 528444
13 115825
14 11163
15 195
End
