NMec = 95584
T = 28
P = 7
Profits ignored
Valid tasks:                                                         95346986
Solution time = 2.127e+00
Task data
    0   7     1 0
    0  26     1 -1
    1  19     1 1
    3  14     1 2
    3  22     1 3
    5  14     1 4
    6  14     1 5
    7  28     1 -1
   11  18     1 0
   11  28     1 -1
   12  19     1 6
   13  33     1 -1
   15  32     1 -1
   16  25     1 2
   18  19     1 4
   18  29     1 -1
   18  33     1 -1
   19  29     1 -1
   20  35     1 -1
   20  37     1 0
   21  23     1 1
   24  29     1 1
   25  30     1 3
   25  34     1 4
   26  30     1 2
   27  38     1 5
   28  39     1 6
   30  34     1 1
Best profit: 19
All profits:
0 1
1 28
2 378
3 3276
4 20475
5 98280
6 376740
7 1184040
8 3094797
9 6729243
10 12025637
11 17317218
12 19624215
13 17034043
14 10964251
15 5017697
16 1538688
17 288630
18 28311
19 1038
End
