NMec = 95584
T = 28
P = 3
Profits ignored
Valid tasks:                                                         13163035
Solution time = 3.513e-01
Task data
    0  19     1 -1
    5   9     1 0
    7  22     1 -1
    8  17     1 1
   12  22     1 0
   13  31     1 -1
   18  25     1 1
   18  26     1 2
   18  36     1 -1
   24  76     1 -1
   25  40     1 0
   27  34     1 1
   29  39     1 2
   30  49     1 -1
   38  62     1 -1
   40  65     1 -1
   44  60     1 0
   46  51     1 1
   49  55     1 2
   59  80     1 -1
   63  72     1 0
   66  86     1 -1
   67  81     1 -1
   69  82     1 -1
   73  85     1 -1
   75  83     1 0
   75  84     1 1
   78  92     1 2
Best profit: 15
All profits:
0 1
1 28
2 378
3 3276
4 20225
5 93139
6 326500
7 875962
8 1789722
9 2745809
10 3086871
11 2447436
12 1290940
13 412363
14 66871
15 3514
End
