NMec = 95584
T = 28
P = 2
Profits ignored
Valid tasks:                                                          4831256
Solution time = 7.563e-02
Task data
    0 139     1 -1
    3  21     1 -1
   11  13     1 0
   12  17     1 1
   14  24     1 0
   17  66     1 -1
   20  36     1 -1
   26  35     1 -1
   27  38     1 -1
   29  38     1 0
   29  47     1 1
   38  57     1 -1
   50  72     1 -1
   56  67     1 0
   57  60     1 1
   59  75     1 -1
   61  64     1 1
   66  86     1 -1
   67  81     1 1
   75  83     1 0
   92  99     1 0
   98 108     1 -1
  100 109     1 -1
  105 110     1 0
  108 118     1 1
  112 125     1 -1
  113 123     1 0
  121 124     1 1
Best profit: 15
All profits:
0 1
1 28
2 378
3 3130
4 17424
5 68954
6 202180
7 451451
8 775445
9 1019266
10 1010311
11 737868
12 382729
13 132465
14 27166
15 2460
End
