NMec = 95584
T = 28
P = 4
Profits ignored
Valid tasks:                                                          3508053
Solution time = 8.002e-02
Task data
    0  69     1 -1
    1  18     1 -1
    1  65     1 -1
    3  21     1 -1
    6  16     1 -1
    8  63     1 -1
    8  65     1 -1
   10  14     1 0
   12  27     1 -1
   13  23     1 1
   14  26     1 2
   15  20     1 0
   15  25     1 3
   15  52     1 -1
   22  30     1 0
   23  49     1 -1
   25  49     1 -1
   30  39     1 1
   39  54     1 -1
   40  59     1 -1
   44  57     1 -1
   45  48     1 0
   45  58     1 -1
   45  62     1 1
   47  59     1 2
   47  63     1 3
   49  64     1 0
   61  67     1 2
Best profit: 13
All profits:
0 1
1 28
2 378
3 3276
4 20475
5 92114
6 289437
7 618084
8 884007
9 838159
10 516818
11 198370
12 42923
13 3983
End
