NMec = 95584
T = 28
P = 1
Profits ignored
Valid tasks:                                                            31046
Solution time = 5.076e-04
Task data
   18 246     1 -1
   23  47     1 0
   25 263     1 -1
   26 146     1 -1
   30 194     1 -1
   78  82     1 0
   84  99     1 0
  112 124     1 0
  112 130     1 -1
  114 133     1 -1
  118 138     1 -1
  129 140     1 0
  149 162     1 -1
  162 179     1 0
  173 197     1 -1
  174 184     1 -1
  174 186     1 -1
  179 193     1 -1
  180 196     1 -1
  183 193     1 0
  212 229     1 -1
  213 226     1 0
  218 228     1 -1
  223 235     1 -1
  225 248     1 -1
  227 246     1 0
  261 266     1 0
  270 276     1 0
Best profit: 11
All profits:
0 1
1 28
2 260
3 1296
4 3787
5 6925
6 8219
7 6361
8 3120
9 905
10 136
11 8
End
