NMec = 95584
T = 28
P = 6
Profits ignored
Valid tasks:                                                         42888193
Solution time = 9.576e-01
Task data
    0  32     1 -1
    1   9     1 0
    2  10     1 1
    2  20     1 2
    3   8     1 3
    3  35     1 -1
    4  11     1 4
    7  34     1 -1
    8  20     1 5
    9  30     1 -1
   10  17     1 0
   12  32     1 -1
   15  29     1 1
   18  30     1 0
   21  25     1 2
   21  31     1 -1
   22  40     1 -1
   24  29     1 3
   26  35     1 -1
   26  40     1 -1
   26  45     1 -1
   27  31     1 2
   28  35     1 4
   28  43     1 5
   31  38     1 0
   31  39     1 1
   31  44     1 3
   33  44     1 2
Best profit: 18
All profits:
0 1
1 28
2 378
3 3276
4 20475
5 98280
6 376740
7 1166131
8 2881715
9 5579535
10 8312587
11 9361397
12 7805815
13 4691403
14 1957928
15 536523
16 88172
17 7524
18 285
End
