NMec = 95584
T = 28
P = 5
Profits ignored
Valid tasks:                                                         53712286
Solution time = 1.214e+00
Task data
    1   2     1 0
    1  14     1 1
    1  53     1 -1
    2  16     1 -1
    2  54     1 -1
    3  11     1 0
    4  16     1 2
    7  22     1 -1
    7  42     1 -1
   11  25     1 3
   12  17     1 0
   12  26     1 4
   15  23     1 1
   15  34     1 -1
   18  26     1 0
   21  38     1 2
   24  31     1 1
   25  43     1 -1
   29  31     1 0
   30  31     1 3
   31  38     1 4
   32  53     1 -1
   33  41     1 -1
   35  44     1 0
   39  47     1 1
   39  48     1 2
   40  41     1 3
   40  45     1 4
Best profit: 19
All profits:
0 1
1 28
2 378
3 3276
4 20475
5 98280
6 374941
7 1153172
8 2860029
9 5674453
10 8903206
11 10910056
12 10309105
13 7402652
14 3962677
15 1539791
16 418005
17 74204
18 7326
19 231
End
