NMec = 95584
T = 29
P = 7
Profits ignored
Valid tasks:                                                         52517860
Solution time = 1.280e+00
Task data
    1  41     1 -1
    1  41     1 -1
    3  10     1 0
    5  27     1 -1
    6  10     1 1
    7   9     1 2
    7  32     1 -1
   10  22     1 2
   10  30     1 -1
   11  15     1 0
   11  23     1 1
   12  28     1 -1
   13  29     1 -1
   14  20     1 3
   14  34     1 -1
   14  38     1 -1
   16  19     1 0
   16  30     1 -1
   16  30     1 -1
   17  31     1 -1
   20  30     1 -1
   20  37     1 0
   21  38     1 3
   22  32     1 4
   23  29     1 2
   23  37     1 5
   24  28     1 1
   26  35     1 6
   33  39     1 1
Best profit: 16
All profits:
0 1
1 29
2 406
3 3654
4 23751
5 118755
6 475020
7 1560780
8 4096227
9 8145968
10 11796731
11 12126504
12 8634383
13 4104599
14 1219675
15 198641
16 12736
End
