NMec = 95584
T = 29
P = 1
Profits ignored
Valid tasks:                                                           318060
Solution time = 8.442e-03
Task data
   30  42     1 -1
   33  40     1 0
   62  78     1 -1
   64  71     1 0
   87 113     1 -1
  107 116     1 0
  127 137     1 0
  137 144     1 -1
  140 155     1 0
  162 169     1 -1
  162 171     1 0
  169 194     1 -1
  173 174     1 0
  173 270     1 -1
  183 196     1 0
  192 207     1 -1
  195 206     1 -1
  200 213     1 -1
  201 207     1 0
  212 236     1 -1
  220 230     1 -1
  221 230     1 -1
  221 267     1 -1
  226 233     1 0
  232 245     1 -1
  233 258     1 -1
  236 244     1 0
  259 274     1 -1
  266 267     1 0
Best profit: 12
All profits:
0 1
1 29
2 345
3 2308
4 9815
5 28125
6 55783
7 77098
8 73516
9 47024
10 19120
11 4448
12 448
End
