NMec = 95584
T = 29
P = 2
Profits ignored
Valid tasks:                                                          6939474
Solution time = 1.402e-01
Task data
    4  25     1 -1
    7  19     1 -1
    9  85     1 -1
   10  19     1 0
   15  24     1 -1
   15 123     1 -1
   19  27     1 1
   23  27     1 0
   29  36     1 0
   32  36     1 1
   40  54     1 -1
   46  66     1 -1
   48  61     1 0
   49  67     1 -1
   50  67     1 1
   60  74     1 -1
   62  70     1 0
   68  82     1 1
   81  98     1 -1
   82  85     1 0
   83  91     1 1
   87 112     1 -1
   88 101     1 0
   97 105     1 1
  108 113     1 0
  111 126     1 -1
  116 125     1 -1
  121 129     1 0
  125 130     1 1
Best profit: 16
All profits:
0 1
1 29
2 406
3 3493
4 20258
5 83525
6 254070
7 585214
8 1034938
9 1407058
10 1456916
11 1128090
12 636144
13 251891
14 66245
15 10440
16 756
End
