NMec = 95584
T = 29
P = 4
Profits ignored
Valid tasks:                                                         37565246
Solution time = 7.623e-01
Task data
    0  69     1 -1
    1  18     1 0
    2   8     1 1
    4  36     1 -1
    5  12     1 2
    5  30     1 -1
   10  29     1 -1
   13  28     1 -1
   15  24     1 1
   18  21     1 2
   19  24     1 0
   21  34     1 3
   21  41     1 -1
   21  48     1 -1
   26  40     1 0
   27  43     1 -1
   27  53     1 -1
   31  50     1 1
   38  52     1 2
   39  47     1 3
   40  65     1 -1
   42  50     1 0
   48  54     1 3
   48  60     1 -1
   52  64     1 0
   52  66     1 1
   54  69     1 2
   60  62     1 3
   64  72     1 3
Best profit: 18
All profits:
0 1
1 29
2 406
3 3654
4 23751
5 117281
6 448314
7 1332762
8 3075464
9 5483022
10 7507894
11 7836632
12 6162794
13 3580207
14 1488433
15 421643
16 75292
17 7380
18 287
End
