NMec = 95584
T = 29
P = 8
Profits ignored
Valid tasks:                                                        187759828
Solution time = 3.732e+00
Task data
    0  13     1 -1
    0  22     1 -1
    1   8     1 0
    1   9     1 -1
    1  12     1 -1
    2  15     1 1
    2  17     1 2
    2  20     1 3
    4  17     1 4
    5  23     1 -1
    5  32     1 -1
    7  15     1 5
    8  16     1 6
    8  27     1 -1
    9  11     1 0
    9  15     1 7
   10  34     1 -1
   12  27     1 -1
   13  21     1 -1
   14  24     1 -1
   14  27     1 0
   17  24     1 1
   17  26     1 5
   17  26     1 6
   17  34     1 7
   19  30     1 2
   21  29     1 3
   21  31     1 4
   29  34     1 0
Best profit: 18
All profits:
0 1
1 29
2 406
3 3654
4 23751
5 118755
6 475020
7 1560780
8 4292145
9 9966605
10 19416498
11 31036244
12 39368642
13 38038331
14 26609905
15 12605452
16 3665586
17 550064
18 27960
End
