NMec = 95584
T = 30
P = 5
Profits ignored
Valid tasks:                                                         75528860
Solution time = 1.538e+00
Task data
    2   5     1 0
    3  14     1 1
    3  50     1 -1
    7  22     1 -1
    7  28     1 -1
   11  32     1 0
   11  59     1 -1
   13  31     1 2
   14  30     1 3
   16  36     1 -1
   17  52     1 -1
   19  23     1 1
   19  34     1 -1
   20  36     1 -1
   22  27     1 4
   30  49     1 -1
   31  38     1 1
   31  47     1 -1
   31  48     1 3
   32  43     1 2
   33  44     1 0
   33  45     1 4
   36  57     1 -1
   38  52     1 -1
   39  45     1 1
   45  55     1 0
   45  57     1 2
   47  54     1 1
   49  59     1 3
   50  58     1 4
Best profit: 18
All profits:
0 1
1 30
2 435
3 4060
4 27405
5 142506
6 586422
7 1913484
8 4901029
9 9713561
10 14673980
11 16638662
12 13909653
13 8373263
14 3508719
15 967734
16 156666
17 11130
18 120
End
