NMec = 95584
T = 30
P = 3
Profits ignored
Valid tasks:                                                          8025818
Solution time = 1.734e-01
Task data
    1   2     1 0
    1  92     1 -1
    2  85     1 -1
    5  51     1 -1
    8  14     1 0
   12  84     1 -1
   13  23     1 1
   21  32     1 0
   21  42     1 -1
   23  95     1 -1
   24  34     1 -1
   24  34     1 -1
   28  34     1 1
   29  37     1 2
   34  49     1 0
   39  57     1 1
   45  60     1 2
   52  61     1 0
   67  85     1 -1
   67  90     1 -1
   68  81     1 0
   68  84     1 1
   71  95     1 -1
   78  93     1 -1
   80  88     1 2
   80  93     1 -1
   83  93     1 -1
   89  96     1 0
   89  98     1 1
   91  99     1 2
Best profit: 16
All profits:
0 1
1 30
2 435
3 4060
4 26014
5 116606
6 371026
7 851706
8 1429889
9 1769913
10 1618177
11 1087031
12 527917
13 178718
14 39200
15 4845
16 250
End
