NMec = 95584
T = 30
P = 8
Profits ignored
Valid tasks:                                                        297663846
Solution time = 6.897e+00
Task data
    1  15     1 0
    1  15     1 1
    1  17     1 2
    2  10     1 3
    3  11     1 4
    3  28     1 -1
    5  25     1 -1
    7  14     1 5
    7  26     1 -1
    9  32     1 -1
   10  21     1 6
   11  25     1 -1
   12  21     1 3
   12  28     1 -1
   13  19     1 4
   13  30     1 -1
   14  21     1 7
   14  37     1 -1
   16  30     1 -1
   17  24     1 0
   17  27     1 1
   18  29     1 -1
   20  36     1 2
   23  34     1 3
   23  34     1 4
   23  36     1 5
   24  31     1 6
   24  32     1 7
   26  31     1 0
   28  34     1 1
Best profit: 20
All profits:
0 1
1 30
2 435
3 4060
4 27405
5 142506
6 593775
7 2035800
8 5852925
9 14214682
10 28871083
11 47793222
12 62304151
13 61544439
14 44123431
15 21803131
16 6939590
17 1289740
18 119316
19 4096
20 28
End
