NMec = 95584
T = 30
P = 7
Profits ignored
Valid tasks:                                                        273403032
Solution time = 5.221e+00
Task data
    0  14     1 -1
    0  20     1 -1
    0  42     1 -1
    1  11     1 -1
    1  33     1 -1
    2  39     1 -1
    3   8     1 0
    3   9     1 1
    3  11     1 2
    4  16     1 3
    5  18     1 4
    5  26     1 5
    8  25     1 6
    9  31     1 -1
    9  32     1 -1
   11  28     1 -1
   12  26     1 0
   14  28     1 -1
   17  24     1 1
   18  28     1 2
   18  37     1 -1
   23  36     1 3
   25  42     1 1
   27  35     1 0
   28  34     1 4
   28  39     1 5
   28  40     1 6
   31  36     1 2
   37  41     1 0
   38  42     1 2
Best profit: 19
All profits:
0 1
1 30
2 435
3 4060
4 27405
5 142506
6 593775
7 2035800
8 5828472
9 13943640
10 27538751
11 44005670
12 55560927
13 54034876
14 39356388
15 20748842
16 7559341
17 1772710
18 236021
19 13382
End
