NMec = 95584
T = 30
P = 4
Profits ignored
Valid tasks:                                                         97010104
Solution time = 1.813e+00
Task data
    1  22     1 -1
    2   4     1 0
    6  22     1 -1
    7  23     1 0
    7  50     1 -1
    8  15     1 1
    9  27     1 -1
   12  18     1 2
   19  44     1 -1
   21  28     1 1
   21  40     1 2
   22  28     1 3
   25  36     1 0
   29  51     1 -1
   30  38     1 1
   30  49     1 -1
   32  48     1 -1
   34  44     1 -1
   34  54     1 -1
   35  44     1 3
   39  57     1 0
   41  59     1 1
   43  53     1 2
   46  51     1 3
   50  68     1 -1
   53  60     1 3
   57  64     1 2
   59  67     1 0
   61  68     1 1
   61  73     1 3
Best profit: 19
All profits:
0 1
1 30
2 435
3 4060
4 27405
5 141308
6 570794
7 1826204
8 4646859
9 9407117
10 15113377
11 19160382
12 18974291
13 14435520
14 8222510
15 3371056
16 935609
17 158961
18 13771
19 414
End
