NMec = 95584
T = 30
P = 1
Profits ignored
Valid tasks:                                                          2696004
Solution time = 4.521e-02
Task data
    3  28     1 -1
   27  31     1 0
   34  41     1 -1
   39  49     1 0
   46  57     1 -1
   50  57     1 0
   54 206     1 -1
   65  69     1 0
   77  89     1 0
   92 103     1 0
  109 124     1 0
  126 152     1 -1
  144 155     1 0
  164 170     1 -1
  164 177     1 0
  173 188     1 -1
  182 188     1 0
  188 197     1 -1
  190 199     1 -1
  191 199     1 0
  199 211     1 -1
  205 221     1 0
  232 248     1 -1
  237 247     1 -1
  242 248     1 -1
  245 263     1 -1
  246 263     1 0
  270 278     1 0
  279 287     1 -1
  285 295     1 0
Best profit: 15
All profits:
0 1
1 30
2 391
3 3017
4 15640
5 57916
6 158120
7 323650
8 500543
9 585039
10 512677
11 330746
12 151966
13 46884
14 8664
15 720
End
