NMec = 95584
T = 31
P = 5
Profits ignored
Valid tasks:                                                        228021984
Solution time = 4.536e+00
Task data
    0  12     1 0
    0  57     1 -1
    1  19     1 -1
    2  11     1 1
    2  23     1 -1
    3  12     1 2
    5  21     1 -1
    7  23     1 -1
   11  36     1 3
   14  24     1 0
   16  24     1 1
   17  24     1 2
   18  32     1 4
   19  49     1 -1
   26  31     1 0
   26  45     1 -1
   28  37     1 1
   28  43     1 2
   34  48     1 -1
   36  47     1 -1
   36  55     1 -1
   38  48     1 -1
   38  54     1 -1
   39  54     1 -1
   40  56     1 0
   44  48     1 1
   44  53     1 2
   44  56     1 3
   45  54     1 4
   52  61     1 1
   56  58     1 2
Best profit: 18
All profits:
0 1
1 31
2 465
3 4495
4 31465
5 169911
6 732321
7 2556736
8 7250442
9 16614579
10 30407309
11 43706115
12 48350020
13 40202328
14 24377826
15 10316897
16 2833569
17 439900
18 27574
End
