NMec = 95584
T = 31
P = 4
Profits ignored
Valid tasks:                                                        190028178
Solution time = 3.346e+00
Task data
    0  10     1 0
    0  12     1 1
    1  18     1 -1
    1  74     1 -1
    5  14     1 -1
    7  15     1 2
    9  14     1 3
    9  26     1 -1
   11  24     1 0
   12  30     1 -1
   12  35     1 -1
   13  18     1 1
   16  27     1 2
   19  58     1 -1
   20  26     1 1
   20  34     1 -1
   21  28     1 3
   26  41     1 0
   28  67     1 -1
   30  46     1 1
   32  42     1 2
   34  40     1 3
   44  53     1 -1
   45  54     1 0
   48  60     1 1
   49  59     1 2
   52  60     1 3
   55  74     1 0
   64  72     1 1
   69  71     1 2
   69  77     1 3
Best profit: 21
All profits:
0 1
1 31
2 465
3 4495
4 31465
5 168839
6 713844
7 2407122
8 6501854
9 14074100
10 24378447
11 33695020
12 36999357
13 32065026
14 21716484
15 11319907
16 4431343
17 1251717
18 239182
19 27819
20 1630
21 30
End
