NMec = 95584
T = 31
P = 6
Profits ignored
Valid tasks:                                                        568185540
Solution time = 1.022e+01
Task data
    0   2     1 0
    0  21     1 -1
    0  42     1 -1
    2  11     1 -1
    2  14     1 -1
    2  33     1 -1
    4  12     1 0
    4  12     1 1
    6   9     1 2
    6  15     1 3
    8  35     1 -1
   10  16     1 -1
   10  20     1 2
   10  31     1 -1
   11  17     1 4
   11  26     1 5
   13  26     1 0
   15  35     1 1
   16  28     1 3
   18  33     1 4
   21  37     1 -1
   24  33     1 2
   28  35     1 0
   29  51     1 3
   30  41     1 5
   34  46     1 2
   35  46     1 4
   36  50     1 0
   37  40     1 1
   41  46     1 1
   43  46     1 5
Best profit: 22
All profits:
0 1
1 31
2 465
3 4495
4 31465
5 169911
6 736281
7 2623621
8 7783681
9 19284258
10 39767279
11 67790987
12 94689564
13 107254413
14 97320121
15 69694819
16 38659252
17 16205154
18 4961183
19 1054464
20 143188
21 10617
22 290
End
