NMec = 95584
T = 31
P = 2
Profits ignored
Valid tasks:                                                         12221987
Solution time = 2.847e-01
Task data
    0  10     1 -1
    1 125     1 -1
    6   8     1 0
    6  14     1 1
    8 134     1 -1
   12  26     1 -1
   12  27     1 -1
   15  41     1 -1
   16  31     1 0
   20  38     1 1
   24  50     1 -1
   36  48     1 0
   42  45     1 1
   61  81     1 -1
   68  90     1 -1
   70  74     1 0
   71  82     1 1
   82  93     1 0
   88 100     1 1
   99 123     1 -1
  100 109     1 0
  105 109     1 1
  112 119     1 0
  114 133     1 -1
  115 129     1 1
  127 136     1 -1
  128 149     1 -1
  129 147     1 -1
  130 144     1 -1
  132 153     1 0
  133 141     1 1
Best profit: 16
All profits:
0 1
1 31
2 465
3 4277
4 26415
5 115426
6 370458
7 900873
8 1690008
9 2444138
10 2677042
11 2157228
12 1231473
13 473598
14 114231
15 15423
16 900
End
