NMec = 95584
T = 32
P = 6
Profits ignored
Valid tasks:                                                        414764077
Solution time = 8.197e+00
Task data
    0   3     1 0
    0   7     1 1
    1  22     1 -1
    2   9     1 2
    2  17     1 -1
    2  23     1 -1
    3  17     1 3
    3  19     1 4
    3  40     1 -1
    7   9     1 0
    7  18     1 5
    8  31     1 -1
    9  23     1 1
   11  34     1 -1
   12  16     1 0
   12  35     1 -1
   14  30     1 -1
   14  39     1 -1
   15  36     1 2
   17  37     1 0
   17  47     1 -1
   18  22     1 3
   19  42     1 -1
   22  38     1 4
   23  42     1 -1
   24  31     1 1
   29  43     1 3
   29  47     1 5
   34  49     1 1
   39  49     1 0
   39  51     1 2
   42  53     1 4
Best profit: 20
All profits:
0 1
1 32
2 496
3 4960
4 35960
5 201376
6 906192
7 3333575
8 10005974
9 24237272
10 46818612
11 71381298
12 85022113
13 78094596
14 54285423
15 27755867
16 9986649
17 2353593
18 320332
19 19486
20 270
End
