NMec = 95584
T = 32
P = 3
Profits ignored
Valid tasks:                                                        122954728
Solution time = 2.208e+00
Task data
    1  10     1 0
    3   9     1 1
    3  26     1 -1
    7 106     1 -1
    9  26     1 -1
   12  20     1 0
   14  26     1 -1
   15  80     1 -1
   20  40     1 1
   23  25     1 0
   23  30     1 2
   28  33     1 0
   31 102     1 -1
   36  52     1 0
   39  50     1 2
   44  62     1 -1
   46  59     1 -1
   49  65     1 -1
   51  56     1 1
   54  60     1 0
   56  70     1 2
   60  78     1 -1
   61  79     1 -1
   62  70     1 0
   69  76     1 1
   71  88     1 0
   74  79     1 2
   76  93     1 -1
   83  85     1 1
   83  91     1 2
   89  91     1 0
   91 106     1 1
Best profit: 20
All profits:
0 1
1 32
2 496
3 4960
4 35352
5 187619
6 759431
7 2383524
8 5876128
9 11494662
10 17974093
11 22570741
12 22783578
13 18407718
14 11768118
15 5834452
16 2175317
17 582652
18 104354
19 10996
20 504
End
