NMec = 95584
T = 32
P = 1
Profits ignored
Valid tasks:                                                           253600
Solution time = 4.808e-03
Task data
    0 261     1 -1
    1  24     1 0
   28 205     1 -1
   29  48     1 -1
   35  49     1 0
   42  61     1 -1
   50  69     1 -1
   51  58     1 0
   51  75     1 -1
   64  77     1 -1
   68  88     1 -1
   70  76     1 0
   74 208     1 -1
   96 104     1 -1
  103 115     1 -1
  104 109     1 -1
  104 114     1 0
  124 234     1 -1
  147 245     1 -1
  164 191     1 0
  233 249     1 -1
  242 253     1 0
  245 259     1 -1
  257 261     1 0
  278 292     1 -1
  285 296     1 -1
  287 296     1 0
  293 310     1 -1
  299 310     1 -1
  302 313     1 -1
  303 305     1 0
  312 315     1 0
Best profit: 11
All profits:
0 1
1 32
2 399
3 2718
4 11481
5 31513
6 57018
7 67747
8 51688
9 24119
10 6212
11 672
End
