NMec = 95584
T = 32
P = 8
Profits ignored
Valid tasks:                                                        659531634
Solution time = 1.627e+01
Task data
    0  29     1 -1
    1  39     1 -1
    2  12     1 0
    2  33     1 -1
    3  39     1 -1
    4   9     1 1
    4  14     1 2
    7  18     1 -1
   10  16     1 -1
   10  19     1 1
   10  28     1 3
   11  21     1 4
   12  18     1 5
   12  39     1 -1
   13  33     1 -1
   14  19     1 0
   14  30     1 -1
   15  20     1 2
   15  23     1 6
   15  34     1 -1
   16  24     1 7
   16  31     1 -1
   19  30     1 -1
   19  34     1 -1
   19  38     1 5
   20  36     1 0
   25  39     1 1
   26  33     1 2
   27  33     1 4
   27  36     1 6
   29  33     1 3
   30  37     1 7
Best profit: 19
All profits:
0 1
1 32
2 496
3 4960
4 35960
5 201376
6 906192
7 3365856
8 10518300
9 27752438
10 60667974
11 106137956
12 142863543
13 142213609
14 100394682
15 47739329
16 14205710
17 2346663
18 172959
19 3598
End
