NMec = 95584
T = 32
P = 5
Profits ignored
Valid tasks:                                                        123003568
Solution time = 2.620e+00
Task data
    4  27     1 -1
    6   9     1 0
    7  63     1 -1
    8  27     1 -1
    9  57     1 -1
   10  51     1 -1
   11  27     1 -1
   15  49     1 -1
   16  24     1 0
   19  21     1 1
   19  28     1 2
   20  27     1 3
   20  29     1 4
   23  32     1 -1
   24  35     1 1
   24  47     1 -1
   25  45     1 -1
   28  34     1 0
   29  30     1 2
   29  43     1 3
   29  53     1 -1
   30  47     1 4
   32  59     1 -1
   35  42     1 0
   37  48     1 -1
   39  48     1 -1
   39  49     1 1
   41  53     1 2
   43  61     1 0
   45  55     1 3
   48  56     1 4
   53  63     1 1
Best profit: 18
All profits:
0 1
1 32
2 496
3 4960
4 35960
5 201376
6 888241
7 3061491
8 8108187
9 16253504
10 24396847
11 27188116
12 22269474
13 13201922
14 5524439
15 1564306
16 277329
17 26077
18 810
End
