NMec = 95584
T = 32
P = 7
Profits ignored
Valid tasks:                                                       3343272424
Solution time = 5.847e+01
Task data
    1  10     1 0
    1  21     1 -1
    2   4     1 1
    3  27     1 -1
    4  23     1 -1
    5  17     1 -1
    7  28     1 1
    8  12     1 2
    8  24     1 3
   11  21     1 0
   12  14     1 4
   13  19     1 2
   13  24     1 5
   16  25     1 4
   17  35     1 6
   20  28     1 2
   23  32     1 0
   27  39     1 -1
   27  41     1 -1
   28  38     1 -1
   28  45     1 3
   29  33     1 1
   29  34     1 2
   29  39     1 4
   30  34     1 5
   34  41     1 0
   35  41     1 1
   35  43     1 2
   36  45     1 5
   38  45     1 6
   41  44     1 4
   42  45     1 0
Best profit: 25
All profits:
0 1
1 32
2 496
3 4960
4 35960
5 201376
6 906192
7 3365856
8 10517938
9 28041110
10 64434309
11 128523290
12 223497443
13 339410302
14 449704129
15 517914111
16 514921546
17 437303484
18 312458262
19 183935002
20 86700646
21 31467582
22 8313217
23 1463560
24 146073
25 5547
End
