NMec = 95584
T = 33
P = 6
Profits ignored
Valid tasks:                                                        948230524
Solution time = 2.291e+01
Task data
    0  20     1 -1
    1   4     1 0
    2  16     1 -1
    3  23     1 -1
    5  19     1 0
    7  11     1 1
    8  13     1 2
    8  33     1 3
    9  18     1 4
   12  47     1 -1
   13  20     1 1
   14  31     1 2
   16  30     1 5
   20  37     1 -1
   21  26     1 0
   21  51     1 -1
   23  37     1 1
   25  51     1 -1
   26  34     1 4
   29  42     1 0
   30  43     1 -1
   30  43     1 -1
   31  43     1 -1
   31  46     1 -1
   31  53     1 -1
   32  54     1 -1
   33  38     1 2
   35  52     1 3
   37  45     1 4
   37  50     1 5
   40  53     1 1
   41  43     1 2
   43  53     1 0
Best profit: 20
All profits:
0 1
1 33
2 528
3 5456
4 40920
5 237336
6 1107568
7 4245715
8 13435509
9 34953371
10 74227801
11 127656343
12 175953070
13 191395651
14 160736077
15 101176221
16 45871043
17 14163548
18 2732233
19 281588
20 10512
End
