NMec = 95584
T = 33
P = 7
Profits ignored
Valid tasks:                                                       2502788880
Solution time = 5.165e+01
Task data
    0   4     1 0
    1  17     1 1
    1  21     1 -1
    2  41     1 -1
    6  20     1 -1
    7  18     1 -1
    7  31     1 -1
    8  21     1 0
    9  18     1 2
   10  12     1 3
   12  20     1 4
   13  34     1 -1
   15  27     1 3
   16  25     1 5
   16  35     1 -1
   18  21     1 1
   18  26     1 6
   19  28     1 2
   21  33     1 4
   23  42     1 -1
   25  34     1 0
   25  38     1 -1
   26  28     1 1
   26  47     1 -1
   28  35     1 3
   28  44     1 -1
   30  42     1 1
   31  46     1 2
   32  47     1 5
   33  41     1 6
   34  45     1 4
   36  47     1 0
   37  46     1 3
Best profit: 22
All profits:
0 1
1 33
2 528
3 5456
4 40920
5 237336
6 1107568
7 4272048
8 13870677
9 38312847
10 90291212
11 180794662
12 304438470
13 424537055
14 480757989
15 432006017
16 299985318
17 156063436
18 58504703
19 14963202
20 2390955
21 202348
22 6099
End
