NMec = 95584
T = 33
P = 1
Profits ignored
Valid tasks:                                                          1170896
Solution time = 2.448e-02
Task data
    8  18     1 0
   25  29     1 0
   30 187     1 -1
   36  45     1 0
   57  77     1 -1
   62  84     1 -1
   64  75     1 0
   73  90     1 -1
   79  95     1 -1
   81  92     1 0
   83 103     1 -1
   94 111     1 0
  116 139     1 0
  117 268     1 -1
  119 290     1 -1
  160 172     1 0
  183 193     1 0
  201 227     1 -1
  204 212     1 -1
  212 213     1 0
  212 231     1 -1
  218 234     1 0
  227 243     1 -1
  231 241     1 -1
  235 237     1 0
  247 268     1 -1
  248 259     1 0
  255 281     1 -1
  264 267     1 0
  284 306     1 -1
  289 316     1 -1
  292 302     1 0
  305 311     1 0
Best profit: 16
All profits:
0 1
1 33
2 438
3 3229
4 15257
5 49779
6 116744
7 200847
8 255571
9 240606
10 166546
11 83618
12 29755
13 7234
14 1132
15 102
16 4
End
