NMec = 95584
T = 33
P = 3
Profits ignored
Valid tasks:                                                        144695658
Solution time = 2.648e+00
Task data
    3  17     1 -1
    8  14     1 0
    8  26     1 -1
    9  21     1 -1
   12  21     1 1
   13  22     1 2
   13  51     1 -1
   15  33     1 -1
   21  29     1 0
   28  36     1 1
   29  38     1 2
   31  55     1 -1
   32  81     1 -1
   34  50     1 0
   37  56     1 -1
   38  53     1 1
   45  46     1 2
   47  69     1 -1
   50  61     1 2
   50  77     1 -1
   52  65     1 0
   54  68     1 -1
   55  77     1 -1
   63  78     1 -1
   65  79     1 1
   67  84     1 0
   68  91     1 2
   82  91     1 1
   82 102     1 -1
   84 103     1 -1
   87 107     1 0
   97 106     1 1
  101 104     1 2
Best profit: 18
All profits:
0 1
1 33
2 528
3 5456
4 40369
5 224194
6 957428
7 3181538
8 8258185
9 16707183
10 26142920
11 31226558
12 27949777
13 18296140
14 8477962
15 2651756
16 518326
17 54964
18 2340
End
