NMec = 95584
T = 34
P = 4
Profits ignored
Valid tasks:                                                        907672416
Solution time = 1.766e+01
Task data
    1  76     1 -1
    2   9     1 0
    3  13     1 1
   10  17     1 0
   12  20     1 2
   14  22     1 1
   18  35     1 -1
   18  36     1 -1
   20  30     1 -1
   20  35     1 0
   21  39     1 2
   21  41     1 -1
   22  41     1 -1
   24  32     1 1
   25  40     1 -1
   28  35     1 3
   34  45     1 1
   37  42     1 0
   39  46     1 3
   40  56     1 2
   43  81     1 -1
   45  51     1 0
   46  59     1 1
   48  72     1 -1
   53  69     1 -1
   53  70     1 0
   59  83     1 -1
   61  71     1 -1
   62  82     1 -1
   63  73     1 1
   66  75     1 2
   68  77     1 3
   71  82     1 0
   79  84     1 1
Best profit: 21
All profits:
0 1
1 34
2 561
3 5984
4 46376
5 276864
6 1312204
7 5011050
8 15503010
9 38854507
10 78679715
11 128260325
12 167541675
13 174228624
14 142826280
15 90937104
16 43987362
17 15640874
18 3885410
19 619227
20 53614
21 1615
End
