NMec = 95584
T = 34
P = 7
Profits ignored
Valid tasks:                                                        560658640
Solution time = 9.374e+00
Task data
    2   8     1 0
    2  48     1 -1
    3  27     1 -1
    6  43     1 -1
    7  29     1 -1
    8  13     1 1
    8  25     1 -1
    8  26     1 -1
    9  20     1 0
   10  15     1 2
   10  42     1 -1
   11  28     1 -1
   15  30     1 -1
   15  31     1 -1
   16  29     1 -1
   16  37     1 -1
   16  39     1 -1
   17  23     1 1
   17  29     1 -1
   18  26     1 2
   18  30     1 -1
   19  33     1 3
   20  26     1 4
   22  35     1 -1
   22  38     1 0
   22  44     1 5
   24  29     1 1
   24  40     1 6
   28  34     1 2
   29  37     1 4
   33  37     1 1
   34  48     1 3
   35  44     1 2
   43  45     1 0
Best profit: 18
All profits:
0 1
1 34
2 561
3 5984
4 46376
5 278256
6 1344904
7 5379616
8 17432747
9 43897382
10 83434447
11 117975251
12 122950615
13 93315528
14 50533569
15 18847296
16 4549010
17 629973
18 37090
End
