NMec = 95584
T = 34
P = 5
Profits ignored
Valid tasks:                                                       2890805208
Solution time = 4.776e+01
Task data
    0  15     1 -1
    4  18     1 0
    6  16     1 1
    8  23     1 -1
    9  24     1 -1
   10  19     1 2
   11  16     1 3
   12  15     1 4
   19  29     1 0
   19  35     1 1
   20  45     1 -1
   21  25     1 2
   22  31     1 3
   22  36     1 4
   28  60     1 -1
   32  46     1 -1
   32  56     1 -1
   33  37     1 0
   34  48     1 -1
   36  54     1 -1
   36  57     1 -1
   38  42     1 0
   40  44     1 1
   40  48     1 2
   40  51     1 3
   41  48     1 4
   41  63     1 -1
   45  55     1 0
   51  62     1 1
   53  57     1 2
   55  60     1 3
   55  67     1 4
   56  63     1 0
   64  67     1 0
Best profit: 23
All profits:
0 1
1 34
2 561
3 5984
4 46376
5 278256
6 1342396
7 5324837
8 17583336
9 48633926
10 112926975
11 219986997
12 358262232
13 484342720
14 537415092
15 481369159
16 340302272
17 184374332
18 73718417
19 20687653
20 3786064
21 398406
22 18882
23 300
End
