NMec = 95584
T = 34
P = 6
Profits ignored
Valid tasks:                                                       1370978056
Solution time = 2.175e+01
Task data
    0  21     1 -1
    1  24     1 -1
    2  19     1 -1
    3  15     1 0
    3  20     1 -1
    4  22     1 -1
    6  20     1 -1
    6  24     1 1
    7  27     1 2
    8  17     1 3
    9  33     1 -1
   10  19     1 4
   12  55     1 -1
   14  27     1 5
   16  35     1 -1
   17  24     1 0
   18  26     1 3
   20  47     1 -1
   21  28     1 4
   21  32     1 -1
   22  45     1 -1
   22  46     1 -1
   24  35     1 -1
   25  39     1 0
   27  44     1 1
   28  35     1 2
   28  46     1 3
   32  38     1 4
   32  50     1 5
   37  50     1 2
   41  55     1 0
   46  53     1 1
   49  55     1 3
   55  56     1 1
Best profit: 20
All profits:
0 1
1 34
2 561
3 5984
4 46376
5 278256
6 1344904
7 5350391
8 17615731
9 47733053
10 105277663
11 186414282
12 260831991
13 283257881
14 233891354
15 143225016
16 62910263
17 18863687
18 3556937
19 360444
20 13247
End
