NMec = 95584
T = 34
P = 1
Profits ignored
Valid tasks:                                                          1502028
Solution time = 2.706e-02
Task data
    9  18     1 0
   25  32     1 -1
   26  49     1 -1
   32  36     1 0
   34  50     1 -1
   35  42     1 -1
   42  61     1 0
   85 102     1 0
   86 111     1 -1
   91 107     1 -1
   91 239     1 -1
  100 112     1 -1
  106 116     1 0
  122 131     1 0
  134 140     1 0
  135 152     1 -1
  135 152     1 -1
  138 149     1 -1
  138 154     1 -1
  144 145     1 0
  151 161     1 0
  162 176     1 -1
  166 173     1 0
  188 197     1 -1
  189 208     1 -1
  190 197     1 -1
  190 203     1 0
  230 332     1 -1
  244 260     1 0
  267 278     1 -1
  268 284     1 -1
  275 290     1 0
  313 330     1 -1
  316 329     1 0
Best profit: 14
All profits:
0 1
1 34
2 487
3 3966
4 20607
5 72076
6 174423
7 296533
8 356662
9 303021
10 179690
11 72488
12 18952
13 2896
14 192
End
