NMec = 95584
T = 35
P = 1
Profits ignored
Valid tasks:                                                          7064640
Solution time = 1.272e-01
Task data
    3  70     1 -1
    8  28     1 0
   34  42     1 0
   47  56     1 0
   72  96     1 -1
   73  92     1 0
   90 111     1 -1
   93 104     1 -1
   95  98     1 -1
   98 107     1 0
  120 270     1 -1
  150 151     1 0
  153 175     1 -1
  155 156     1 0
  167 176     1 0
  172 186     1 -1
  185 200     1 0
  187 208     1 -1
  193 207     1 -1
  203 209     1 0
  229 333     1 -1
  230 240     1 -1
  235 238     1 -1
  235 251     1 -1
  237 241     1 0
  242 259     1 -1
  249 257     1 0
  275 283     1 0
  289 302     1 -1
  292 297     1 0
  309 332     1 -1
  311 315     1 0
  320 337     1 0
  331 345     1 -1
  344 348     1 0
Best profit: 17
All profits:
0 1
1 35
2 527
3 4609
4 26523
5 107349
6 317459
7 700741
8 1167363
9 1474482
10 1411770
11 1019306
12 548399
13 215086
14 59174
15 10664
16 1104
17 48
End
