NMec = 95584
T = 35
P = 6
Profits ignored
Valid tasks:                                                       4741210038
Solution time = 8.818e+01
Task data
    1   5     1 0
    1   5     1 1
    3  16     1 2
    4  12     1 3
    4  46     1 -1
    5  26     1 -1
    5  58     1 -1
    6  12     1 0
    6  22     1 -1
    7  24     1 -1
   10  14     1 1
   11  21     1 4
   12  23     1 -1
   12  29     1 -1
   12  29     1 5
   13  22     1 0
   14  22     1 3
   17  27     1 1
   20  25     1 2
   21  43     1 -1
   22  31     1 4
   25  33     1 0
   25  42     1 -1
   25  46     1 -1
   26  43     1 -1
   27  33     1 2
   28  51     1 1
   31  41     1 3
   32  33     1 4
   32  57     1 5
   36  44     1 0
   36  49     1 2
   37  46     1 4
   42  48     1 3
   47  55     1 0
Best profit: 24
All profits:
0 1
1 35
2 595
3 6545
4 52360
5 324632
6 1623160
7 6712357
8 23277593
9 68001734
10 166963472
11 342182094
12 579748246
13 803082466
14 898917852
15 803047237
16 564754536
17 307550281
18 126938483
19 38538673
20 8233487
21 1155117
22 95181
23 3848
24 53
End
