NMec = 95584
T = 35
P = 5
Profits ignored
Valid tasks:                                                       1229795672
Solution time = 2.062e+01
Task data
    1   6     1 0
    1  40     1 -1
    4  13     1 1
    5  13     1 2
    5  22     1 -1
    6   9     1 3
    7  28     1 -1
    9  27     1 -1
   10  16     1 0
   10  25     1 3
   12  34     1 -1
   16  28     1 1
   16  33     1 2
   18  44     1 -1
   20  36     1 -1
   22  28     1 0
   22  31     1 4
   25  37     1 -1
   25  53     1 -1
   26  37     1 -1
   26  40     1 3
   26  45     1 -1
   27  65     1 -1
   29  55     1 -1
   32  44     1 0
   34  38     1 1
   35  51     1 -1
   36  46     1 2
   36  47     1 4
   43  51     1 1
   44  61     1 3
   46  53     1 0
   53  62     1 1
   55  66     1 0
   61  68     1 2
Best profit: 21
All profits:
0 1
1 35
2 595
3 6545
4 52360
5 324632
6 1606866
7 6403241
8 20530009
9 52832864
10 108869187
11 179074175
12 233915572
13 240650008
14 192560061
15 117674494
16 53498898
17 17414298
18 3828376
19 516690
20 35911
21 854
End
