NMec = 95584
T = 35
P = 8
Profits ignored
Valid tasks:                                                       7640027822
Solution time = 1.436e+02
Task data
    2  22     1 -1
    4  12     1 0
    5  22     1 -1
    6  24     1 -1
    6  40     1 -1
    7  16     1 1
   10  17     1 2
   10  26     1 -1
   11  23     1 -1
   12  36     1 -1
   13  21     1 0
   13  24     1 3
   13  25     1 4
   14  24     1 5
   15  18     1 6
   16  33     1 -1
   16  39     1 -1
   17  27     1 1
   18  38     1 -1
   19  28     1 2
   20  21     1 6
   20  33     1 -1
   21  27     1 7
   26  31     1 -1
   26  36     1 -1
   27  35     1 0
   28  41     1 1
   29  42     1 2
   30  34     1 3
   30  36     1 4
   31  32     1 5
   31  40     1 6
   31  42     1 7
   35  43     1 3
   40  43     1 0
Best profit: 22
All profits:
0 1
1 35
2 595
3 6545
4 52360
5 324632
6 1623160
7 6724520
8 23535820
9 70483753
10 181464489
11 400096638
12 746968427
13 1160558754
14 1467043862
15 1468507718
16 1128561373
17 642505804
18 259293918
19 69840940
20 11441556
21 964572
22 28350
End
