NMec = 95584
T = 35
P = 4
Profits ignored
Valid tasks:                                                        830824386
Solution time = 1.465e+01
Task data
    0   8     1 0
    1  58     1 -1
    2  87     1 -1
    3  19     1 -1
    3  76     1 -1
    4  24     1 1
    6  22     1 2
    6  27     1 3
   10  15     1 0
   12  55     1 -1
   19  40     1 -1
   25  36     1 -1
   27  28     1 0
   28  39     1 -1
   28  40     1 -1
   29  33     1 0
   30  44     1 1
   33  39     1 2
   34  35     1 0
   35  42     1 3
   35  72     1 -1
   42  58     1 -1
   45  69     1 -1
   49  76     1 -1
   50  60     1 0
   53  64     1 1
   54  58     1 2
   57  71     1 -1
   58  68     1 3
   60  67     1 2
   67  73     1 0
   67  78     1 1
   71  77     1 2
   72  80     1 3
   75  87     1 0
Best profit: 21
All profits:
0 1
1 35
2 595
3 6545
4 52360
5 321367
6 1547786
7 5898937
8 17852100
9 43004030
10 82648708
11 126955111
12 155943403
13 152917272
14 119170290
15 73172770
16 34859889
17 12555190
18 3276629
19 577768
20 60740
21 2860
End
