NMec = 95584
T = 36
P = 8
Profits ignored
Valid tasks:                                                      14521988960
Solution time = 2.407e+02
Task data
    0   3     1 0
    1   8     1 1
    1   8     1 2
    1  16     1 3
    1  18     1 -1
    2  12     1 4
    2  22     1 -1
    3  15     1 5
    5  33     1 -1
    6  22     1 0
    8  30     1 -1
    9  17     1 1
    9  29     1 -1
   10  23     1 -1
   11  23     1 -1
   13  24     1 -1
   13  27     1 -1
   15  24     1 2
   15  27     1 -1
   15  28     1 -1
   16  19     1 4
   16  21     1 5
   16  23     1 6
   16  31     1 7
   17  29     1 3
   19  25     1 1
   20  27     1 4
   22  33     1 5
   23  34     1 0
   25  30     1 2
   26  40     1 1
   27  44     1 6
   30  43     1 3
   37  38     1 0
   37  43     1 2
   39  42     1 0
Best profit: 25
All profits:
0 1
1 36
2 630
3 7140
4 58905
5 376992
6 1947792
7 8347680
8 30260340
9 93912456
10 250328903
11 570318273
12 1100039149
13 1777426636
14 -1912616309
15 -1669901939
16 -1938609559
17 1705136709
18 981560282
19 441513114
20 151355055
21 38142547
22 6689898
23 746588
24 44801
25 952
End
