NMec = 95584
T = 36
P = 5
Profits ignored
Valid tasks:                                                       2229460454
Solution time = 4.423e+01
Task data
    0  16     1 -1
    0  71     1 -1
    1  20     1 -1
    2  11     1 -1
    2  69     1 -1
    3   8     1 0
    5  28     1 -1
    8  15     1 1
    9  13     1 0
    9  17     1 2
    9  59     1 -1
   10  16     1 3
   10  18     1 4
   12  56     1 -1
   16  18     1 0
   17  33     1 -1
   18  37     1 -1
   18  38     1 1
   23  46     1 0
   26  34     1 2
   27  48     1 3
   31  55     1 -1
   33  42     1 4
   33  60     1 -1
   36  54     1 -1
   43  52     1 1
   47  59     1 -1
   49  71     1 -1
   50  60     1 -1
   51  56     1 0
   51  63     1 2
   52  67     1 3
   52  70     1 4
   54  67     1 1
   59  69     1 0
   66  69     1 2
Best profit: 20
All profits:
0 1
1 36
2 630
3 7140
4 58905
5 376992
6 1935569
7 8077999
8 27424036
9 75329552
10 166214062
11 292426460
12 407455154
13 446075422
14 379667912
15 247797588
16 121532381
17 43178754
18 10352718
19 1460402
20 88741
End
