NMec = 95584
T = 36
P = 7
Profits ignored
Valid tasks:                                                      12216562595
Solution time = 2.458e+02
Task data
    1  16     1 0
    1  26     1 -1
    2  48     1 -1
    4  14     1 1
    5  13     1 2
    5  22     1 -1
    5  47     1 -1
    8  15     1 3
    8  27     1 -1
    9  11     1 4
   11  23     1 5
   13  22     1 4
   14  21     1 2
   16  37     1 -1
   17  36     1 -1
   18  28     1 -1
   20  32     1 0
   21  26     1 1
   22  24     1 2
   22  24     1 3
   22  36     1 6
   23  35     1 4
   24  34     1 5
   24  43     1 -1
   25  40     1 -1
   25  50     1 -1
   26  47     1 -1
   29  32     1 1
   31  42     1 2
   33  37     1 0
   33  41     1 1
   34  48     1 3
   35  42     1 5
   36  45     1 4
   37  45     1 6
   41  51     1 0
Best profit: 24
All profits:
0 1
1 36
2 630
3 7140
4 58905
5 376992
6 1947792
7 8347680
8 30216876
9 93270640
10 245887995
11 551085844
12 1041164095
13 1640873098
14 2132002728
15 -2040250277
16 1913635532
17 1282677238
18 666112538
19 261641495
20 75278866
21 15140650
22 1970788
23 143807
24 4210
End
