NMec = 95584
T = 36
P = 1
Profits ignored
Valid tasks:                                                          5140800
Solution time = 9.466e-02
Task data
    6  26     1 -1
   13  14     1 -1
   13  20     1 -1
   14  24     1 -1
   14  35     1 0
   49  59     1 -1
   57  76     1 -1
   57  76     1 -1
   58  65     1 0
   77  82     1 0
   86 110     1 -1
   88  96     1 -1
   95 106     1 0
  108 125     1 0
  149 169     1 -1
  153 169     1 0
  173 186     1 0
  190 199     1 -1
  194 248     1 -1
  195 223     1 0
  223 247     1 -1
  234 255     1 -1
  237 249     1 -1
  245 259     1 0
  262 266     1 0
  269 283     1 0
  271 297     1 -1
  276 312     1 -1
  279 288     1 -1
  281 286     1 -1
  284 292     1 -1
  286 300     1 0
  296 320     1 -1
  303 309     1 -1
  309 319     1 0
  328 343     1 0
Best profit: 14
All profits:
0 1
1 36
2 568
3 5200
4 30835
5 125252
6 359553
7 741726
8 1106398
9 1189112
10 907319
11 476734
12 162926
13 32340
14 2800
End
