NMec = 95584
T = 36
P = 4
Profits ignored
Valid tasks:                                                       1733845024
Solution time = 4.057e+01
Task data
    1   2     1 0
    1  70     1 -1
    9  48     1 -1
   10  20     1 -1
   10  21     1 -1
   11  15     1 0
   11  27     1 -1
   12  26     1 1
   16  26     1 0
   20  25     1 2
   20  29     1 3
   29  43     1 0
   33  37     1 1
   35  52     1 2
   36  48     1 3
   48  54     1 0
   50  74     1 -1
   51  72     1 -1
   52  75     1 -1
   53  58     1 -1
   53  66     1 1
   54  73     1 2
   54  76     1 -1
   55  61     1 0
   57  63     1 3
   59  76     1 -1
   62  70     1 0
   65  71     1 3
   68  77     1 -1
   68  78     1 -1
   68  89     1 -1
   70  87     1 -1
   72  85     1 0
   72  87     1 1
   73  89     1 3
   74  83     1 2
Best profit: 21
All profits:
0 1
1 36
2 630
3 7140
4 58905
5 373778
6 1872954
7 7511846
8 24289837
9 63509692
10 134186406
11 228330264
12 311255251
13 337558961
14 288513668
15 191700607
16 97014214
17 36266852
18 9564558
19 1656162
20 166088
21 7174
End
