NMec = 95584
T = 36
P = 3
Profits ignored
Valid tasks:                                                        143608118
Solution time = 2.371e+00
Task data
    3  14     1 -1
    3 102     1 -1
    5   9     1 0
    6 109     1 -1
    8  19     1 -1
    8  23     1 -1
    9  20     1 -1
   10  29     1 0
   11  27     1 1
   12  19     1 2
   17 119     1 -1
   25  45     1 2
   35  55     1 0
   36  89     1 -1
   41  64     1 -1
   48  65     1 -1
   54  63     1 -1
   54  78     1 -1
   54  79     1 -1
   55  65     1 1
   57  67     1 0
   61  73     1 2
   67  86     1 -1
   67  88     1 -1
   68  80     1 -1
   68  90     1 -1
   71  78     1 0
   71  80     1 1
   77  79     1 2
   80  94     1 -1
   81  94     1 -1
   84  89     1 0
   84  94     1 1
   88 108     1 2
   97 104     1 0
  110 118     1 0
Best profit: 17
All profits:
0 1
1 36
2 630
3 7140
4 56642
5 324266
6 1368180
7 4331494
8 10429615
9 19280848
10 27496405
11 30179635
12 25188673
13 15607599
14 6903187
15 2044583
16 360726
17 28458
End
