NMec = 95584
T = 36
P = 6
Profits ignored
Valid tasks:                                                      10951038520
Solution time = 2.209e+02
Task data
    0  15     1 -1
    0  17     1 -1
    1   6     1 0
    2  12     1 1
    4  11     1 2
    5  12     1 3
    5  19     1 4
    6  58     1 -1
    7  59     1 -1
    8  22     1 0
   10  21     1 5
   12  29     1 -1
   14  28     1 -1
   14  31     1 -1
   17  32     1 -1
   19  30     1 1
   20  34     1 2
   25  39     1 0
   25  40     1 3
   26  55     1 -1
   27  34     1 4
   28  44     1 5
   28  46     1 -1
   33  49     1 -1
   38  43     1 1
   38  46     1 2
   39  51     1 -1
   41  55     1 -1
   41  56     1 0
   43  47     1 3
   43  55     1 4
   44  56     1 1
   45  57     1 5
   47  53     1 2
   49  59     1 3
   54  58     1 2
Best profit: 23
All profits:
0 1
1 36
2 630
3 7140
4 58905
5 376992
6 1947792
7 8338739
8 30057268
9 91937783
10 238965230
11 526012459
12 974037545
13 1504019713
14 1916950458
15 1993937225
16 1670769053
17 1110863118
18 575645518
19 227064533
20 65618207
21 12896624
22 1469123
23 64428
End
