NMec = 95584
T = 37
P = 2
Profits ignored
Valid tasks:                                                        318701856
Solution time = 5.417e+00
Task data
    5  10     1 0
    6   9     1 1
   12  29     1 0
   22  30     1 -1
   24  35     1 -1
   27  43     1 -1
   29  37     1 -1
   30  36     1 0
   30  38     1 1
   30  44     1 -1
   39  46     1 0
   40  54     1 1
   41  71     1 -1
   47  68     1 -1
   49 118     1 -1
   54  66     1 0
   63  71     1 1
   64  88     1 -1
   68  70     1 0
   74  85     1 0
   74  93     1 1
   83 103     1 -1
   85 164     1 -1
   93 112     1 -1
   95 113     1 -1
   98 122     1 -1
  101 115     1 0
  103 104     1 1
  110 121     1 1
  121 127     1 -1
  125 139     1 -1
  127 130     1 0
  127 136     1 1
  144 162     1 -1
  147 163     1 0
  161 171     1 1
  174 183     1 0
Best profit: 20
All profits:
0 1
1 37
2 666
3 7573
4 60113
5 350315
6 1542881
7 5230389
8 13816442
9 28675958
10 46988445
11 60846339
12 62036695
13 49345157
14 30148197
15 13823470
16 4600882
17 1058775
18 156165
19 12915
20 441
End
