NMec = 95584
T = 37
P = 5
Profits ignored
Valid tasks:                                                       2035291731
Solution time = 4.512e+01
Task data
    0  72     1 -1
    1   9     1 0
    2  22     1 1
    3  38     1 -1
    3  71     1 -1
    5  62     1 -1
    8  34     1 -1
    9  25     1 -1
   14  25     1 -1
   14  27     1 -1
   15  17     1 0
   15  40     1 -1
   16  29     1 -1
   16  31     1 -1
   16  32     1 2
   17  20     1 3
   23  34     1 -1
   23  34     1 0
   24  34     1 1
   24  35     1 3
   24  40     1 4
   29  52     1 -1
   34  53     1 2
   35  39     1 0
   36  45     1 1
   36  71     1 -1
   39  42     1 3
   42  57     1 0
   44  61     1 -1
   45  51     1 3
   49  65     1 -1
   50  71     1 -1
   51  61     1 1
   51  71     1 4
   52  69     1 3
   54  65     1 2
   61  68     1 0
Best profit: 20
All profits:
0 1
1 37
2 666
3 7770
4 66045
5 435897
6 2301170
7 9791749
8 33463173
9 91029479
10 194974600
11 325293433
12 418393014
13 410311487
14 302512169
15 164159945
16 63332359
17 16401908
18 2595840
19 214251
20 6738
End
