NMec = 95584
T = 37
P = 8
Profits ignored
Valid tasks:                                                      14675879158
Solution time = 2.475e+02
Task data
    0  26     1 -1
    1  13     1 -1
    3  43     1 -1
    4  18     1 -1
    5  29     1 -1
    6  29     1 -1
    7  27     1 -1
    8  12     1 -1
    8  16     1 -1
    8  19     1 -1
    8  20     1 0
    9  32     1 -1
   10  17     1 1
   10  26     1 2
   10  32     1 -1
   11  15     1 3
   11  20     1 4
   11  21     1 5
   11  26     1 6
   12  25     1 7
   17  34     1 -1
   19  31     1 -1
   20  31     1 -1
   21  31     1 -1
   21  31     1 0
   22  38     1 1
   22  44     1 -1
   25  41     1 3
   26  34     1 4
   26  43     1 5
   27  42     1 2
   27  44     1 6
   28  32     1 7
   32  42     1 0
   35  40     1 4
   39  46     1 1
   40  43     1 7
Best profit: 20
End
