NMec = 95584
T = 37
P = 6
Profits ignored
Valid tasks:                                                      18735599045
Solution time = 3.701e+02
Task data
    0   5     1 0
    0  13     1 1
    1  20     1 -1
    2  18     1 -1
    2  19     1 -1
    3  30     1 -1
    5  17     1 -1
    7  19     1 -1
    7  28     1 -1
    9  17     1 0
    9  24     1 2
    9  27     1 3
   10  29     1 4
   11  34     1 -1
   14  25     1 1
   15  28     1 5
   24  36     1 -1
   25  35     1 -1
   26  34     1 0
   26  48     1 -1
   27  33     1 1
   30  38     1 2
   30  39     1 3
   30  42     1 4
   30  49     1 -1
   31  41     1 5
   32  50     1 -1
   34  42     1 1
   35  50     1 -1
   37  55     1 -1
   38  39     1 0
   39  51     1 2
   40  59     1 0
   40  59     1 3
   43  47     1 1
   44  47     1 4
   44  52     1 5
Best profit: 22
End
