NMec = 95584
T = 37
P = 3
Profits ignored
Valid tasks:                                                        883139524
Solution time = 1.595e+01
Task data
    2  24     1 -1
    3  15     1 0
    4  23     1 -1
    6  17     1 1
    6 120     1 -1
    8  25     1 -1
   12  24     1 -1
   15  24     1 2
   15  37     1 -1
   16  31     1 0
   22  28     1 1
   24  34     1 -1
   26  40     1 -1
   27  49     1 2
   30  45     1 1
   33  35     1 0
   43  61     1 -1
   52  66     1 0
   53  68     1 -1
   56  64     1 1
   56  69     1 -1
   56  75     1 -1
   57  66     1 2
   58  78     1 -1
   63  76     1 -1
   66  76     1 1
   68  72     1 0
   68  75     1 2
   68  83     1 -1
   75  82     1 -1
   75  95     1 0
   77  89     1 1
   78  93     1 2
   86 113     1 -1
   95 108     1 1
  101 116     1 0
  107 115     1 2
Best profit: 20
All profits:
0 1
1 37
2 666
3 7770
4 65136
5 411174
6 2000660
7 7602257
8 22755048
9 53985433
10 101873079
11 152738908
12 180464792
13 165188388
14 114071319
15 57255448
16 19808683
17 4353338
18 529300
19 27592
20 495
End
