NMec = 95584
T = 37
P = 1
Profits ignored
Valid tasks:                                                         10591169
Solution time = 1.691e-01
Task data
    2 368     1 -1
    3  25     1 -1
    7  27     1 -1
    9  19     1 -1
   14  30     1 0
   21  39     1 -1
   25  42     1 -1
   26  35     1 -1
   35  38     1 0
   39  53     1 -1
   47  62     1 0
   63  89     1 -1
   66  70     1 0
   68  90     1 -1
   73  78     1 0
   82  93     1 -1
   88  97     1 0
  125 134     1 0
  146 169     1 0
  173 182     1 -1
  174 186     1 0
  174 192     1 -1
  177 192     1 -1
  184 223     1 -1
  187 193     1 0
  194 204     1 0
  205 221     1 0
  212 237     1 -1
  234 248     1 0
  246 256     1 -1
  252 280     1 0
  274 297     1 -1
  284 288     1 -1
  286 305     1 0
  296 313     1 -1
  313 320     1 0
  347 357     1 0
Best profit: 17
All profits:
0 1
1 37
2 571
3 5294
4 32150
5 136011
6 416533
7 947287
8 1626962
9 2131569
10 2138808
11 1639833
12 951359
13 409368
14 126024
15 26018
16 3176
17 168
End
