NMec = 95584
T = 38
P = 4
Profits ignored
Valid tasks:                                                       4994120188
Solution time = 7.866e+01
Task data
    0  26     1 -1
    2  15     1 0
    2  59     1 -1
    3  13     1 1
    4  22     1 2
   10  86     1 -1
   11  22     1 3
   16  34     1 -1
   16  39     1 -1
   20  26     1 0
   22  34     1 -1
   22  42     1 1
   23  32     1 2
   24  33     1 3
   30  42     1 0
   31  54     1 -1
   33  50     1 -1
   37  48     1 -1
   38  46     1 2
   38  50     1 3
   42  64     1 -1
   43  67     1 -1
   44  55     1 0
   46  60     1 1
   46  68     1 -1
   48  64     1 -1
   55  65     1 2
   58  66     1 0
   61  73     1 -1
   63  70     1 1
   63  77     1 -1
   64  76     1 3
   67  82     1 -1
   70  75     1 0
   71  84     1 1
   72  83     1 2
   79  94     1 0
   81  90     1 3
Best profit: 22
End
