NMec = 95584
T = 38
P = 6
Profits ignored
Valid tasks:                                                      34642191890
Solution time = 5.478e+02
Task data
    0  58     1 -1
    1  17     1 -1
    2  11     1 -1
    2  15     1 -1
    3  12     1 0
    4  13     1 1
    4  16     1 -1
    8  22     1 -1
    8  25     1 -1
    8  25     1 -1
    8  32     1 -1
    9  19     1 2
    9  22     1 3
   10  17     1 4
   11  20     1 5
   13  18     1 0
   15  32     1 1
   19  31     1 0
   21  32     1 2
   23  29     1 3
   23  44     1 -1
   25  35     1 -1
   25  50     1 -1
   26  29     1 4
   27  29     1 5
   29  41     1 -1
   30  34     1 3
   31  37     1 4
   32  40     1 0
   32  44     1 5
   34  49     1 1
   34  60     1 2
   39  48     1 3
   40  53     1 4
   44  52     1 0
   47  58     1 5
   50  58     1 1
   53  60     1 0
Best profit: 25
End
