NMec = 95584
T = 38
P = 5
Profits ignored
Valid tasks:                                                      15827980281
Solution time = 2.827e+02
Task data
    2   8     1 0
    3  27     1 -1
    4  19     1 -1
    6  30     1 -1
    7  16     1 -1
    8  25     1 -1
    9  20     1 -1
   10  22     1 0
   10  27     1 -1
   11  31     1 -1
   13  30     1 1
   14  26     1 2
   15  39     1 -1
   16  18     1 3
   16  24     1 4
   19  26     1 3
   22  49     1 -1
   23  47     1 -1
   24  34     1 0
   27  36     1 2
   28  38     1 3
   28  40     1 4
   29  48     1 -1
   36  48     1 -1
   36  48     1 0
   36  50     1 1
   39  45     1 2
   41  72     1 -1
   43  51     1 3
   45  50     1 4
   48  58     1 2
   52  67     1 -1
   54  64     1 -1
   56  69     1 0
   57  66     1 1
   60  67     1 2
   61  68     1 3
   64  75     1 4
Best profit: 22
End
