NMec = 95584
T = 38
P = 2
Profits ignored
Valid tasks:                                                        108297010
Solution time = 2.260e+00
Task data
    2 117     1 -1
    3   8     1 0
   10 180     1 -1
   15  37     1 0
   16  78     1 -1
   19  24     1 1
   25  41     1 1
   43  46     1 0
   44  56     1 -1
   49  59     1 0
   49 179     1 -1
   51  62     1 1
   56 188     1 -1
   66  78     1 -1
   66 146     1 -1
   69  73     1 0
   70  73     1 1
   75 101     1 -1
   76  85     1 0
   78  96     1 1
   89 175     1 -1
   96 108     1 -1
   97 109     1 -1
   98 108     1 0
   98 110     1 -1
  101 115     1 -1
  103 113     1 -1
  105 113     1 1
  109 121     1 0
  119 137     1 -1
  127 144     1 -1
  130 145     1 0
  133 141     1 1
  158 164     1 0
  162 186     1 -1
  167 173     1 -1
  168 175     1 0
  169 185     1 1
Best profit: 19
All profits:
0 1
1 38
2 703
3 7670
4 54934
5 277028
6 1033180
7 2954331
8 6647114
9 11968345
10 17389517
11 20410766
12 19262509
13 14468502
14 8498996
15 3793070
16 1227567
17 266919
18 33984
19 1836
End
