NMec = 95584
T = 38
P = 7
Profits ignored
Valid tasks:                                                      57642236434
Solution time = 1.050e+03
Task data
    0  52     1 -1
    1  31     1 -1
    2  12     1 0
    3   9     1 1
    4  14     1 2
    4  14     1 3
    4  17     1 4
    4  19     1 5
    6  46     1 -1
    7  20     1 6
   11  22     1 1
   14  20     1 0
   15  27     1 -1
   16  27     1 -1
   16  29     1 -1
   20  29     1 2
   20  33     1 3
   22  33     1 0
   22  40     1 -1
   23  31     1 1
   24  37     1 4
   24  39     1 5
   25  32     1 6
   25  40     1 -1
   25  43     1 -1
   27  53     1 -1
   32  35     1 1
   33  47     1 -1
   35  42     1 0
   35  53     1 2
   37  40     1 1
   37  51     1 3
   38  53     1 4
   39  50     1 6
   40  45     1 5
   41  51     1 1
   43  51     1 0
   50  52     1 5
Best profit: 27
End
