NMec = 95584
T = 38
P = 1
Profits ignored
Valid tasks:                                                         19367668
Solution time = 3.592e-01
Task data
   10 216     1 -1
   22  39     1 0
   32 336     1 -1
   34  55     1 -1
   44  49     1 -1
   49  57     1 0
   66  80     1 -1
   69  74     1 0
   73  84     1 -1
   76  81     1 0
   79  93     1 -1
   88  90     1 0
   90 109     1 -1
  109 123     1 0
  119 138     1 -1
  132 375     1 -1
  137 235     1 -1
  138 140     1 0
  146 148     1 0
  171 175     1 0
  184 197     1 -1
  188 193     1 0
  216 220     1 -1
  218 227     1 0
  255 263     1 -1
  259 270     1 0
  276 288     1 -1
  277 288     1 0
  300 309     1 -1
  308 321     1 0
  314 333     1 -1
  318 338     1 -1
  326 345     1 -1
  332 334     1 -1
  332 336     1 0
  347 354     1 0
  360 362     1 -1
  360 370     1 0
Best profit: 17
All profits:
0 1
1 38
2 581
3 5326
4 33075
5 147653
6 489803
7 1232095
8 2378943
9 3543583
10 4064636
11 3557538
12 2334556
13 1116544
14 372320
15 80544
16 9920
17 512
End
