NMec = 95584
T = 39
P = 5
Profits ignored
Valid tasks:                                                      10354288798
Solution time = 1.578e+02
Task data
    0   4     1 0
    0  19     1 -1
    2  13     1 1
    2  76     1 -1
    4  20     1 -1
    4  20     1 -1
    7  24     1 -1
    8  75     1 -1
    9  57     1 -1
   12  20     1 0
   13  21     1 2
   13  73     1 -1
   16  24     1 1
   17  25     1 3
   17  29     1 4
   20  73     1 -1
   21  33     1 0
   26  43     1 -1
   29  34     1 1
   31  50     1 -1
   31  52     1 -1
   32  51     1 -1
   33  37     1 2
   33  58     1 -1
   34  40     1 -1
   34  46     1 0
   34  65     1 -1
   35  53     1 1
   36  47     1 3
   39  58     1 2
   40  49     1 4
   48  55     1 0
   50  55     1 3
   50  58     1 4
   57  64     1 0
   60  69     1 1
   63  75     1 2
   70  74     1 0
   72  77     1 1
Best profit: 23
End
