NMec = 95584
T = 39
P = 8
Profits ignored
Valid tasks:                                                      81083397517
Solution time = 1.643e+03
Task data
    1  11     1 0
    2  20     1 -1
    3   6     1 1
    3  16     1 -1
    4  48     1 -1
    5  10     1 2
    5  11     1 3
    5  20     1 -1
    6  17     1 4
    6  21     1 -1
    7  43     1 -1
    8  19     1 1
    9  17     1 5
    9  20     1 -1
    9  27     1 -1
   10  18     1 6
   10  28     1 -1
   10  31     1 -1
   12  20     1 -1
   12  46     1 -1
   14  38     1 0
   15  23     1 2
   15  27     1 3
   16  26     1 7
   18  32     1 4
   18  34     1 5
   20  29     1 1
   20  34     1 6
   22  43     1 -1
   25  43     1 -1
   29  48     1 2
   32  41     1 1
   33  45     1 3
   34  46     1 4
   35  42     1 5
   36  44     1 6
   40  48     1 0
   41  48     1 7
   42  44     1 1
Best profit: 25
End
