NMec = 95584
T = 39
P = 7
Profits ignored
Valid tasks:                                                      88104536742
Solution time = 1.631e+03
Task data
    2   8     1 -1
    2  52     1 -1
    3  11     1 0
    3  13     1 1
    3  16     1 2
    4  11     1 3
    4  23     1 4
    5  17     1 5
    7  16     1 6
    9  26     1 -1
    9  27     1 -1
   10  46     1 -1
   12  49     1 -1
   14  26     1 0
   15  19     1 1
   15  31     1 -1
   16  29     1 3
   20  44     1 -1
   21  29     1 1
   22  35     1 -1
   22  40     1 2
   26  36     1 4
   26  37     1 5
   26  39     1 6
   29  31     1 0
   29  44     1 -1
   29  50     1 -1
   31  46     1 -1
   32  33     1 0
   32  48     1 -1
   33  39     1 1
   33  48     1 3
   35  55     1 0
   39  49     1 4
   39  51     1 5
   40  44     1 1
   42  45     1 2
   42  52     1 6
   49  51     1 1
Best profit: 26
End
