NMec = 95584
T = 39
P = 6
Profits ignored
Valid tasks:                                                      27153597966
Solution time = 5.073e+02
Task data
    0  13     1 0
    0  60     1 -1
    1  21     1 -1
    2  64     1 -1
    3   9     1 1
    4  20     1 2
    6  11     1 3
    7  21     1 -1
    8  21     1 4
   10  32     1 -1
   11  19     1 1
   12  32     1 -1
   15  33     1 -1
   16  28     1 -1
   16  60     1 -1
   19  37     1 0
   20  22     1 1
   20  32     1 3
   20  32     1 5
   21  29     1 2
   24  35     1 1
   27  49     1 -1
   28  31     1 4
   29  41     1 -1
   29  62     1 -1
   30  39     1 2
   30  42     1 -1
   33  41     1 3
   33  48     1 -1
   37  46     1 1
   37  56     1 -1
   39  47     1 0
   39  47     1 4
   39  52     1 5
   41  58     1 2
   44  64     1 3
   47  50     1 1
   48  50     1 0
   50  56     1 4
Best profit: 24
End
