NMec = 95584
T = 39
P = 4
Profits ignored
Valid tasks:                                                      36850731864
Solution time = 6.033e+02
Task data
    2   9     1 0
    4  23     1 -1
    9  18     1 -1
   10  22     1 -1
   11  23     1 -1
   12  18     1 0
   15  33     1 1
   17  35     1 2
   18  23     1 3
   23  28     1 0
   28  93     1 -1
   31  38     1 0
   31  38     1 3
   33  47     1 -1
   36  61     1 -1
   37  51     1 -1
   39  61     1 0
   40  53     1 1
   41  61     1 2
   44  48     1 3
   47  69     1 -1
   49  55     1 3
   52  76     1 -1
   58  77     1 1
   62  73     1 0
   62  77     1 2
   64  68     1 3
   64  85     1 -1
   65  82     1 -1
   69  71     1 3
   71  80     1 -1
   73  92     1 -1
   75  84     1 0
   75  95     1 3
   78  83     1 1
   78  89     1 2
   86  97     1 0
   89  94     1 1
   90  96     1 2
Best profit: 25
End
