NMec = 95584
T = 40
P = 5
Profits ignored
Valid tasks:                                                     126414164528
Solution time = 1.871e+03
Task data
    0   2     1 0
    0   4     1 1
    1  19     1 -1
    3  21     1 -1
    6  16     1 0
    6  19     1 1
    8  79     1 -1
    9  19     1 2
   12  31     1 -1
   13  30     1 3
   15  26     1 4
   21  24     1 0
   21  27     1 1
   23  53     1 -1
   25  31     1 0
   25  39     1 -1
   26  36     1 2
   28  37     1 -1
   28  43     1 -1
   33  37     1 -1
   33  44     1 -1
   33  47     1 0
   33  49     1 1
   36  44     1 3
   36  44     1 4
   37  48     1 2
   37  58     1 -1
   40  55     1 -1
   44  56     1 -1
   45  68     1 -1
   49  64     1 0
   50  55     1 1
   51  57     1 2
   54  64     1 3
   55  79     1 4
   57  67     1 1
   58  61     1 2
   63  67     1 2
   69  77     1 0
   73  75     1 1
Best profit: 26
End
