NMec = 95584
T = 40
P = 4
Profits ignored
Valid tasks:                                                      39690147456
Solution time = 6.125e+02
Task data
    1   5     1 0
    1   6     1 1
    1  14     1 2
    4  21     1 3
   13  26     1 0
   16  30     1 1
   24  48     1 -1
   26  41     1 -1
   27  37     1 -1
   27  99     1 -1
   28  45     1 -1
   29  83     1 -1
   31  37     1 0
   33  45     1 1
   33  48     1 2
   33  57     1 -1
   36  48     1 3
   36  57     1 -1
   39  52     1 -1
   44  54     1 0
   46  55     1 1
   49  59     1 2
   49  60     1 3
   53  75     1 -1
   57  61     1 0
   57  67     1 1
   59  71     1 -1
   62  70     1 0
   62  85     1 -1
   63  65     1 2
   66  72     1 2
   66  86     1 -1
   68  78     1 1
   68  86     1 3
   78  91     1 -1
   79  87     1 0
   81  93     1 1
   82  89     1 2
   87  94     1 3
   97  99     1 0
Best profit: 26
End
