NMec = 95584
T = 40
P = 7
Profits ignored
Valid tasks:                                                      54310025740
Solution time = 1.040e+03
Task data
    0   7     1 0
    1  46     1 -1
    2  12     1 1
    2  55     1 -1
    3  18     1 -1
    3  40     1 -1
    5  10     1 2
    5  28     1 -1
    6  19     1 -1
    7  21     1 -1
    7  23     1 3
    7  24     1 4
    8  22     1 0
    9  18     1 5
    9  55     1 -1
   11  24     1 2
   13  20     1 1
   14  33     1 6
   17  35     1 -1
   17  46     1 -1
   23  46     1 -1
   27  35     1 -1
   27  36     1 -1
   27  36     1 0
   27  47     1 -1
   28  47     1 -1
   28  51     1 -1
   29  41     1 1
   31  32     1 2
   31  37     1 3
   33  38     1 2
   33  45     1 -1
   33  47     1 4
   34  48     1 5
   34  51     1 6
   39  47     1 0
   40  54     1 2
   43  49     1 1
   44  45     1 3
   46  57     1 3
Best profit: 23
End
