NMec = 95584
T = 40
P = 8
Profits ignored
Valid tasks:                                                      76599646304
Solution time = 1.351e+03
Task data
    0  11     1 0
    0  49     1 -1
    1  12     1 1
    1  17     1 2
    1  25     1 -1
    2  20     1 -1
    3   9     1 3
    3  27     1 -1
    5  21     1 -1
    6  18     1 -1
    6  29     1 -1
    7  13     1 4
    7  27     1 -1
    8  35     1 -1
   11  28     1 -1
   13  21     1 0
   13  29     1 1
   13  36     1 -1
   14  41     1 -1
   14  46     1 -1
   15  24     1 3
   15  27     1 4
   16  35     1 5
   17  39     1 -1
   18  25     1 2
   18  27     1 6
   18  32     1 7
   21  41     1 -1
   22  46     1 -1
   26  40     1 -1
   27  32     1 0
   27  49     1 2
   29  37     1 3
   29  38     1 4
   32  47     1 1
   33  43     1 0
   34  43     1 6
   34  48     1 7
   36  41     1 5
   41  44     1 3
Best profit: 23
End
