NMec = 95584
T = 40
P = 6
Profits ignored
Valid tasks:                                                      70574298284
Solution time = 1.089e+03
Task data
    0  13     1 -1
    1  11     1 0
    1  12     1 1
    2  19     1 -1
    3   8     1 2
    5  22     1 3
    5  59     1 -1
    6  13     1 4
    7  19     1 5
    7  32     1 -1
    9  28     1 -1
    9  45     1 -1
    9  63     1 -1
   12  16     1 0
   14  21     1 1
   14  24     1 2
   16  30     1 -1
   17  28     1 -1
   17  37     1 -1
   18  31     1 0
   18  43     1 -1
   19  37     1 4
   21  45     1 -1
   22  32     1 1
   23  36     1 3
   26  31     1 2
   27  38     1 5
   33  40     1 0
   35  49     1 -1
   35  52     1 1
   36  56     1 -1
   37  58     1 2
   37  58     1 3
   39  49     1 4
   39  58     1 5
   42  56     1 0
   54  65     1 1
   55  66     1 4
   59  65     1 0
   62  66     1 2
Best profit: 26
End
