01 01 1
02 01 1
02 02 2
03 01 1
03 02 2
03 03 3
04 01 2
04 02 2
04 03 3
04 04 4
05 01 2
05 02 4
05 03 5
05 04 5
05 05 5
06 01 3
06 02 3
06 03 4
06 04 5
06 05 6
06 06 6
07 01 3
07 02 3
07 03 4
07 04 5
07 05 6
07 06 7
07 07 7
08 01 3
08 02 4
08 03 6
08 04 7
08 05 8
08 06 8
08 07 8
08 08 8
09 01 3
09 02 5
09 03 5
09 04 6
09 05 7
09 06 8
09 07 9
09 08 9
10 01 5
10 02 6
10 03 4
10 04 8
10 05 9
10 06 10
10 07 10
10 08 10
11 01 4
11 02 5
11 03 7
11 04 6
11 05 7
11 06 8
11 07 9
11 08 10
12 01 5
12 02 6
12 03 7
12 04 8
12 05 9
12 06 10
12 07 11
12 08 12
13 01 5
13 02 8
13 03 6
13 04 6
13 05 7
13 06 8
13 07 9
13 08 10
14 01 7
14 02 9
14 03 6
14 04 10
14 05 7
14 06 8
14 07 9
14 08 10
15 01 8
15 02 7
15 03 11
15 04 7
15 05 6
15 06 7
15 07 8
15 08 9
16 01 6
16 02 7
16 03 10
16 04 8
16 05 9
16 06 8
16 07 9
16 08 10
17 01 5
17 02 11
17 03 11
17 04 12
17 05 8
17 06 10
17 07 11
17 08 12
18 01 7
18 02 10
18 03 8
18 04 10
18 05 10
18 06 9
18 07 10
18 08 11
19 01 6
19 02 10
19 03 12
19 04 11
19 05 12
19 06 9
19 07 13
19 08 14
20 01 9
20 02 12
20 03 13
20 04 14
20 05 12
20 06 11
20 07 16
20 08 17
21 01 10
21 02 12
21 03 13
21 04 13
21 05 12
21 06 14
21 07 14
21 08 15
22 01 9
22 02 10
22 03 12
22 04 14
22 05 15
22 06 12
22 07 14
22 08 12
23 01 12
23 02 11
23 03 15
23 04 13
23 05 14
23 06 15
23 07 13
23 08 14
24 01 13
24 02 15
24 03 13
24 04 15
24 05 13
24 06 16
24 07 11
24 08 14
25 01 12
25 02 14
25 03 14
25 04 14
25 05 16
25 06 11
25 07 14
25 08 17
26 01 11
26 02 16
26 03 14
26 04 11
26 05 15
26 06 14
26 07 14
26 08 16
27 01 11
27 02 15
27 03 14
27 04 17
27 05 16
27 06 15
27 07 16
27 08 18
28 01 11
28 02 15
28 03 15
28 04 13
28 05 19
28 06 18
28 07 19
28 08 14
29 01 12
29 02 16
29 03 16
29 04 18
29 05 17
29 06 15
29 07 16
29 08 18
30 01 15
30 02 15
30 03 16
30 04 19
30 05 18
30 06 21
30 07 19
30 08 20
31 01 15
31 02 16
31 03 15
31 04 21
31 05 18
31 06 22
31 07 18
31 08 20
32 01 11
32 02 16
32 03 20
32 04 19
32 05 18
32 06 20
32 07 25
32 08 19
33 01 16
33 02 19
33 03 18
33 04 19
33 05 23
33 06 20
33 07 22
33 08 22
34 01 14
34 02 17
34 03 21
34 04 21
34 05 23
34 06 20
34 07 18
34 08 22
35 01 17
35 02 19
35 03 22
35 04 21
35 05 21
35 06 24
35 07 23
35 08 22
36 01 14
36 02 20
36 03 17
36 04 21
36 05 20
36 06 23
36 07 24
36 08 25
37 01 17
37 02 20
37 03 20
37 04 20
37 05 20
37 06 22
37 07 21
37 08 20
38 01 17
38 02 19
38 03 21
38 04 22
38 05 22
38 06 25
38 07 27
38 08 26
39 01 18
39 02 23
39 03 21
39 04 25
39 05 23
39 06 24
39 07 26
39 08 25
40 01 20
40 02 22
40 03 24
40 04 26
40 05 26
40 06 26
40 07 23
40 08 23
