NMec = 97746
T = 17
P = 1
Profits not ignored
Valid tasks:                                                          1200000
Solution time = 6.446e+00
Task data
    0   6   707 -1
    0  53  4743 -1
    1   6   925 -1
    3  26  2652 0
   19  32   960 -1
   21  34  1459 -1
   27  35  1286 0
   34  48  2188 -1
   48  64  2454 0
   63  72  2043 -1
   69  80  1992 0
   90  98   778 -1
   90 109  1144 -1
   97 115  4579 0
  102 105  1037 -1
  123 144  5508 -1
  137 162  6090 0
Best profit: 19053
End
