NMec = 97746
T = 18
P = 5
Profits not ignored
Valid tasks:                                                          1200000
Solution time = 1.148e+00
Task data
    0  13  1097 0
    1  12  1226 1
    3  12  1292 2
    5  13  1137 3
    5  30  2846 4
    7  29  2229 -1
    9  26  1784 -1
   13  31  1273 -1
   14  24  1109 -1
   16  27  2823 0
   16  34  3395 1
   18  24  1548 2
   19  33  1921 3
   19  34  1903 -1
   19  34  1422 -1
   24  32  1156 -1
   25  28   566 -1
   26  29   734 2
Best profit: 18019
End
