NMec = 97746
T = 19
P = 1
Profits not ignored
Valid tasks:                                                          1200000
Solution time = 5.088e+00
Task data
    6  13   519 0
   23  31   929 -1
   25  38  1968 0
   34 147  9643 -1
   40  51   971 -1
   44  55  1931 0
   56  64  1189 0
   56  78  1884 -1
   75  76   571 0
   78  88  1261 0
   91 109  4403 0
  107 114  1429 -1
  108 116   577 -1
  125 140  1955 -1
  130 131   394 0
  132 144  3161 0
  151 168  2918 0
  158 166   914 -1
  163 173  1345 -1
Best profit: 18315
End
