NMec = 97746
T = 19
P = 8
Profits not ignored
Valid tasks:                                                          1200000
Solution time = 5.029e-01
Task data
    0   8   577 0
    0  27  6806 1
    1  10  1223 2
    3   9  1127 3
    3  10   648 -1
    3  13  3135 4
    3  24  2688 5
    4  12   738 -1
    6  11  1391 6
    7  26  3242 7
    8  14   711 -1
    9  24  1036 -1
    9  25  1753 0
   10  27  1523 3
   12  25  1605 2
   13  18   844 -1
   13  24  2358 6
   14  24  1452 -1
   16  26  1964 4
Best profit: 29392
End
