NMec = 97746
T = 19
P = 4
Profits not ignored
Valid tasks:                                                          1200000
Solution time = 2.746e+00
Task data
    0  18  2321 0
    2   9   678 1
    4  17  2253 2
    4  26  1884 -1
    8  20  1320 -1
   11  19   729 -1
   11  25  3477 -1
   12  28  4133 1
   12  34  4519 3
   13  36  3373 -1
   14  34  2772 -1
   19  31  1589 -1
   20  37  2063 0
   21  28   519 -1
   22  31  1621 -1
   23  38  1650 -1
   24  40  3035 2
   25  26   571 -1
   30  39   641 1
Best profit: 19643
End
