NMec = 97746
T = 19
P = 6
Profits not ignored
Valid tasks:                                                          1200000
Solution time = 9.009e-01
Task data
    0  17  2199 0
    0  19  2292 -1
    1  22  2268 -1
    1  22  6269 1
    3  11  1449 2
    3  12   809 -1
    3  16  1147 -1
    3  22  2811 3
    6   9   928 4
    6  10   424 5
    7  17  1783 -1
    8  24  1088 -1
   10  30  4126 4
   11  26  3890 5
   12  13   204 2
   12  16   893 -1
   14  29  2112 2
   18  23   389 -1
   19  29  1345 0
Best profit: 25757
End
