NMec = 97746
T = 19
P = 7
Profits not ignored
Valid tasks:                                                          1200000
Solution time = 6.258e-01
Task data
    0   8   577 -1
    0  27  6806 0
    1  10  1223 1
    3   9  1127 2
    3  10   648 -1
    3  13  3135 3
    3  24  2688 4
    4  12   738 -1
    6  11  1391 5
    7  26  3242 6
    8  14   711 -1
    9  24  1036 -1
    9  25  1753 -1
   10  27  1523 -1
   12  25  1605 1
   13  18   844 -1
   13  24  2358 2
   14  24  1452 3
   16  26  1964 5
Best profit: 26991
End
