NMec = 97746
T = 20
P = 1
Profits not ignored
Valid tasks:                                                          1200000
Solution time = 2.958e+01
Task data
    9  18  1047 -1
   11  21  1931 -1
   11  35  4210 0
   12  29  3159 -1
   13  28  2173 -1
   15  38  2838 -1
   23 184 22059 -1
   41  44  1042 0
   61  74  2508 -1
   62 129 13923 0
   72  88  3026 -1
   75  99  2844 -1
   80 105  6286 -1
   93 106  2999 -1
  134 137   387 -1
  137 158  2924 0
  145 155  1199 -1
  146 152   639 -1
  150 158  1235 -1
  180 195  4066 0
Best profit: 26165
End
