NMec = 97746
T = 20
P = 2
Profits not ignored
Valid tasks:                                                          1200000
Solution time = 1.647e+00
Task data
    3  16  1353 0
    6  19  1920 1
    7  21  2632 -1
   15  19   546 -1
   17  27  2356 0
   21  25   878 1
   36  41   710 0
   39  58  2275 1
   41  62  2924 -1
   43  48  1229 0
   49  60  3050 -1
   53  65  3143 0
   55  57   315 -1
   55  59   896 -1
   59  63   843 1
   64  80  3026 1
   69  78  2603 0
   77  94  2445 -1
   79  94  1460 0
   85  99  2043 1
Best profit: 23839
End
