NMec = 97746
T = 20
P = 6
Profits not ignored
Valid tasks:                                                          1200000
Solution time = 8.235e-01
Task data
    0   5   818 0
    0   7  1404 1
    2  23  2988 -1
    3  29  4737 2
    4  16  2663 3
    6  15   967 -1
    6  16  1509 -1
    6  17  1308 -1
    7  21  1570 -1
    7  26  3559 0
    8  15  2083 1
   11  32  4712 4
   12  13   237 -1
   12  30  4828 5
   14  29  1820 -1
   16  18   400 -1
   16  27  2902 1
   17  30  2358 3
   23  25   538 -1
   28  33   548 0
Best profit: 30612
End
