NMec = 97746
T = 21
P = 5
Profits not ignored
Valid tasks:                                                          1200000
Solution time = 2.041e+00
Task data
    0  21  2102 -1
    0  40  4009 -1
    1   5   363 0
    1  22  2374 1
    3  14  2363 2
    4  15  1456 3
    5  28  6106 4
    8   9   198 0
    8  30  3685 -1
    9  19   964 -1
   10  27  1584 -1
   13  19  1082 0
   13  36  2965 -1
   18  21   633 -1
   18  34  2897 2
   18  40  2825 3
   18  41  1847 -1
   21  29   664 -1
   21  33  2655 0
   24  29  1410 -1
   25  35  1991 1
Best profit: 24310
End
