NMec = 97746
T = 22
P = 3
Profits not ignored
Valid tasks:                                                          1200000
Solution time = 2.381e+00
Task data
    7  16  2209 0
   11  16  1180 1
   14  20  1001 -1
   15  25  2961 2
   16  29  1879 -1
   20  33  1328 0
   24  39  1356 -1
   24  42  2183 1
   26  40  1926 2
   27  31   608 -1
   36  42  1243 -1
   36  52  2886 0
   37  54  1363 -1
   41  55  3155 2
   42  53  2441 -1
   45  61  3790 1
   46  65  2148 -1
   47  51   622 -1
   48  70  2321 -1
   52  61   891 -1
   54  71  3535 0
   56  60   522 2
Best profit: 25675
End
