NMec = 97746
T = 22
P = 7
Profits not ignored
Valid tasks:                                                          1200000
Solution time = 1.496e+00
Task data
    0   2   533 0
    0  30  3128 1
    1  12  1069 2
    4  25  2825 -1
    5  12  1573 0
    5  27  5127 3
    5  30  2466 -1
    6  20  3312 4
    6  28  2397 -1
    6  29  4881 5
    7  16  1149 6
    7  19  1617 -1
    8  21  1879 -1
    9  15   753 -1
   10  26  2429 -1
   13  26  3768 0
   14  19  1019 -1
   15  24   848 -1
   17  25  1894 2
   17  29   984 -1
   17  29  1579 -1
   18  29  2357 6
Best profit: 28791
End
