NMec = 97746
T = 23
P = 4
Profits not ignored
Valid tasks:                                                          1200000
Solution time = 1.335e+00
Task data
    2  13  1115 0
    2  21  3111 1
    7  28  1891 -1
   10  21  1760 -1
   10  26  2585 2
   11  26  2973 3
   11  29  2687 -1
   12  27  1420 -1
   14  26  3092 0
   15  17   775 -1
   22  29   861 1
   24  41  1201 -1
   29  39   928 -1
   31  52  3990 0
   32  49  2474 1
   34  39   646 -1
   35  39  1429 2
   35  45  1652 3
   35  51  1845 -1
   40  48  2340 2
   45  56  1368 -1
   45  57  1627 -1
   47  53  1082 3
Best profit: 26704
End
