NMec = 97746
T = 23
P = 1
Profits not ignored
Valid tasks:                                                          1200000
Solution time = 2.461e+01
Task data
    2  12  2616 0
   10  23  1596 -1
   14  39  4715 -1
   17  38  5718 -1
   19  42  3394 -1
   25 208 34180 0
   46  50   688 -1
   46 215 14602 -1
   78  81   356 -1
   91  94   435 -1
   93 102  1252 -1
   95 113  2786 -1
  103 110  2286 -1
  110 132  3497 -1
  127 133  1806 -1
  127 140  1301 -1
  139 151  1399 -1
  151 166  1068 -1
  155 199  6754 -1
  158 175  1518 -1
  168 172   539 -1
  191 205  2317 -1
  216 220   779 0
Best profit: 37575
End
