NMec = 97746
T = 23
P = 7
Profits not ignored
Valid tasks:                                                          1200000
Solution time = 7.998e-01
Task data
    0  11  1650 0
    0  20  2969 1
    1  27  2507 2
    2  19  4280 3
    5  13  1352 4
    6  17  1867 -1
    6  25  5198 5
    8  16   774 -1
    9  11   267 -1
   10  29  3041 -1
   10  32  3552 6
   11  20   668 -1
   13  17  1429 0
   15  28  3612 4
   15  29  1614 -1
   16  24  1127 -1
   17  20   338 -1
   19  23   734 0
   21  24   431 -1
   21  27   798 1
   21  32  1303 3
   25  29   930 0
   26  30   908 5
Best profit: 31222
End
