NMec = 97746
T = 23
P = 2
Profits not ignored
Valid tasks:                                                          1200000
Solution time = 3.347e+00
Task data
    2  20  1602 0
    8  26  2044 -1
   10  16   990 -1
   12  18   754 -1
   14  33  2749 -1
   15  19  1300 1
   23  34  1760 0
   26  37  2177 1
   35  51  1134 0
   41  55  1289 -1
   43  48   652 -1
   44  52  1401 1
   48  55   912 -1
   62  93  5945 -1
   66  72  1665 -1
   66  81  2433 0
   67  73  2000 1
   78  90  2008 1
   80  96  1579 -1
   85 102  4643 0
   91  98   710 -1
   93 110  2702 1
  105 112  1002 0
Best profit: 24162
End
