NMec = 97746
T = 24
P = 3
Profits not ignored
Valid tasks:                                                          1200000
Solution time = 1.614e+01
Task data
    2  63  5568 -1
    3  17  1891 0
    3  62  7712 -1
    8  65  5359 -1
   10  20  1014 -1
   10  29  3610 1
   15  19   668 -1
   15  27  1605 -1
   15  29  2170 -1
   15  66  7827 2
   21  37  1481 -1
   21  75  7755 0
   24  55  4031 -1
   25  36  1238 -1
   30  40  1571 1
   36  45  1320 -1
   36  50  1965 -1
   37  55  3625 -1
   41  47   981 -1
   41  63  1929 -1
   46  66  1547 -1
   46  79  5569 1
   51  54   305 -1
   74  76   332 2
Best profit: 28555
End
