NMec = 97746
T = 24
P = 2
Profits not ignored
Valid tasks:                                                          1200000
Solution time = 9.977e+00
Task data
    2  97  9900 0
    3  16  1765 1
   15  33  2748 -1
   19  21   573 1
   19  29   959 -1
   19  32  1848 -1
   19  36  1510 -1
   23  33  1541 -1
   24  46  2898 1
   28  45  1326 -1
   47  63  2398 1
   48  52   656 -1
   52  74  2957 -1
   52  75  2212 -1
   52  76  2310 -1
   54  68  1143 -1
   61  81  3790 -1
   66  80  2142 1
   75  82   883 -1
   83  99  2099 -1
   84 111  4215 1
   85  94  1639 -1
   91 103  1168 -1
  115 119   668 0
Best profit: 24559
End
