NMec = 97746
T = 25
P = 2
Profits not ignored
Valid tasks:                                                          1200000
Solution time = 8.884e+00
Task data
    1  16  2703 0
    5  28  1917 -1
   16 119 17355 1
   17  27  2592 0
   22  32   769 -1
   26  32   576 -1
   31  51  2248 0
   33  50  1951 -1
   35  63  6240 -1
   38  48  1737 -1
   42  62  1255 -1
   51  56  1679 -1
   52  58  1660 0
   55  62   983 -1
   56  70  2646 -1
   59  68   716 -1
   60  75  1322 -1
   61  84  1930 -1
   62  86  6614 0
   74  92  4320 -1
   80  90  1109 -1
   88 114  4386 0
   94  97   712 -1
  111 124  1638 -1
  113 120   535 -1
Best profit: 37558
End
