NMec = 97746
T = 25
P = 3
Profits not ignored
Valid tasks:                                                          1200000
Solution time = 1.192e+01
Task data
    0  11  2117 0
    2  70  4815 -1
    3  24  6154 1
    7  79  8960 -1
    8  16   964 -1
    8  29  5820 2
    9  23  3228 -1
   11  31  1503 -1
   12  20  2134 0
   15  37  1837 -1
   21  39  1269 -1
   21  42  1314 -1
   22  30  1463 -1
   26  37  2729 0
   26  42  2838 1
   27  43  1367 -1
   28  37  1779 -1
   29  36   807 -1
   38  57  2168 0
   41  49  1521 2
   46  64  1562 -1
   49  67  4477 1
   50  67  2842 2
   51  61  1287 -1
   58  71  1157 0
Best profit: 33957
End
