NMec = 97746
T = 25
P = 4
Profits not ignored
Valid tasks:                                                          1200000
Solution time = 3.680e+00
Task data
    0  14   896 -1
    1  18  3041 0
    1  19  2034 -1
    2  24  1891 -1
    3  11   724 1
    7  17  2608 2
    8  29  1536 -1
   10  31  3474 -1
   11  22  1474 3
   13  23  3078 1
   15  38  2418 -1
   17  34  1951 -1
   21  31  2501 0
   22  43  3574 2
   23  34   859 -1
   25  42  1438 -1
   25  62  8177 1
   27  35  2121 3
   27  37   735 -1
   27  43  1989 -1
   38  50  3440 0
   38  57  3338 3
   40  57  1488 -1
   46  57  2135 2
   55  60  1059 0
Best profit: 37270
End
