NMec = 97746
T = 25
P = 6
Profits not ignored
Valid tasks:                                                          1200000
Solution time = 3.709e+00
Task data
    2  34  2304 -1
    4  17  3183 0
    5  36  3424 -1
    7  15  1588 1
    8  17   716 -1
    9  16  1722 2
    9  34  4340 3
   13  38  4624 4
   14  25  2828 5
   15  26   959 -1
   16  36  1255 -1
   17  25  1105 -1
   17  36  2168 -1
   18  26  2134 0
   18  29  1950 -1
   20  33  2365 -1
   20  37  1814 -1
   20  40  3316 1
   21  40  5291 2
   22  33   992 -1
   25  30  1679 -1
   26  34   740 5
   27  34   937 0
   27  41  1207 -1
   33  35   201 -1
Best profit: 30703
End
