NMec = 97746
T = 25
P = 8
Profits not ignored
Valid tasks:                                                          1200000
Solution time = 1.177e+00
Task data
    0  13  2211 -1
    0  24  1493 -1
    1  26  4223 0
    2   3   354 1
    2  11   799 -1
    2  30  4840 2
    3  16  2365 3
    3  23  5875 4
    4  10   579 -1
    4  21  4093 1
    5  13  1937 5
    6  11   651 -1
    7  14  1886 -1
    7  31  3069 -1
    8  21  1151 -1
    8  31  5690 6
    9  10   134 -1
    9  30  2574 -1
   10  26  3024 7
   15  28   978 5
   19  29   788 -1
   21  27   706 3
   22  28   750 1
   26  31  1588 4
   27  31   403 0
Best profit: 36826
End
