NMec = 97746
T = 26
P = 1
Profits not ignored
Valid tasks:                                                          1200000
Solution time = 7.458e+01
Task data
   15  34  1308 0
   60  77  2041 -1
   65  68   437 -1
   66  80  2392 0
   68  79   989 -1
   83  96  2016 0
   94 106  1437 -1
  100 108  1126 0
  106 122  2322 -1
  106 128  1977 -1
  107 108   196 -1
  112 125  1399 -1
  115 132  2870 0
  122 145  3481 -1
  137 144   707 0
  146 161  2135 0
  166 173  1400 0
  171 179   937 -1
  173 188  1514 -1
  188 199   811 0
  189 204  2314 -1
  197 205  1060 -1
  199 203   881 -1
  203 211  2207 0
  220 234  2141 -1
  227 239  2351 0
Best profit: 19323
End
