NMec = 97746
T = 27
P = 2
Profits not ignored
Valid tasks:                                                          1200000
Solution time = 3.747e+01
Task data
   12  23  1241 0
   22  29  1857 1
   22  42  2266 -1
   25 103  7207 -1
   25 130 14108 0
   29  49  2380 -1
   32  44  1241 1
   34  49  1763 -1
   35  57  4333 -1
   36  43   902 -1
   43  59  2768 -1
   45  56  1638 -1
   45 122 11303 1
   53  68  2499 -1
   54  62   736 -1
   56  83  2221 -1
   58  65  1662 -1
   73  84   778 -1
   75  79   485 -1
   77  82   887 -1
   78  87  1514 -1
   88 100  1941 -1
   97 103  1313 -1
   99 113  1507 -1
  100 111  1279 -1
  108 114  1866 -1
  109 114   722 -1
Best profit: 29750
End
