NMec = 97746
T = 27
P = 3
Profits not ignored
Valid tasks:                                                          1200000
Solution time = 1.685e+01
Task data
    0  24  2511 -1
    2  40  3185 -1
    3  89 23179 0
    4   6   275 1
    4  22  1965 2
    7  12   477 -1
    9  10   376 -1
    9  24  1922 1
   14  25  1295 -1
   15  40  3461 -1
   19  26   853 -1
   22  29  1303 -1
   23  34  1162 2
   24  39  1814 -1
   29  41  2031 -1
   31  87  8415 1
   36  56  3178 2
   40  56  1873 -1
   45  59  2240 -1
   49  60  2784 -1
   49  62  1577 -1
   54  58   943 -1
   54  65  1740 -1
   56  73  1166 -1
   56  77  4568 -1
   58  65  1092 2
   66  86  2005 2
Best profit: 43193
End
