NMec = 97746
T = 28
P = 4
Profits not ignored
Valid tasks:                                                          1200000
Solution time = 8.140e+00
Task data
    2  61  6020 0
    4  22  2030 -1
    5  15  2347 1
    7  43  5944 2
    8  25  3097 3
    9  29  2337 -1
   11  17   772 -1
   15  39  2305 -1
   16  24  1977 -1
   16  30  1268 -1
   16  32  2389 -1
   16  40  1604 -1
   19  35  3514 1
   21  23   492 -1
   24  46  2638 -1
   28  45  1986 -1
   28  49  2064 3
   31  38   456 -1
   31  42  1387 -1
   37  42  1049 1
   38  44   889 -1
   39  43   751 -1
   40  53  1496 -1
   41  45  1293 -1
   42  45   929 -1
   50  69  2224 1
   53  67  1251 2
   59  61   324 3
Best profit: 27834
End
