NMec = 97746
T = 28
P = 7
Profits not ignored
Valid tasks:                                                          1200000
Solution time = 1.412e+00
Task data
    0  11  2480 0
    0  12  1220 -1
    0  25  2397 -1
    2  14   834 1
    2  27  2891 2
    3  13  1213 3
    3  17  2410 4
    4   6   332 5
    5  25  4479 6
    8  31  2585 -1
    9  13   751 5
   13  16   428 -1
   13  28  1836 -1
   13  29  3944 0
   13  35  1309 -1
   14  20   889 3
   14  34  2951 5
   15  27  1389 -1
   15  39  6459 1
   16  18   525 -1
   17  24   668 -1
   18  32  1268 4
   22  32  2416 3
   23  25   492 -1
   23  37  1506 -1
   27  37  1272 6
   28  39  1336 2
   32  39  1377 0
Best profit: 37302
End
