NMec = 97746
T = 29
P = 3
Profits not ignored
Valid tasks:                                                          1200000
Solution time = 2.528e+01
Task data
    0  94  9517 -1
    1  10  1615 0
    4  21  4387 -1
    6  15  1078 -1
    6  27  6133 1
    6  94 24506 2
   12  22  2851 -1
   13  24   688 -1
   16  80 14613 0
   19  34  1802 -1
   21  30  1980 -1
   27  51  2117 -1
   29  49  5176 -1
   30  42  3499 1
   31  34   923 -1
   31  44  2607 -1
   32  58  4335 -1
   34  60  2798 -1
   34  78  3940 -1
   35  45  2551 -1
   43  55  3069 -1
   44  83  6912 1
   47  89  6729 -1
   52  63   899 -1
   58  63  1080 -1
   61  69  1460 -1
   62  75  1988 -1
   70  91  2394 -1
   87  92   604 0
Best profit: 57882
End
