NMec = 97746
T = 29
P = 6
Profits not ignored
Valid tasks:                                                          1200000
Solution time = 3.058e+00
Task data
    0  10   824 0
    0  15  1725 -1
    0  44  8095 1
    0  46 12177 2
    1  17  2745 3
    2  13  3230 4
    6  10   502 5
    6  23  2890 -1
    6  46  4460 -1
    9  15  1304 -1
    9  20  1879 -1
   11  16   676 0
   11  29  4486 5
   12  21  1622 -1
   15  30  3710 4
   17  37  4843 -1
   18  22   287 -1
   18  33  3900 -1
   18  38  5176 0
   19  34  1658 -1
   19  38  1694 -1
   20  46  7527 3
   21  38  3564 -1
   24  28   503 -1
   25  27   264 -1
   28  37  2754 -1
   30  44  3373 5
   30  45  2272 -1
   34  46  2247 4
Best profit: 54768
End
