NMec = 97746
T = 29
P = 7
Profits not ignored
Valid tasks:                                                          1200000
Solution time = 1.381e+00
Task data
    2  13  1938 -1
    4  14  2681 0
    4  14  1902 1
    5  22  2556 2
    6  11   940 3
    8  16   789 -1
    9  17  2125 4
    9  25  4191 5
   10  23  1577 -1
   10  27  3352 -1
   11  29  4405 6
   12  24   974 -1
   13  15   595 3
   15  24  2592 0
   15  26  1946 -1
   15  34  2004 1
   18  28  1980 3
   18  31  1186 -1
   19  27   933 -1
   20  37  4844 4
   21  32  1306 -1
   22  28  1952 -1
   23  25   173 2
   25  40  2569 0
   27  35  2024 2
   29  38  2307 3
   30  38  2479 5
   34  40   755 6
   36  41   604 1
Best profit: 41726
End
