NMec = 97746
T = 29
P = 4
Profits not ignored
Valid tasks:                                                          1200000
Solution time = 8.105e+00
Task data
    0   9  2692 0
    4  13  2438 1
    5   8   647 -1
    9  29  4869 2
   14  34  4157 0
   17  45  4539 -1
   18  22   503 1
   18  38  2263 -1
   19  21   264 -1
   21  43  2305 -1
   22  72 12039 3
   23  64  2407 -1
   26  43  3239 1
   30  34  1296 -1
   30  53  3408 -1
   33  39  1726 -1
   34  46  3625 2
   35  40  1118 -1
   36  61  7160 0
   37  56  2252 -1
   38  47  1089 -1
   39  55  1274 -1
   43  52  1037 -1
   44  59  2766 1
   46  58  2108 -1
   48  56  2076 2
   54  59   964 -1
   55  59   424 -1
   61  66  1350 1
Best profit: 46914
End
