NMec = 97746
T = 30
P = 6
Profits not ignored
Valid tasks:                                                          1200000
Solution time = 1.726e+00
Task data
    1   9   815 0
    2   6  1397 1
    2  16  1723 2
    5  17  2360 3
    8  12   672 1
    8  19  1731 -1
    9  33  4339 4
   11  15   898 0
   11  21   800 5
   13  27  3063 1
   15  16   362 -1
   15  23  1156 -1
   15  28  2658 -1
   16  31  3636 0
   17  19   312 -1
   17  29  1634 -1
   17  41  4095 -1
   18  34  1352 -1
   19  23   835 2
   19  47  4536 3
   20  44  3599 -1
   22  33  2606 5
   25  30  1072 -1
   26  45  2480 2
   32  42  2273 0
   33  40   994 -1
   33  44  1743 1
   38  46   588 -1
   38  47   925 4
   39  45   721 5
Best profit: 35822
End
