NMec = 97746
T = 30
P = 7
Profits not ignored
Valid tasks:                                                          1200000
Solution time = 2.454e+00
Task data
    0   7  1152 -1
    0  42  6201 0
    1   7  1265 1
    1   8   724 -1
    1   9  1475 -1
    1  21  4338 2
    2  12  1264 -1
    2  14  2954 3
    3  12  1736 4
    3  26  4357 5
    4  21  1664 -1
    8  25  2416 1
    9  23  4188 6
   11  20  1285 -1
   11  24  1018 -1
   13  21  1131 -1
   13  23  2089 -1
   14  18   398 4
   15  22  1163 -1
   15  26  2142 -1
   15  31  3051 3
   17  21   622 -1
   19  26  1252 -1
   19  32  2859 4
   19  33  1543 -1
   20  33   914 -1
   22  26  1087 2
   25  31  1169 -1
   26  36  1143 1
   28  39  1488 2
Best profit: 37481
End
