NMec = 97746
T = 30
P = 3
Profits not ignored
Valid tasks:                                                          1200000
Solution time = 1.070e+01
Task data
    1  17  1538 -1
    2   9  1818 0
    2  83 22889 1
    8  19  2179 -1
   11  22  1611 0
   15  96  5956 -1
   16  34  4126 2
   17  24  1653 -1
   19  27  1503 -1
   21  35  1926 -1
   21  42  2034 -1
   22  32  1365 -1
   23  99  9563 0
   24  35   784 -1
   25  33   935 -1
   35  58  4557 -1
   35  64  6125 2
   35  64  4319 -1
   37  41   904 -1
   37  59  4105 -1
   40  46   805 -1
   43  59  2785 -1
   47  65  3410 -1
   63  75  2034 -1
   63  83  2639 -1
   66  77  1731 2
   68  78   875 -1
   78  97  3471 2
   81  90  1029 -1
   93  96   582 1
Best profit: 51916
End
