NMec = 97746
T = 30
P = 8
Profits not ignored
Valid tasks:                                                          1200000
Solution time = 1.682e+00
Task data
    0  34  7229 0
    1  37  6639 1
    2  37 10049 2
    4  15  1966 3
    5  14   905 -1
    6  11  1042 4
    6  19  1879 5
    7  19  1889 -1
    8  26  2736 6
    9  18  1443 -1
   10  13   262 -1
   10  33  4283 7
   11  19   655 -1
   12  30  2356 -1
   14  26  1034 -1
   14  37  2492 4
   15  22   919 -1
   15  29  1885 -1
   15  34  2568 -1
   16  22   648 -1
   18  37  2058 -1
   19  20   455 -1
   19  28  2042 3
   20  23   498 -1
   22  34  2823 5
   28  31   727 6
   28  33  1084 -1
   29  33   783 3
   31  33   570 -1
   32  35   669 6
Best profit: 45359
End
