NMec = 97746
T = 31
P = 1
Profits not ignored
Valid tasks:                                                          1200000
Solution time = 1.355e+02
Task data
    5  18   951 -1
    6  20  3341 0
   10  18  1071 -1
   21  47  1706 0
   27  34  1233 -1
   55  70  3332 0
  112 133  3866 0
  121 131  2084 -1
  122 133  1255 -1
  142 145   728 0
  142 152  2314 -1
  145 164  1984 -1
  146 155   993 -1
  148 169  2876 -1
  150 160  1413 -1
  150 165  3144 0
  178 185   739 -1
  179 194  1233 -1
  181 191   926 -1
  181 192  3183 0
  207 219  1297 -1
  209 233  1294 -1
  219 227  2017 0
  235 246  1860 -1
  237 248  2247 0
  243 251   986 -1
  252 258  1924 0
  260 262   427 -1
  260 272  1642 -1
  263 272  1856 0
  277 289  1353 0
Best profit: 28697
End
