NMec = 97746
T = 31
P = 2
Profits not ignored
Valid tasks:                                                          1200000
Solution time = 3.758e+01
Task data
   14 136 22817 -1
   16  23   837 -1
   16 120 22077 0
   17  28  1569 -1
   17 148 29572 1
   19  34  2465 -1
   26  33  1406 -1
   27  45  1201 -1
   30  48  5220 -1
   30  49  1847 -1
   37  45  1071 -1
   37  60  4364 -1
   40  48   893 -1
   42  47  1337 -1
   42  49  1011 -1
   43  65  3271 -1
   45  58  1396 -1
   69  88  1036 -1
   77  89  3448 -1
   92  97   408 -1
   92 104  2015 -1
  101 116  3030 -1
  105 112   877 -1
  107 118   925 -1
  118 119   375 -1
  118 122   497 -1
  123 134  1249 -1
  127 134  1573 0
  140 150  2291 -1
  142 150   758 0
  148 154   900 -1
Best profit: 53980
End
