NMec = 97746
T = 31
P = 3
Profits not ignored
Valid tasks:                                                          1200000
Solution time = 1.002e+01
Task data
    0  14  3124 0
    0  45  5038 -1
    4 103  6316 -1
    9  94  4450 -1
   10  28  1290 1
   17  23  1326 0
   19  20   365 2
   25  41  3809 0
   26  36  1308 -1
   26  86  6049 2
   27  30   617 -1
   29  36  1138 1
   30  50  2697 -1
   33  48  1665 -1
   36  42   647 -1
   37  45  1395 1
   40  45   506 -1
   42  46  1114 0
   46  62  3575 1
   53  66  1079 0
   55  59   499 -1
   63  70  1406 1
   72  82  3023 0
   73  89  2222 -1
   77  94  3369 1
   82  91  1263 -1
   86  93  1485 -1
   86  97  2358 0
   87 101  1490 -1
   89  96  2122 2
   98  99   210 0
Best profit: 36752
End
