NMec = 97746
T = 31
P = 4
Profits not ignored
Valid tasks:                                                          1200000
Solution time = 1.941e+01
Task data
    2   9   617 0
    2  51  4958 -1
    3  28  4728 1
    8  15   837 -1
    9  11   156 -1
   10  68 12286 0
   11  16  1137 -1
   11  21  1695 2
   12  26  2783 3
   25  38  3714 2
   26  67  7379 -1
   27  35   894 -1
   27  50  1629 -1
   28  46  2702 3
   36  61  2848 -1
   40  41   253 1
   40  53  1798 -1
   42  47   785 1
   42  55  2944 2
   43  57  1561 -1
   46  60  1386 -1
   46  60  3341 -1
   46  67  1852 -1
   47  58  1860 -1
   48  61  3137 1
   49  52  1100 3
   49  53   499 -1
   49  69  1327 -1
   55  71  3341 3
   58  69  2247 2
   58  73  1903 -1
Best profit: 42332
End
