NMec = 97746
T = 31
P = 6
Profits not ignored
Valid tasks:                                                          1200000
Solution time = 4.565e+00
Task data
    0  10  2451 0
    0  19  5305 1
    3  21  2081 -1
    3  44  9410 2
    3  51  7546 3
    4  21  1873 -1
    4  28  4638 4
    6  16  1151 -1
    6  17  1707 5
    9  12   514 -1
   10  19   679 -1
   11  30  1036 -1
   13  27  1496 -1
   13  40  3659 -1
   14  25  1192 -1
   15  26  1109 -1
   16  42  5053 -1
   17  26  1263 -1
   17  28  2183 0
   19  31  1002 -1
   20  29  1550 -1
   22  34  2734 1
   24  45  4323 5
   26  40  3124 -1
   30  40  1933 0
   31  38   674 -1
   31  44  2652 4
   34  38   595 -1
   34  41  2199 -1
   34  50  1686 -1
   36  41   380 1
Best profit: 45262
End
