NMec = 97746
T = 31
P = 5
Profits not ignored
Valid tasks:                                                          1200000
Solution time = 4.655e+00
Task data
    0  14  1569 0
    2  56  9663 1
    4  33  5455 2
    5  17  1297 -1
    8  18  1565 3
    8  48  7673 -1
    9  19  2465 4
    9  19   926 -1
   11  26  2092 -1
   12  21  2103 -1
   16  26  3023 0
   17  25   986 -1
   19  41  3542 -1
   21  33  2462 -1
   22  40  5040 3
   24  35  1192 -1
   24  55  6287 4
   26  41  1903 -1
   29  41   822 -1
   30  47  2311 -1
   30  51  1139 -1
   32  40   611 -1
   32  52  3896 0
   35  42  1667 2
   37  41   775 -1
   40  55  1665 -1
   42  53  1516 3
   46  54   832 -1
   51  54   892 2
   53  58   463 0
   54  60   695 -1
Best profit: 43501
End
