NMec = 97746
T = 31
P = 7
Profits not ignored
Valid tasks:                                                          1200000
Solution time = 2.617e+00
Task data
    1  20  3099 0
    1  39  5545 1
    2  14  1002 -1
    2  18  4509 2
    2  25  5047 3
    3  17  1926 -1
    4  16  2364 4
    6  13  1011 5
    9  22  3137 -1
    9  39  5447 6
   11  23  1424 -1
   11  27  2619 -1
   12  27  3564 -1
   13  20   798 -1
   14  18   497 -1
   14  43  2770 -1
   15  26  2273 5
   16  19   476 -1
   16  24   942 -1
   19  24   625 -1
   19  41  3006 2
   20  24  1375 -1
   20  35  2995 4
   21  34  1179 -1
   21  43  1561 -1
   23  36  2751 0
   26  37  2500 3
   27  31   928 -1
   29  38   518 -1
   30  43  1389 5
   33  42   633 -1
Best profit: 41936
End
