NMec = 97746
T = 32
P = 6
Profits not ignored
Valid tasks:                                                          1200000
Solution time = 1.972e+01
Task data
    0   7   615 0
    0   9   556 1
    2  10  1125 2
    4  18  3540 3
    5  16  2559 4
    5  27  1969 -1
    9  53 12662 0
   10  49 10170 1
   11  18  1044 -1
   11  32  2887 -1
   12  37  3550 2
   14  24  1377 -1
   15  23   996 -1
   15  29  1347 -1
   16  32  3060 -1
   16  34  3806 5
   17  19   665 4
   19  30  1604 -1
   19  34  2018 -1
   19  41  1963 -1
   20  43  3294 3
   21  43  2751 -1
   21  45  2748 -1
   22  38  3061 -1
   24  33   841 -1
   24  40  2426 -1
   25  29   432 -1
   26  37  2381 -1
   27  44  3080 -1
   27  51  4011 4
   29  37  1743 -1
   37  48  2308 5
Best profit: 48861
End
