NMec = 97746
T = 32
P = 7
Profits not ignored
Valid tasks:                                                          1200000
Solution time = 9.497e+00
Task data
    1  18  2270 0
    3  12  1197 1
    5   9   429 2
    5  14  1801 3
    5  44  3413 -1
    8  18  1435 4
    9  20  2832 5
   10  21  3052 2
   11  19   996 6
   15  35  1764 -1
   16  22  1198 1
   16  33  1553 -1
   19  36  2888 -1
   19  36  2248 0
   19  44  3710 3
   20  35  2197 -1
   21  36  2003 -1
   21  45  5537 4
   24  32  1203 -1
   24  33   556 -1
   24  33  2004 -1
   24  45  4691 1
   25  30   539 -1
   25  36  1639 -1
   25  42  3240 2
   27  32  1154 -1
   27  39  2517 5
   28  40   998 -1
   29  44  4503 6
   30  39  1313 -1
   30  43  1539 -1
   34  40  1390 -1
Best profit: 41656
End
