NMec = 97746
T = 32
P = 5
Profits not ignored
Valid tasks:                                                          1200000
Solution time = 7.119e+00
Task data
    0   2   541 0
    0  13  2395 1
    0  61  5290 -1
    0  62  7943 2
    5  38  4851 0
    6  11  1191 -1
    7  37  2604 -1
    9  20  1575 3
   10  19   556 4
   15  33  2101 -1
   16  26  2204 1
   18  34  2128 -1
   19  34  1370 -1
   19  40  2939 -1
   20  33  3304 -1
   21  23   665 -1
   21  36  3412 -1
   21  41  2868 -1
   21  49  5576 3
   23  33  3096 4
   24  36  2341 -1
   31  62  8136 1
   36  42   914 4
   36  55  2199 -1
   39  55  2728 0
   44  53  1936 -1
   44  57  1922 4
   45  63  1639 -1
   47  54   719 -1
   52  62  1374 3
   53  57   599 -1
   54  60   538 -1
Best profit: 43811
End
