NMec = 97746
T = 32
P = 2
Profits not ignored
Valid tasks:                                                          1200000
Solution time = 5.420e+01
Task data
    2  24  3157 0
   16  87  6460 -1
   19  25   770 1
   34  45  2161 -1
   44  99 13214 0
   47  66  5628 -1
   49  69  4478 -1
   52 140 17826 1
   53  72  3601 -1
   54  66  1737 -1
   63  77  2407 -1
   71  81  1217 -1
   73  86  1208 -1
   76  98  3282 -1
   78  91  2395 -1
   86 104  1459 -1
   89  93   429 -1
   95 109  1261 -1
   95 109  2904 -1
   97 107  2437 -1
   97 109  1776 -1
  101 117  2033 -1
  105 133  5576 0
  111 134  1332 -1
  114 119   752 -1
  124 146  4564 -1
  131 149  1622 -1
  132 146  1892 -1
  140 155  4068 0
  144 149   750 -1
  152 154   395 1
  155 156   262 1
Best profit: 45268
End
