NMec = 97746
T = 32
P = 8
Profits not ignored
Valid tasks:                                                          1200000
Solution time = 2.051e+00
Task data
    0   7  1369 0
    0   9  1106 1
    0  13  1075 2
    0  13  1195 -1
    1  10   556 -1
    2  12  1444 3
    2  25  2870 -1
    2  25  5118 4
    3  19  1869 5
    3  39  3320 -1
    4   8   631 -1
    4   9  1191 -1
    4  14  1374 -1
    4  19  4503 6
    5  13   771 -1
    6  23  3485 7
    8  36  3980 0
   12  27  2567 -1
   13  17  1272 1
   13  26  2521 3
   15  31  1428 -1
   16  25  1801 -1
   16  34  4484 2
   17  25  1731 -1
   17  29  1122 -1
   18  32  2141 1
   21  28  1093 5
   21  30  1252 -1
   21  30  2004 -1
   21  39  4208 6
   24  26   402 7
   28  34   914 3
Best profit: 40984
End
