NMec = 97746
T = 32
P = 4
Profits not ignored
Valid tasks:                                                          1200000
Solution time = 1.440e+01
Task data
    0  12  2224 0
    0  35  2763 -1
    0  42  5607 -1
    1  75 19067 1
    1  78 15623 2
    2  18  2123 -1
    3  15  2086 -1
    4  51 10234 3
    7  26  1680 -1
   11  13   258 -1
   11  17  1347 -1
   11  22  2161 -1
   13  31  1622 -1
   14  24  1377 -1
   14  28  2005 0
   14  33  3872 -1
   15  21   605 -1
   25  46  2433 -1
   27  44  1000 -1
   28  44  4012 -1
   29  39  3096 0
   29  43  1794 -1
   32  47  2197 -1
   36  54  3770 -1
   37  45  1994 -1
   45  47   331 0
   46  53  1142 -1
   50  58  1182 0
   54  76  4140 3
   59  66  1009 0
   62  73  1078 -1
   67  76  1366 -1
Best profit: 58911
End
