NMec = 97746
T = 32
P = 3
Profits not ignored
Valid tasks:                                                          1200000
Solution time = 2.100e+01
Task data
    0  12   998 0
    0 106 12794 -1
    3  11  1127 -1
    3 106  8734 -1
    5  16  1028 -1
    6  15   556 -1
    8  28  3781 -1
    9  17   769 1
    9 106 20894 2
   11  23  1438 -1
   12  21  1373 -1
   15  29  2567 0
   16  36  1812 -1
   18  27  1985 1
   20  25  1417 -1
   25  45  3780 -1
   29  41  3658 1
   33  39  1124 0
   34  45  1499 -1
   40  55  3205 0
   44  58  1347 -1
   44  68  3281 1
   65  72  1093 0
   65  85  2739 -1
   69  85  3765 1
   73  91  2089 -1
   74  84  2797 -1
   76  83  1009 0
   78  98  4038 -1
   80  85   802 -1
   84 103  2854 0
   93  94   388 1
Best profit: 47590
End
