NMec = 97746
T = 33
P = 7
Profits not ignored
Valid tasks:                                                          1200000
Solution time = 1.350e+01
Task data
    0   7   843 0
    1  47  8237 1
    1  47  4865 -1
    2  24  2963 -1
    2  24  4090 2
    4  19  3544 3
    7  21  2633 4
   10  29  3198 0
   11  21  1175 -1
   12  26  1149 -1
   13  19   812 -1
   15  29  3000 5
   16  34  2714 -1
   16  35  3731 -1
   16  46  6955 6
   17  30  2024 -1
   17  31  2152 -1
   17  41  4401 -1
   19  38  2066 -1
   20  34  2111 3
   20  41  1841 -1
   21  39  2572 -1
   21  39  3584 -1
   23  41  1795 -1
   24  42  2895 4
   25  47  2783 2
   26  27   176 -1
   26  47  2392 -1
   27  46  2245 -1
   30  41  1568 0
   30  46  3445 5
   32  41  1093 -1
   37  43  1127 3
Best profit: 46429
End
