NMec = 97746
T = 33
P = 6
Profits not ignored
Valid tasks:                                                          1200000
Solution time = 4.767e+00
Task data
    0  25  3349 -1
    0  51  6790 0
    0  54  5979 -1
    1  10  1866 -1
    1  11  1770 1
    2  12  1137 2
    4  17  2239 3
    5  17  2289 -1
    5  19  2169 -1
    9  18   945 -1
    9  28  3773 4
   10  22  1369 5
   14  23  1779 1
   15  34  3506 2
   15  50  3842 -1
   19  45  2068 -1
   22  25   887 3
   23  52  4303 5
   24  33   875 -1
   25  32  1405 -1
   25  50  5198 1
   28  35  1796 -1
   29  34   696 -1
   29  47  3851 3
   30  46  2591 -1
   31  35   562 -1
   32  42  1548 -1
   32  53  3142 4
   34  52  2299 -1
   35  52  1966 2
   41  48   670 -1
   43  49   948 -1
   43  53  1139 -1
Best profit: 41710
End
