NMec = 97746
T = 33
P = 2
Profits not ignored
Valid tasks:                                                          1200000
Solution time = 1.879e+01
Task data
    3 136 21547 0
    7  18  2104 1
   19  34  2296 -1
   19 154 15764 -1
   20  27  1773 1
   30  39  1524 1
   32  38   662 -1
   34  47  2024 -1
   43  61  1967 1
   60  76  2718 -1
   65  72  1510 -1
   67  77  1202 1
   70  79   875 -1
   75  84  1053 -1
   86 110  3518 -1
   89  93   384 1
   90 100  1437 -1
   92 100  1580 -1
   95 105  2200 1
  108 113  1347 1
  109 115   848 -1
  112 123  2432 -1
  114 115   208 1
  114 132  2448 -1
  115 129  2668 -1
  116 120   933 1
  120 121   218 -1
  121 131  1937 1
  123 140  1921 -1
  135 148  1895 1
  136 151  2286 -1
  145 158  1172 0
  147 151   562 -1
Best profit: 40193
End
