NMec = 97746
T = 33
P = 8
Profits not ignored
Valid tasks:                                                          1200000
Solution time = 1.339e+00
Task data
    0  12  1675 0
    0  15  1708 -1
    1  22  2278 -1
    2   9   874 1
    2  32  4481 2
    3  28  3014 3
    4  13  1429 4
    4  20  2591 5
    6  14  1439 6
    6  15  1354 -1
    7  13   848 -1
    7  13  1005 -1
    8  20   996 -1
    9  11   527 -1
    9  17   754 -1
   11  13   483 -1
   11  18  1409 1
   11  20  1088 -1
   12  20  1176 7
   14  23  1034 -1
   17  36  3999 0
   18  28  2437 4
   21  28   700 -1
   22  24   609 -1
   22  25   898 1
   22  33  2239 5
   22  40  2133 6
   23  28  1068 7
   27  39  2279 1
   29  38  1408 3
   29  38   945 4
   33  40   843 2
   36  39   755 5
Best profit: 37092
End
