NMec = 97746
T = 33
P = 5
Profits not ignored
Valid tasks:                                                          1200000
Solution time = 4.745e+00
Task data
    1  24  4206 0
    2  13  2432 1
    2  14  1343 -1
    2  18  2458 -1
    3   9   738 2
    3  40  7167 3
    4  15  2659 4
    4  21  2878 -1
    6  24  2895 -1
    8  16   788 -1
    9  29  1984 -1
   11  14   705 -1
   11  19  1580 -1
   12  14   231 -1
   12  34  3004 2
   13  36  4477 -1
   16  57  6754 1
   19  35  2439 4
   19  40  2551 -1
   26  38  1414 0
   32  47  1748 -1
   32  52  2357 -1
   33  45  1760 -1
   35  40   845 2
   39  61  2455 0
   43  55  1573 2
   46  64  2714 -1
   48  60  1675 -1
   48  62  3366 3
   48  65  3599 4
   53  59   586 -1
   56  62  1245 2
   57  59   311 -1
Best profit: 43896
End
