NMec = 97746
T = 34
P = 6
Profits not ignored
Valid tasks:                                                          1200000
Solution time = 3.331e+00
Task data
    0  12  1104 0
    4  20  2211 1
    4  21  4877 2
    4  32  5565 3
    4  56  5923 -1
    5  17  2759 4
    7  20  1424 -1
    8  24  3624 -1
    8  27  3204 5
   12  18  1181 -1
   12  23   992 -1
   13  21  2653 -1
   13  24  1150 -1
   14  22   943 -1
   15  24  1070 -1
   17  40  1936 -1
   18  35  3962 0
   19  37  3667 4
   21  31  2837 1
   24  46  5161 2
   27  34  1601 -1
   29  54  1845 5
   32  45  2676 1
   34  46  2681 3
   37  45  1186 -1
   37  52  2192 -1
   38  44   745 -1
   39  52  1564 0
   40  43   697 4
   40  45  1604 -1
   42  47   383 -1
   44  53  1857 4
   45  52   684 -1
   47  56  1378 1
Best profit: 48045
End
