NMec = 97746
T = 34
P = 8
Profits not ignored
Valid tasks:                                                          1200000
Solution time = 1.827e+00
Task data
    1  12  3095 0
    1  13  2759 1
    1  23  1855 -1
    2  42  2909 -1
    4  11  2138 -1
    4  15  1257 2
    4  17  3142 3
    5  15  1230 -1
    5  18  1844 -1
    6  16   934 -1
    6  28  3685 4
    6  31  4990 5
    7  16  1370 -1
    8  21  2600 -1
    9  32  4632 6
   11  20  2948 7
   13  29  2960 0
   13  29  1453 -1
   13  37  2066 -1
   14  18   480 -1
   15  20  1280 1
   16  37  4536 2
   18  31  2676 3
   18  37  1274 -1
   19  29  1431 -1
   21  31  1856 -1
   25  31   782 -1
   27  31   509 -1
   29  38  2001 1
   30  39  2202 0
   30  39  2710 4
   31  42  1283 7
   32  36   690 3
   38  39   214 2
Best profit: 47060
End
