NMec = 97746
T = 34
P = 2
Profits not ignored
Valid tasks:                                                          1200000
Solution time = 3.522e+01
Task data
    2  13  1276 -1
   10  26  3815 0
   12  33  3524 1
   20  22   558 -1
   23  34   852 -1
   23  34  1653 -1
   28  43  1711 0
   33  57  2017 -1
   52  66  2611 0
   59 141  7091 -1
   60  82  4396 1
   61  71  1431 -1
   69  93  2542 -1
   76  92  2867 0
   84  93  2202 -1
   88 103  1019 -1
   88 106  5077 1
   94 113  2095 -1
   97 111  4422 0
   99 121  2568 -1
  110 122  1075 -1
  111 115   966 1
  115 128  1565 -1
  116 125  2710 0
  120 123   854 -1
  120 145  5517 1
  126 147  3013 -1
  127 143  1443 -1
  129 141  3353 0
  131 145  1437 -1
  135 157  3029 -1
  154 167  2887 0
  156 161  1152 1
  163 169  1401 1
Best profit: 46409
End
