NMec = 97746
T = 34
P = 5
Profits not ignored
Valid tasks:                                                          1200000
Solution time = 5.785e+00
Task data
    3  13   781 0
    3  29  2745 -1
    4  11   851 1
    4  26  4742 2
    7  19  1390 3
   11  27  1372 -1
   12  28  1781 -1
   13  30  3474 1
   13  33  2731 -1
   18  61  7420 0
   19  23   428 4
   21  37  4385 3
   23  32  2672 -1
   23  34  2401 -1
   23  35  1712 -1
   25  47  6779 4
   26  31   827 -1
   27  32   962 2
   28  34   579 -1
   28  41  1564 -1
   32  38  1486 1
   35  53  4051 2
   37  56  3823 -1
   40  54  2611 -1
   41  56  1358 -1
   44  53   637 -1
   44  67  2683 1
   46  64  3647 -1
   47  61  1437 -1
   48  66  3528 3
   49  54  1321 -1
   52  62  2981 4
   55  57   412 2
   58  65  1796 2
Best profit: 48149
End
