NMec = 97746
T = 34
P = 7
Profits not ignored
Valid tasks:                                                          1200000
Solution time = 2.231e+00
Task data
    1   9  1982 0
    1  11   941 -1
    1  20  5895 1
    2  17  2564 2
    3   9  1871 3
    3  31  1847 -1
    4  10   749 4
    4  12  1728 5
    5  16   969 -1
   10  16   783 -1
   10  18  1186 0
   10  24  3198 3
   10  26  3815 6
   11  20  1017 -1
   15  26  3095 4
   15  32  1724 -1
   15  40  2903 -1
   16  27  2089 5
   17  21   356 -1
   18  36  1990 -1
   19  35  3281 -1
   22  45  5092 0
   24  27  1085 1
   24  33  2062 2
   26  34   744 -1
   26  42  3156 3
   27  36  2001 4
   28  46  2603 1
   29  44  1358 -1
   29  46  2341 5
   30  31   338 -1
   30  37  1530 -1
   30  48  2617 6
   38  45   851 2
Best profit: 49980
End
