NMec = 97746
T = 34
P = 3
Profits not ignored
Valid tasks:                                                          1200000
Solution time = 1.282e+01
Task data
    2  10   958 0
    2  19  4040 1
    3   6   768 2
    3  21  1932 -1
    4  19  2786 -1
    4  67  8321 -1
    7  14  1601 2
    7 108 11386 -1
    8  13  1115 -1
   11  31  1694 -1
   15  24   849 -1
   16  31  3299 0
   18  42  4778 2
   28  35  1762 1
   30  67  7333 -1
   31  49  4051 -1
   34  48  1677 0
   36  91  8970 1
   48  57  1687 2
   50  65  4335 0
   55  58   549 -1
   58  69  3207 -1
   60  74  1571 -1
   61  72  1026 -1
   61  79  5600 2
   65  74  1317 -1
   66  91  1845 -1
   75  87  1390 -1
   75  91  4385 0
   81  98  3819 2
   86  92   579 -1
   89 101  1246 -1
   93 110  1146 -1
  107 113   965 0
Best profit: 48644
End
