NMec = 97746
T = 34
P = 4
Profits not ignored
Valid tasks:                                                          1200000
Solution time = 1.321e+01
Task data
    4   9  1347 -1
    5  14   710 -1
    6  21  2786 0
    7  59 11298 1
    8  30  4601 2
    8  34  4553 3
   21  35   956 -1
   22  26  1337 0
   22  31  1064 -1
   24  27   743 -1
   27  36   958 -1
   27  38  1019 -1
   30  38  1738 0
   30  50  2765 -1
   32  81 10608 2
   33  53  2345 -1
   35  67  9726 3
   36  46  1119 -1
   38  48   909 -1
   38  56  2124 -1
   42  46   960 0
   43  52   855 -1
   45  59  1604 -1
   46  55  1603 -1
   46  57  2475 -1
   47  63  4606 -1
   51  62  1561 -1
   51  68  1452 0
   53  64  1653 -1
   55  66  1644 -1
   58  63  1321 -1
   61  76  4127 1
   68  81  1467 -1
   72  81  1912 0
Best profit: 55098
End
