NMec = 97746
T = 34
P = 1
Profits not ignored
Valid tasks:                                                          1200000
Solution time = 4.696e+02
Task data
    0  22  4414 0
    3  18  1019 -1
    4 310 32629 -1
   28  47  4124 0
   31 317 23141 -1
   35  45  1449 -1
   41  52  2547 -1
   53  65  1104 -1
   53  70  3838 0
   55  58   448 -1
   67  83  1453 -1
   84 102  4182 0
   93 112  2233 -1
   94 101  1393 -1
  100 116  3815 -1
  104 112  1721 -1
  141 214 11853 0
  143 163  2012 -1
  150 164  4008 -1
  151 170  2601 -1
  159 181  2338 -1
  179 188  2001 -1
  188 198   909 -1
  201 204   773 -1
  210 221  1257 -1
  235 256  4085 0
  244 265  3030 -1
  251 262  2024 -1
  275 281  2064 0
  277 284  1096 -1
  283 297  1065 0
  311 318  2168 -1
  311 323  1390 -1
  313 325  3353 0
Best profit: 38978
End
