NMec = 97746
T = 35
P = 7
Profits not ignored
Valid tasks:                                                          1200000
Solution time = 6.793e+00
Task data
    0   9   971 0
    0  45  3886 -1
    2  45  6123 1
    3  39  3449 -1
    4   8   970 2
    6  21  1369 -1
    6  24  2682 3
    7  15  1402 4
    7  21  1335 -1
    8  21  2439 5
    9  45  6448 2
   11  15   625 0
   12  20  1590 6
   15  26   838 -1
   16  25   772 -1
   20  35  2787 0
   21  29  1289 4
   21  32  2250 6
   22  37  1409 -1
   22  43  2372 -1
   22  46  4286 5
   23  36  1426 -1
   23  46  2776 -1
   25  36  2408 3
   26  40  1542 -1
   29  39  1067 -1
   29  48  3677 -1
   30  38  2220 -1
   30  40  2693 -1
   30  42  1558 -1
   31  40   781 4
   33  49  4844 6
   34  37   340 -1
   37  49  2308 0
   38  49  2197 3
Best profit: 46400
End
