NMec = 97746
T = 35
P = 8
Profits not ignored
Valid tasks:                                                          1200000
Solution time = 6.616e+00
Task data
    2  39  7124 0
    2  41  2790 -1
    3  15  1862 1
    4  40  3591 2
    5  10  1164 3
    5  24  4895 4
    7  10   711 5
    7  15   971 -1
    7  16   781 6
    8  34  2775 -1
   10  12   603 7
   13  19  1221 3
   13  24  2058 5
   13  27  1872 -1
   13  28  2788 -1
   13  31  1935 -1
   14  24  2023 -1
   14  28  2088 -1
   14  37  6839 7
   15  20  1060 -1
   15  24   846 -1
   16  38  2756 1
   17  30  1198 -1
   18  33  2259 6
   18  41  2034 -1
   19  26   618 -1
   20  39  1780 -1
   20  39  3483 -1
   21  30  1558 -1
   23  40  2082 -1
   24  38  3699 3
   25  30   529 4
   29  43  1455 5
   31  39   840 4
   38  43  1099 6
Best profit: 43486
End
