NMec = 97746
T = 35
P = 6
Profits not ignored
Valid tasks:                                                          1200000
Solution time = 4.194e+00
Task data
    0   8  1590 0
    0  18  1844 -1
    1  11   969 -1
    2  22  5984 1
    4  23  3661 2
    6  21  2259 3
    6  35  2543 -1
    6  39  4732 4
    7  20   977 -1
   11  29  1691 -1
   12  51  7755 0
   16  18   281 -1
   16  25  1028 -1
   16  28  3206 5
   17  35  3493 -1
   17  42  2197 -1
   20  29  1742 -1
   21  26  1126 -1
   22  30   703 3
   23  42  2496 1
   23  45  2342 -1
   24  29   514 -1
   24  33  1715 -1
   24  44  3006 2
   25  34  1776 -1
   29  40  1164 -1
   30  49  4895 5
   32  42  1917 3
   36  48  1558 -1
   37  57  2264 -1
   41  58  2082 4
   43  50  1395 1
   44  57  2809 3
   46  58  2025 2
   53  54   155 0
Best profit: 50670
End
