NMec = 97746
T = 36
P = 8
Profits not ignored
Valid tasks:                                                          1200000
Solution time = 3.147e+00
Task data
    0  12  2038 0
    0  21  2838 1
    1  12  2088 2
    2  10  1092 -1
    2  13  1457 -1
    2  26  5584 3
    3  25  2318 -1
    4  15  2303 4
    5  18  1434 -1
    5  21  2053 5
    7  22  1602 -1
    7  24  1236 -1
    8  17  2357 6
   10  12   231 -1
   11  26  1675 -1
   11  28  1026 -1
   12  22  1764 7
   13  20  1433 0
   13  35  2534 2
   17  25  1284 4
   17  27  1061 -1
   17  31  2877 -1
   17  33  1856 -1
   17  37  2159 -1
   18  28  1180 -1
   19  27   834 -1
   20  42  5342 6
   22  35  2052 0
   22  39  3124 1
   23  30  1009 -1
   25  32  1058 5
   25  42  4636 7
   27  32  1684 3
   27  39  1627 -1
   28  34  1173 4
   36  44  2131 0
Best profit: 47476
End
