NMec = 97746
T = 36
P = 4
Profits not ignored
Valid tasks:                                                          1200000
Solution time = 9.777e+00
Task data
    0   6   876 0
    1  13  1302 1
    1  19  3305 2
    1  27  2721 -1
    3  12  1024 -1
    5  61  3246 -1
    7  11   515 0
    7  13   481 -1
    7  18  3367 -1
    7  75 17770 3
   11  53  4499 -1
   12  22  1725 0
   13  57  4957 -1
   14  34  3078 1
   16  33  2185 -1
   17  33  2425 -1
   23  37  1891 0
   24  34  2593 2
   24  36  2085 -1
   27  30   308 -1
   29  45  1822 -1
   39  48   965 -1
   42  45   529 -1
   42  62  2536 -1
   43  53  1201 0
   43  56  2430 1
   44  60  2847 2
   47  59  2328 -1
   48  62  1936 -1
   52  76  2316 -1
   56  61  1421 0
   67  79  2494 0
   70  73   930 1
   71  82  2303 2
   74  77   486 -1
   75  86  2681 1
Best profit: 49362
End
