NMec = 97746
T = 36
P = 6
Profits not ignored
Valid tasks:                                                          1200000
Solution time = 6.621e+00
Task data
    0  59  9402 0
    1  13  2262 -1
    1  55  6001 -1
    2  11  2357 1
    3  56 10361 2
    4  15  3091 3
    4  31  4103 -1
    5   8   229 4
    5  21  1741 -1
    5  47  5213 -1
    7  24  1850 -1
    8  17  1102 -1
    8  22  3551 5
    8  26  2307 -1
   11  22  2149 -1
   11  26  2777 4
   12  37  4168 -1
   13  27  4209 1
   16  20  1118 -1
   16  24  2091 3
   16  25  1072 -1
   22  40  1760 -1
   24  37  2686 5
   27  39  1254 -1
   28  39  1513 -1
   28  42  1936 -1
   28  50  2877 1
   31  36   629 3
   33  43   756 -1
   33  52  2852 4
   37  42   605 -1
   37  52  2680 3
   39  55  1702 5
   46  54  1087 -1
   51  57   926 -1
   56  58   231 1
Best profit: 51725
End
