NMec = 97746
T = 37
P = 6
Profits not ignored
Valid tasks:                                                          1200000
Solution time = 1.374e+01
Task data
    1   4   904 -1
    1  61  6907 0
    4  41  6809 1
    7  35  4578 -1
   10  11   318 -1
   10  22  3668 -1
   11  24  2874 2
   12  57  6392 -1
   13  38  4919 -1
   15  21  1089 -1
   15  23  1440 -1
   15  26  1628 3
   16  32  2517 -1
   16  39  6615 4
   17  19   550 -1
   17  29  2321 -1
   18  32  1862 -1
   18  59  9503 5
   20  29  1691 -1
   20  29  1885 -1
   23  27   497 -1
   23  30   827 -1
   24  31  1944 -1
   25  38  3876 2
   26  39  1758 -1
   27  46  2596 -1
   27  53  7259 3
   32  44  1544 -1
   34  46  1340 -1
   35  48  1145 -1
   40  54  2279 2
   42  47   848 -1
   42  49  1301 -1
   43  60  4019 1
   44  45   278 -1
   44  58  1821 -1
   47  61  1609 4
Best profit: 53378
End
