NMec = 97746
T = 37
P = 5
Profits not ignored
Valid tasks:                                                          1200000
Solution time = 1.371e+01
Task data
    0  22  3495 -1
    1   3   617 0
    1  20  3381 1
    2   9  1944 2
    6  31  2789 -1
    7  12  1340 -1
    7  57  8086 -1
    7  61  9816 0
   10  16   724 2
   10  30  3973 3
   10  35  3672 4
   21  24   557 1
   26  34  2540 1
   26  51  3264 -1
   29  40  1359 2
   32  42  1629 3
   33  43  1093 -1
   35  41  1089 -1
   35  53  3089 1
   36  49  2561 4
   36  53  2441 -1
   39  46   993 -1
   39  50  1237 -1
   40  56  3205 -1
   41  68  6336 2
   42  51  1188 -1
   43  45   474 -1
   43  55  3496 -1
   44  54  1336 -1
   46  55  2259 -1
   47  66  3199 -1
   48  58   900 -1
   48  69  3942 3
   50  57  2206 4
   53  73  2725 -1
   54  69  2220 1
   58  68  3045 4
Best profit: 53611
End
