NMec = 97746
T = 37
P = 8
Profits not ignored
Valid tasks:                                                          1200000
Solution time = 2.135e+00
Task data
    0   8  1249 -1
    0  10  1629 0
    0  20  2085 1
    2   6   628 2
    2  24  4206 3
    3   4   283 -1
    3  11   928 -1
    3  12  1298 4
    3  18  1812 5
    6  19  1663 6
    6  28  3888 7
    8  23  2431 -1
   11  23  2942 0
   12  30  2577 2
   14  22   966 -1
   14  23  2233 -1
   15  36  3489 -1
   17  32  3284 -1
   17  33  4129 -1
   17  38  5915 4
   18  25   827 -1
   21  25   608 -1
   22  37  3027 1
   23  26  1103 5
   23  30  1244 -1
   23  34  1668 -1
   23  41  3039 -1
   23  41  3405 6
   26  38  2937 0
   26  40  4233 3
   27  34  1429 -1
   27  34  1264 5
   27  35  1117 -1
   31  45  2439 2
   32  36  1385 7
   36  45   818 5
   38  46  1697 1
Best profit: 50951
End
