NMec = 97746
T = 38
P = 7
Profits not ignored
Valid tasks:                                                          1200000
Solution time = 3.256e+00
Task data
    2  10   748 -1
    2  14  1784 0
    3  22  1835 1
    5  53 10472 2
    6  16   679 3
    7  19  2197 4
    8  10   280 5
    8  16  1003 6
   12  33  3015 -1
   13  34  2364 -1
   15  23   920 0
   17  25   812 3
   17  29   983 -1
   17  36  3074 -1
   18  21  1055 5
   18  27   997 -1
   18  38  5082 6
   20  24   722 4
   20  37  4472 -1
   20  46  4585 -1
   22  35  3730 5
   22  40  2608 -1
   23  35  2794 1
   25  33   554 -1
   25  51  4498 0
   26  31   651 -1
   27  45  2706 3
   27  52  3413 4
   29  34  1210 -1
   30  41  2191 -1
   34  40  1166 -1
   34  44  1793 -1
   36  51  2105 1
   38  47  1478 5
   44  45   236 6
   46  52   994 -1
   47  51   735 3
   47  53  1857 6
Best profit: 50393
End
