NMec = 97746
T = 38
P = 4
Profits not ignored
Valid tasks:                                                          1200000
Solution time = 2.267e+00
Task data
    1   9   681 0
    1  24  1476 1
    2   9  2109 2
    2  11   932 -1
    8  27  2935 3
   11  21  1292 0
   11  24  1285 -1
   15  16   205 2
   17  27  1444 2
   18  27  1114 -1
   23  31  2236 0
   23  34  1082 -1
   25  31  1035 1
   25  33   748 -1
   28  39  2000 -1
   29  34  1283 2
   29  40  1290 3
   30  37  1461 -1
   33  37   687 0
   35  45  2365 1
   43  50  1353 0
   43  60  3628 2
   53  57   710 0
   53  68  3872 1
   54  62  1184 -1
   55  63  1467 -1
   56  70  2164 3
   61  69  1282 0
   64  81  1793 -1
   66  81   987 -1
   68  76  1384 -1
   68  86  5037 2
   70  81  1300 0
   70  94  3431 1
   73  91  2604 3
   74  91  3057 -1
   86  93  2132 0
   90  94   833 2
Best profit: 47384
End
