NMec = 97746
T = 38
P = 6
Profits not ignored
Valid tasks:                                                          1200000
Solution time = 3.700e+00
Task data
    2  12  1587 0
    2  14  2373 1
    2  63  6661 2
    4   9   824 3
    4  22  2116 -1
    5  16  3162 4
    6  52  2897 -1
    7  11   710 -1
    7  14  1613 -1
    7  28  3718 5
    7  49  3249 -1
    8  21  1921 -1
   12  23  1300 3
   14  63 10686 0
   16  28  1710 1
   18  32  2202 4
   24  37  1285 -1
   24  47  3545 -1
   25  39  1353 -1
   25  42  1107 -1
   28  38   913 -1
   30  40  1508 -1
   31  40  2665 1
   32  40  2236 3
   32  41  1667 -1
   32  42  2365 5
   32  46  2548 -1
   35  38   653 4
   39  49  1444 4
   41  46  1453 1
   44  56  1212 -1
   46  62  1694 -1
   47  57  1832 1
   51  53   462 3
   53  58  1591 4
   53  61  1282 5
   53  62  1022 -1
   54  60   823 3
Best profit: 51029
End
