NMec = 97746
T = 39
P = 6
Profits not ignored
Valid tasks:                                                          1200000
Solution time = 9.227e+00
Task data
    1  64  7566 -1
    4  17  1987 0
    4  46  6711 -1
    5  16  1502 -1
    7  15  1840 1
    7  56  3436 -1
    9  20  1328 -1
   10  23  1190 -1
   11  13   627 2
   11  29  4426 3
   11  44  4871 4
   12  36  2618 -1
   12  64 11162 5
   13  19   676 -1
   15  28  2715 2
   16  26  1346 1
   21  60  5148 -1
   23  24   195 -1
   23  37  3268 0
   28  49  3861 1
   29  41  1610 2
   34  57  2075 -1
   35  41  1022 -1
   35  44  1373 -1
   37  49  1802 -1
   38  43   591 -1
   39  41   503 -1
   39  60  4497 0
   41  56  2958 3
   44  60  2755 2
   46  57  1672 -1
   47  54  2101 4
   47  60  1325 -1
   48  56  1691 -1
   50  54   575 -1
   51  58  1600 1
   51  64  1380 -1
   52  63  1660 -1
   55  60  1284 4
Best profit: 52908
End
