NMec = 97746
T = 39
P = 8
Profits not ignored
Valid tasks:                                                          1200000
Solution time = 4.844e+00
Task data
    0  10  1263 0
    1   5   694 1
    1  13  1627 2
    1  15  1931 -1
    1  41  3482 -1
    1  46  8502 3
    1  47  9607 4
    3  11  1278 5
    3  12  1459 6
    3  22  2212 7
    7  15  1691 -1
   10  28  2628 1
   11  31  4071 0
   11  31  2882 -1
   12  26  3160 5
   13  19  1631 6
   13  27  1297 -1
   14  31  2507 -1
   16  35  4087 -1
   17  36  1943 -1
   19  21   356 2
   19  28  1433 -1
   19  34  3199 -1
   21  22   335 -1
   22  32  1783 -1
   23  43  2601 2
   24  34  1931 6
   24  42  1798 -1
   25  28   387 7
   25  31   482 -1
   25  33   887 -1
   28  39  1468 -1
   29  45  4464 1
   29  48  4357 5
   31  36   937 -1
   31  44  2995 7
   32  39  1669 0
   35  48  1380 6
   38  48  1153 -1
Best profit: 58272
End
