NMec = 97746
T = 39
P = 7
Profits not ignored
Valid tasks:                                                          1200000
Solution time = 3.637e+00
Task data
    0   5   689 0
    0  13  3676 1
    0  24  3057 2
    1  10  1048 3
    2  15  2920 4
    3  18  2271 5
    3  27  2463 6
    5  20  1100 -1
    8  25  1704 -1
   10  27  1529 -1
   11  46  6654 0
   12  23  2254 3
   12  26  2633 -1
   12  28  3581 -1
   12  31  1943 -1
   14  30  2368 -1
   14  39  3792 1
   17  36  1729 -1
   19  31  2521 4
   19  35  2436 5
   20  53  4376 -1
   21  39  2966 -1
   24  49  4347 3
   25  35  1062 -1
   26  40  1477 2
   27  51  3431 -1
   31  54  2972 6
   33  40  1635 -1
   34  55  3043 -1
   35  44  1252 -1
   35  49  1774 4
   37  40   555 -1
   39  43  1070 -1
   39  49  2249 5
   44  51  1297 1
   44  55  2796 2
   46  53   885 -1
   49  55  1525 0
   53  54   401 1
Best profit: 52619
End
