NMec = 97746
T = 40
P = 4
Profits not ignored
Valid tasks:                                                          1200000
Solution time = 1.382e+01
Task data
    0  39  3113 -1
    2  88  9017 -1
    5  17  2301 0
    5  30  5945 1
    8  11   428 -1
    9  15  1370 2
   10  15  1241 -1
   14  27  1598 3
   16  22   804 2
   18  30  1240 -1
   20  33  1506 -1
   21  41  1427 -1
   23  33  1855 0
   28  37   895 -1
   29  32   533 2
   30  54  1969 3
   34  49  3629 0
   35  37   730 1
   36  58  4327 2
   36  66  5032 -1
   42  51   786 -1
   43  75  6494 1
   48  53  1543 -1
   48  70  2360 -1
   50  67  2862 -1
   53  66  2113 0
   57  69  2398 3
   57  73  1562 -1
   59  73  2548 -1
   61  68  1603 2
   61  79  1184 -1
   66  67   351 -1
   68  86  3488 0
   69  76   874 2
   71  92  5368 3
   72  88  2532 -1
   73  79   977 -1
   74  97  1837 -1
   80  93  1561 1
   81  88  1449 2
Best profit: 50409
End
