NMec = 97746
T = 40
P = 7
Profits not ignored
Valid tasks:                                                          1200000
Solution time = 4.524e+00
Task data
    0  15  4112 0
    2  12  1141 -1
    2  21  2229 -1
    3  12  1092 -1
    3  18  1431 -1
    3  26  3816 1
    3  48  3520 -1
    4  53  9177 2
    5   8   368 -1
    6  11   689 -1
    6  16  1786 3
    6  16  1129 4
    6  18  1012 -1
    6  20  1602 -1
    7  10   533 5
    7  12  1241 -1
    8  51  7786 6
    9  21  2604 -1
    9  33  4379 -1
   10  16  1318 -1
   13  17  1216 -1
   15  42  3905 5
   16  18   448 -1
   16  31  2717 0
   18  40  4163 3
   20  31   945 -1
   23  42  1246 -1
   24  27   788 -1
   25  47  1563 -1
   29  33  1135 1
   30  48  4345 4
   32  39  1350 0
   34  42  1359 -1
   34  47  1335 -1
   35  44   786 1
   35  45  1183 -1
   40  50  2685 0
   41  57  3136 3
   45  54  1956 1
   47  54   914 5
Best profit: 55431
End
