NMec = 97746
T = 40
P = 8
Profits not ignored
Valid tasks:                                                          1200000
Solution time = 3.991e+00
Task data
    1  18  1223 0
    2   8  1137 1
    2  19  1936 2
    2  42  5453 3
    3  48  7810 4
    6   9  1029 5
    8  25  4082 6
    9  14  1182 -1
    9  14   617 -1
   10  20  1263 -1
   11  23  2543 1
   11  28  3035 5
   12  22   864 -1
   13  20   874 -1
   13  23  1947 7
   14  19   374 -1
   18  36  1970 -1
   19  22   739 -1
   21  30   788 -1
   21  31  1927 0
   22  34  1389 -1
   22  43  1967 2
   25  40  2896 -1
   26  30   745 1
   26  44  1812 -1
   27  39  2067 6
   27  44  1653 -1
   28  46  1479 -1
   29  40   919 -1
   29  41  2604 5
   29  42  1598 -1
   29  48  3018 7
   31  38  1469 -1
   32  41  2287 0
   32  42  2685 1
   34  40  1318 -1
   35  44  2431 -1
   37  47  1535 -1
   38  45  1655 -1
   41  46   669 -1
Best profit: 47495
End
