NMec = 97746
T = 40
P = 6
Profits not ignored
Valid tasks:                                                          1200000
Solution time = 4.385e+00
Task data
    0  14  1555 -1
    0  17  3258 0
    1  58 10158 1
    2   9  1065 2
    3  11  1761 3
    3  20  2862 4
    5  20  2717 -1
    5  26  1495 -1
    6  21  2415 5
   10  17   919 2
   10  33  2619 -1
   11  18   892 -1
   14  25  2258 -1
   15  33  1745 -1
   19  24   460 -1
   19  38  4005 0
   23  31  1593 -1
   25  34  2268 2
   26  47  3276 3
   28  46  2168 -1
   28  61  7774 4
   29  43  2092 5
   30  41  1232 -1
   31  46  3149 -1
   36  52  1339 -1
   38  51  1252 -1
   40  51  2203 -1
   41  45   923 0
   41  55  1602 -1
   41  59  4636 2
   42  57  1526 -1
   43  44   487 -1
   44  55   935 -1
   45  66  4549 5
   49  58  1076 0
   51  64  3598 3
   53  61   707 -1
   53  61  1462 -1
   55  61   437 -1
   59  63   844 0
Best profit: 57479
End
