NMec = 97746
T = 40
P = 5
Profits not ignored
Valid tasks:                                                          1200000
Solution time = 1.502e+01
Task data
    2  19  2716 0
    2  79  8327 1
    4  22  4345 2
    9  25  3855 3
   11  33  4756 4
   12  26  2234 -1
   12  31  2074 -1
   13  26  1090 -1
   14  38  1969 -1
   16  18   287 -1
   17  29  3341 -1
   18  20   488 -1
   19  30  1377 -1
   19  37  1454 -1
   19  39  4206 -1
   22  28   765 0
   23  40  2006 2
   24  30   627 -1
   27  41  1378 -1
   29  41  2208 0
   29  59  1931 -1
   30  48  1492 -1
   30  50  3801 3
   35  43   968 -1
   35  45  2674 -1
   35  48  2453 -1
   38  47  1395 -1
   39  50  2362 -1
   40  62  5612 4
   41  51  2029 2
   43  62  3911 0
   45  58  2570 -1
   47  53   476 -1
   53  65  2301 -1
   59  76  3035 2
   59  79  2396 3
   63  64   206 -1
   63  69  1114 0
   66  70   666 -1
   68  74  1318 4
Best profit: 52194
End
