01 01 3102
02 01 3618
02 02 3618
03 01 2613
03 02 5211
03 03 6380
04 01 3838
04 02 6365
04 03 8285
04 04 9290
05 01 6652
05 02 11041
05 03 13313
05 04 14815
05 05 14815
06 01 6756
06 02 9112
06 03 12004
06 04 13117
06 05 14020
06 06 14020
07 01 7114
07 02 5168
07 03 6264
07 04 8090
07 05 9782
07 06 11338
07 07 11878
08 01 12202
08 02 8037
08 03 10129
08 04 11648
08 05 13154
08 06 14419
08 07 15151
08 08 15151
09 01 10166
09 02 12120
09 03 14179
09 04 17778
09 05 21159
09 06 22156
09 07 23025
09 08 23773
10 01 11433
10 02 8955
10 03 12482
10 04 12631
10 05 14894
10 06 16446
10 07 17770
10 08 19065
11 01 14057
11 02 13839
11 03 14330
11 04 13953
11 05 16219
11 06 17957
11 07 19640
11 08 21274
12 01 9984
12 02 16475
12 03 14890
12 04 14781
12 05 17291
12 06 19681
12 07 22043
12 08 23094
13 01 21136
13 02 16252
13 03 15404
13 04 18816
13 05 19673
13 06 21871
13 07 23293
13 08 24307
14 01 15539
14 02 17040
14 03 16630
14 04 19545
14 05 17022
14 06 18770
14 07 20062
14 08 21347
15 01 23243
15 02 27566
15 03 22579
15 04 24621
15 05 18185
15 06 20091
15 07 21943
15 08 23666
16 01 18931
16 02 25477
16 03 24648
16 04 22609
16 05 18629
16 06 23634
16 07 26127
16 08 28116
17 01 19053
17 02 18448
17 03 22191
17 04 23907
17 05 20873
17 06 24416
17 07 26759
17 08 28916
18 01 23552
18 02 18117
18 03 20894
18 04 20199
18 05 18019
18 06 21467
18 07 22855
18 08 24109
19 01 18315
19 02 22621
19 03 26356
19 04 19643
19 05 21632
19 06 25757
19 07 26991
19 08 29392
20 01 26165
20 02 23839
20 03 23857
20 04 34223
20 05 30744
20 06 30612
20 07 31854
20 08 34837
21 01 37169
21 02 24070
21 03 30510
21 04 24851
21 05 24310
21 06 29067
21 07 26818
21 08 29081
22 01 38111
22 02 39681
22 03 25675
22 04 28539
22 05 28174
22 06 26327
22 07 28791
22 08 27556
23 01 37575
23 02 24162
23 03 38314
23 04 26704
23 05 28786
23 06 33382
23 07 31222
23 08 35299
24 01 29279
24 02 24559
24 03 28555
24 04 25020
24 05 24916
24 06 25648
24 07 27341
24 08 23913
25 01 41083
25 02 37558
25 03 33957
25 04 37270
25 05 35584
25 06 30703
25 07 32172
25 08 36826
26 01 19323
26 02 25348
26 03 27430
26 04 28829
26 05 32301
26 06 26943
26 07 31059
26 08 27483
27 01 30329
27 02 29750
27 03 43193
27 04 36647
27 05 31161
27 06 29194
27 07 33385
27 08 31827
28 01 38321
28 02 35921
28 03 36034
28 04 27834
28 05 32374
28 06 37006
28 07 37302
28 08 32844
29 01 40465
29 02 55683
29 03 57882
29 04 46914
29 05 40782
29 06 54768
29 07 41726
29 08 45247
30 01 46876
30 02 40963
30 03 51916
30 04 34743
30 05 37569
30 06 35822
30 07 37481
30 08 45359
31 01 28697
31 02 53980
31 03 36752
31 04 42332
31 05 43501
31 06 45262
31 07 41936
31 08 42811
32 01 54094
32 02 45268
32 03 47590
32 04 58911
32 05 43811
32 06 48861
32 07 41656
32 08 40984
33 01 48685
33 02 40193
33 03 47959
33 04 48167
33 05 43896
33 06 41710
33 07 46429
33 08 37092
34 01 38978
34 02 46409
34 03 48644
34 04 55098
34 05 48149
34 06 48045
34 07 49980
34 08 47060
35 01 41772
35 02 61422
35 03 45250
35 04 56763
35 05 48258
35 06 50670
35 07 46400
35 08 43486
36 01 43654
36 02 64144
36 03 43920
36 04 49362
36 05 49648
36 06 51725
36 07 51202
36 08 47476
37 01 56541
37 02 50423
37 03 48502
37 04 74485
37 05 53611
37 06 53378
37 07 56702
37 08 50951
38 01 51026
38 02 54007
38 03 52514
38 04 47384
38 05 65977
38 06 51029
38 07 50393
38 08 53133
39 01 32968
39 02 62143
39 03 51270
39 04 61313
39 05 57236
39 06 52908
39 07 52619
39 08 58272
40 01 60133
40 02 59492
40 03 61722
40 04 50409
40 05 52194
40 06 57479
40 07 55431
40 08 47495
