NMec = 95584
T = 18
P = 1
Profits not ignored
Valid tasks:                                                          1200000
Solution time = 1.595e+01
Task data
   16  24  1808 -1
   18  37  4146 0
   44  59  4160 -1
   46  54   859 -1
   46  70  4479 -1
   48  68  4760 0
   53  71  1881 -1
   56 128 10490 -1
   66  83  2493 -1
   69  79  1148 -1
   70  86  1587 -1
   73  87  2686 0
   90  98  1531 0
   99 106   983 -1
  102 168 16208 0
  138 159  2682 -1
  143 152   750 -1
  156 159   937 -1
Best profit: 29331
End
