NMec = 95584
T = 18
P = 4
Profits not ignored
Valid tasks:                                                          1200000
Solution time = 1.770e+00
Task data
    5  14  1043 -1
    8  15  1361 0
    8  40  7984 1
    9  23  3012 2
    9  25  3854 3
   13  27  3512 -1
   13  30  2493 -1
   17  18   151 0
   17  26   990 -1
   18  35  3731 -1
   20  24  1301 -1
   20  36  3046 -1
   21  40  3581 0
   24  27   489 -1
   24  31   763 2
   24  35  1725 -1
   26  39  1307 3
   32  43  1474 2
Best profit: 23487
End
