NMec = 95584
T = 18
P = 6
Profits not ignored
Valid tasks:                                                          1200000
Solution time = 1.218e+00
Task data
    0  24  5853 0
    4   9   863 1
    4  24  2580 -1
    5  10  1076 2
    5  27  3185 3
    5  28  6240 4
    6  18  2211 -1
    6  18  1585 -1
    7  20  1386 -1
    8  28  4353 5
    9  25  1274 -1
   10  21  1252 -1
   11  21  1970 1
   12  15   382 -1
   14  27  3388 2
   15  26  1120 -1
   16  19   804 -1
   16  22  1587 -1
Best profit: 26928
End
