NMec = 95584
T = 19
P = 3
Profits not ignored
Valid tasks:                                                          1200000
Solution time = 1.105e+00
Task data
    1  27  3233 0
    2   7   443 1
    3  21  1502 -1
    3  26  2988 -1
    4  24  4277 2
    6  23  2781 -1
    8  21  1892 -1
    9  19  1049 -1
   10  28  3616 1
   17  34  1901 -1
   24  43  1529 -1
   26  28   569 2
   30  38   955 0
   33  45  2317 1
   37  52  2790 2
   43  60  2954 0
   44  49   854 -1
   49  63  4348 1
   55  61   507 2
Best profit: 26009
End
