NMec = 95584
T = 20
P = 5
Profits not ignored
Valid tasks:                                                          1200000
Solution time = 1.514e+00
Task data
    1  20  3531 0
    1  38  5662 1
    3  11  2370 2
    7  15   588 -1
    7  25  1857 -1
    8  13  1059 3
    8  18  1665 -1
    9  20  1437 -1
   10  39  6696 4
   12  20  2291 2
   12  26  1521 -1
   12  30  2676 -1
   12  38  2355 -1
   14  18  1067 3
   18  29  1952 -1
   18  39  1808 -1
   22  34  1645 0
   26  36  1335 -1
   28  38  2167 2
   28  39  1474 3
Best profit: 27962
End
