NMec = 95584
T = 20
P = 8
Profits not ignored
Valid tasks:                                                          1200000
Solution time = 5.213e-01
Task data
    0   7  1706 0
    4   9   609 1
    4   9   977 2
    5  28  2912 3
    7  11   599 4
    8  12   633 0
    8  25  3178 5
    9  29  1371 -1
   10  13   564 1
   10  29  3527 2
   11  21  2896 6
   13  16   597 0
   14  26  1968 1
   16  23  1786 4
   17  21   615 0
   18  20   247 -1
   18  28   960 -1
   20  28  1773 7
   22  26  1273 0
   23  27   489 6
Best profit: 26102
End
