NMec = 95584
T = 20
P = 3
Profits not ignored
Valid tasks:                                                          1200000
Solution time = 2.187e+00
Task data
    0  66  5505 -1
    1   6   977 0
    4  21  1826 -1
    5  18  2469 1
    8  65 12363 0
    9  23  1898 2
   16  24  1773 -1
   22  37  3572 1
   25  30   895 2
   26  30   607 -1
   32  50  5001 2
   37  47  1550 -1
   37  58  2150 -1
   38  50  1134 1
   42  50  1078 -1
   42  58  1110 -1
   47  66  2456 -1
   50  62  2296 -1
   58  63  1527 1
   58  66  1363 2
Best profit: 31199
End
