NMec = 95584
T = 21
P = 7
Profits not ignored
Valid tasks:                                                          1200000
Solution time = 7.241e-01
Task data
    0   9  1396 -1
    0  12  1768 0
    0  19  1990 -1
    1  15  3005 1
    1  16  2309 -1
    2  13  1488 -1
    2  14   918 -1
    2  21  1878 -1
    3  15  2038 2
    3  23  2941 3
    4  10  1517 4
    4  24  4701 5
    6  27  3603 6
    8  17  1223 -1
   14  16   626 0
   14  20  1298 4
   15  18   480 -1
   16  17   428 1
   16  27  1685 2
   19  27   663 0
   20  21   192 1
Best profit: 24465
End
