NMec = 95584
T = 21
P = 1
Profits not ignored
Valid tasks:                                                          1200000
Solution time = 8.035e+00
Task data
    0   8  1950 0
   13  28  3419 0
   24  37  2596 -1
   34  48  1059 -1
   42  51  2239 0
   42  56  2093 -1
   43  50   589 -1
   53  70  3751 0
   58  64   669 -1
   63  74  1732 -1
   63  78  1984 -1
   75  90  1919 0
   78  92  1409 -1
   92 102  1802 -1
   94 105  1881 0
   96 100   681 -1
  116 132  1691 0
  127 133   981 -1
  135 143  1264 0
  151 163  2604 0
  175 194  2444 0
Best profit: 23162
End
