NMec = 95584
T = 22
P = 7
Profits not ignored
Valid tasks:                                                          1200000
Solution time = 1.002e+00
Task data
    0  14  2896 0
    1  28  5910 1
    1  31  5758 2
    3  11   896 3
    4   8   704 -1
    4  10   777 4
    4  12  1975 5
    5  16  1231 -1
    5  16   839 -1
    5  17  3079 6
    6  30  1905 -1
    7  24  1836 -1
    8  22  1057 -1
   11  24  2260 4
   11  25  2613 -1
   11  28  1738 -1
   12  27  2086 3
   13  26  2282 5
   17  31  2756 0
   18  24  1103 -1
   19  28  2549 6
   23  31   826 -1
Best profit: 33224
End
