NMec = 95584
T = 22
P = 4
Profits not ignored
Valid tasks:                                                          1200000
Solution time = 1.275e+00
Task data
    0  11  2317 0
    0  27  7136 1
    0  50 12077 2
    1  18  1846 -1
    5  11   490 -1
    5  12  1470 -1
    6  27  4827 3
    8  17  1110 -1
   16  20   930 -1
   20  36  2961 0
   22  41  1524 -1
   23  26   522 -1
   27  36  1020 -1
   28  34   643 -1
   29  39  1776 1
   30  33   845 3
   31  45  1057 -1
   33  41  1418 -1
   35  47  2119 3
   38  51  1352 -1
   39  53  1493 0
   40  42   423 1
Best profit: 35974
End
