NMec = 95584
T = 22
P = 5
Profits not ignored
Valid tasks:                                                          1200000
Solution time = 1.014e+00
Task data
    1  12  1332 0
    2  27  1981 -1
    3  10   560 1
    3  18  1592 2
   10  21  3059 3
   11  19  1568 1
   13  38  4237 0
   14  20  1536 4
   14  21  1292 -1
   15  22   817 -1
   16  35  1408 -1
   17  25  1654 -1
   20  24   966 1
   20  28   869 -1
   20  29  2369 2
   21  42  3464 4
   22  28  1478 3
   27  42  2250 1
   29  43  1539 3
   31  39  1672 2
   38  41   522 -1
   39  43   460 -1
Best profit: 27622
End
