NMec = 95584
T = 22
P = 8
Profits not ignored
Valid tasks:                                                          1200000
Solution time = 1.528e+00
Task data
    0  21  5210 0
    0  28  2042 -1
    2  29  5143 1
    4  15  1224 2
    4  16   991 -1
    4  21  1998 -1
    4  23  2051 -1
    4  28  6372 3
    5  21  2771 4
    7  27  2089 -1
    8  14   676 5
    8  24  3588 6
    9  22  2439 -1
    9  25  2744 7
   10  25  2520 -1
   10  27  2347 -1
   11  18   560 -1
   11  22  1688 -1
   16  24  1975 2
   16  29  2601 5
   18  19   387 -1
   19  29  1010 -1
Best profit: 32304
End
