NMec = 95584
T = 22
P = 2
Profits not ignored
Valid tasks:                                                          1200000
Solution time = 1.241e+01
Task data
    1  10  1858 0
    2  16  3166 1
    5  17   909 -1
    8  16   869 -1
   11  36  6627 0
   16  25  1407 -1
   16  27  1890 -1
   17  38  2244 -1
   22  30   687 -1
   26  43  1268 -1
   28  48  4607 -1
   28  53  4237 -1
   30  33   646 -1
   30  36   777 -1
   30  87 10652 1
   34  53  1990 -1
   35  49  1956 -1
   43  55  2265 0
   48  57  2369 -1
   56  73  1846 0
   77  89  1193 0
   84  88   966 -1
Best profit: 27607
End
