NMec = 95584
T = 23
P = 5
Profits not ignored
Valid tasks:                                                          1200000
Solution time = 2.444e+00
Task data
    0  11  1347 0
    0  29  2439 -1
    1   3   333 1
    1   8  1050 2
    1  44  3948 3
    6  25  3856 1
    9  12   459 2
   11  27  2145 -1
   11  27  2605 -1
   13  32  3706 0
   14  30  3425 2
   15  22  1680 4
   17  34  3271 -1
   22  31   819 -1
   22  34  1359 -1
   23  43  2702 -1
   24  41  3240 -1
   25  41  3377 4
   27  39  2089 1
   27  39  1261 -1
   32  41  1906 2
   33  42  1922 0
   34  36   292 -1
Best profit: 29098
End
