NMec = 95584
T = 23
P = 8
Profits not ignored
Valid tasks:                                                          1200000
Solution time = 1.075e+00
Task data
    0   3   389 0
    0  16  2231 1
    0  25  2917 2
    1  15  2980 3
    1  26  5456 4
    2  11  1922 5
    2  25  4834 6
    4  25  4077 0
    5  14  1262 -1
    5  15  1217 -1
    5  20  2571 -1
    5  21  2605 -1
    7  23  3278 7
    7  28  1802 -1
   12  20  1031 -1
   12  21  1046 -1
   13  21  1621 -1
   13  21  1716 5
   14  28  1456 -1
   16  22   629 3
   17  20   326 -1
   20  23   728 1
   22  27   773 5
Best profit: 31930
End
