NMec = 95584
T = 23
P = 4
Profits not ignored
Valid tasks:                                                          1200000
Solution time = 4.960e+00
Task data
    0  50 10702 0
    2  37  6940 1
    6  11   688 2
    6  56  4947 3
   13  25  1058 -1
   15  23  1011 -1
   16  25  1801 -1
   16  28  2363 -1
   18  29  1327 -1
   20  33  2249 -1
   20  45  5237 2
   21  35  2298 -1
   23  30  1538 -1
   25  30   628 -1
   25  40  3050 -1
   27  45  2445 -1
   28  57  2456 -1
   29  33   632 -1
   32  53  2133 -1
   34  44  1444 -1
   37  42   539 -1
   43  44   398 1
   49  57  1668 1
Best profit: 30580
End
