NMec = 95584
T = 24
P = 4
Profits not ignored
Valid tasks:                                                          1200000
Solution time = 2.914e+00
Task data
    1   2   353 0
    1  50  7009 -1
    5  24  4231 0
    8  13  1099 -1
    8  15  1267 -1
    8  27  3268 1
    8  29  4736 2
    8  29  3338 3
   15  26  1697 -1
   15  34  3640 -1
   18  36  2947 -1
   22  36  2226 -1
   22  38  3512 -1
   25  31  1665 -1
   26  56  7056 0
   27  41  1808 -1
   30  34   994 -1
   32  33   131 1
   33  42  1996 2
   34  58  3807 1
   34  59  7445 3
   38  57  2102 -1
   43  54  1303 -1
   44  55  1817 2
Best profit: 38178
End
