NMec = 95584
T = 24
P = 7
Profits not ignored
Valid tasks:                                                          1200000
Solution time = 4.529e+00
Task data
    2  13  1683 0
    2  20  2687 -1
    5  19   979 -1
    6  26  3692 1
    6  31  4116 2
    6  33  5588 3
    8  22  3229 -1
    8  23  2929 -1
    8  24  3378 -1
    8  25  2731 -1
    8  30  3412 4
    9  16  1903 5
   10  17  1822 -1
   10  20  1676 -1
   11  27  3094 -1
   11  31  3431 -1
   12  23  1862 -1
   12  34  6586 6
   13  19  1447 -1
   13  28  1928 -1
   15  29  3174 0
   19  31  1969 5
   20  30  1157 -1
   20  32  1411 -1
Best profit: 32123
End
