NMec = 95584
T = 25
P = 8
Profits not ignored
Valid tasks:                                                          1200000
Solution time = 1.090e+00
Task data
    0   7  1883 0
    0  24  3547 -1
    0  25  5169 1
    1   9  2087 2
    1   9  1334 3
    1  27  3879 4
    2  14  2874 5
    2  16  1724 6
    2  24  2208 -1
    4  15  1774 -1
    4  20  1279 -1
    6   9   961 -1
    6  30  3727 7
    8  25  2833 0
    8  25   941 -1
    9  14   560 -1
   10  22  2488 2
   13  27  1790 -1
   14  26  2904 3
   14  28  1186 -1
   15  31  1622 5
   16  24   936 -1
   17  31  2254 6
   24  29   559 2
   28  29   309 0
Best profit: 35646
End
