NMec = 95584
T = 25
P = 1
Profits not ignored
Valid tasks:                                                          1200000
Solution time = 4.318e+01
Task data
    6  26  3232 -1
    9 246 33758 0
   16  38  2390 -1
   45  59  3477 -1
   53  63   576 -1
   82  90  1035 -1
   90  97   747 -1
   93  99  1038 -1
  111 125  2155 -1
  119 135  2676 -1
  122 169  5727 -1
  130 140  2105 -1
  137 159  3456 -1
  145 152  1183 -1
  152 168  1279 -1
  157 176  4467 -1
  158 174  3758 -1
  161 172  1790 -1
  167 192  2496 -1
  174 185  1117 -1
  177 183  1392 -1
  187 196   955 -1
  197 201  1202 -1
  210 220  2589 -1
  211 220   791 -1
Best profit: 33758
End
