NMec = 95584
T = 26
P = 8
Profits not ignored
Valid tasks:                                                          1200000
Solution time = 1.596e+00
Task data
    0  15  1697 0
    0  24  2062 1
    1   6   710 2
    1  10  1030 3
    2  19  3308 4
    3  29  2831 5
    4   8   328 -1
    5  26  2215 -1
    6  31  4627 6
    8  15  1071 -1
    8  26  4411 2
    9  21  1345 -1
    9  32  2039 -1
   11  21  1482 -1
   11  26   943 -1
   12  21  1324 -1
   13  19  1297 -1
   14  24  2013 -1
   14  31  3591 3
   15  17   395 7
   15  19   588 -1
   16  19   403 -1
   18  28  2228 0
   19  32  3042 7
   21  31  1129 4
   25  29   855 1
Best profit: 31916
End
