NMec = 95584
T = 26
P = 4
Profits not ignored
Valid tasks:                                                          1200000
Solution time = 1.285e+01
Task data
    0   8  1538 0
    0  15  2119 1
    1  58  6850 2
    1  59  6053 -1
    2  63 12368 3
    4  21  2408 -1
    9  21  2825 -1
    9  26  3293 -1
    9  28  4643 0
   11  23  1528 -1
   11  41  3117 -1
   13  37  2573 -1
   17  21   531 1
   22  47  4627 1
   24  58  2887 -1
   25  34  1008 -1
   34  49  2941 -1
   38  50  1709 -1
   39  58  2097 -1
   40  60  3889 0
   41  51  2228 -1
   41  51  1138 -1
   42  50   765 -1
   42  58  1113 -1
   47  57  1482 -1
   47  58   708 -1
Best profit: 36565
End
