NMec = 95584
T = 26
P = 3
Profits not ignored
Valid tasks:                                                          1200000
Solution time = 6.418e+00
Task data
    0  13  1646 0
    1   8   839 1
    9  32  4390 1
   10  11   268 2
   11  35  2517 -1
   12  28  2251 2
   18  28  1446 0
   19  35  1750 -1
   20  24   328 -1
   21  30  1035 -1
   21  30  1027 -1
   23  34  1020 -1
   25  49  2514 -1
   26  53  5669 -1
   30  77  8887 0
   31  57  4611 2
   41  46  1304 1
   42  60  2015 -1
   46  55  1838 -1
   47  57  1482 -1
   48  64  1403 -1
   49  69  4875 1
   58  69  2395 2
   62  69  1424 -1
   65  80   943 -1
   70  76   828 1
Best profit: 33740
End
