NMec = 95584
T = 27
P = 6
Profits not ignored
Valid tasks:                                                          1200000
Solution time = 5.271e+00
Task data
    2  10  2258 0
    3  13  2629 1
    3  19  1864 2
    3  22  2458 3
    5  35  3411 -1
    6  22  2652 4
    9  31  2785 -1
   10  29  4973 5
   11  22  1328 -1
   12  28  4415 0
   13  27  3544 -1
   14  26  2850 -1
   14  36  2130 -1
   15  26  2839 -1
   17  29  1521 -1
   18  38  3765 1
   19  28  1198 -1
   20  28  1165 -1
   20  37  2260 -1
   21  43  2624 2
   22  42  2038 -1
   25  32   762 -1
   25  34   931 3
   26  35   998 4
   29  35   998 0
   35  39   703 3
   40  44   680 0
Best profit: 31948
End
