NMec = 95584
T = 27
P = 5
Profits not ignored
Valid tasks:                                                          1200000
Solution time = 4.836e+00
Task data
    0  53  5386 -1
    2  11  1170 0
    5  17  3071 1
    7  28  2990 2
    9  11   280 3
   10  36  2619 -1
   11  26  2070 4
   13  20  1893 0
   13  28  1826 3
   16  31  1966 -1
   18  44  3269 -1
   19  30  1112 -1
   19  39  5268 1
   20  32  1853 -1
   21  30  1097 -1
   24  37  1677 -1
   24  42  4540 0
   27  32   661 4
   29  37  1973 -1
   30  47  1713 -1
   31  51  3276 2
   32  36  1299 3
   34  49  2009 4
   36  38   747 -1
   36  45  1406 -1
   36  53  1992 -1
   37  47  1973 3
Best profit: 32326
End
