NMec = 95584
T = 28
P = 8
Profits not ignored
Valid tasks:                                                          1200000
Solution time = 4.097e+00
Task data
    0   4   696 -1
    0   8  1899 0
    0  17  2535 1
    0  34  2371 -1
    2  13  1994 2
    2  16  1797 -1
    3  23  3839 3
    3  26  3084 4
    4  13  1385 5
    4  16  1110 -1
    4  16  1085 -1
    4  19  1435 -1
    5  17  1006 -1
    6  29  2886 -1
    7  24  4472 6
    7  25  2089 -1
    8  13   329 -1
    8  24  3734 7
   11  21  1333 -1
   11  28  1450 -1
   12  20  2665 -1
   12  30  3761 0
   12  34  2552 -1
   13  23  1677 -1
   15  25  1905 2
   16  28  2344 5
   19  23   867 -1
   19  32  1426 1
Best profit: 32378
End
