NMec = 95584
T = 28
P = 6
Profits not ignored
Valid tasks:                                                          1200000
Solution time = 2.872e+00
Task data
    0  32  6960 0
    1   9  1977 1
    2  10  1496 2
    2  20  3425 3
    3   8   835 -1
    3  35  6033 4
    4  11  1584 5
    7  34  2336 -1
    8  20   712 -1
    9  30  1772 -1
   10  17   959 1
   12  32  3636 2
   15  29  2077 -1
   18  30  3230 1
   21  25   556 3
   21  31  1414 -1
   22  40  2675 -1
   24  29   539 -1
   26  35  1100 -1
   26  40  1017 -1
   26  45  5921 3
   27  31   602 -1
   28  35  1220 -1
   28  43  2771 5
   31  38   684 -1
   31  39   696 1
   31  44  1426 -1
   33  44  1454 0
Best profit: 40698
End
