NMec = 95584
T = 28
P = 3
Profits not ignored
Valid tasks:                                                          1200000
Solution time = 5.236e+00
Task data
    0  19  2571 0
    5   9   340 -1
    7  22  1366 -1
    8  17  2485 1
   12  22  1524 2
   13  31  1469 -1
   18  25  1463 1
   18  26  1782 -1
   18  36  2285 -1
   24  76  7461 0
   25  40  4737 2
   27  34  1386 -1
   29  39  1983 1
   30  49  4218 -1
   38  62  3810 -1
   40  65  4502 1
   44  60  2036 -1
   46  51   998 -1
   49  55   974 2
   59  80  4832 2
   63  72  1110 -1
   66  86  1883 1
   67  81  1208 -1
   69  82  1696 -1
   73  85  1085 -1
   75  83   917 -1
   75  84  1100 -1
   78  92   821 0
Best profit: 35236
End
