NMec = 95584
T = 29
P = 5
Profits not ignored
Valid tasks:                                                          1200000
Solution time = 3.889e+00
Task data
    1  24  5073 0
    4  11  2299 1
    5  19  1934 2
    8  25  1711 -1
    8  26  3548 3
    9  24  1836 4
   15  34  4235 1
   16  24  1708 -1
   16  26  1355 -1
   20  51  7936 -1
   21  54  7564 2
   24  34  1054 -1
   24  37  2498 -1
   27  30   512 0
   27  48  5339 3
   28  39  1689 4
   30  44  1328 -1
   30  46  1630 -1
   31  40   782 -1
   32  48  3841 -1
   32  48  2318 -1
   32  55  5829 0
   35  40  1174 1
   36  51  3443 -1
   41  57  1224 -1
   42  46   764 1
   42  55  1081 -1
   43  55  2837 4
   47  54  1080 1
Best profit: 45713
End
