NMec = 95584
T = 29
P = 6
Profits not ignored
Valid tasks:                                                          1200000
Solution time = 5.149e+00
Task data
    0  11  2670 0
    1  35  6639 -1
    2  15  3398 1
    4  25  2999 -1
    5  17  2428 -1
    6  23  4372 2
    6  26  6032 3
    6  47  7492 4
    7  17  1548 -1
    9  17   797 -1
    9  31  2966 -1
   11  42  7936 5
   15  32  3874 0
   15  37  3513 -1
   15  39  1800 -1
   17  39  2938 -1
   18  26   863 1
   21  30   782 -1
   21  36  1235 -1
   24  46  2205 2
   26  48  2638 -1
   29  47  1806 -1
   30  33   783 -1
   30  48  4023 1
   31  40  2114 -1
   32  44  2837 3
   32  44  1601 -1
   32  44  1754 -1
   35  45  2486 0
Best profit: 48188
End
