NMec = 95584
T = 30
P = 8
Profits not ignored
Valid tasks:                                                          1200000
Solution time = 1.987e+00
Task data
    1  15  2641 0
    1  15  3530 1
    1  17  2288 2
    2  10  1894 3
    3  11  1119 4
    3  28  6890 5
    5  25  2541 -1
    7  14  1557 -1
    7  26  5836 6
    9  32  1955 -1
   10  21  2545 7
   11  25  1454 -1
   12  21  1740 3
   12  28  1741 -1
   13  19  1345 -1
   13  30  1565 -1
   14  21  1396 -1
   14  37  3929 4
   16  30  3617 0
   17  24   971 1
   17  27  1373 -1
   18  29  1308 -1
   20  36  2301 2
   23  34  1539 -1
   23  34  1769 3
   23  36  1225 -1
   24  31  1907 7
   24  32  1725 -1
   26  31   870 1
   28  34  1136 6
Best profit: 44983
End
