NMec = 95584
T = 30
P = 6
Profits not ignored
Valid tasks:                                                          1200000
Solution time = 2.123e+00
Task data
    0   9  1248 0
    1   9  2118 1
    1  13  2268 2
    1  48 10176 3
    2  14  2128 4
    5  14   875 -1
    5  22  4770 5
    8  20  1417 -1
   12  34  4838 0
   14  23  2412 1
   17  18   195 2
   17  31  2173 -1
   18  25  1298 -1
   20  31  1625 2
   21  41  3652 4
   23  47  3107 -1
   25  28   410 -1
   25  31  1345 1
   28  35  1907 5
   30  39  1346 -1
   31  38  1180 -1
   31  39  1751 -1
   32  47  2051 1
   33  41   734 -1
   33  43  1937 -1
   33  44  2300 2
   34  38   607 -1
   35  41   609 0
   35  41   848 -1
   37  48  3502 5
Best profit: 47144
End
