NMec = 95584
T = 30
P = 4
Profits not ignored
Valid tasks:                                                          1200000
Solution time = 3.650e+00
Task data
    1  22  5177 0
    2   4   523 1
    6  22  1741 -1
    7  23  2113 -1
    7  50  9328 1
    8  15  1683 -1
    9  27  4529 2
   12  18  1136 3
   19  44  5057 3
   21  28   999 -1
   21  40  3841 -1
   22  28   609 -1
   25  36  1739 0
   29  51  3113 -1
   30  38   981 -1
   30  49  3832 2
   32  48  1487 -1
   34  44  2653 -1
   34  54  3438 -1
   35  44  1211 -1
   39  57  3314 -1
   41  59  5035 0
   43  53  1481 -1
   46  51   728 3
   50  68  1841 2
   53  60  1180 1
   57  64   652 -1
   59  67  1154 3
   61  68  1409 0
   61  73  3794 1
Best profit: 46462
End
