NMec = 95584
T = 30
P = 7
Profits not ignored
Valid tasks:                                                          1200000
Solution time = 1.896e+00
Task data
    0  14  2616 0
    0  20  2692 -1
    0  42  8257 1
    1  11  2333 2
    1  33  5401 -1
    2  39  5143 3
    3   8   727 -1
    3   9   850 4
    3  11  1212 -1
    4  16  1417 5
    5  18  2064 -1
    5  26  2745 -1
    8  25  4340 6
    9  31  4407 -1
    9  32  1955 -1
   11  28  2608 -1
   12  26  1865 2
   14  28  2918 4
   17  24  2121 0
   18  28  1785 -1
   18  37  4767 5
   23  36  1225 -1
   25  42  3131 0
   27  35   783 -1
   28  34  1648 2
   28  39  1229 -1
   28  40  3794 6
   31  36   582 -1
   37  41   881 2
   38  42  1052 4
Best profit: 47133
End
