NMec = 95584
T = 31
P = 4
Profits not ignored
Valid tasks:                                                          1200000
Solution time = 3.240e+00
Task data
    0  10  2171 0
    0  12  1860 1
    1  18  3285 2
    1  74 10474 3
    5  14  1090 -1
    7  15  1640 -1
    9  14  1221 -1
    9  26  2187 -1
   11  24  3217 0
   12  30  2132 -1
   12  35  2670 -1
   13  18   634 -1
   16  27  2852 1
   19  58  7594 2
   20  26   928 -1
   20  34  1437 -1
   21  28   635 -1
   26  41  1509 -1
   28  67 10205 0
   30  46  2342 -1
   32  42  1595 1
   34  40  1824 -1
   44  53  1540 -1
   45  54  1782 1
   48  60  1302 -1
   49  59   607 -1
   52  60   885 -1
   55  74  1583 -1
   64  72  1302 1
   69  71   355 0
   69  77   932 2
Best profit: 47624
End
