NMec = 95584
T = 31
P = 3
Profits not ignored
Valid tasks:                                                          1200000
Solution time = 2.586e+01
Task data
    1  16  2121 0
    7  21  2733 1
    7  35  5291 2
   11  18  1902 -1
   15  20   602 -1
   15  22  1145 -1
   15  40  2490 -1
   17  59  8745 0
   18 100 10080 -1
   22  34  2316 -1
   22  46  2358 -1
   24  91  7408 1
   28  41  3572 -1
   28  43  2266 -1
   30  49  2755 -1
   31  52  2448 -1
   35  52  2604 -1
   40  52  2566 2
   42  56  1475 -1
   44  64  3043 -1
   45  62  1864 -1
   52  63  2279 -1
   56  65  1055 -1
   56  66  2866 2
   56  83  2221 -1
   68  74   786 0
   68  84  2618 2
   74  82   713 -1
   75  92   993 -1
   81 100  4595 0
   88  97  1182 2
Best profit: 40911
End
