NMec = 95584
T = 31
P = 1
Profits not ignored
Valid tasks:                                                          1200000
Solution time = 1.437e+02
Task data
    3  14  1202 0
   15 307 16145 -1
   20  24   663 0
   22 306 41209 -1
   37  51  3447 0
   60  86  3861 0
   61  75  1635 -1
   76  88  1245 -1
   86 126  3244 -1
  102 122  2356 0
  104 113  1036 -1
  110 113   423 -1
  112 123  1419 -1
  127 152  4736 0
  130 136   689 -1
  137 146  1974 -1
  150 170  2893 -1
  162 179  2003 -1
  166 167   284 -1
  168 184  3029 0
  194 201  1628 0
  202 224  1825 -1
  205 224  4753 0
  223 229  1330 -1
  244 252  1305 -1
  244 256  3387 0
  267 272   567 -1
  271 284  1701 0
  288 295  1460 -1
  288 303  4083 0
  294 303  1540 -1
Best profit: 34846
End
