NMec = 95584
T = 31
P = 2
Profits not ignored
Valid tasks:                                                          1200000
Solution time = 3.006e+01
Task data
    0  10  1337 0
    1 125 22766 1
    6   8   430 -1
    6  14   932 -1
    8 134 18400 -1
   12  26  1669 -1
   12  27  1795 -1
   15  41  4926 0
   16  31  2121 -1
   20  38  1504 -1
   24  50  4810 -1
   36  48  1791 -1
   42  45   579 0
   61  81  4825 0
   68  90  2506 -1
   70  74   502 -1
   71  82  2441 -1
   82  93  1266 0
   88 100   717 -1
   99 123  2358 -1
  100 109  2606 0
  105 109   950 -1
  112 119   767 -1
  114 133  1966 -1
  115 129  3565 0
  127 136  1182 -1
  128 149  3115 -1
  129 147  2926 -1
  130 144  1190 -1
  132 153  4342 0
  133 141  2297 1
Best profit: 48509
End
