NMec = 95584
T = 32
P = 7
Profits not ignored
Valid tasks:                                                          1200000
Solution time = 9.565e-01
Task data
    1  10  1944 0
    1  21  1472 1
    2   4   320 2
    3  27  2746 3
    4  23  1190 -1
    5  17  2992 2
    7  28  2662 4
    8  12   845 5
    8  24  1369 6
   11  21   584 -1
   12  14   368 0
   13  19  1315 5
   13  24  1657 -1
   16  25  1908 0
   17  35  2135 -1
   20  28  2045 2
   23  32   791 1
   27  39  2526 0
   27  41  1496 5
   28  38  1136 -1
   28  45  2097 3
   29  33   615 2
   29  34  1274 4
   29  39  1093 -1
   30  34   882 6
   34  41  1008 1
   35  41  1097 2
   35  43   711 -1
   36  45  2108 4
   38  45   438 -1
   41  44   480 0
   42  45   936 1
Best profit: 35296
End
