NMec = 95584
T = 32
P = 6
Profits not ignored
Valid tasks:                                                          1200000
Solution time = 4.210e+00
Task data
    0   3   480 -1
    0   7   879 0
    1  22  2690 1
    2   9   438 -1
    2  17  3003 2
    2  23  2338 -1
    3  17  2071 3
    3  19  2088 -1
    3  40  7384 4
    7   9   573 5
    7  18   949 -1
    8  31  4228 0
    9  23  1491 -1
   11  34  2477 -1
   12  16   583 5
   12  35  4052 -1
   14  30  1011 -1
   14  39  1379 -1
   15  36  2662 -1
   17  37  3289 -1
   17  47  6021 5
   18  22  1136 2
   19  42  1682 -1
   22  38  3584 3
   23  42  1611 -1
   24  31   632 -1
   29  43  3184 1
   29  47  2135 2
   34  49  2015 0
   39  49  1097 -1
   39  51  2992 3
   42  53  2805 4
Best profit: 45283
End
