NMec = 95584
T = 32
P = 4
Profits not ignored
Valid tasks:                                                          1200000
Solution time = 1.279e+01
Task data
    0  21  3446 0
    7  14   899 1
    7  41  4407 -1
   10  18  1898 2
   13  20   425 -1
   14  39  5518 3
   15  72 11269 1
   17  28  2726 -1
   20  27  1555 -1
   23  33  2098 0
   23  38  3739 -1
   23  73  9571 2
   26  29   485 -1
   27  34   960 -1
   27  36  1381 -1
   27  43  1695 -1
   29  49  2086 -1
   32  52  2447 -1
   34  44   655 -1
   35  39   395 -1
   36  49  1488 -1
   37  59  2527 -1
   38  47  1689 -1
   38  52  1208 -1
   39  49  2532 0
   44  56  2291 3
   45  46   247 -1
   48  67  1093 -1
   52  59   561 0
   58  76  2323 3
   64  67   317 0
   64  72   930 -1
Best profit: 42723
End
