NMec = 95584
T = 32
P = 2
Profits not ignored
Valid tasks:                                                          1200000
Solution time = 3.369e+01
Task data
    4 154  8976 -1
    6 120 20256 0
   10  24  1186 -1
   11  27   902 1
   13  27  1815 -1
   16  27  1468 -1
   17  25   895 -1
   22  28  1182 -1
   37  48   947 -1
   39  61  4882 1
   41  49  1106 -1
   51  63  1795 -1
   57  59   330 -1
   64  68   972 1
   64  80  1755 -1
   65  81  1910 -1
   73  88  3052 1
   97 112  1122 -1
   98 108  2571 1
  102 109  1254 -1
  102 115  3222 -1
  110 112   242 1
  111 122   656 -1
  113 122   997 -1
  117 135  2393 -1
  119 132  3180 1
  124 134  2319 -1
  128 142  1594 -1
  129 137  1749 -1
  129 148  2397 0
  132 152  2447 -1
  133 148  3003 1
Best profit: 41457
End
