NMec = 95584
T = 32
P = 3
Profits not ignored
Valid tasks:                                                          1200000
Solution time = 8.323e+00
Task data
    1  10  1229 0
    3   9  1476 -1
    3  26  1893 -1
    7 106 19068 1
    9  26  4143 2
   12  20  1079 0
   14  26   774 -1
   15  80  7249 -1
   20  40  2359 -1
   23  25   242 -1
   23  30   425 0
   28  33   734 2
   31 102  9065 0
   36  52  2870 2
   39  50  1452 -1
   44  62  3566 -1
   46  59  1445 -1
   49  65  3973 -1
   51  56   941 -1
   54  60   491 -1
   56  70  1594 2
   60  78  1502 -1
   61  79  3347 -1
   62  70  2045 -1
   69  76  1699 -1
   71  88  3497 -1
   74  79   700 -1
   76  93  3498 2
   83  85   415 -1
   83  91   895 -1
   89  91   300 -1
   91 106   874 -1
Best profit: 43705
End
