NMec = 95584
T = 32
P = 1
Profits not ignored
Valid tasks:                                                          1200000
Solution time = 1.707e+03
Task data
    0 261 41026 -1
    1  24  2934 0
   28 205 33402 -1
   29  48  2456 -1
   35  49  2861 -1
   42  61  4674 0
   50  69  1581 -1
   51  58   632 -1
   51  75  3451 -1
   64  77  2721 -1
   68  88  4769 0
   70  76   417 -1
   74 208 22786 -1
   96 104  1586 0
  103 115  1573 -1
  104 109   328 -1
  104 114  1136 -1
  124 234 23393 0
  147 245 11863 -1
  164 191  3526 -1
  233 249  1192 -1
  242 253  1276 0
  245 259  1491 -1
  257 261   972 0
  278 292  1748 -1
  285 296  2762 0
  287 296   997 -1
  293 310  2023 -1
  299 310   637 -1
  302 313   967 0
  303 305   638 -1
  312 315   440 -1
Best profit: 43333
End
