NMec = 95584
T = 32
P = 5
Profits not ignored
Valid tasks:                                                          1200000
Solution time = 1.121e+01
Task data
    4  27  1427 -1
    6   9   426 0
    7  63  4495 -1
    8  27  1611 1
    9  57  9517 2
   10  51  4613 -1
   11  27  1695 -1
   15  49  5481 0
   16  24  1586 3
   19  21   211 -1
   19  28  2108 -1
   20  27  1817 4
   20  29   791 -1
   23  32  1223 -1
   24  35  2332 -1
   24  47  3022 -1
   25  45  4457 3
   28  34   816 1
   29  30   339 -1
   29  43   820 -1
   29  53  5753 4
   30  47  2485 -1
   32  59  1485 -1
   35  42  1526 1
   37  48  2805 -1
   39  48  1124 -1
   39  49  1319 -1
   41  53  2440 -1
   43  61  1888 1
   45  55  1331 -1
   48  56   930 3
   53  63  1351 0
Best profit: 37159
End
