NMec = 95584
T = 33
P = 4
Profits not ignored
Valid tasks:                                                          1200000
Solution time = 4.305e+00
Task data
    1  16  4018 0
    2  23  2060 -1
    3   6   343 1
    3   9   757 -1
    5  14  2443 2
    5  15  1829 3
   10  29  1315 -1
   12  32  4318 1
   17  22  1341 0
   17  39  1882 2
   23  25   424 0
   24  29   408 -1
   25  34  1974 -1
   27  29   263 -1
   27  43  3332 0
   28  39  2773 3
   30  34   639 -1
   35  51  2223 1
   41  56  2572 2
   43  51  1624 3
   46  59  3944 0
   47  58  2507 -1
   48  70  1969 -1
   53  63  1634 -1
   55  64  1271 1
   55  76  4516 3
   56  70  1075 -1
   59  65   778 -1
   59  69  1555 -1
   59  76  4635 2
   60  78  3967 0
   61  71  1153 -1
   61  74  1550 -1
Best profit: 47455
End
