NMec = 95584
T = 33
P = 8
Profits not ignored
Valid tasks:                                                          1200000
Solution time = 2.522e+00
Task data
    0  18  3967 0
    1  11  1153 1
    1  25  4933 -1
    2  13  1124 -1
    2  36  6312 2
    3   6   351 3
    3   9  1440 4
    5  27  3008 -1
    6  19   921 -1
    6  22  4789 5
    7  18   982 -1
    7  26  3214 -1
    8  40  4212 3
    9  14  1177 -1
    9  22  3235 6
    9  27  4771 7
   11  23  2904 -1
   11  29  1625 -1
   11  33  4721 4
   12  29  1541 -1
   13  23  2687 1
   14  16   204 -1
   15  25  2298 -1
   17  23  1803 -1
   19  34  1729 -1
   21  34  1779 -1
   23  27   554 0
   23  35   932 5
   23  38  2259 6
   26  41  2376 1
   27  33   778 -1
   28  36  1497 0
   29  39  1555 7
Best profit: 46811
End
