NMec = 95584
T = 33
P = 5
Profits not ignored
Valid tasks:                                                          1200000
Solution time = 2.872e+00
Task data
    1  19  2485 0
    3  27  4017 1
    4   8   981 2
    5  17  2904 -1
    7  10   420 3
    7  64  7401 -1
    8  34  4009 4
    9  18   876 2
   11  15   554 3
   12  28  1391 -1
   14  27  1004 -1
   16  17   255 3
   21  56  7104 0
   24  25   137 2
   25  42  3758 3
   29  37  2318 1
   31  48  1945 -1
   32  46  4226 2
   35  54  2826 -1
   37  58  5083 4
   38  43   563 -1
   38  44   989 -1
   40  57  1184 -1
   40  61  5374 1
   43  54  1026 3
   45  57  1444 -1
   47  65  3969 2
   49  64  1370 -1
   52  64  2345 -1
   53  60  2009 -1
   55  59  1027 3
   61  62   412 0
   61  64   666 -1
Best profit: 48031
End
