NMec = 95584
T = 33
P = 6
Profits not ignored
Valid tasks:                                                          1200000
Solution time = 4.959e+00
Task data
    0  20  2200 -1
    1   4   566 0
    2  16  2940 1
    3  23  2680 2
    5  19   987 -1
    7  11   541 0
    8  13   892 3
    8  33  3670 4
    9  18  2512 5
   12  47  8317 0
   13  20  1955 -1
   14  31  3758 -1
   16  30  4226 3
   20  37  1686 -1
   21  26  1341 -1
   21  51  6475 1
   23  37  2960 5
   25  51  2311 -1
   26  34  1851 -1
   29  42  3605 2
   30  43  1226 -1
   30  43   951 -1
   31  43  1064 -1
   31  46  3285 3
   31  53  3008 -1
   32  54  1966 -1
   33  38   431 -1
   35  52  2000 4
   37  45   997 -1
   37  50  1779 -1
   40  53  2328 5
   41  43   483 -1
   43  53  1984 2
Best profit: 48981
End
