NMec = 95584
T = 34
P = 6
Profits not ignored
Valid tasks:                                                          1200000
Solution time = 4.469e+00
Task data
    0  21  4365 0
    1  24  4249 1
    2  19  2780 2
    3  15  2048 3
    3  20  3571 4
    4  22  1375 -1
    6  20  2899 5
    6  24  1276 -1
    7  27  2403 -1
    8  17  1134 -1
    9  33  3456 -1
   10  19   873 -1
   12  55  3028 -1
   14  27  2431 -1
   16  35  2009 -1
   17  24   894 -1
   18  26  2625 3
   20  47  2071 2
   21  28   708 -1
   21  32  2151 4
   22  45  1466 -1
   22  46  2683 0
   24  35  1825 5
   25  39  3349 1
   27  44  1139 -1
   28  35  1478 3
   28  46  2473 -1
   32  38  1009 -1
   32  50  1394 -1
   37  50  2454 3
   41  55  2604 1
   46  53  1343 4
   49  55   606 0
   55  56   401 2
Best profit: 43502
End
