NMec = 95584
T = 34
P = 8
Profits not ignored
Valid tasks:                                                          1200000
Solution time = 3.178e+00
Task data
    0  21  1344 -1
    0  32  3542 0
    2  14  1306 -1
    4  36  5784 1
    5  13   786 2
    5  16  2151 3
    5  19  1085 -1
    5  34  2594 -1
    6  15  1736 -1
    8  19  1361 4
    9  14   441 -1
    9  31  3623 5
    9  33  4997 6
   10  24  2317 -1
   10  37  1927 -1
   11  12   447 -1
   12  23  1729 -1
   14  35  1627 -1
   15  25  2183 2
   15  28  1936 -1
   16  35  2289 -1
   16  36  1410 -1
   17  39  2034 -1
   18  30  1976 -1
   18  41  4432 3
   20  27  2333 4
   22  23   348 -1
   22  32  2183 7
   27  31   317 -1
   27  40  1563 2
   31  35   886 4
   32  39  1343 5
   34  35   261 -1
   36  42  1354 0
Best profit: 38521
End
