NMec = 95584
T = 34
P = 5
Profits not ignored
Valid tasks:                                                          1200000
Solution time = 3.024e+00
Task data
    0  15  2212 0
    4  18  1610 -1
    6  16  1910 1
    8  23  2868 -1
    9  24  2432 -1
   10  19  1933 2
   11  16  1750 3
   12  15   619 4
   19  29   739 0
   19  35  1248 1
   20  45  1923 -1
   21  25   877 2
   22  31  1679 3
   22  36  1310 4
   28  60  2015 -1
   32  46  2161 0
   32  56  3938 2
   33  37   559 3
   34  48  1953 -1
   36  54  3298 1
   36  57  2518 -1
   38  42   924 3
   40  44   568 -1
   40  48   905 -1
   40  51  2381 4
   41  48   708 -1
   41  63  1455 -1
   45  55   952 3
   51  62  2381 0
   53  57  1117 4
   55  60   435 -1
   55  67  2599 1
   56  63  1417 3
   64  67   276 0
Best profit: 36280
End
