NMec = 95584
T = 34
P = 7
Profits not ignored
Valid tasks:                                                          1200000
Solution time = 1.380e+01
Task data
    2   8   444 -1
    2  48  6770 0
    3  27  4959 1
    6  43  5868 2
    7  29  2994 -1
    8  13   687 -1
    8  25  3124 3
    8  26  4242 4
    9  20  1340 5
   10  15  1160 6
   10  42  2918 -1
   11  28  1321 -1
   15  30  1384 -1
   15  31  3373 -1
   16  29  1407 -1
   16  37  3466 -1
   16  39  3648 6
   17  23  1228 -1
   17  29   941 -1
   18  26  1511 -1
   18  30  2257 -1
   19  33  1033 -1
   20  26   518 -1
   22  35  1222 -1
   22  38  1039 -1
   22  44  4072 5
   24  29   681 -1
   24  40  1142 -1
   28  34   752 1
   29  37  2625 3
   33  37   924 -1
   34  48  2999 4
   35  44  1383 -1
   43  45   539 1
Best profit: 42098
End
