NMec = 95584
T = 34
P = 4
Profits not ignored
Valid tasks:                                                          1200000
Solution time = 6.830e+00
Task data
    1  76  5574 -1
    2   9   907 0
    3  13  2032 1
   10  17  1547 0
   12  20   620 2
   14  22  1005 1
   18  35  2780 -1
   18  36  1405 -1
   20  30  1585 0
   20  35  1607 -1
   21  39  4242 2
   21  41  6123 3
   22  41  1222 -1
   24  32   797 1
   25  40  2212 -1
   28  35  1042 -1
   34  45  2381 0
   37  42  1052 -1
   39  46  1434 1
   40  56  1825 2
   43  81  3403 -1
   45  51   444 -1
   46  59  1013 0
   48  72  2162 -1
   53  69  2853 1
   53  70  1209 -1
   59  83  2861 2
   61  71  1948 -1
   62  82  3645 0
   63  73  1733 -1
   66  75  1521 -1
   68  77  1736 3
   71  82  2381 1
   79  84  1200 3
Best profit: 40187
End
