NMec = 95584
T = 35
P = 7
Profits not ignored
Valid tasks:                                                          1200000
Solution time = 2.629e+00
Task data
    1  11  1350 0
    1  23  4481 1
    2  31  2262 -1
    3  16  1460 -1
    3  26  6116 2
    4  20  3012 -1
    5  12  1823 3
    7  15  2184 4
    7  22  1859 -1
    8  21  2450 -1
    9  26  1665 5
   12  20   950 -1
   12  25  2367 -1
   12  30  4956 0
   12  34  2018 -1
   12  48  6893 6
   13  19  1359 -1
   13  23  1032 -1
   14  17   388 3
   17  28  2128 4
   19  25  1264 -1
   19  36  4303 3
   20  28  1695 -1
   25  46  2206 1
   27  41   996 -1
   29  44  3866 2
   29  48  4048 4
   30  42  1747 5
   31  36   932 0
   37  41  1116 0
   37  42  1331 -1
   39  45  1153 -1
   39  48   936 3
   43  44   210 -1
   43  49   870 0
Best profit: 52008
End
