NMec = 95584
T = 35
P = 6
Profits not ignored
Valid tasks:                                                          1200000
Solution time = 3.316e+00
Task data
    1   5  1116 0
    1   5  1305 1
    3  16  1740 2
    4  12  2175 3
    4  46  7618 4
    5  26  2206 -1
    5  58  6624 -1
    6  12   465 -1
    6  22  3300 0
    7  24  2091 -1
   10  14   942 -1
   11  21  1032 1
   12  23  1123 -1
   12  29  3354 5
   12  29  1899 -1
   13  22  2025 3
   14  22   872 -1
   17  27  1860 2
   20  25   453 -1
   21  43  2018 -1
   22  31   925 1
   25  33  2184 0
   25  42  2794 -1
   25  46  4877 3
   26  43  3150 -1
   27  33   733 -1
   28  51  5736 2
   31  41  1811 -1
   32  33   355 1
   32  57  3493 5
   36  44  1625 0
   36  49  1460 -1
   37  46  2549 1
   42  48  1364 -1
   47  55  2051 0
Best profit: 49320
End
