NMec = 95584
T = 35
P = 5
Profits not ignored
Valid tasks:                                                          1200000
Solution time = 1.071e+01
Task data
    1   6  1456 0
    1  40  6207 1
    4  13  2549 2
    5  13  1119 -1
    5  22  3354 3
    6   9   723 4
    7  28  2555 -1
    9  27  2331 -1
   10  16  1595 0
   10  25  2800 4
   12  34  2151 -1
   16  28  1360 -1
   16  33  3390 2
   18  44  2815 -1
   20  36  1282 -1
   22  28   739 0
   22  31   925 -1
   25  37  1304 -1
   25  53  2719 -1
   26  37   797 -1
   26  40  2658 -1
   26  45  3897 3
   27  65  8645 4
   29  55  5465 0
   32  44  2305 -1
   34  38  1305 -1
   35  51  1645 -1
   36  46  1860 2
   36  47  2900 -1
   43  51  1747 1
   44  61  2962 -1
   46  53  1913 3
   53  62  2231 1
   55  66  1613 2
   61  68   702 0
Best profit: 50886
End
