NMec = 95584
T = 35
P = 8
Profits not ignored
Valid tasks:                                                          1200000
Solution time = 2.598e+00
Task data
    2  22  4784 0
    4  12  2348 1
    5  22  3507 2
    6  24  1667 -1
    6  40  5915 3
    7  16  1162 -1
   10  17   741 -1
   10  26  1773 -1
   11  23  3313 4
   12  36  5975 5
   13  21  2184 -1
   13  24  2329 -1
   13  25  2632 1
   14  24   830 -1
   15  18   710 -1
   16  33  4350 6
   16  39  5320 7
   17  27  1350 -1
   18  38  3721 -1
   19  28   664 -1
   20  21   188 -1
   20  33  2637 -1
   21  27  1562 -1
   26  31   807 -1
   26  36  1161 -1
   27  35  1625 0
   28  41  2304 1
   29  42  1465 -1
   30  34   932 2
   30  36  1225 -1
   31  32   311 -1
   31  40  1003 4
   31  42  1126 -1
   35  43  1119 2
   40  43   388 0
Best profit: 45515
End
