NMec = 95584
T = 36
P = 7
Profits not ignored
Valid tasks:                                                          1200000
Solution time = 3.091e+00
Task data
    1  16  2549 0
    1  26  4141 1
    2  48  7207 2
    4  14  2685 3
    5  13  1789 4
    5  22  1834 5
    5  47  3893 -1
    8  15  1459 -1
    8  27  1983 -1
    9  11   430 6
   11  23  1673 -1
   13  22   743 6
   14  21  2309 4
   16  37  1802 -1
   17  36  2269 0
   18  28  2135 3
   20  32  1683 -1
   21  26   763 -1
   22  24   382 -1
   22  24   481 4
   22  36  2923 -1
   23  35   800 -1
   24  34  1119 -1
   24  43  3362 5
   25  40  1974 -1
   25  50  2831 4
   26  47  5965 6
   29  32   459 1
   31  42  2748 3
   33  37   524 -1
   33  41   788 -1
   34  48  1650 -1
   35  42  1106 -1
   36  45  1852 1
   37  45  1135 -1
   41  51  1647 0
Best profit: 47436
End
