NMec = 95584
T = 37
P = 7
Profits not ignored
Valid tasks:                                                          1200000
Solution time = 3.473e+00
Task data
    0   8   700 -1
    0  12  1430 0
    1  10  1311 1
    1  11  1087 2
    1  21  3141 3
    6  19  2558 4
    6  29  2763 -1
    7  13  1535 5
    7  23  1971 -1
    7  24  4516 6
    8  18  1238 -1
    8  26  2617 -1
    9  25  2794 -1
   11  25  1367 -1
   11  27  2045 -1
   11  30  3553 1
   12  27  1888 -1
   12  30  2686 2
   14  37  3364 0
   15  23   958 -1
   15  27  3252 5
   16  17   243 -1
   17  25  1242 -1
   21  38  1958 -1
   22  46  2791 3
   24  34  1438 -1
   25  37  1565 -1
   27  50  2494 -1
   28  38  2140 4
   28  43  3805 5
   30  48  4712 6
   32  43  1833 -1
   33  44  1118 -1
   33  45  1129 1
   34  44  2213 2
   40  52  2320 0
   43  48   669 -1
Best profit: 47543
End
