NMec = 95584
T = 37
P = 6
Profits not ignored
Valid tasks:                                                          1200000
Solution time = 3.180e+00
Task data
    0   5  1097 0
    0  13  1612 1
    1  20  1976 -1
    2  18  1322 -1
    2  19  1562 2
    3  30  3149 3
    5  17  1945 -1
    7  19  1351 -1
    7  28  2665 0
    9  17  1180 -1
    9  24  3805 4
    9  27  2066 -1
   10  29  2233 5
   11  34  2782 -1
   14  25  3002 1
   15  28  2816 -1
   24  36  2850 2
   25  35  1210 4
   26  34   821 -1
   26  48  3512 -1
   27  33  1757 1
   30  38  1240 0
   30  39  1203 5
   30  42  1383 -1
   30  49  2803 -1
   31  41  1025 -1
   32  50  2620 3
   34  42  1480 1
   35  50  2855 -1
   37  55  3376 2
   38  39   284 -1
   39  51  2529 0
   40  59  2407 4
   40  59  2359 5
   43  47   558 1
   44  47   993 -1
   44  52  1177 -1
Best profit: 42714
End
