NMec = 95584
T = 37
P = 4
Profits not ignored
Valid tasks:                                                          1200000
Solution time = 1.912e+01
Task data
    0  52  5827 -1
    2   9   730 0
    3  18  3218 1
    5  18  1563 -1
    7  24  3212 2
    8  18  1170 -1
    9  22  1523 3
   13  38  3408 -1
   14  24  1324 -1
   14  25  1382 -1
   15  92 19507 0
   17  27  1087 -1
   23  60  4405 -1
   25  40  3113 1
   26  39  2138 -1
   29  43  1559 2
   29  84  4859 -1
   30  35   708 3
   37  44   746 -1
   37  49  2850 3
   39  55  2383 -1
   41  63  2767 -1
   42  62  3141 1
   42  68  3036 -1
   43  52  1114 -1
   50  61   934 2
   52  63  2854 3
   52  69  2482 -1
   56  57   497 -1
   56  72  2794 -1
   62  70  1599 2
   63  67   690 -1
   63  87  4568 1
   64  81  2181 -1
   65  89  3534 3
   66  74  1177 -1
   75  88  3512 2
Best profit: 56562
End
