NMec = 95584
T = 38
P = 5
Profits not ignored
Valid tasks:                                                          1200000
Solution time = 6.017e+00
Task data
    2   8   548 0
    3  27  1980 -1
    4  19  1139 1
    6  30  3280 2
    7  16  1731 3
    8  25  3045 4
    9  20  1794 -1
   10  22  3218 0
   10  27  1988 -1
   11  31  1889 -1
   13  30  1981 -1
   14  26  1734 -1
   15  39  5260 -1
   16  18   323 -1
   16  24  1712 -1
   19  26   550 -1
   22  49  5296 1
   23  47  2200 -1
   24  34  1506 0
   27  36  1314 -1
   28  38  1871 3
   28  40  2101 4
   29  48  1871 -1
   36  48  2596 0
   36  48  3849 2
   36  50  2631 -1
   39  45  1769 3
   41  72  4204 4
   43  51  1137 -1
   45  50  1180 -1
   48  58  2812 3
   52  67  2439 0
   54  64  2142 -1
   56  69  1295 -1
   57  66  1406 -1
   60  67  1199 1
   61  68  2346 2
   64  75  2435 3
Best profit: 47384
End
