NMec = 95584
T = 39
P = 8
Profits not ignored
Valid tasks:                                                          1200000
Solution time = 3.837e+00
Task data
    1  11  2582 0
    2  20  3779 1
    3   6   883 -1
    3  16  1788 2
    4  48  6435 3
    5  10   612 -1
    5  11   679 -1
    5  20  2428 -1
    6  17  2882 4
    6  21  1695 -1
    7  43  3509 -1
    8  19  1285 -1
    9  17  1450 -1
    9  20  1175 -1
    9  27  3079 5
   10  18   875 -1
   10  28  1922 -1
   10  31  3731 6
   12  20  1756 -1
   12  46  5920 0
   14  38  3629 7
   15  23  1633 -1
   15  27  1301 -1
   16  26  2886 -1
   18  32  1470 2
   18  34  3160 4
   20  29   876 -1
   20  34  2674 -1
   22  43  2202 -1
   25  43  5333 1
   29  48  3310 5
   32  41  1329 6
   33  45  1259 -1
   34  46  2679 2
   35  42   654 -1
   36  44   934 4
   40  48  1732 7
   41  48  1226 -1
   42  44   463 -1
Best profit: 53772
End
