NMec = 95584
T = 39
P = 4
Profits not ignored
Valid tasks:                                                          1200000
Solution time = 6.390e+00
Task data
    2   9  2246 0
    4  23  1937 1
    9  18  1001 -1
   10  22  2502 0
   11  23  1234 2
   12  18   750 3
   15  33  3059 -1
   17  35  1846 -1
   18  23   767 -1
   23  28  1323 0
   28  93 10012 -1
   31  38  1357 0
   31  38  1488 1
   33  47  2538 -1
   36  61  6102 2
   37  51  3936 3
   39  61  1879 -1
   40  53  1483 -1
   41  61  3217 0
   44  48   976 1
   47  69  2252 -1
   49  55  1135 1
   52  76  3575 3
   58  77  4802 1
   62  73  1162 0
   62  77  1619 -1
   64  68   665 2
   64  85  2202 -1
   65  82  3209 -1
   69  71   436 -1
   71  80  2061 2
   73  92  2038 -1
   75  84   876 -1
   75  95  4177 0
   78  83   924 1
   78  89  1244 3
   86  97  2177 1
   89  94   994 2
   90  96   686 3
Best profit: 50670
End
