NMec = 95584
T = 40
P = 4
Profits not ignored
Valid tasks:                                                          1200000
Solution time = 1.065e+01
Task data
    1   5   697 0
    1   6   586 1
    1  14  3166 2
    4  21  3054 3
   13  26  1071 -1
   16  30  3382 0
   24  48  2634 -1
   26  41  2230 -1
   27  37  1022 -1
   27  99 12786 1
   28  45  2388 2
   29  83  9929 3
   31  37  1227 -1
   33  45  1222 -1
   33  48  2704 0
   33  57  4792 -1
   36  48  1532 -1
   36  57  4696 -1
   39  52  1132 -1
   44  54  1614 -1
   46  55  1949 2
   49  59  1474 -1
   49  60  3043 0
   53  75  2332 -1
   57  61  1368 -1
   57  67  1167 2
   59  71  1590 -1
   62  70  1900 -1
   62  85  2720 -1
   63  65   319 0
   66  72  1237 0
   66  86  2397 -1
   68  78  1291 2
   68  86  1623 -1
   78  91  2139 0
   79  87  2011 2
   81  93  2097 -1
   82  89   636 -1
   87  94   733 -1
   97  99   411 -1
Best profit: 51848
End
