NMec = 95584
T = 40
P = 6
Profits not ignored
Valid tasks:                                                          1200000
Solution time = 6.592e+00
Task data
    0  13  1649 0
    1  11  1867 1
    1  12  1936 2
    2  19  4070 3
    3   8   558 4
    5  22  2749 -1
    5  59  4365 -1
    6  13  1116 -1
    7  19  2348 -1
    7  32  6592 5
    9  28  5470 4
    9  45  2989 -1
    9  63  8068 -1
   12  16   428 1
   14  21  1689 -1
   14  24  2109 0
   16  30  1701 -1
   17  28  1671 -1
   17  37  4692 1
   18  31  3157 -1
   18  43  5065 2
   19  37  1454 -1
   21  45  2288 -1
   22  32  1346 -1
   23  36  2366 3
   26  31   705 -1
   27  38  2102 0
   33  40   849 -1
   35  49  2628 -1
   35  52  1825 -1
   36  56  2213 4
   37  58  2946 3
   37  58  4696 5
   39  49  1074 0
   39  58  2121 -1
   42  56  2649 1
   54  65  1592 0
   55  66  1642 2
   59  65   659 1
   62  66   571 3
Best profit: 56946
End
