NMec = 95584
T = 40
P = 5
Profits not ignored
Valid tasks:                                                          1200000
Solution time = 4.265e+00
Task data
    0   2   317 0
    0   4   568 1
    1  19  2599 2
    3  21  1764 0
    6  16  1256 -1
    6  19  1643 -1
    8  79 10562 1
    9  19  1474 3
   12  31  3393 4
   13  30  4070 -1
   15  26  1273 -1
   21  24   903 2
   21  27   743 3
   23  53  8478 0
   25  31  1184 2
   25  39  2628 -1
   26  36  1533 -1
   28  37  1806 3
   28  43  1504 -1
   33  37   959 -1
   33  44  2681 -1
   33  47  1212 -1
   33  49  2367 -1
   36  44  1754 2
   36  44  1061 -1
   37  48  3043 4
   37  58  2690 -1
   40  55  1622 -1
   44  56  2296 3
   45  68  2196 -1
   49  64  3376 2
   50  55   797 -1
   51  57  1070 4
   54  64   940 -1
   55  79  4379 0
   57  67  1775 3
   58  61   318 -1
   63  67  1068 4
   69  77   879 2
   73  75   230 3
Best profit: 53661
End
