NMec = 95584
T = 40
P = 8
Profits not ignored
Valid tasks:                                                          1200000
Solution time = 7.871e+00
Task data
    0  11  1414 -1
    0  49  5300 0
    1  12  2714 1
    1  17  2597 2
    1  25  2534 -1
    2  20  2168 -1
    3   9  1227 3
    3  27  2651 -1
    5  21  1578 4
    6  18  1111 5
    6  29  2528 6
    7  13  1565 7
    7  27  1667 -1
    8  35  3902 -1
   11  28  3798 3
   13  21  1577 -1
   13  29  1301 -1
   13  36  3214 -1
   14  41  7098 1
   14  46  3872 -1
   15  24  1223 -1
   15  27  1811 -1
   16  35  2267 -1
   17  39  6291 7
   18  25   647 -1
   18  27  1766 -1
   18  32  3382 2
   21  41  2049 -1
   22  46  3668 4
   26  40  1990 -1
   27  32   968 -1
   27  49  3146 5
   29  37  1726 -1
   29  38  2135 3
   32  47  3117 -1
   33  43  1034 -1
   34  43  1806 2
   34  48  2545 6
   36  41   550 -1
   41  44   677 3
Best profit: 53166
End
