NMec = 95584
T = 40
P = 7
Profits not ignored
Valid tasks:                                                          1200000
Solution time = 9.933e+00
Task data
    0   7   943 -1
    1  46  8122 0
    2  12  1256 -1
    2  55  8708 1
    3  18  3117 -1
    3  40 10393 2
    5  10  1015 -1
    5  28  3183 3
    6  19  2989 4
    7  21  2709 -1
    7  23  4310 5
    7  24  2509 -1
    8  22  1581 -1
    9  18   976 -1
    9  55  4983 -1
   11  24  2684 6
   13  20   613 -1
   14  33  2028 -1
   17  35  1509 -1
   17  46  5089 -1
   23  46  2255 -1
   27  35   955 -1
   27  36  1752 -1
   27  36  2262 4
   27  47  2873 -1
   28  47  2785 5
   28  51  2816 -1
   29  41  1207 -1
   31  32   351 3
   31  37   641 -1
   33  38  1353 3
   33  45  2905 6
   33  47  1212 -1
   34  48  1282 -1
   34  51  2641 -1
   39  47  1206 -1
   40  54  1701 3
   43  49   857 2
   44  45   423 4
   46  57  1833 4
Best profit: 54859
End
