NMec = 97746
T = 17
P = 5
Profits not ignored
Valid tasks:                                                             9636
Solution time = 6.488e-03
Task data
    0  17  3676 0
    0  22  2021 -1
    2  17  3856 1
    2  23  3652 -1
    3  12  1043 -1
    3  19  1879 -1
    3  26  2073 -1
    4  16  1877 -1
    5  13  2254 2
    8  12   287 -1
    8  14   707 -1
    8  23  3748 3
    8  31  1645 -1
   12  21  1459 -1
   12  28  4403 4
   17  29  1857 2
   26  32  1079 -1
Best profit: 19794
End
