NMec = 97746
T = 18
P = 8
Profits not ignored
Valid tasks:                                                           127902
Solution time = 2.242e-02
Task data
    0   6   905 0
    0  10  1412 1
    0  13  1979 2
    0  26  4947 3
    1  19  1842 4
    2  17  1254 5
    3   7   336 -1
    4  17  1388 6
    5   7   380 7
    6  15  1008 -1
    7  14  1025 0
    8  18  1966 7
   11  24  1245 1
   13  20   876 -1
   15  26  2652 0
   16  21  1412 2
   19  28  1190 5
   23  27   512 -1
Best profit: 23597
End
