NMec = 97746
T = 18
P = 4
Profits not ignored
Valid tasks:                                                            16313
Solution time = 1.075e-02
Task data
    4  10   833 0
    4  15  1190 1
    5  22  2273 -1
    6  27  2217 -1
    8  15  1430 2
    8  17  1833 3
    8  20  1665 -1
    9  28  1939 -1
   10  33  3080 -1
   12  21  1292 0
   13  22   889 -1
   15  19   548 -1
   16  40  3532 1
   18  33  3536 2
   18  42  2554 3
   20  29   784 -1
   22  38  3999 0
   22  40  1273 -1
Best profit: 20199
End
