NMec = 97746
T = 18
P = 1
Profits not ignored
Valid tasks:                                                             1473
Solution time = 4.912e-03
Task data
    5  19  1006 0
   15  22   776 -1
   17  28  1427 -1
   23 178 19687 -1
   28  39  1314 -1
   28  46  1883 0
   32  45  1411 -1
   41  57  1511 -1
   56  65  2353 0
   67  83  1737 0
   88  96  1156 -1
   89 100  1537 -1
   92 166 16573 0
   96 111  2067 -1
  102 107   471 -1
  102 116  2749 -1
  118 139  3931 -1
  158 166  1272 -1
Best profit: 23552
End
