NMec = 97746
T = 18
P = 2
Profits not ignored
Valid tasks:                                                             5058
Solution time = 7.182e-03
Task data
    2  10   706 0
    8  23  1752 -1
   11  23  1665 -1
   11  24  1431 -1
   12  85  7454 0
   14  36  5083 1
   21  31  2588 -1
   21  41  2036 -1
   23  28  1073 -1
   38  48  1555 1
   43  60  2141 -1
   53  63   738 -1
   54  67  1768 -1
   58  66   893 -1
   60  71  1541 -1
   60  74  2749 1
   67  79  1156 -1
   73  84  1551 -1
Best profit: 17547
End
