NMec = 97746
T = 18
P = 3
Profits not ignored
Valid tasks:                                                            28788
Solution time = 1.045e-02
Task data
    0  54  5540 0
    4  18  2749 1
    5   9   445 2
    5  21  1139 -1
    9  17   873 -1
   10  25  1586 -1
   11  27  1737 2
   15  23   986 -1
   16  18   388 -1
   20  37  2141 -1
   21  40  4420 1
   22  41  2525 -1
   30  34   707 2
   35  54  2561 2
   39  50   940 -1
   42  48   899 1
   52  56   894 1
   56  59   942 -1
Best profit: 19952
End
