NMec = 97746
T = 19
P = 2
Profits not ignored
Valid tasks:                                                            25584
Solution time = 1.875e-02
Task data
    1  63  5330 0
    6  14  2086 1
    9  10   282 -1
   11  15   805 -1
   15  23  1100 1
   23  24   163 -1
   23  30  2280 -1
   24  33   641 -1
   24  33   820 -1
   26  48  5591 1
   49  57  1459 1
   54  63   648 -1
   56  78  3036 -1
   59  83  4912 1
   67  74   826 -1
   68  79  2143 0
   73  78   734 -1
   74  76   305 -1
   78  83   688 -1
Best profit: 22621
End
