NMec = 97746
T = 19
P = 5
Profits not ignored
Valid tasks:                                                            76196
Solution time = 3.256e-02
Task data
    0   2   195 0
    4  11  2280 0
    6  15  1965 1
    6  30  3054 -1
    7  24  2376 2
    8  28  3749 3
    8  30  2334 -1
    9  18  2431 4
   10  19   809 -1
   11  20  1223 -1
   11  21  1770 -1
   12  33  3092 0
   15  27  3013 -1
   16  33  2918 1
   18  26  1032 -1
   20  35  1311 4
   24  34   705 -1
   27  33   722 2
   30  36   593 -1
Best profit: 21039
End
