NMec = 97746
T = 20
P = 4
Profits not ignored
Valid tasks:                                                            47894
Solution time = 4.480e-02
Task data
    0  47  5674 -1
    0  49  8772 0
    1  46  8070 1
    2  15  1353 -1
    3  13  1853 -1
    3  14  1308 -1
    5  22  2445 -1
    5  29  6044 2
    8  22  3904 3
   13  24  2150 -1
   15  41  2824 -1
   20  39  2658 -1
   22  42  3737 -1
   24  47  3291 3
   25  37  2785 -1
   31  37   797 -1
   32  45  3558 2
   35  42   731 -1
   35  44  2048 -1
   42  49  1090 -1
Best profit: 33639
End
