NMec = 97746
T = 20
P = 1
Profits not ignored
Valid tasks:                                                             1389
Solution time = 1.966e-02
Task data
    9  18  1047 -1
   11  21  1931 0
   11  35  4210 -1
   12  29  3159 -1
   13  28  2173 -1
   15  38  2838 -1
   23 184 22059 0
   41  44  1042 -1
   61  74  2508 -1
   62 129 13923 -1
   72  88  3026 -1
   75  99  2844 -1
   80 105  6286 -1
   93 106  2999 -1
  134 137   387 -1
  137 158  2924 -1
  145 155  1199 -1
  146 152   639 -1
  150 158  1235 -1
  180 195  4066 -1
Best profit: 23990
End
