NMec = 97746
T = 20
P = 3
Profits not ignored
Valid tasks:                                                            35897
Solution time = 3.950e-02
Task data
    0  12  2281 0
    3  61  6975 1
    8  17  1330 -1
   11  27  1552 2
   12  64  6028 -1
   20  32  1417 0
   23  51  3950 -1
   27  48  3705 -1
   29  50  3860 -1
   30  37  1098 2
   32  39  2083 -1
   33  39  1254 0
   37  54  3855 -1
   39  60  5319 2
   43  47   891 -1
   43  54  1630 -1
   47  61  3812 0
   50  58   942 -1
   53  64  1160 -1
   54  62  1844 -1
Best profit: 23708
End
