NMec = 97746
T = 20
P = 7
Profits not ignored
Valid tasks:                                                           186513
Solution time = 7.879e-02
Task data
    0  20  5336 0
    0  20  2880 -1
    1  11  1063 -1
    1  25  4477 1
    2  11  1363 2
    3  13  1853 -1
    3  15  1479 -1
    3  18  3277 3
    3  19  4110 4
    3  19  2983 -1
    4  27  4211 5
    7  14   731 -1
    7  20  1526 -1
    8  29  4712 6
    9  27  2247 -1
   12  22  1958 -1
   13  18   816 -1
   13  28  2127 2
   20  26  1822 3
   21  24   419 -1
Best profit: 31435
End
