NMec = 97746
T = 21
P = 4
Profits not ignored
Valid tasks:                                                           128989
Solution time = 1.088e-01
Task data
    0  50  6300 0
    1  12  1296 -1
    2   9  1266 1
    3  21  2935 -1
    4   6   705 2
    4  52  3769 -1
    5  20  4071 3
    8  43  4421 2
    9  26  3675 -1
   11  51  3606 -1
   12  14   264 1
   13  29  1253 -1
   20  44  4921 1
   21  26   574 -1
   22  27  1023 3
   24  33  1603 -1
   25  31  1267 -1
   25  32   788 -1
   29  39  1076 3
   40  44   607 3
   41  45   363 -1
Best profit: 24654
End
