NMec = 97746
T = 21
P = 7
Profits not ignored
Valid tasks:                                                           711639
Solution time = 1.902e-01
Task data
    0  27  4427 0
    1   5   386 1
    1  23  4161 2
    1  23  2263 -1
    1  24  2590 3
    2   4   369 4
    2  10  1443 5
    2  21  4084 6
    4  23  1450 -1
    5  18  1698 4
    6  16  1076 -1
    8  13  1410 1
   10  15   529 -1
   13  18   574 -1
   13  25  2009 5
   15  20  1023 1
   17  25   664 -1
   17  25   789 -1
   20  27   989 4
   21  26  1182 1
   21  28  2036 -1
Best profit: 25771
End
