NMec = 97746
T = 21
P = 2
Profits not ignored
Valid tasks:                                                            52604
Solution time = 7.783e-02
Task data
    1  20  3937 0
   20  32  2352 1
   23  33  1351 -1
   30  56  3336 0
   34  50  1308 1
   50  58  1391 -1
   54  62   653 -1
   54  65  1174 1
   61  80  1911 -1
   62  73  1456 0
   70  85  2727 1
   72  86  1476 -1
   72  87  2530 -1
   80  87  1880 0
   80 100  1840 -1
   81  99  1401 -1
   87 101  3817 1
   87 104  1584 -1
   90  96  1430 0
   91  97   756 -1
   91 103  2083 -1
Best profit: 23417
End
