NMec = 97746
T = 22
P = 8
Profits not ignored
Valid tasks:                                                          1442736
Solution time = 4.100e-01
Task data
    0   4   446 0
    1   5  1052 1
    1  20  2683 2
    1  28  2119 -1
    2  16  1423 3
    2  29  3595 4
    5   8   787 0
    5  14  1244 5
    8  22  3312 1
    8  26  2183 6
    9  22  2847 0
   12  17  1615 7
   12  18   594 -1
   12  18  1375 -1
   12  20  1598 -1
   13  24  1289 -1
   14  22   938 -1
   15  27  2898 5
   17  27  1336 3
   18  26  1287 7
   21  28  1358 2
   22  26   505 -1
Best profit: 28066
End
