NMec = 97746
T = 22
P = 6
Profits not ignored
Valid tasks:                                                           778432
Solution time = 2.825e-01
Task data
    0  17  1817 0
    1  15  1611 -1
    5  31  2404 1
    6  21  3533 2
    6  23  2311 -1
    7  13   594 -1
    7  15  1208 -1
    7  15  1094 -1
    7  16  2692 3
    8  21  1608 -1
   10  22  2898 4
   10  23  2001 -1
   12  25  2485 5
   14  25  1139 -1
   18  27  1698 0
   21  23   313 -1
   21  24   304 -1
   21  35  3155 3
   25  33  1768 2
   26  36  1368 4
   27  32  1180 5
   27  34  1628 -1
Best profit: 24998
End
