NMec = 97746
T = 22
P = 1
Profits not ignored
Valid tasks:                                                             3858
Solution time = 1.009e-01
Task data
    0  16  3754 0
    4 180 34754 -1
    5   8   380 -1
   12 174 16445 -1
   15 106  7791 -1
   24  37  1879 -1
   29  41  1579 -1
   33 181 33210 0
   35  40  1019 -1
   36  99  4843 -1
   58  75  2572 -1
   62  66   643 -1
   89  97   967 -1
  107 114   995 -1
  109 118  2034 -1
  117 126   891 -1
  127 141  4037 -1
  131 156  5469 -1
  138 149  1379 -1
  141 148  1421 -1
  179 195  3341 -1
  196 206  1147 -1
Best profit: 36964
End
