NMec = 97746
T = 22
P = 5
Profits not ignored
Valid tasks:                                                           478581
Solution time = 2.556e-01
Task data
    0  15  1719 -1
    0  40  4272 -1
    2  21  2297 -1
    3  19  3341 0
    4  15   909 -1
    7  16  2692 1
    7  22  2716 2
    7  26  4067 3
   12  23  2130 -1
   12  27  1615 -1
   12  31  2429 -1
   14  20   665 -1
   14  27  2750 4
   16  19   357 -1
   20  38  4195 0
   25  29  1115 1
   25  35  1476 -1
   27  42  1990 2
   29  36  1683 3
   29  42  2001 4
   32  42   932 1
   36  42   899 -1
Best profit: 27482
End
