NMec = 97746
T = 22
P = 4
Profits not ignored
Valid tasks:                                                           146387
Solution time = 2.173e-01
Task data
    0  52  5348 -1
    6  43  3603 -1
    7  22  4306 0
    8  14   624 1
   10  17  1144 -1
   10  25  2716 2
   13  24  1289 -1
   13  30  3661 3
   14  30  2114 -1
   15  37  4517 -1
   17  30  2751 1
   19  45  3466 -1
   21  27  1561 -1
   21  41  2188 -1
   26  31   509 -1
   26  48  4838 0
   28  54  3101 2
   32  47  3533 1
   33  36   304 -1
   33  43  1476 -1
   35  53  2307 3
   45  51  1243 -1
Best profit: 27837
End
