NMec = 97746
T = 23
P = 3
Profits not ignored
Valid tasks:                                                           391080
Solution time = 3.348e-01
Task data
    0  61  7064 -1
    2  14  2023 0
    3  13  1613 1
    3  13  1184 -1
    3  76 11424 2
    5  21  1134 -1
   11  31  3152 -1
   14  19  1116 1
   14  28  1265 -1
   15  52  9801 0
   19  24   849 -1
   22  40  5427 1
   24  40  1845 -1
   25  34  1252 -1
   30  46  2585 -1
   32  40   836 -1
   42  59  4280 1
   43  49  1270 -1
   51  62  1292 -1
   52  55  1040 -1
   54  74  1805 0
   62  67   825 1
   64  66   267 -1
Best profit: 38314
End
