NMec = 97746
T = 23
P = 7
Profits not ignored
Valid tasks:                                                          2438604
Solution time = 7.305e-01
Task data
    0  11  1650 0
    0  20  2969 1
    1  27  2507 -1
    2  19  4280 2
    5  13  1352 3
    6  17  1867 -1
    6  25  5198 4
    8  16   774 -1
    9  11   267 -1
   10  29  3041 5
   10  32  3552 6
   11  20   668 -1
   13  17  1429 0
   15  28  3612 3
   15  29  1614 -1
   16  24  1127 -1
   17  20   338 -1
   19  23   734 0
   21  24   431 -1
   21  27   798 1
   21  32  1303 2
   25  29   930 0
   26  30   908 -1
Best profit: 30848
End
