NMec = 97746
T = 23
P = 5
Profits not ignored
Valid tasks:                                                          1366468
Solution time = 5.781e-01
Task data
    1  21  1401 -1
    1  42  6384 0
    2   6   779 1
    8  12   465 1
   10  13  1040 2
   11  14   744 3
   11  33  6569 4
   14  22  1633 1
   14  33  1686 -1
   15  22  1002 -1
   19  25   622 -1
   19  30  1853 -1
   19  31  3354 2
   20  32  3092 3
   23  39  1845 -1
   24  38  1614 -1
   25  45  2260 1
   26  36  1512 -1
   27  45  1633 -1
   31  37  1027 -1
   35  41  1051 2
   35  44  1415 3
   38  41   457 -1
Best profit: 28786
End
