NMec = 97746
T = 24
P = 6
Profits not ignored
Valid tasks:                                                          2325063
Solution time = 1.205e+00
Task data
    0   7  1029 0
    0  13  1961 1
    0  39  5039 2
    1   7  1336 3
    1   9   755 -1
    2  17  1765 4
    3  19  2143 -1
    4   7   525 -1
    5  15  1552 5
    7  17  1135 -1
    8  26  1751 -1
    9  18  1428 0
   11  34  3931 3
   12  19  1205 -1
   13  23  1359 -1
   13  23   989 -1
   13  25  1133 -1
   15  21  1013 1
   16  17   268 -1
   16  38  1752 5
   18  21   371 -1
   18  26  1188 4
   21  37  3068 0
   28  35   590 -1
Best profit: 25062
End
