NMec = 97746
T = 24
P = 1
Profits not ignored
Valid tasks:                                                            13296
Solution time = 3.557e-01
Task data
    3  19  2268 -1
   10  18   993 0
   13  35  4388 -1
   14  33  1849 -1
   19 185 25134 0
   24  95 12992 -1
   40  53  1961 -1
   45  63  2395 -1
   47  69  2373 -1
   52  68  2142 -1
   56  60   656 -1
   64  75  1106 -1
   76  94  1400 -1
  118 132  2457 -1
  125 131   988 -1
  127 133   630 -1
  132 151  2855 -1
  145 166  1845 -1
  148 153   772 -1
  151 164  2025 -1
  187 193   865 -1
  188 199  1584 0
  203 220  1568 0
  205 214   762 -1
Best profit: 29279
End
