NMec = 97746
T = 24
P = 7
Profits not ignored
Valid tasks:                                                          2998525
Solution time = 1.397e+00
Task data
    0   9  1639 0
    0  31  4192 1
    1  18  1617 2
    1  19  2661 3
    1  21  1547 -1
    2  14   990 4
    2  16  2142 5
    4  18  1548 -1
    7  24  2222 -1
    9  32  4331 6
   10  20  2099 0
   13  28  1342 -1
   15  26  1807 4
   16  30  1387 -1
   17  26   872 -1
   18  24  1013 -1
   18  24   901 -1
   18  29  1584 5
   20  23   505 -1
   21  31  1468 0
   22  28   646 -1
   22  31  1103 2
   23  30  1009 3
   26  34  1270 -1
Best profit: 26642
End
