NMec = 97746
T = 25
P = 8
Profits not ignored
Valid tasks:                                                          6680322
Solution time = 2.930e+00
Task data
    0  13  2211 0
    0  24  1493 -1
    1  26  4223 1
    2   3   354 2
    2  11   799 -1
    2  30  4840 3
    3  16  2365 4
    3  23  5875 5
    4  10   579 -1
    4  21  4093 2
    5  13  1937 -1
    6  11   651 -1
    7  14  1886 -1
    7  31  3069 6
    8  21  1151 -1
    8  31  5690 7
    9  10   134 -1
    9  30  2574 -1
   10  26  3024 -1
   15  28   978 0
   19  29   788 4
   21  27   706 -1
   22  28   750 2
   26  31  1588 5
   27  31   403 -1
Best profit: 36824
End
