NMec = 97746
T = 25
P = 7
Profits not ignored
Valid tasks:                                                          5192264
Solution time = 2.684e+00
Task data
    1  16  3770 0
    1  16  2599 1
    2  22  1466 -1
    3  17  1207 -1
    4  10  1592 2
    4  13   823 -1
    5  17  2798 3
    5  30  6878 4
    7  21  1512 -1
    8  17  1764 -1
    8  25  1927 -1
    8  26  4505 5
    9  18   668 -1
    9  23  1755 -1
    9  32  3789 6
   13  30  1438 2
   16  30  1240 -1
   18  24  1169 -1
   21  27  1183 -1
   21  27  1959 0
   21  28  1423 1
   21  33  1410 3
   23  33   788 -1
   24  34   658 -1
   25  31   860 -1
Best profit: 32161
End
