NMec = 97746
T = 25
P = 5
Profits not ignored
Valid tasks:                                                          5941776
Solution time = 2.310e+00
Task data
    0   6  1660 0
    2   4   210 1
    4  19  3638 2
    8  20  1392 0
    8  21  2274 1
    9  31  4949 3
   12  30  1562 -1
   13  25  1039 -1
   13  34  2701 4
   14  23  1008 -1
   15  24  1579 -1
   17  31  2646 -1
   21  26  1014 0
   21  27   468 -1
   21  48  7407 2
   24  35   717 -1
   27  49  1850 -1
   28  36  1601 0
   28  37   827 1
   32  45  2337 3
   35  49  1074 4
   37  47  2592 0
   38  45   937 -1
   38  47  1085 1
   43  49  1959 -1
Best profit: 34761
End
