NMec = 97746
T = 26
P = 6
Profits not ignored
Valid tasks:                                                          5983828
Solution time = 4.361e+00
Task data
    0  25  2141 -1
    2  22  3673 0
    2  32  3018 -1
    3  20  1799 -1
    4  16  1626 -1
    4  20  2448 -1
    5  41  4356 1
    7  16  2453 2
    7  22  2893 3
    8  19  1032 -1
    9  12   454 4
    9  26  1965 -1
   10  27  2401 -1
   12  18   774 -1
   12  20  1436 -1
   12  30  2756 5
   15  31  2994 4
   21  41  1987 2
   24  27   579 0
   27  37  1755 3
   30  35   625 -1
   30  38  1230 0
   30  43   916 -1
   31  42  1713 5
   38  43   406 3
   40  42   266 -1
Best profit: 27249
End
