NMec = 97746
T = 26
P = 7
Profits not ignored
Valid tasks:                                                         13614552
Solution time = 5.809e+00
Task data
    0  14  2392 0
    0  22  2607 1
    1  33  5262 2
    2  13   811 -1
    3   9   459 -1
    3  33  3226 3
    4  29  3760 4
    5  20  2799 5
    6  15  1178 -1
    6  36  2737 -1
    7  10   982 6
    8  14   603 -1
    9  29  2292 -1
   11  17  1266 6
   12  19  1152 -1
   13  30  2401 -1
   13  31  1798 -1
   15  22  1161 0
   16  33  1753 -1
   20  30  1570 6
   21  37  2994 5
   23  25   248 0
   26  36  1216 0
   28  36  1126 1
   30  32   411 4
   33  36   401 -1
Best profit: 31020
End
