NMec = 97746
T = 26
P = 4
Profits not ignored
Valid tasks:                                                          3807780
Solution time = 3.511e+00
Task data
    5  21  1879 0
    8  13   517 1
    8  29  2935 2
    9  13   328 -1
   11  59  6691 3
   20  36  1928 -1
   20  40  3698 1
   22  51  2921 -1
   23  34   989 -1
   25  34  1595 0
   27  38  1249 -1
   29  40   811 -1
   29  46  2119 -1
   30  46  2973 2
   30  52  3668 -1
   31  45  2141 -1
   39  61  3311 0
   41  44   724 -1
   41  59  2756 1
   47  52  1472 2
   47  56  1000 -1
   48  56  1302 -1
   54  61  1001 2
   56  62   765 -1
   58  63   530 -1
   61  62   190 -1
Best profit: 28828
End
