NMec = 97746
T = 27
P = 5
Profits not ignored
Valid tasks:                                                          3292398
Solution time = 7.162e+00
Task data
    0  37  5185 0
    1  49  7101 1
    4  21  1862 -1
    5  30  2864 -1
    6  16  2552 2
    6  22  1552 -1
    7  42  5374 3
    8  18  1665 -1
    8  22  2812 -1
   10  18  1869 4
   10  30  2034 -1
   11  12   378 -1
   13  25  1403 -1
   13  27  2343 -1
   14  25   981 -1
   16  26  1239 -1
   17  39  1490 -1
   18  33  1922 2
   20  32  1032 -1
   22  29   907 -1
   22  33  1954 4
   27  31   739 -1
   32  42  1172 -1
   38  48  1051 0
   39  48  1005 2
   42  51  2665 4
   45  52  1066 -1
Best profit: 30678
End
