NMec = 97746
T = 27
P = 7
Profits not ignored
Valid tasks:                                                          6457636
Solution time = 9.933e+00
Task data
    3  16  2187 0
    3  18  1814 1
    5  31  3243 -1
    6  15  1514 -1
    6  21  3712 2
    6  32  7194 3
    7  30  3479 4
    8  24  1915 -1
    8  27  3768 5
    9  23  1226 -1
    9  35  2141 -1
   10  27  1743 -1
   10  37  4559 6
   11  19   584 -1
   12  19   828 -1
   12  25  1278 -1
   14  22  1229 -1
   14  23  1066 -1
   14  33  2203 -1
   15  34  2663 -1
   20  33  2625 0
   21  35  1432 -1
   21  36  2363 1
   24  33  1005 -1
   26  32  1454 2
   27  31   540 -1
   28  34  1046 -1
Best profit: 33155
End
