NMec = 97746
T = 27
P = 1
Profits not ignored
Valid tasks:                                                            26263
Solution time = 3.014e+00
Task data
    1  24  3908 0
   10  19   913 -1
   14  26  1062 -1
   15  24  1514 -1
   18  40  2533 -1
   19  61  6232 -1
   21  34  1511 -1
   48  72  2421 0
   56  80  4710 -1
   70  77   764 -1
   72  85  1492 -1
   73 108  5622 0
   76 183 10843 -1
   96 112  3187 -1
  121 249 17600 0
  133 135   449 -1
  134 146  1032 -1
  135 144  1134 -1
  144 153  1127 -1
  175 188  2907 -1
  175 198  6395 -1
  181 203  3396 -1
  199 205   933 -1
  209 225  2043 -1
  243 250  1857 -1
  248 253   621 -1
  254 265   778 -1
Best profit: 29551
End
