NMec = 97746
T = 27
P = 8
Profits not ignored
Valid tasks:                                                         16366288
Solution time = 1.252e+01
Task data
    0   8   905 0
    0  15  2319 -1
    1  16  2606 -1
    1  16  2999 1
    2   4   331 2
    2  17  2184 -1
    3   6   366 3
    3  21  5063 4
    4  17  1448 -1
    5   8   831 -1
    5  31  3987 2
    5  33  4529 5
    6  25  3027 6
    6  25  4640 7
    8  22  2826 3
    8  33  2770 -1
    9  25  1927 0
   10  22  1259 -1
   10  28  1814 -1
   11  17   933 -1
   13  22   648 -1
   13  26  1511 -1
   14  33  1634 -1
   15  30  1922 -1
   21  23   449 1
   22  30   714 4
   29  32   451 -1
Best profit: 31763
End
