NMec = 97746
T = 27
P = 3
Profits not ignored
Valid tasks:                                                           880168
Solution time = 5.398e+00
Task data
    0  24  2511 0
    2  40  3185 -1
    3  89 23179 1
    4   6   275 2
    4  22  1965 -1
    7  12   477 -1
    9  10   376 -1
    9  24  1922 2
   14  25  1295 -1
   15  40  3461 -1
   19  26   853 -1
   22  29  1303 -1
   23  34  1162 -1
   24  39  1814 -1
   29  41  2031 0
   31  87  8415 2
   36  56  3178 -1
   40  56  1873 -1
   45  59  2240 -1
   49  60  2784 -1
   49  62  1577 -1
   54  58   943 -1
   54  65  1740 -1
   56  73  1166 -1
   56  77  4568 0
   58  65  1092 -1
   66  86  2005 -1
Best profit: 42901
End
