NMec = 97746
T = 27
P = 6
Profits not ignored
Valid tasks:                                                          8032434
Solution time = 9.110e+00
Task data
    1  10  1493 0
    4  19  1763 1
    5  17  1775 2
    6  22  1101 -1
    6  28  2607 3
    9  18  1202 4
   10  26  1552 -1
   10  27  1719 -1
   12  33  3329 0
   12  33  2478 -1
   14  36  6129 5
   16  20   938 -1
   16  27  1241 -1
   17  31  1190 -1
   17  39  1879 -1
   19  31  1885 2
   20  33  1356 -1
   22  33  1206 -1
   23  35  2031 1
   23  41  3580 4
   24  32  1330 -1
   24  40  1835 -1
   25  36  1598 -1
   29  33   815 3
   36  39   929 0
   36  43  1662 1
   38  41   427 -1
Best profit: 29200
End
