NMec = 97746
T = 28
P = 2
Profits not ignored
Valid tasks:                                                          1408380
Solution time = 9.034e+00
Task data
    4  23  2311 0
    4 137 18823 1
    8  14   773 -1
   12  79  6377 -1
   22  27   642 -1
   23  38  1606 -1
   24  39  1709 0
   32  43  1336 -1
   36  45   570 -1
   49  61  1951 0
   52  61  1638 -1
   59  61   334 -1
   59  75  1831 -1
   63  72  1148 0
   71  95  6459 -1
   79 137 10150 0
   80  97  3840 -1
   88  96  1977 -1
   92 101  1747 -1
   93 106  1778 -1
   95 111  1874 -1
  100 105  1241 -1
  101 114  1183 -1
  108 119  1107 -1
  110 116   450 -1
  111 120   834 -1
  129 135  1125 -1
  130 139  2320 -1
Best profit: 36092
End
