NMec = 97746
T = 28
P = 1
Profits not ignored
Valid tasks:                                                           297787
Solution time = 7.491e+00
Task data
   16  23  1286 0
   23  41  2113 -1
   29  40  1687 -1
   32  45  3618 0
   53  65  1447 0
   55  67  1199 -1
   63  68   689 -1
   63 263 20165 -1
   65  71  1051 -1
   72  87  2032 0
   95  98   699 0
  107 115   993 -1
  107 115  1549 0
  124 236 24807 0
  134 151  2080 -1
  156 173  2947 -1
  176 189  1496 -1
  193 198  1393 -1
  194 213  4266 -1
  197 210  1168 -1
  220 233   898 -1
  228 250  2537 -1
  235 245  2274 -1
  241 267  2883 0
  254 261   862 -1
  254 272  1605 -1
  260 270  1032 -1
  261 263   172 -1
Best profit: 38321
End
