NMec = 97746
T = 28
P = 8
Profits not ignored
Valid tasks:                                                         21503687
Solution time = 2.393e+01
Task data
    0  11  1324 0
    2  17  2794 1
    2  17  2032 -1
    2  28  3005 2
    3  10   456 3
    3  15  2855 4
    5  17  1492 -1
    5  25  1970 -1
    6  19  1183 -1
    7  13   755 5
    7  20  2987 -1
    7  22  1779 -1
    7  27  3374 6
    7  27  1347 -1
   10  16   703 -1
   11  18   738 -1
   11  30  2136 -1
   11  32  3301 3
   11  32  4547 7
   11  33  2535 -1
   13  34  3602 0
   14  26  3359 5
   15  25   918 -1
   16  24  1265 -1
   17  27  1272 4
   19  23   861 1
   24  34  1176 1
   29  32   929 -1
Best profit: 32681
End
