NMec = 97746
T = 28
P = 3
Profits not ignored
Valid tasks:                                                          3825344
Solution time = 1.188e+01
Task data
    3  11   904 0
    5  93  9892 -1
    9  26  1155 -1
   10  85 13074 1
   12  23  2096 0
   15  25  1213 -1
   17  28  2784 2
   22  42  4611 -1
   23  44  2028 -1
   25  35  2274 0
   30  39   834 -1
   35  59  5332 2
   42  91  6347 0
   44  51   677 -1
   44  55  1387 -1
   45  49   751 -1
   45  52   883 -1
   50  53   428 -1
   59  75  1831 -1
   74  90  1595 -1
   75  83  1002 -1
   75  87  2129 -1
   75  90  2571 -1
   80  92  1389 -1
   81  82   230 -1
   81  93  3359 2
   83  91   513 -1
   86  88   422 -1
Best profit: 36170
End
