NMec = 97746
T = 29
P = 8
Profits not ignored
Valid tasks:                                                        116803034
Solution time = 5.743e+01
Task data
    2  27  4678 0
    2  27  3692 -1
    3   8   676 1
    4  13  1622 2
    4  21  1577 -1
    5  14  1615 3
    5  30  6138 4
    7  35  4656 5
    8  14   702 -1
    8  26  4272 6
    8  26  1909 -1
   10  14   424 -1
   10  19   750 -1
   10  31  6133 1
   13  25   746 -1
   13  33  5652 7
   14  24  1141 -1
   15  23  1556 2
   16  34  4683 3
   20  28  1676 -1
   21  27  1386 -1
   22  30  2194 -1
   24  34  1197 -1
   25  34  2307 2
   25  35  1186 -1
   27  32   940 -1
   29  36  1855 0
   30  33  1102 6
   30  33  1037 -1
Best profit: 46945
End
