NMec = 97746
T = 29
P = 1
Profits not ignored
Valid tasks:                                                           100580
Solution time = 1.378e+01
Task data
    1 228 19299 -1
   11 257 27804 -1
   18  28  3067 0
   27 121  5443 -1
   34  53  3130 0
   61  80  1498 -1
   64  82  5114 0
   76 216 15191 -1
   84  99  3944 0
   90 100  1562 -1
  104 120  1704 -1
  115 125  2049 0
  119 129  1106 -1
  121 135  3373 -1
  125 133  2076 -1
  128 144  4144 0
  145 163  4486 0
  149 169  2176 -1
  150 158  2333 -1
  165 170  1038 0
  172 182  1784 -1
  177 189  2099 0
  178 185  1584 -1
  214 235  5100 0
  224 234   964 -1
  228 237  1800 -1
  234 251  1959 -1
  247 260  2248 0
  258 281  6609 -1
Best profit: 36419
End
