NMec = 97746
T = 29
P = 6
Profits not ignored
Valid tasks:                                                         39180290
Solution time = 4.142e+01
Task data
    0  10   824 0
    0  15  1725 1
    0  44  8095 2
    0  46 12177 3
    1  17  2745 4
    2  13  3230 5
    6  10   502 -1
    6  23  2890 -1
    6  46  4460 -1
    9  15  1304 -1
    9  20  1879 -1
   11  16   676 -1
   11  29  4486 0
   12  21  1622 -1
   15  30  3710 -1
   17  37  4843 1
   18  22   287 -1
   18  33  3900 -1
   18  38  5176 4
   19  34  1658 -1
   19  38  1694 -1
   20  46  7527 5
   21  38  3564 -1
   24  28   503 -1
   25  27   264 -1
   28  37  2754 -1
   30  44  3373 0
   30  45  2272 -1
   34  46  2247 -1
Best profit: 54201
End
