NMec = 97746
T = 29
P = 2
Profits not ignored
Valid tasks:                                                          1067043
Solution time = 1.712e+01
Task data
    0  17  4844 -1
    1  14  2260 -1
    5 107 14622 -1
    5 142 27314 0
    6  89 21762 1
    7  15   517 -1
    7  21  1555 -1
    9  18  2361 -1
    9  27  1423 -1
   11  19  1446 -1
   24  34  1106 -1
   25  37  3625 -1
   34  54  5176 -1
   34  56  2479 -1
   35 123 20522 -1
   44  54  2551 -1
   48  61  2420 -1
   49  65  3822 -1
   56  59   720 -1
   67  77  1784 -1
   69  91  6334 -1
   84  91   871 -1
   93 111  1664 -1
   96 106  1103 -1
   97 115  4631 1
  103 112   847 -1
  115 120  1118 -1
  118 128  1239 1
  123 140  2818 -1
Best profit: 54946
End
