NMec = 97746
T = 29
P = 5
Profits not ignored
Valid tasks:                                                          6908930
Solution time = 3.080e+01
Task data
    1   7  1575 0
    5  17  3014 1
    7  29  5669 2
    7  32  2277 -1
    8  11  1116 -1
    8  17  1729 0
    9  24  1199 -1
   10  28  3418 -1
   10  33  4468 3
   10  42  8042 4
   10  57  4064 -1
   11  27  3921 -1
   14  29  1725 -1
   15  30  1658 -1
   17  30  2192 -1
   18  44  2706 -1
   20  37  1809 -1
   21  32  1306 -1
   21  41  4958 0
   24  28  1296 -1
   25  30  1653 -1
   25  56  5137 1
   26  38  3499 -1
   28  35  1292 -1
   32  33   285 2
   33  36   451 -1
   35  46  1946 2
   35  54  3959 3
   39  51   746 -1
Best profit: 40782
End
