NMec = 97746
T = 29
P = 7
Profits not ignored
Valid tasks:                                                        103058360
Solution time = 5.257e+01
Task data
    2  13  1938 0
    4  14  2681 1
    4  14  1902 2
    5  22  2556 -1
    6  11   940 3
    8  16   789 -1
    9  17  2125 4
    9  25  4191 5
   10  23  1577 -1
   10  27  3352 -1
   11  29  4405 6
   12  24   974 -1
   13  15   595 3
   15  24  2592 0
   15  26  1946 -1
   15  34  2004 1
   18  28  1980 2
   18  31  1186 -1
   19  27   933 -1
   20  37  4844 3
   21  32  1306 -1
   22  28  1952 4
   23  25   173 -1
   25  40  2569 0
   27  35  2024 5
   29  38  2307 2
   30  38  2479 4
   34  40   755 6
   36  41   604 -1
Best profit: 42283
End
