NMec = 97746
T = 30
P = 6
Profits not ignored
Valid tasks:                                                        179385300
Solution time = 9.699e+01
Task data
    1   9   815 0
    2   6  1397 1
    2  16  1723 2
    5  17  2360 3
    8  12   672 1
    8  19  1731 4
    9  33  4339 5
   11  15   898 0
   11  21   800 -1
   13  27  3063 1
   15  16   362 -1
   15  23  1156 -1
   15  28  2658 -1
   16  31  3636 0
   17  19   312 -1
   17  29  1634 -1
   17  41  4095 2
   18  34  1352 -1
   19  23   835 -1
   19  47  4536 3
   20  44  3599 4
   22  33  2606 -1
   25  30  1072 -1
   26  45  2480 -1
   32  42  2273 0
   33  40   994 -1
   33  44  1743 1
   38  46   588 -1
   38  47   925 5
   39  45   721 -1
Best profit: 37805
End
