NMec = 97746
T = 30
P = 5
Profits not ignored
Valid tasks:                                                         83870823
Solution time = 8.465e+01
Task data
    0  14  2160 0
    1  19  3112 1
    4  27  1908 -1
    6  14  1034 2
   13  17  1022 3
   13  32  3611 4
   15  21  1257 0
   16  31  2148 2
   20  30   719 -1
   21  27  1169 1
   22  33  2606 0
   23  26   910 -1
   23  33  1383 -1
   26  34  2513 3
   26  57  2325 -1
   29  35   870 -1
   31  43  2469 1
   32  55  3462 2
   32  57  3224 -1
   33  56  3754 4
   34  48  1387 -1
   35  55  2160 -1
   38  55  1869 -1
   39  57  3298 0
   40  57  1629 -1
   42  51  1816 -1
   42  52  2273 3
   45  54  1285 -1
   45  55  1964 1
   47  58  1743 -1
Best profit: 37852
End
