NMec = 97746
T = 30
P = 4
Profits not ignored
Valid tasks:                                                         79916546
Solution time = 6.654e+01
Task data
    2  18  3034 0
    3  11   588 -1
    4  16  1612 1
    7  12  1140 2
    9  13   869 3
    9  36  3595 -1
   11  39  4841 -1
   13  37  5105 2
   16  27  1728 3
   17  18   207 1
   19  28  1565 0
   21  29  2513 1
   23  36  2294 -1
   24  35  2479 -1
   25  32  1155 -1
   28  48  3812 3
   29  42  1018 -1
   31  37  1265 0
   32  35   319 -1
   34  43  1343 -1
   35  60  3230 1
   38  41   460 0
   39  43   463 2
   42  50  1131 0
   53  66  2513 0
   54  58  1087 2
   57  64   724 -1
   58  65  1818 3
   59  68  1039 2
   59  70  1743 -1
Best profit: 34591
End
