NMec = 97746
T = 30
P = 2
Profits not ignored
Valid tasks:                                                          4124747
Solution time = 3.894e+01
Task data
    2  15  2513 0
    3 149 15117 -1
    8 102 19620 1
   19  30  1731 -1
   19  37  2972 -1
   22  37  3038 0
   23  43  2639 -1
   29  39   996 -1
   44  55  1966 0
   49  64  3267 -1
   50  65  4467 -1
   50  66  1572 -1
   56  61   872 -1
   58  72  3409 0
   59  75  1236 -1
   60  63   695 -1
   65  78  1798 -1
   80  81   269 0
   83  90  1453 -1
   87  94  1738 0
   99 107   935 -1
  102 107  1084 0
  103 120  2067 -1
  108 123  2304 -1
  112 117  1002 0
  115 130  2856 1
  118 138  1669 -1
  119 140  2733 0
  120 124   621 -1
  125 146  1436 -1
Best profit: 40228
End
