01 01 5.110e-07
02 01 6.610e-07
02 02 6.320e-07
03 01 9.620e-07
03 02 9.210e-07
03 03 9.010e-07
04 01 1.153e-06
04 02 1.352e-06
04 03 1.152e-06
04 04 1.353e-06
05 01 1.743e-06
05 02 2.204e-06
05 03 2.234e-06
05 04 2.114e-06
05 05 2.164e-06
06 01 2.525e-06
06 02 3.477e-06
06 03 4.048e-06
06 04 4.309e-06
06 05 3.807e-06
06 06 4.207e-06
07 01 4.368e-06
07 02 5.560e-06
07 03 6.873e-06
07 04 7.955e-06
07 05 7.864e-06
07 06 7.163e-06
07 07 7.354e-06
08 01 8.195e-06
08 02 9.107e-06
08 03 1.344e-05
08 04 1.434e-05
08 05 1.406e-05
08 06 1.420e-05
08 07 1.682e-05
08 08 1.434e-05
09 01 1.137e-05
09 02 1.941e-05
09 03 2.287e-05
09 04 2.719e-05
09 05 2.897e-05
09 06 2.933e-05
09 07 4.034e-05
09 08 3.269e-05
10 01 2.333e-05
10 02 3.625e-05
10 03 5.038e-05
10 04 5.176e-05
10 05 6.236e-05
10 06 5.766e-05
10 07 6.007e-05
10 08 6.060e-05
11 01 4.765e-05
11 02 6.089e-05
11 03 7.844e-05
11 04 9.850e-05
11 05 1.196e-04
11 06 1.289e-04
11 07 1.458e-04
11 08 1.338e-04
12 01 9.634e-05
12 02 1.077e-04
12 03 1.744e-04
12 04 2.264e-04
12 05 2.442e-04
12 06 2.655e-04
12 07 3.012e-04
12 08 2.854e-04
13 01 1.443e-04
13 02 2.333e-04
13 03 3.659e-04
13 04 3.531e-04
13 05 4.773e-04
13 06 5.670e-04
13 07 6.324e-04
13 08 5.714e-04
14 01 2.877e-04
14 02 6.100e-04
14 03 6.288e-04
14 04 7.128e-04
14 05 9.957e-04
14 06 1.141e-03
14 07 1.268e-03
14 08 1.247e-03
15 01 5.510e-04
15 02 9.194e-04
15 03 1.270e-03
15 04 1.451e-03
15 05 2.017e-03
15 06 2.315e-03
15 07 2.563e-03
15 08 2.546e-03
16 01 1.144e-03
16 02 1.566e-03
16 03 2.281e-03
16 04 2.743e-03
16 05 3.737e-03
16 06 4.820e-03
16 07 5.153e-03
16 08 5.294e-03
17 01 2.316e-03
17 02 4.201e-03
17 03 4.690e-03
17 04 5.441e-03
17 05 6.488e-03
17 06 9.054e-03
17 07 1.013e-02
17 08 1.067e-02
18 01 4.912e-03
18 02 7.182e-03
18 03 1.045e-02
18 04 1.075e-02
18 05 1.731e-02
18 06 1.931e-02
18 07 2.241e-02
18 08 2.242e-02
19 01 1.293e-02
19 02 1.875e-02
19 03 1.929e-02
19 04 2.367e-02
19 05 3.256e-02
19 06 3.444e-02
19 07 4.282e-02
19 08 4.737e-02
20 01 1.966e-02
20 02 3.731e-02
20 03 3.950e-02
20 04 4.480e-02
20 05 5.734e-02
20 06 7.505e-02
20 07 7.879e-02
20 08 9.051e-02
21 01 3.884e-02
21 02 7.783e-02
21 03 7.465e-02
21 04 1.088e-01
21 05 1.249e-01
21 06 1.312e-01
21 07 1.902e-01
21 08 1.987e-01
22 01 1.009e-01
22 02 1.450e-01
22 03 2.101e-01
22 04 2.173e-01
22 05 2.556e-01
22 06 2.825e-01
22 07 3.318e-01
22 08 4.100e-01
23 01 2.078e-01
23 02 2.677e-01
23 03 3.348e-01
23 04 4.632e-01
23 05 5.781e-01
23 06 5.660e-01
23 07 7.305e-01
23 08 6.913e-01
24 01 3.557e-01
24 02 4.974e-01
24 03 5.985e-01
24 04 8.044e-01
24 05 9.030e-01
24 06 1.205e+00
24 07 1.397e+00
24 08 1.375e+00
25 01 7.712e-01
25 02 1.120e+00
25 03 1.201e+00
25 04 1.606e+00
25 05 2.310e+00
25 06 2.262e+00
25 07 2.684e+00
25 08 2.930e+00
26 01 1.698e+00
26 02 2.001e+00
26 03 2.739e+00
26 04 3.511e+00
26 05 3.911e+00
26 06 4.361e+00
26 07 5.809e+00
26 08 6.449e+00
27 01 3.014e+00
27 02 4.192e+00
27 03 5.398e+00
27 04 7.070e+00
27 05 7.162e+00
27 06 9.110e+00
27 07 9.933e+00
27 08 1.252e+01
28 01 7.491e+00
28 02 9.034e+00
28 03 1.188e+01
28 04 1.286e+01
28 05 2.374e+01
28 06 1.777e+01
28 07 2.626e+01
28 08 2.393e+01
29 01 1.378e+01
29 02 1.712e+01
29 03 2.191e+01
29 04 3.044e+01
29 05 3.080e+01
29 06 4.142e+01
29 07 5.257e+01
29 08 5.743e+01
30 01 2.883e+01
30 02 3.894e+01
30 03 4.650e+01
30 04 6.654e+01
30 05 8.465e+01
30 06 9.699e+01
30 07 1.017e+02
30 08 1.064e+02
