NMec = 95584
T = 6
P = 5
Profits not ignored
Valid tasks:                                                               64
Solution time = 7.043e-06
Task data
    0   8   903 0
    0  10  1000 1
    4  16  1365 2
    7  10   510 3
    8  19  2408 4
   11  22  2123 0
Best profit: 8309
All profits:
0 1
510 1
903 1
1000 1
1365 1
1413 1
1510 1
1875 1
1903 1
2123 1
2268 1
2365 1
2408 1
2413 1
2633 1
2778 1
2875 1
2918 1
3026 1
3123 1
3268 1
3311 1
3408 1
3488 1
3536 1
3633 1
3773 1
3778 1
3821 1
3918 1
3998 1
4026 1
4283 1
4311 1
4391 1
4488 1
4531 1
4536 1
4676 1
4773 1
4821 1
4901 1
4998 1
5041 1
5186 1
5283 1
5391 1
5434 1
5531 1
5676 1
5896 1
5901 1
5944 1
6041 1
6186 1
6406 1
6434 1
6799 1
6896 1
6944 1
7309 1
7406 1
7799 1
End
