NMec = 95584
T = 7
P = 2
Profits not ignored
Valid tasks:                                                               44
Solution time = 1.524e-05
Task data
    0   2   308 0
    0  15  2130 -1
    3  27  3907 0
    5  30  3214 -1
    7  12   898 -1
    9  28  3308 -1
   11  27  3429 1
Best profit: 7644
All profits:
0 1
308 1
898 1
1206 1
2130 1
2438 1
3028 1
3214 1
3308 1
3336 1
3429 1
3522 1
3616 1
3737 1
3907 1
4112 1
4206 1
4215 1
4327 1
4420 1
4514 1
4635 1
4805 1
5113 1
5344 1
5438 1
5559 1
5652 1
5746 1
5867 1
6037 1
6345 1
6522 1
6643 1
6737 1
6830 1
6951 1
7045 1
7121 1
7215 1
7336 1
7429 1
7523 1
7644 1
End
