NMec = 95584
T = 8
P = 1
Profits not ignored
Valid tasks:                                                               36
Solution time = 1.382e-05
Task data
    8  29  2522 0
   13  25  2002 -1
   15  30  1199 -1
   24  39  1332 -1
   34  50  4775 0
   35  57  3637 -1
   41  54  3699 -1
   60  75  3001 0
Best profit: 10298
All profits:
0 1
1199 1
1332 1
2002 1
2522 1
3001 1
3637 1
3699 1
4200 1
4333 1
4775 1
4836 1
4898 1
5003 1
5031 1
5523 1
5639 1
5701 1
5974 1
6159 1
6221 1
6638 1
6700 1
6777 1
7297 1
7776 1
7837 1
7899 1
8032 1
8640 1
8702 1
8975 1
9160 1
9222 1
9778 1
10298 1
End
