NMec = 95584
T = 8
P = 2
Profits not ignored
Valid tasks:                                                               80
Solution time = 1.576e-05
Task data
    2  19  1499 -1
    2  19  4755 0
    3   9   525 1
   11  32  4126 1
   12  17   688 -1
   13  36  3695 -1
   15  39  3953 -1
   20  26  1967 0
Best profit: 11373
All profits:
0 1
525 1
688 1
1213 1
1499 1
1967 1
2024 1
2187 1
2492 1
2655 1
2712 1
3180 1
3466 1
3695 1
3953 1
3991 1
4126 1
4154 1
4220 1
4383 1
4478 1
4641 1
4651 1
4679 1
4755 1
4814 1
4908 1
5166 1
5194 1
5280 1
5339 1
5443 1
5452 1
5625 1
5662 1
5719 1
5920 1
5968 1
5977 1
6093 1
6150 1
6187 1
6254 1
6350 1
6445 1
6608 1
6618 1
6722 1
6781 1
6875 1
7133 1
7161 1
7247 1
7306 1
7410 1
7419 1
7592 1
7648 1
7686 1
7821 1
7935 1
7944 1
8079 1
8117 1
8173 1
8221 1
8346 1
8450 1
8604 1
8708 1
8881 1
8975 1
9233 1
9406 1
10417 1
10675 1
10848 1
10942 1
11200 1
11373 1
End
