NMec = 95584
T = 9
P = 1
Profits not ignored
Valid tasks:                                                               34
Solution time = 1.631e-05
Task data
   20  34  4204 0
   26  50  2824 -1
   40  54  1943 0
   51  75  3616 -1
   53  59  1419 -1
   55  72  2996 -1
   56  61   828 -1
   58  73  1442 -1
   61  84  4798 0
Best profit: 10945
All profits:
0 1
828 1
1419 1
1442 1
1943 1
2771 1
2824 1
2996 1
3385 1
3616 1
3652 1
4204 1
4243 1
4266 1
4798 1
4939 1
5032 1
5623 1
5646 1
5820 1
6147 1
6217 1
6440 1
6741 1
6975 1
7200 1
7589 1
7622 1
7820 1
9002 1
9041 1
9143 1
10421 1
10945 1
End
