NMec = 95584
T = 11
P = 3
Profits not ignored
Valid tasks:                                                              828
Solution time = 2.995e-05
Task data
    0   8  1030 0
    6  11   466 1
    6  17  1774 2
    9  20  1635 -1
   10  30  4080 0
   13  21  1405 1
   14  24  1490 -1
   15  22  1022 -1
   15  28  1118 -1
   18  24   648 2
   23  32  1820 1
Best profit: 11223
All profits:
0 1
466 1
648 1
1022 1
1030 1
1114 1
1118 1
1405 1
1488 1
1490 1
1496 1
1584 1
1635 1
1670 1
1678 1
1766 1
1774 1
1820 1
1871 1
1956 1
2052 1
2053 1
2101 1
2136 1
2138 1
2140 1
2144 1
2148 1
2232 1
2240 1
2283 1
2286 1
2422 1
2427 1
2435 1
2468 1
2512 1
2518 1
2519 1
2520 1
2523 1
2604 1
2606 1
2608 1
2614 1
2657 1
2665 1
2700 1
2749 1
2753 1
2788 1
2796 2
2804 1
2842 1
2850 1
2888 1
2892 1
2893 1
2895 1
2901 1
2934 1
2938 1
2978 1
2986 1
2989 1
3040 1
3074 1
3075 1
3083 1
3123 1
3125 1
3131 1
3160 1
3166 1
3168 1
3170 1
3171 1
3179 1
3219 1
3225 1
3254 1
3256 1
3262 2
3264 1
3270 1
3305 1
3308 1
3310 1
3313 1
3316 1
3358 1
3361 1
3401 1
3404 1
3409 1
3444 1
3452 1
3455 1
3457 1
3490 1
3498 1
3506 1
3540 1
3541 1
3542 1
3543 1
3545 1
3549 1
3553 1
3586 1
3591 1
3594 1
3626 1
3630 1
3634 1
3636 1
3637 1
3638 1
3645 1
3687 1
3688 1
3691 1
3722 1
3730 1
3771 1
3773 1
3775 1
3776 1
3779 1
3783 1
3818 1
3826 1
3827 1
3867 1
3872 1
3873 1
3875 1
3910 1
3912 1
3914 1
3917 1
3918 1
3921 1
3922 1
3923 1
3925 1
3956 1
3958 1
3960 1
3964 1
3968 1
4006 1
4008 1
4009 1
4011 1
4013 1
4019 1
4052 1
4057 1
4060 1
4062 1
4070 1
4080 1
4096 1
4103 1
4104 1
4105 1
4147 1
4153 1
4154 1
4155 1
4158 1
4190 1
4201 2
4209 1
4239 1
4241 1
4242 1
4243 1
4247 1
4249 1
4255 1
4284 1
4286 2
4292 1
4293 1
4294 1
4297 1
4332 1
4335 1
4338 1
4339 1
4340 1
4343 1
4378 1
4380 1
4382 1
4383 1
4388 1
4391 1
4424 1
4426 1
4428 1
4431 2
4434 1
4439 1
4474 1
4477 1
4479 1
4485 1
4520 1
4523 1
4527 1
4528 1
4530 1
4536 1
4546 1
4562 1
4569 1
4570 1
4571 1
4573 2
4575 1
4608 1
4613 1
4616 2
4621 1
4624 2
4656 1
4660 1
4667 2
4669 1
4675 1
4708 1
4709 1
4712 1
4713 1
4715 1
4718 1
4721 1
4728 1
4752 2
4760 1
4763 1
4798 1
4801 1
4803 1
4805 1
4806 1
4809 1
4814 1
4848 1
4849 1
4857 1
4860 1
4894 1
4895 1
4897 2
4899 1
4903 1
4905 1
4934 1
4940 1
4942 1
4943 1
4944 1
4945 2
4947 1
4951 1
4980 1
4986 1
4988 1
4990 1
4991 1
4993 1
4996 1
4999 1
5028 1
5030 1
5036 1
5039 2
5041 1
5043 1
5074 1
5079 1
5082 2
5084 1
5087 1
5090 1
5092 1
5102 1
5110 1
5125 1
5126 1
5133 1
5135 1
5175 1
5177 1
5178 1
5181 1
5184 1
5188 1
5194 1
5198 1
5221 1
5229 1
5231 1
5264 1
5269 1
5271 1
5272 1
5273 1
5277 1
5280 1
5315 1
5316 1
5317 1
5323 1
5326 1
5327 1
5360 1
5361 1
5362 1
5363 1
5365 2
5369 1
5373 1
5400 1
5408 1
5410 1
5411 2
5412 1
5413 1
5446 1
5450 1
5454 1
5456 1
5457 1
5458 1
5461 1
5462 1
5465 1
5485 1
5496 1
5507 1
5508 1
5509 1
5545 1
5547 1
5550 1
5553 1
5557 1
5558 1
5560 1
5568 1
5570 1
5576 1
5591 1
5592 1
5593 1
5595 1
5599 1
5603 1
5638 1
5641 1
5643 1
5646 1
5647 1
5654 1
5664 1
5687 1
5695 1
5697 1
5699 1
5715 1
5730 1
5732 1
5734 1
5737 1
5738 1
5739 1
5742 1
5743 1
5745 1
5750 1
5758 1
5782 1
5783 1
5793 1
5826 1
5828 1
5829 1
5831 1
5833 1
5839 1
5844 1
5846 1
5854 1
5877 1
5878 1
5879 1
5882 1
5890 1
5900 1
5916 1
5924 1
5925 1
5927 1
5928 1
5929 1
5951 1
5964 1
5967 1
5973 1
5974 1
5975 2
5978 1
6010 1
6013 1
6021 2
6023 1
6026 1
6029 1
6036 1
6058 1
6059 1
6060 1
6061 1
6063 1
6069 1
6104 1
6106 1
6109 1
6112 1
6113 1
6114 1
6117 1
6132 1
6133 1
6155 1
6165 1
6181 1
6198 1
6200 1
6202 1
6203 1
6205 1
6208 1
6211 1
6216 1
6218 1
6220 1
6224 1
6228 1
6251 2
6259 1
6294 1
6299 1
6310 1
6312 1
6320 1
6343 1
6345 1
6347 2
6348 1
6350 1
6356 1
6363 1
6366 1
6382 1
6390 1
6391 1
6393 1
6395 2
6430 1
6433 1
6441 2
6444 1
6476 1
6480 1
6487 2
6489 1
6492 1
6495 1
6502 1
6507 1
6515 1
6526 1
6529 1
6538 1
6548 1
6572 1
6575 1
6577 1
6580 1
6583 1
6592 1
6598 1
6599 1
6600 1
6603 1
6621 1
6623 1
6625 1
6634 1
6668 1
6669 1
6671 1
6677 1
6684 1
6686 1
6688 1
6694 1
6717 2
6719 1
6725 1
6737 1
6745 1
6754 1
6760 1
6762 1
6764 1
6765 1
6767 1
6780 1
6813 2
6816 1
6829 1
6833 1
6848 1
6856 1
6859 1
6861 1
6863 1
6876 2
6884 1
6899 1
6907 1
6912 1
6922 1
6930 1
6946 1
6955 1
6958 1
6968 1
6972 1
6973 1
6975 1
6981 1
6995 1
6997 1
7004 1
7008 1
7014 1
7018 1
7043 1
7051 1
7058 1
7066 1
7069 1
7089 1
7091 1
7093 1
7100 1
7120 1
7135 1
7136 1
7137 1
7143 1
7147 1
7154 1
7163 1
7185 1
7203 1
7205 1
7211 1
7220 1
7228 1
7230 1
7231 1
7232 1
7233 1
7246 1
7248 1
7250 1
7259 1
7281 1
7282 1
7299 1
7305 1
7329 1
7342 2
7344 1
7350 1
7365 1
7367 1
7373 1
7377 1
7378 1
7380 1
7388 1
7390 1
7393 1
7396 1
7412 1
7438 1
7441 1
7461 1
7463 1
7474 1
7484 1
7489 1
7517 1
7519 1
7524 1
7532 1
7535 1
7537 1
7559 1
7570 1
7578 1
7586 1
7602 1
7603 1
7613 1
7620 1
7622 1
7629 1
7633 1
7664 1
7671 1
7674 1
7698 1
7699 1
7714 1
7716 1
7718 1
7725 1
7747 1
7748 1
7749 1
7767 1
7771 1
7784 1
7795 1
7810 1
7833 1
7843 1
7846 1
7856 1
7859 1
7863 1
7878 1
7906 1
7907 1
7929 1
7952 1
7953 1
7985 1
7990 1
7992 1
7998 1
8001 1
8002 1
8003 1
8005 1
8025 1
8036 1
8040 1
8044 1
8048 1
8086 1
8088 1
8099 1
8130 1
8137 1
8140 1
8150 1
8165 1
8167 1
8183 1
8184 1
8215 1
8233 1
8235 1
8250 1
8261 1
8289 1
8312 1
8322 1
8327 1
8329 1
8335 1
8372 1
8373 1
8374 1
8395 1
8397 1
8412 1
8418 1
8419 1
8420 1
8423 1
8458 1
8468 1
8471 1
8491 1
8506 1
8514 1
8519 1
8554 1
8557 1
8565 1
8600 1
8616 1
8633 1
8649 1
8650 1
8653 1
8696 1
8701 1
8704 1
8755 1
8778 1
8788 1
8792 1
8793 1
8795 1
8801 1
8840 1
8863 1
8878 1
8886 1
8889 1
8937 1
8940 1
8983 1
9020 1
9022 1
9023 1
9025 1
9031 1
9066 1
9070 1
9079 1
9116 1
9119 1
9162 1
9164 1
9167 1
9170 1
9213 1
9258 1
9261 1
9309 1
9344 1
9352 1
9357 1
9403 1
9406 1
9442 1
9449 1
9453 1
9488 1
9491 1
9536 1
9545 1
9587 1
9630 1
9679 1
9683 1
9726 1
9727 1
9810 1
9818 1
9822 1
9823 1
9825 1
9908 1
9919 1
9957 1
9970 1
10053 1
10055 1
10109 1
10149 1
10192 1
10193 1
10194 1
10288 1
10291 1
10339 1
10374 1
10436 1
10521 1
10575 1
10660 1
10757 1
10840 1
10987 1
11223 1
End
