NMec = 95584
T = 13
P = 2
Profits not ignored
Valid tasks:                                                             1181
Solution time = 4.750e-05
Task data
    4  12  1300 -1
    4  14  1841 0
   11  54  5551 1
   16  40  3794 0
   23  27   625 -1
   24  28   724 -1
   24  40  2609 -1
   28  41  3041 -1
   32  40  1318 -1
   38  45   540 -1
   40  60  2357 -1
   43  58  1345 0
   47  50   521 -1
Best profit: 12531
All profits:
0 1
521 1
540 1
625 1
724 1
1061 1
1146 1
1165 1
1245 1
1264 1
1300 1
1318 1
1345 1
1349 1
1686 1
1785 1
1821 1
1839 1
1840 1
1841 1
1858 1
1866 1
1870 1
1885 1
1889 1
1925 1
1943 1
1970 1
2024 1
2042 1
2069 1
2357 1
2361 1
2362 1
2379 1
2381 1
2406 1
2410 1
2446 1
2464 1
2465 1
2466 1
2483 1
2491 1
2510 1
2545 1
2563 1
2564 1
2565 1
2582 1
2590 1
2609 2
2618 1
2645 1
2649 1
2663 1
2667 1
2694 1
2878 1
2897 1
2902 1
2982 1
2986 1
2987 1
3004 1
3006 1
3031 1
3041 1
3081 1
3085 1
3086 1
3103 1
3105 1
3130 2
3139 1
3141 1
3149 1
3158 1
3159 1
3166 1
3170 1
3184 1
3185 1
3186 1
3188 1
3189 1
3190 1
3203 1
3207 1
3215 1
3234 2
3243 1
3270 1
3288 1
3333 1
3342 1
3369 1
3387 1
3418 1
3503 1
3522 1
3527 1
3562 1
3581 1
3602 1
3621 1
3626 1
3657 1
3662 1
3666 1
3670 1
3675 1
3679 1
3680 1
3681 1
3699 1
3702 1
3706 2
3707 1
3710 1
3711 1
3724 1
3726 1
3728 1
3730 1
3755 2
3764 1
3765 1
3766 1
3774 1
3783 1
3784 1
3791 1
3794 1
3809 1
3810 1
3811 1
3828 1
3854 1
3863 1
3865 1
3873 1
3882 1
3883 1
3890 1
3908 1
3909 2
3910 1
3927 2
3954 1
3963 1
3967 1
3994 1
4012 1
4043 1
4102 1
4142 1
4178 1
4187 1
4196 1
4197 1
4198 1
4202 1
4206 1
4220 1
4227 1
4246 1
4247 1
4251 1
4282 1
4286 1
4287 1
4295 1
4300 1
4304 1
4305 2
4306 1
4315 1
4324 1
4327 1
4331 1
4332 1
4334 1
4341 1
4349 1
4351 1
4359 1
4381 1
4386 2
4390 1
4394 1
4399 1
4403 1
4404 1
4405 1
4419 1
4423 1
4426 1
4430 2
4431 1
4448 2
4449 1
4450 2
4459 1
4475 1
4484 1
4486 1
4488 1
4490 1
4494 1
4503 1
4504 1
4507 1
4508 1
4515 1
4518 1
4533 1
4534 2
4535 1
4552 2
4579 1
4588 1
4633 1
4651 1
4678 1
4687 1
4718 1
4719 1
4727 1
4738 1
4767 1
4803 1
4821 1
4822 1
4823 1
4826 1
4827 1
4845 1
4855 1
4862 1
4872 1
4880 1
4881 1
4882 1
4902 1
4907 1
4911 1
4920 1
4921 1
4922 1
4926 2
4930 1
4940 1
4944 1
4959 1
4966 2
4970 1
4971 2
4975 1
4980 1
4984 1
4990 1
4999 1
5002 1
5006 1
5007 1
5011 2
5015 1
5020 1
5024 2
5025 1
5026 1
5028 1
5029 1
5030 1
5039 1
5044 1
5048 1
5051 1
5055 2
5056 1
5058 1
5065 1
5073 2
5074 1
5075 2
5083 1
5084 1
5094 1
5100 1
5109 1
5110 1
5111 1
5112 1
5119 1
5128 1
5129 1
5139 1
5154 1
5172 1
5173 1
5174 1
5183 1
5199 1
5208 1
5210 1
5218 1
5227 2
5228 1
5254 1
5259 1
5272 1
5312 1
5343 1
5344 1
5363 1
5398 1
5402 1
5403 1
5422 1
5442 1
5443 1
5447 1
5451 1
5462 1
5480 1
5487 2
5496 1
5498 1
5505 1
5506 1
5507 1
5511 1
5516 1
5520 1
5527 1
5532 1
5543 1
5545 1
5546 1
5547 2
5551 3
5565 1
5569 1
5579 1
5586 1
5591 1
5595 1
5596 2
5600 1
5604 1
5605 2
5606 1
5615 2
5624 1
5627 1
5631 1
5632 1
5633 1
5634 1
5635 1
5640 1
5645 1
5649 1
5650 3
5651 1
5659 1
5660 1
5669 1
5679 1
5686 1
5690 2
5694 1
5695 1
5699 1
5704 2
5708 1
5714 1
5719 1
5723 1
5726 1
5731 1
5735 1
5737 1
5739 1
5744 1
5748 2
5749 1
5750 2
5764 1
5768 2
5775 1
5793 1
5794 1
5795 1
5804 1
5808 1
5818 1
5833 1
5835 1
5836 1
5852 2
5853 1
5863 1
5879 1
5884 1
5897 1
5919 1
5943 1
5951 1
5978 1
5983 1
5996 1
6019 1
6023 1
6027 1
6028 1
6037 1
6038 1
6047 1
6067 1
6068 1
6072 2
6087 1
6091 1
6112 1
6121 1
6122 1
6123 1
6126 1
6127 1
6136 1
6141 1
6145 1
6146 1
6151 1
6155 1
6156 1
6168 1
6171 2
6172 1
6175 1
6176 1
6180 1
6182 1
6190 1
6200 2
6207 1
6211 2
6220 1
6222 1
6225 1
6226 1
6227 1
6229 1
6230 1
6231 1
6235 1
6240 2
6244 1
6256 1
6258 1
6259 1
6260 1
6266 1
6267 1
6271 2
6275 3
6284 1
6285 1
6289 2
6290 1
6304 1
6311 2
6315 1
6316 1
6320 1
6324 1
6325 1
6329 2
6335 1
6339 1
6344 1
6348 1
6351 1
6356 1
6357 1
6358 1
6359 1
6369 1
6373 2
6374 1
6375 2
6383 1
6384 1
6393 2
6400 1
6403 2
6410 1
6412 1
6418 1
6419 1
6420 1
6428 1
6429 1
6439 1
6457 1
6472 1
6474 1
6492 1
6499 1
6517 1
6518 1
6519 1
6528 1
6544 1
6559 1
6568 1
6572 1
6608 1
6612 1
6643 1
6644 1
6662 1
6663 1
6667 1
6672 1
6696 1
6697 1
6698 1
6703 1
6716 1
6721 1
6722 1
6743 2
6747 2
6748 1
6751 1
6752 1
6761 1
6762 1
6767 1
6771 1
6776 1
6780 1
6781 1
6787 1
6796 3
6800 1
6805 1
6807 2
6811 1
6815 1
6816 1
6825 2
6832 1
6835 1
6843 1
6845 1
6847 1
6850 1
6851 2
6852 1
6856 1
6861 1
6865 2
6869 2
6875 1
6879 1
6880 1
6891 1
6892 1
6896 3
6899 1
6904 1
6906 1
6914 2
6915 1
6924 3
6931 1
6933 1
6935 1
6936 1
6940 1
6941 1
6945 1
6949 1
6950 3
6951 1
6953 1
6960 2
6969 1
6978 1
6979 1
6980 1
6990 1
6995 2
7004 1
7008 1
7013 1
7014 1
7035 2
7037 1
7039 1
7040 1
7044 1
7049 1
7053 1
7059 1
7064 1
7068 2
7082 1
7093 1
7095 1
7113 1
7136 1
7153 1
7163 1
7181 1
7184 1
7197 1
7219 1
7237 1
7239 1
7243 1
7268 1
7283 1
7288 1
7292 1
7296 1
7297 1
7321 1
7323 1
7328 2
7336 1
7337 1
7346 1
7347 1
7356 1
7368 2
7372 2
7373 1
7386 1
7387 1
7390 1
7391 1
7392 2
7396 1
7412 1
7420 1
7422 1
7427 1
7432 1
7436 1
7441 1
7445 1
7446 1
7451 1
7456 1
7460 1
7467 1
7468 1
7471 2
7472 1
7474 1
7475 1
7476 1
7481 1
7486 1
7490 1
7491 2
7494 1
7496 1
7500 2
7501 1
7511 1
7516 1
7520 1
7521 1
7525 1
7527 1
7529 1
7531 2
7535 1
7540 1
7545 1
7549 1
7556 1
7558 1
7560 1
7567 1
7574 1
7575 3
7576 1
7578 1
7580 1
7585 2
7589 2
7593 1
7603 1
7604 1
7605 1
7611 1
7616 1
7620 2
7629 1
7634 1
7635 1
7657 1
7659 1
7669 1
7674 1
7677 1
7684 1
7693 2
7702 1
7703 2
7704 1
7718 1
7720 1
7728 1
7738 1
7748 1
7757 1
7760 1
7792 1
7817 1
7819 1
7837 1
7844 1
7864 1
7868 1
7908 2
7912 1
7913 2
7932 1
7943 1
7953 1
7962 1
7963 1
7967 1
7972 1
7981 1
7992 1
7996 1
7997 1
8012 2
8015 1
8016 1
8017 1
8021 1
8041 1
8043 1
8047 1
8048 1
8052 2
8061 1
8066 1
8067 1
8070 1
8071 1
8076 1
8081 1
8092 1
8096 3
8097 1
8099 1
8100 1
8107 1
8114 1
8115 1
8116 3
8121 1
8125 2
8126 1
8135 1
8141 1
8145 1
8150 1
8152 2
8156 1
8160 1
8161 1
8165 1
8169 1
8170 1
8175 1
8180 2
8192 1
8196 1
8198 1
8199 1
8210 1
8214 3
8220 1
8224 3
8225 1
8236 1
8241 1
8244 2
8249 1
8251 1
8253 1
8259 1
8260 1
8269 2
8278 1
8280 1
8295 1
8298 1
8313 1
8335 1
8340 1
8353 1
8358 1
8359 1
8382 1
8385 1
8413 1
8453 1
8481 1
8484 1
8513 1
8533 1
8537 1
8538 1
8539 1
8557 1
8568 1
8584 1
8588 2
8592 2
8597 1
8617 1
8621 1
8628 1
8632 1
8636 1
8637 3
8646 1
8656 2
8666 1
8668 1
8673 1
8676 1
8681 1
8686 1
8690 1
8691 1
8692 1
8696 1
8701 1
8710 1
8716 1
8720 1
8732 1
8737 1
8745 1
8760 1
8765 2
8767 1
8772 1
8774 1
8777 1
8781 1
8786 1
8790 1
8791 2
8794 1
8796 1
8801 1
8805 1
8816 1
8819 1
8820 1
8821 1
8831 1
8836 1
8839 1
8845 1
8849 1
8874 1
8876 2
8878 1
8880 1
8885 1
8893 1
8894 1
8903 1
8905 1
8920 2
8923 1
8934 1
8938 1
8977 1
9002 1
9004 1
9022 1
9038 1
9048 1
9060 1
9078 1
9109 1
9113 1
9137 1
9138 1
9164 1
9177 1
9197 1
9208 1
9209 1
9213 1
9217 1
9231 1
9237 1
9253 1
9263 1
9281 1
9292 1
9301 1
9308 1
9312 2
9315 1
9326 1
9335 1
9337 1
9341 1
9345 1
9352 1
9357 1
9362 1
9366 1
9370 1
9392 1
9397 1
9399 1
9414 1
9415 1
9416 2
9421 1
9426 1
9434 1
9441 1
9444 1
9445 1
9452 1
9460 1
9461 2
9470 1
9480 1
9498 1
9505 1
9510 1
9514 1
9520 1
9525 1
9543 1
9544 2
9559 1
9569 2
9589 1
9598 1
9658 1
9685 1
9738 1
9749 1
9784 1
9813 1
9822 1
9833 1
9856 1
9866 1
9884 1
9888 1
9892 1
9917 1
9932 1
9933 1
9937 3
9955 1
9962 1
9966 1
9976 1
9981 1
9982 1
9991 1
10001 2
10016 1
10021 1
10055 1
10061 1
10065 2
10077 1
10090 1
10105 1
10110 1
10119 1
10136 1
10139 1
10176 1
10194 1
10223 1
10238 1
10322 1
10374 1
10409 1
10413 1
10433 1
10438 1
10473 1
10497 1
10509 1
10517 1
10522 1
10537 1
10542 1
10562 1
10601 1
10608 1
10626 1
10637 1
10645 1
10646 1
10657 1
10680 1
10690 1
10715 1
10744 1
10761 1
10779 1
10805 1
10843 1
10889 1
10954 1
11038 1
11058 1
11122 1
11166 1
11167 1
11186 1
11233 1
11237 1
11262 1
11282 1
11321 1
11346 1
11361 1
11410 1
11579 1
11707 1
11778 1
11842 1
11862 1
11946 1
11990 1
12403 1
12467 1
12531 1
End
