NMec = 95584
T = 13
P = 5
Profits not ignored
Valid tasks:                                                             3396
Solution time = 9.004e-05
Task data
    1  22  3375 0
    1  27  3372 1
    1  29  2436 -1
    2  18  3692 2
    3  25  2582 3
    5  20  2342 -1
    5  21  2145 -1
    5  29  3253 4
    6  18  2175 -1
    7  10   578 -1
    9  19  1591 -1
   15  26   809 -1
   19  27  1366 2
Best profit: 17640
All profits:
0 1
578 1
809 1
1366 1
1387 1
1591 1
1944 1
2145 1
2169 1
2175 2
2342 1
2400 1
2436 1
2582 1
2723 1
2753 2
2920 1
2954 1
2957 1
2978 1
2984 1
3014 1
3151 1
3160 1
3245 1
3253 1
3372 1
3375 1
3391 1
3511 1
3532 1
3535 1
3541 1
3562 1
3692 1
3708 1
3729 1
3736 1
3766 2
3802 1
3823 1
3831 1
3933 1
3948 1
3950 1
3953 1
3969 1
4027 1
4062 1
4089 1
4119 1
4173 1
4181 1
4184 1
4270 1
4286 1
4314 1
4320 2
4344 2
4350 1
4380 1
4487 1
4501 1
4511 1
4517 2
4526 1
4545 1
4575 1
4581 1
4605 1
4611 2
4619 1
4640 1
4727 1
4738 1
4741 1
4742 1
4751 1
4757 2
4759 1
4762 1
4778 1
4836 1
4844 1
4898 2
4924 1
4928 1
4963 1
4966 1
4982 1
5018 1
5058 1
5065 1
5079 1
5095 2
5102 1
5123 1
5129 1
5132 1
5153 1
5159 1
5189 2
5197 1
5283 1
5296 1
5299 1
5305 1
5316 1
5319 1
5320 1
5326 1
5335 2
5356 1
5390 1
5393 1
5398 1
5414 1
5420 1
5422 1
5428 2
5502 1
5517 1
5520 1
5536 1
5539 1
5541 1
5544 1
5547 2
5550 2
5560 1
5566 1
5587 1
5595 1
5596 1
5636 1
5653 1
5680 1
5686 1
5689 1
5707 1
5710 1
5714 1
5717 1
5733 1
5772 1
5775 1
5808 1
5811 1
5827 1
5835 1
5837 1
5853 1
5861 1
5867 2
5874 1
5877 1
5883 1
5904 1
5911 2
5941 1
5947 1
5954 1
5957 1
5968 1
5971 1
5976 1
5977 1
5998 1
6006 2
6034 1
6078 1
6092 1
6093 1
6095 1
6098 1
6108 2
6114 1
6117 1
6123 1
6125 2
6128 3
6144 2
6165 1
6172 1
6173 1
6202 2
6207 1
6210 1
6231 1
6237 1
6264 1
6267 1
6274 1
6290 1
6292 1
6295 1
6311 1
6318 1
6326 1
6329 2
6332 1
6348 2
6350 1
6353 1
6356 1
6359 1
6369 1
6384 1
6386 1
6389 1
6404 1
6405 1
6413 1
6415 1
6431 1
6445 2
6461 1
6489 2
6495 1
6498 1
6515 1
6519 1
6523 1
6525 1
6526 1
6532 1
6535 1
6555 1
6609 1
6612 1
6617 1
6620 1
6625 1
6628 1
6644 1
6646 1
6649 1
6656 1
6662 2
6670 1
6671 1
6676 1
6686 2
6692 1
6701 1
6706 1
6720 1
6722 1
6747 1
6750 1
6756 2
6763 1
6764 1
6766 1
6780 2
6785 1
6786 1
6788 1
6794 1
6815 1
6843 1
6852 1
6868 1
6883 1
6886 1
6887 1
6896 1
6902 2
6904 1
6907 2
6910 1
6913 1
6916 1
6917 1
6923 1
6926 2
6932 1
6934 1
6937 2
6945 1
6947 1
6953 2
6961 1
6962 1
6981 1
6982 1
6989 1
7011 1
7019 2
7055 1
7064 1
7067 1
7069 1
7073 1
7076 1
7080 1
7083 2
7093 1
7099 2
7101 1
7104 1
7108 1
7111 1
7127 1
7138 2
7141 2
7157 1
7163 1
7174 1
7177 1
7178 1
7186 1
7187 1
7193 2
7195 1
7198 1
7201 1
7203 2
7206 1
7222 1
7224 1
7227 1
7233 1
7240 2
7254 1
7270 1
7277 1
7280 1
7298 1
7305 1
7308 1
7320 1
7323 1
7324 1
7325 1
7334 2
7341 1
7342 1
7344 1
7360 1
7364 1
7372 1
7399 1
7400 1
7402 1
7418 1
7421 1
7426 1
7428 1
7434 1
7437 1
7444 1
7458 2
7461 1
7464 1
7465 1
7471 1
7474 1
7480 2
7491 1
7494 2
7495 1
7501 1
7510 1
7515 1
7523 1
7531 2
7538 1
7539 1
7545 1
7548 1
7556 1
7559 1
7565 1
7567 1
7568 1
7573 2
7589 1
7597 2
7603 1
7625 1
7633 1
7640 1
7642 1
7645 1
7647 1
7658 1
7661 2
7677 2
7684 1
7686 1
7689 1
7692 2
7695 2
7705 1
7711 1
7714 1
7716 2
7719 3
7722 1
7725 1
7732 1
7735 2
7740 1
7741 1
7752 1
7754 1
7755 1
7756 1
7762 1
7764 1
7770 2
7771 2
7779 1
7781 1
7798 1
7811 1
7828 1
7834 1
7855 1
7858 1
7859 1
7862 1
7864 2
7865 1
7873 1
7876 1
7878 1
7881 1
7883 1
7886 1
7889 2
7892 2
7898 1
7901 1
7902 1
7908 1
7917 1
7920 1
7938 1
7947 1
7950 1
7953 1
7956 1
7972 1
7975 1
7977 1
7978 1
7980 2
7983 2
7986 2
7991 1
7994 1
7995 1
7996 1
8002 1
8004 1
8006 1
8010 2
8012 3
8015 1
8022 1
8028 1
8031 1
8036 2
8042 1
8049 1
8052 1
8072 1
8086 1
8089 1
8099 1
8102 1
8113 1
8114 1
8116 1
8117 1
8122 1
8123 1
8126 1
8129 2
8132 2
8134 1
8143 1
8146 1
8150 1
8151 2
8153 1
8169 1
8177 1
8179 1
8181 1
8203 1
8208 1
8209 2
8211 1
8216 1
8218 1
8219 1
8235 1
8237 1
8253 2
8262 1
8267 1
8268 1
8270 2
8271 1
8273 3
8283 1
8289 2
8292 1
8296 1
8297 1
8299 1
8300 1
8303 3
8310 1
8311 1
8313 1
8318 1
8319 1
8332 1
8338 1
8340 1
8347 2
8348 2
8354 1
8355 1
8357 1
8376 1
8377 1
8382 1
8385 1
8390 1
8393 1
8406 1
8412 1
8419 1
8430 1
8433 1
8434 1
8435 1
8437 1
8440 1
8442 2
8443 1
8449 2
8451 1
8454 1
8456 1
8459 1
8465 1
8467 2
8470 3
8474 1
8477 1
8486 1
8493 2
8495 1
8498 1
8501 1
8504 2
8507 1
8514 1
8523 1
8525 1
8528 2
8529 1
8531 1
8534 1
8536 1
8544 2
8549 1
8550 1
8552 1
8553 1
8558 1
8559 1
8561 2
8564 2
8569 1
8572 1
8573 1
8579 1
8580 1
8588 2
8590 2
8606 1
8609 1
8616 1
8620 1
8643 1
8646 1
8655 1
8658 1
8660 1
8664 1
8667 1
8668 1
8671 2
8673 1
8674 2
8677 1
8680 1
8690 2
8691 1
8692 1
8695 1
8698 1
8700 1
8701 1
8707 2
8710 3
8726 1
8728 1
8731 1
8747 1
8754 1
8755 1
8757 1
8762 1
8765 2
8768 1
8770 1
8773 1
8784 2
8786 1
8787 2
8789 2
8792 2
8794 2
8795 1
8797 1
8800 2
8803 2
8813 1
8815 1
8819 1
8821 1
8824 1
8831 2
8837 1
8840 1
8845 1
8846 1
8849 1
8851 1
8861 1
8867 1
8874 1
8877 1
8881 2
8889 1
8892 1
8897 1
8908 1
8911 2
8914 1
8916 1
8922 2
8925 2
8931 1
8932 1
8933 1
8935 1
8938 1
8939 1
8941 1
8951 1
8955 1
8959 1
8960 1
8962 1
8963 1
8967 1
8968 1
8970 1
8971 1
8986 1
8988 1
8991 1
8997 1
9008 1
9011 1
9012 1
9013 1
9018 1
9025 1
9027 2
9028 1
9043 1
9048 1
9052 1
9055 1
9058 1
9061 2
9062 1
9064 1
9071 2
9077 1
9079 1
9080 1
9082 3
9085 2
9089 1
9090 1
9092 1
9098 2
9101 1
9105 1
9106 2
9107 1
9108 1
9112 1
9114 1
9120 2
9122 2
9127 1
9128 1
9130 1
9136 1
9137 1
9147 1
9156 1
9157 1
9164 2
9183 1
9194 2
9199 1
9200 1
9202 1
9207 1
9209 1
9210 1
9212 1
9221 1
9224 1
9225 1
9228 2
9230 1
9231 1
9233 1
9236 1
9238 1
9239 2
9242 2
9244 2
9246 1
9249 2
9251 1
9252 2
9255 1
9258 2
9268 2
9274 1
9276 1
9279 2
9283 2
9286 2
9287 1
9288 1
9302 1
9304 1
9313 1
9316 1
9319 1
9322 1
9323 1
9329 1
9331 1
9332 1
9338 2
9340 1
9343 2
9345 1
9346 2
9348 1
9349 1
9351 1
9352 1
9353 1
9361 2
9362 2
9367 1
9368 1
9370 2
9372 1
9373 1
9376 1
9378 3
9381 3
9397 2
9399 1
9402 1
9406 1
9409 1
9415 1
9418 1
9425 2
9450 1
9453 1
9455 2
9464 1
9465 1
9467 1
9468 1
9469 1
9470 1
9480 2
9483 2
9486 1
9489 2
9492 1
9495 1
9498 1
9499 1
9500 3
9503 1
9505 1
9509 1
9516 2
9517 1
9519 3
9527 1
9529 1
9535 2
9537 1
9540 1
9543 1
9544 1
9545 2
9547 1
9548 1
9563 1
9564 1
9566 1
9569 1
9571 1
9574 2
9575 1
9577 2
9579 1
9582 2
9585 1
9593 1
9596 1
9601 2
9603 3
9606 1
9609 1
9612 1
9619 1
9622 1
9633 1
9636 1
9637 1
9639 3
9640 1
9642 1
9646 1
9649 1
9655 1
9658 1
9660 1
9662 1
9663 1
9665 1
9667 1
9668 1
9669 1
9676 2
9683 1
9684 1
9686 1
9690 2
9693 1
9698 2
9701 1
9704 1
9706 1
9713 1
9714 1
9720 2
9723 2
9725 1
9731 1
9734 1
9741 1
9742 2
9744 1
9748 1
9756 1
9759 1
9760 1
9761 1
9768 1
9770 1
9772 1
9776 1
9777 1
9778 1
9779 1
9780 1
9785 2
9787 1
9788 1
9790 1
9800 2
9803 1
9806 2
9808 1
9809 1
9815 1
9817 2
9820 2
9822 2
9833 1
9836 3
9852 1
9857 1
9859 1
9861 2
9862 1
9864 3
9865 1
9867 1
9870 2
9873 1
9880 2
9887 1
9890 1
9891 1
9894 3
9897 1
9898 1
9899 1
9900 1
9901 1
9902 1
9907 2
9909 1
9910 1
9915 2
9916 2
9923 1
9924 1
9927 1
9929 1
9930 1
9931 1
9939 2
9945 1
9946 1
9954 1
9956 1
9959 1
9973 1
9975 1
9981 1
9982 1
9984 2
9987 1
9992 1
10000 1
10003 2
10009 2
10010 1
10016 1
10018 1
10019 1
10021 2
10024 1
10026 1
10028 1
10031 1
10033 2
10034 2
10037 2
10039 1
10040 2
10042 1
10043 1
10045 1
10046 1
10047 1
10048 1
10051 1
10053 1
10056 1
10058 2
10061 3
10064 1
10067 1
10073 1
10076 2
10077 1
10078 1
10081 1
10083 1
10092 1
10094 1
10095 1
10096 1
10097 2
10105 1
10113 2
10120 1
10121 1
10122 1
10123 1
10125 1
10128 2
10131 2
10136 1
10138 1
10139 1
10140 1
10141 1
10147 1
10149 1
10150 1
10152 2
10153 1
10155 4
10157 1
10158 1
10160 2
10161 1
10163 1
10166 1
10169 1
10170 1
10171 1
10176 1
10179 2
10181 2
10185 1
10187 2
10190 2
10197 1
10200 1
10206 2
10207 1
10211 1
10215 2
10217 1
10218 1
10224 1
10227 1
10234 1
10240 1
10243 1
10247 1
10258 1
10259 1
10262 1
10264 1
10268 1
10271 1
10274 2
10277 2
10279 1
10282 1
10288 1
10289 1
10291 1
10292 1
10295 1
10298 3
10301 3
10304 1
10307 1
10309 2
10312 1
10314 1
10317 2
10319 1
10320 1
10322 2
10325 2
10326 1
10328 2
10333 1
10334 1
10336 2
10337 1
10338 1
10344 1
10346 1
10348 1
10352 2
10353 1
10354 3
10356 1
10357 1
10361 1
10363 1
10364 1
10378 2
10380 1
10383 1
10384 1
10386 1
10391 2
10393 1
10394 2
10410 1
10412 1
10414 1
10416 1
10427 1
10428 1
10430 1
10431 1
10437 1
10439 1
10440 1
10441 1
10442 1
10444 1
10445 1
10446 2
10448 4
10451 1
10455 2
10456 1
10458 2
10464 1
10465 1
10468 1
10471 2
10472 2
10474 2
10476 1
10477 1
10478 1
10480 1
10483 1
10485 1
10486 1
10488 1
10493 2
10499 1
10502 1
10507 1
10513 2
10522 1
10523 1
10529 1
10530 1
10532 1
10535 1
10538 1
10549 1
10550 1
10551 1
10553 1
10558 1
10559 1
10560 1
10561 1
10562 1
10565 2
10568 2
10570 1
10573 1
10575 1
10576 1
10577 1
10578 2
10579 1
10587 2
10588 1
10594 3
10596 1
10597 1
10599 2
10602 1
10604 1
10605 1
10608 1
10609 1
10610 1
10612 2
10613 1
10615 3
10617 1
10618 2
10624 1
10626 1
10629 1
10631 1
10634 1
10639 1
10642 1
10645 3
10649 1
10652 2
10653 1
10654 1
10655 1
10668 1
10670 1
10671 1
10673 2
10674 1
10680 1
10681 1
10689 1
10695 1
10696 1
10697 1
10698 1
10699 1
10703 1
10704 1
10706 2
10709 2
10711 2
10714 1
10716 1
10717 1
10718 1
10719 1
10724 1
10725 1
10727 1
10728 1
10732 1
10733 2
10735 1
10736 1
10739 1
10744 1
10747 2
10748 1
10754 1
10761 1
10763 1
10765 1
10768 1
10772 1
10774 1
10775 1
10784 2
10785 1
10790 1
10791 3
10793 2
10796 1
10798 1
10800 1
10801 1
10803 1
10809 1
10812 1
10816 1
10818 1
10819 2
10821 1
10830 2
10833 2
10835 1
10836 1
10837 1
10840 1
10842 1
10843 1
10846 2
10849 2
10852 2
10855 3
10865 1
10866 2
10867 1
10869 1
10870 2
10871 1
10873 1
10876 1
10878 1
10879 1
10882 1
10885 3
10887 1
10890 1
10892 1
10893 1
10895 2
10898 1
10900 1
10901 1
10903 2
10906 2
10910 1
10911 1
10913 1
10914 2
10920 1
10922 1
10929 1
10930 2
10931 1
10932 2
10934 1
10937 2
10939 1
10940 2
10942 1
10943 1
10945 2
10948 2
10958 1
10959 1
10961 1
10962 1
10964 2
10967 1
10969 3
10972 3
10975 1
10978 1
10985 1
10988 2
10990 1
10994 1
10997 1
11000 1
11005 1
11006 1
11008 1
11009 1
11012 1
11015 2
11016 1
11017 1
11019 1
11022 1
11024 2
11026 2
11033 2
11034 1
11036 1
11042 1
11049 2
11052 3
11056 2
11059 1
11061 1
11064 1
11067 2
11077 1
11080 1
11083 1
11086 2
11089 1
11091 3
11094 1
11096 1
11097 1
11100 1
11104 1
11107 3
11108 1
11110 3
11112 1
11113 1
11115 1
11116 1
11118 1
11126 2
11127 1
11128 1
11129 1
11131 2
11134 2
11136 2
11137 1
11139 1
11142 2
11143 2
11145 2
11146 2
11151 1
11153 1
11154 1
11155 1
11156 1
11157 1
11161 1
11163 1
11166 1
11170 1
11172 2
11173 1
11183 1
11186 1
11187 1
11188 1
11191 1
11193 1
11200 1
11202 1
11203 1
11206 1
11209 1
11223 2
11225 1
11227 1
11228 1
11230 3
11231 1
11233 1
11234 1
11236 2
11237 1
11239 2
11240 1
11246 1
11248 1
11249 1
11250 1
11251 1
11253 2
11255 1
11256 1
11257 1
11258 1
11259 1
11260 1
11264 2
11265 2
11273 2
11274 1
11275 1
11277 1
11280 1
11281 2
11282 1
11283 1
11289 2
11292 1
11295 1
11297 1
11302 1
11305 1
11310 1
11313 1
11322 1
11325 1
11328 1
11339 2
11344 1
11347 2
11350 2
11352 2
11353 1
11355 1
11358 2
11366 1
11367 1
11368 1
11369 3
11370 1
11371 1
11374 1
11375 1
11376 2
11377 1
11378 1
11379 1
11381 1
11382 2
11384 2
11385 2
11387 3
11394 1
11396 1
11397 2
11399 1
11400 1
11403 3
11406 2
11408 2
11411 2
11414 1
11417 1
11419 1
11421 1
11422 1
11424 3
11427 3
11432 1
11433 1
11443 1
11444 1
11447 1
11448 1
11449 1
11454 1
11456 1
11458 1
11461 2
11462 2
11463 2
11464 1
11471 1
11474 1
11479 1
11488 1
11489 1
11490 1
11491 1
11494 1
11497 1
11498 1
11504 2
11506 1
11513 1
11515 2
11518 2
11520 1
11521 2
11523 2
11525 1
11526 3
11536 1
11537 1
11541 1
11542 2
11544 1
11545 1
11547 1
11549 1
11550 1
11551 1
11552 1
11553 1
11554 1
11556 3
11563 1
11566 1
11570 1
11572 1
11573 1
11575 1
11578 1
11581 2
11583 1
11584 2
11590 1
11591 1
11593 2
11594 1
11600 2
11607 1
11609 1
11610 1
11612 1
11625 1
11628 1
11630 2
11634 1
11637 1
11639 1
11640 1
11642 1
11643 2
11645 3
11646 1
11648 1
11655 1
11658 1
11661 2
11664 4
11667 2
11669 1
11671 1
11672 2
11675 3
11678 2
11680 1
11682 1
11683 1
11685 2
11686 1
11687 1
11688 3
11690 1
11691 1
11693 1
11694 2
11696 1
11702 2
11704 1
11707 1
11709 1
11710 1
11712 2
11714 1
11715 1
11718 1
11719 1
11720 3
11722 1
11723 3
11727 1
11729 1
11730 1
11739 1
11741 1
11744 1
11746 1
11748 1
11749 1
11751 1
11752 1
11754 1
11757 2
11760 1
11765 1
11767 1
11776 1
11778 2
11781 2
11782 1
11784 1
11787 1
11791 1
11794 1
11797 1
11803 1
11805 1
11806 2
11807 1
11808 1
11809 1
11810 1
11812 2
11814 3
11815 1
11817 2
11818 1
11821 2
11824 2
11826 1
11828 1
11831 2
11833 1
11834 1
11835 1
11837 1
11838 1
11840 1
11842 3
11843 2
11845 1
11849 1
11851 1
11858 1
11859 1
11861 2
11865 1
11868 1
11869 1
11870 1
11873 1
11876 1
11879 1
11886 1
11889 1
11895 1
11898 1
11900 2
11901 1
11903 1
11904 1
11906 1
11908 1
11911 1
11913 1
11916 1
11917 1
11919 1
11921 1
11922 1
11924 2
11925 2
11927 2
11928 1
11930 1
11931 1
11933 1
11934 1
11936 2
11943 1
11944 1
11945 3
11948 1
11951 1
11952 1
11953 1
11954 2
11955 1
11960 3
11962 2
11963 3
11965 2
11975 1
11978 1
11979 1
11981 4
11984 2
11988 1
11991 1
11992 1
11995 1
11997 1
12000 1
12002 1
12005 1
12007 1
12010 1
12011 1
12015 1
12018 2
12021 1
12030 1
12032 2
12035 1
12036 1
12037 1
12039 4
12040 2
12042 1
12043 1
12045 1
12046 2
12047 1
12048 1
12049 1
12052 1
12055 1
12062 1
12065 1
12067 1
12068 1
12069 1
12072 1
12073 1
12074 1
12075 1
12077 1
12082 3
12085 1
12090 1
12091 1
12098 2
12099 1
12101 1
12103 1
12104 1
12114 1
12119 1
12120 1
12122 1
12126 1
12127 2
12129 2
12130 1
12132 1
12134 2
12137 1
12140 1
12145 1
12148 1
12150 1
12151 1
12156 1
12157 1
12159 3
12161 2
12162 2
12164 2
12166 1
12167 2
12169 2
12175 2
12178 1
12184 1
12185 3
12187 1
12188 1
12190 1
12191 1
12193 1
12194 1
12196 2
12199 1
12201 1
12204 1
12206 1
12208 1
12209 1
12212 2
12215 2
12217 1
12218 1
12220 1
12221 3
12223 1
12224 1
12226 1
12233 1
12236 3
12239 1
12241 1
12242 2
12244 1
12245 1
12249 1
12250 1
12251 1
12253 2
12256 2
12261 1
12264 1
12265 1
12266 1
12269 1
12271 1
12272 2
12280 2
12283 1
12286 1
12288 1
12295 1
12296 1
12298 1
12301 1
12303 1
12305 1
12306 1
12307 1
12308 1
12311 1
12313 1
12314 1
12323 1
12326 1
12327 1
12330 2
12332 1
12334 1
12335 3
12338 2
12342 1
12343 1
12351 1
12352 1
12354 1
12356 1
12358 1
12359 1
12360 2
12361 1
12363 2
12365 1
12366 1
12369 1
12372 1
12381 1
12382 2
12383 1
12384 1
12385 1
12387 1
12388 1
12390 2
12392 1
12393 1
12399 2
12400 1
12402 2
12415 1
12418 2
12420 1
12423 1
12427 1
12433 1
12436 1
12439 1
12446 1
12447 1
12449 1
12452 2
12454 2
12455 1
12457 3
12460 1
12462 1
12465 1
12470 1
12473 2
12476 3
12478 2
12479 1
12480 1
12481 3
12482 1
12484 2
12486 1
12487 1
12489 1
12492 3
12495 2
12497 1
12499 1
12500 1
12502 2
12503 1
12505 2
12508 1
12509 1
12511 2
12512 1
12523 1
12527 1
12529 2
12532 2
12536 1
12538 1
12539 1
12541 1
12553 1
12557 1
12559 1
12566 2
12569 2
12572 1
12574 1
12575 1
12582 1
12584 1
12589 1
12591 1
12593 1
12596 2
12599 1
12600 2
12602 1
12603 2
12605 1
12606 1
12608 1
12614 2
12616 1
12617 1
12619 1
12621 2
12623 2
12624 2
12625 1
12626 1
12627 1
12630 2
12631 1
12633 1
12643 1
12646 1
12647 1
12649 1
12651 2
12652 1
12654 1
12655 1
12658 1
12659 1
12660 1
12662 1
12663 1
12668 1
12676 1
12678 1
12679 1
12688 1
12694 1
12703 1
12705 1
12706 1
12710 1
12713 1
12715 1
12717 1
12718 2
12720 1
12721 1
12723 1
12724 1
12733 1
12735 1
12736 1
12739 1
12740 1
12742 2
12743 1
12744 1
12745 2
12747 1
12748 1
12750 1
12751 1
12753 4
12756 1
12758 1
12762 1
12763 1
12769 3
12771 1
12772 3
12774 2
12777 1
12781 1
12787 1
12788 1
12790 4
12793 2
12797 2
12798 1
12799 1
12800 2
12814 1
12819 1
12820 1
12822 1
12825 1
12827 1
12828 1
12829 1
12830 1
12839 1
12840 1
12849 1
12855 1
12856 2
12861 1
12864 1
12870 1
12872 1
12875 1
12877 1
12880 1
12881 1
12884 1
12886 1
12889 1
12891 3
12892 2
12894 1
12899 1
12902 1
12907 1
12908 1
12910 1
12912 1
12913 1
12915 1
12916 1
12917 1
12918 1
12919 1
12920 2
12922 1
12936 3
12938 1
12939 1
12941 2
12943 2
12944 1
12946 1
12947 1
12949 1
12950 1
12954 1
12957 1
12959 1
12960 1
12966 2
12968 1
12971 1
12973 1
12975 2
12976 1
12978 3
12984 1
12991 1
12994 2
12996 1
12997 1
13005 1
13008 1
13009 1
13011 2
13012 1
13014 2
13021 1
13023 1
13027 1
13030 4
13032 1
13033 1
13035 2
13037 1
13038 2
13040 1
13041 1
13043 1
13044 1
13046 1
13053 2
13054 1
13056 1
13058 1
13059 2
13060 1
13062 2
13065 2
13068 1
13070 2
13073 2
13078 1
13081 1
13085 1
13086 1
13088 1
13089 3
13095 1
13105 1
13107 1
13110 1
13112 1
13116 1
13117 1
13120 1
13123 1
13131 1
13140 1
13142 1
13143 1
13144 1
13145 1
13147 3
13150 1
13151 1
13152 1
13153 1
13157 1
13160 2
13162 1
13163 1
13172 2
13175 2
13178 2
13180 1
13181 2
13183 1
13184 1
13187 1
13190 1
13192 2
13197 1
13199 1
13201 1
13208 3
13209 1
13211 2
13224 1
13227 3
13229 1
13231 1
13232 1
13234 2
13235 1
13236 1
13237 2
13239 1
13240 1
13242 1
13245 1
13256 1
13262 1
13263 1
13266 3
13269 2
13271 1
13272 1
13274 2
13277 1
13282 1
13285 1
13287 1
13290 1
13293 2
13295 1
13296 1
13298 1
13299 1
13301 1
13302 1
13304 1
13309 1
13311 1
13314 1
13317 1
13318 1
13320 1
13321 1
13326 1
13328 1
13329 2
13331 2
13334 1
13347 2
13350 2
13354 1
13356 1
13357 1
13359 1
13368 1
13375 1
13376 1
13378 1
13381 1
13382 1
13384 1
13385 1
13391 1
13393 1
13396 1
13398 1
13403 1
13405 1
13406 1
13409 1
13411 1
13412 2
13414 1
13415 2
13417 1
13418 1
13423 1
13428 1
13431 1
13433 1
13434 1
13436 1
13439 1
13440 1
13448 2
13451 1
13453 1
13460 1
13464 1
13468 1
13469 2
13470 1
13471 1
13472 1
13477 1
13480 1
13493 1
13495 1
13496 1
13498 1
13500 1
13503 1
13511 1
13514 1
13522 1
13525 2
13527 1
13528 1
13530 1
13532 1
13533 1
13535 1
13541 1
13544 1
13548 1
13551 2
13553 1
13554 1
13556 1
13557 1
13559 1
13560 1
13562 3
13565 1
13572 1
13578 1
13579 1
13581 1
13582 1
13583 1
13586 1
13587 1
13589 1
13590 2
13592 1
13599 1
13602 1
13607 2
13608 1
13615 1
13616 1
13619 1
13622 1
13631 1
13637 1
13638 1
13646 1
13649 1
13667 1
13670 1
13673 1
13676 1
13679 1
13684 1
13692 1
13694 1
13697 1
13698 1
13700 1
13701 3
13708 2
13709 1
13711 1
13717 1
13718 1
13724 1
13725 1
13726 2
13727 1
13729 3
13731 1
13735 1
13736 1
13738 1
13748 1
13750 1
13753 1
13756 1
13759 1
13765 1
13766 1
13768 1
13786 1
13788 1
13789 1
13791 1
13802 1
13805 1
13812 1
13813 1
13816 1
13818 1
13820 3
13821 1
13823 3
13828 1
13830 1
13831 1
13836 1
13839 1
13842 1
13844 1
13846 1
13847 3
13849 1
13850 1
13852 2
13853 1
13855 1
13858 1
13861 1
13863 1
13868 1
13871 1
13877 1
13879 1
13882 1
13895 1
13898 3
13902 1
13905 1
13907 1
13910 1
13932 1
13933 1
13935 1
13940 1
13948 1
13950 1
13957 1
13966 2
13969 3
13971 1
13974 1
13980 1
13982 1
13985 2
13987 1
13988 1
13989 1
13990 2
13992 1
13993 1
13996 1
13999 1
14001 1
14009 1
14014 1
14017 3
14018 1
14020 2
14024 1
14025 1
14026 1
14027 1
14028 1
14029 1
14044 2
14046 1
14049 1
14053 1
14056 1
14076 1
14079 1
14083 2
14086 2
14089 1
14099 1
14102 1
14107 1
14108 1
14111 1
14119 2
14122 1
14133 1
14135 1
14136 1
14137 1
14138 3
14140 2
14143 1
14147 1
14154 1
14156 1
14163 2
14166 2
14168 1
14173 1
14175 1
14185 1
14193 1
14196 1
14205 2
14215 1
14221 1
14222 1
14227 1
14230 1
14241 1
14250 1
14253 1
14257 3
14260 2
14262 1
14265 1
14268 1
14270 1
14273 1
14276 1
14279 1
14286 2
14289 1
14302 1
14304 1
14305 1
14307 1
14309 1
14315 1
14320 1
14334 1
14337 1
14339 1
14341 1
14342 1
14344 2
14347 1
14350 1
14372 1
14380 1
14387 1
14389 1
14396 1
14398 1
14401 1
14406 1
14408 1
14409 1
14419 1
14424 1
14425 1
14427 1
14428 1
14431 1
14436 1
14439 1
14455 1
14461 1
14466 1
14476 1
14483 1
14487 1
14490 1
14493 1
14501 1
14508 1
14511 1
14513 1
14517 1
14526 1
14528 1
14538 1
14541 1
14544 1
14547 1
14558 1
14563 1
14574 1
14577 1
14581 1
14593 1
14595 1
14598 1
14602 1
14603 1
14605 1
14606 1
14611 1
14612 1
14622 1
14629 1
14632 1
14635 1
14637 2
14640 2
14653 1
14656 1
14659 1
14661 1
14664 1
14667 1
14670 1
14680 1
14697 1
14700 1
14716 1
14725 1
14727 1
14741 1
14744 1
14747 1
14748 1
14750 1
14751 1
14757 1
14759 2
14775 1
14778 2
14781 1
14783 1
14789 1
14799 1
14802 1
14804 1
14807 1
14819 1
14826 1
14834 2
14835 1
14837 2
14838 1
14843 1
14846 1
14869 1
14893 1
14896 1
14898 1
14901 1
14920 1
14924 1
14926 1
14928 3
14931 2
14944 1
14945 1
14947 1
14948 1
14956 2
14965 1
14973 1
15015 1
15018 1
15020 1
15039 1
15042 1
15044 1
15047 1
15050 2
15058 1
15066 1
15067 1
15074 2
15077 2
15079 1
15090 1
15092 1
15093 1
15095 2
15098 1
15132 1
15166 1
15184 1
15186 1
15187 1
15189 1
15196 2
15212 1
15213 1
15215 1
15217 1
15218 1
15234 1
15241 1
15244 1
15245 1
15248 1
15264 1
15283 1
15306 1
15332 1
15335 2
15337 1
15338 1
15353 1
15356 1
15363 1
15367 1
15380 1
15383 1
15386 1
15410 1
15412 1
15415 1
15419 1
15422 1
15449 1
15452 1
15457 1
15474 1
15499 1
15502 1
15504 1
15506 1
15509 1
15529 1
15532 1
15534 1
15541 1
15571 1
15593 1
15596 1
15616 1
15619 1
15623 1
15626 1
15628 1
15636 1
15652 1
15655 1
15671 1
15686 1
15710 1
15713 1
15738 1
15774 1
15790 1
15793 1
15832 1
15837 1
15856 1
15859 1
15867 2
15883 1
15977 1
15978 1
16003 1
16006 1
16034 1
16123 1
16125 1
16128 1
16170 1
16173 1
16200 1
16203 1
16264 1
16267 1
16274 1
16292 1
16294 1
16297 1
16322 1
16386 1
16410 1
16413 1
16416 1
16440 1
16443 1
16445 1
16461 1
16464 1
16532 1
16562 1
16583 1
16607 1
16610 1
16649 1
16701 1
16704 1
16729 1
16823 1
17203 1
17233 1
17400 1
17494 1
17640 1
End
