NMec = 95584
T = 13
P = 3
Profits not ignored
Valid tasks:                                                             2228
Solution time = 5.891e-05
Task data
    0  19  2524 0
    1  14  1749 1
    3  12  1445 -1
    5  22  2343 2
    7  18  1009 -1
    8  26  1280 -1
   12  18  1172 -1
   15  39  2806 1
   17  33  2609 -1
   23  38  3475 0
   26  33  1215 -1
   28  43  2342 2
   31  33   435 -1
Best profit: 15239
All profits:
0 1
435 1
1009 1
1172 1
1215 1
1280 1
1444 1
1445 1
1607 1
1650 1
1715 1
1749 1
1880 1
2181 1
2184 1
2224 1
2289 1
2342 1
2343 1
2387 1
2452 1
2454 1
2495 1
2524 1
2609 1
2616 1
2617 1
2659 1
2660 1
2724 1
2725 1
2758 1
2777 1
2778 1
2806 1
2822 1
2887 1
2889 1
2921 1
2930 1
2959 1
2964 1
3029 1
3044 1
3052 1
3095 1
3160 1
3193 1
3194 1
3241 1
3351 1
3352 1
3356 1
3396 1
3399 1
3461 1
3464 1
3475 1
3504 1
3514 1
3515 1
3533 1
3557 1
3558 1
3618 1
3622 1
3623 1
3626 1
3629 1
3667 1
3669 1
3696 1
3734 1
3739 1
3781 1
3786 1
3787 2
3788 1
3804 1
3815 1
3824 1
3831 1
3832 1
3889 1
3896 1
3897 1
3910 1
3930 1
3939 1
3940 1
3949 1
3950 1
3968 1
3969 1
3973 1
3978 1
3992 1
3993 1
4021 1
4038 1
4053 1
4054 1
4057 1
4058 1
4061 1
4086 1
4091 1
4092 1
4102 1
4104 1
4131 1
4136 1
4169 1
4174 1
4201 1
4203 1
4216 1
4222 1
4223 1
4239 1
4244 1
4250 1
4251 1
4259 1
4267 1
4273 1
4324 1
4332 1
4358 1
4365 1
4366 1
4375 1
4404 1
4408 1
4409 1
4413 1
4456 1
4473 1
4474 1
4484 1
4489 1
4521 1
4523 1
4524 1
4526 1
4527 1
4555 1
4566 1
4567 1
4571 1
4631 1
4632 1
4636 1
4638 1
4647 1
4676 1
4679 1
4685 1
4686 1
4690 1
4705 1
4708 1
4729 1
4730 1
4748 1
4755 1
4790 1
4793 1
4794 1
4795 1
4796 1
4797 1
4801 1
4813 1
4833 1
4837 1
4838 1
4841 1
4844 1
4866 1
4867 1
4898 1
4909 1
4911 1
4919 1
4920 1
4949 1
4951 1
4952 1
4958 1
4959 2
4960 1
4976 1
4978 1
4987 1
4990 1
4996 1
5001 1
5002 2
5003 1
5019 1
5030 1
5061 1
5063 1
5066 1
5067 2
5068 1
5082 1
5095 1
5100 1
5101 1
5104 1
5111 1
5112 1
5120 1
5125 1
5133 1
5140 1
5141 1
5145 1
5148 1
5149 1
5164 1
5165 1
5183 1
5184 1
5190 1
5193 1
5224 1
5225 1
5226 1
5229 1
5230 1
5231 1
5232 1
5248 1
5249 1
5253 1
5258 1
5260 1
5263 1
5264 1
5268 1
5269 1
5272 1
5273 1
5276 1
5282 1
5301 2
5302 1
5306 1
5307 1
5330 1
5333 1
5334 1
5346 1
5355 1
5367 1
5371 1
5372 1
5384 1
5386 1
5387 1
5394 1
5395 1
5411 1
5413 1
5415 1
5416 1
5418 1
5422 1
5423 1
5431 1
5437 1
5438 1
5445 1
5454 1
5465 1
5466 1
5488 1
5496 1
5498 1
5502 1
5503 1
5530 2
5531 1
5535 1
5536 2
5537 1
5539 1
5547 1
5553 1
5564 1
5568 1
5573 1
5576 1
5580 1
5581 1
5583 1
5584 1
5619 1
5628 1
5638 1
5656 1
5659 1
5661 1
5684 1
5688 1
5689 1
5693 1
5694 1
5695 1
5698 1
5699 2
5704 1
5717 1
5718 1
5727 1
5736 1
5738 1
5739 1
5741 1
5742 1
5764 1
5765 1
5769 1
5770 1
5802 1
5803 2
5806 1
5807 1
5817 1
5818 1
5835 1
5846 1
5847 1
5850 1
5851 1
5853 1
5857 1
5858 1
5862 1
5875 1
5876 1
5880 1
5900 1
5901 1
5920 1
5923 1
5927 1
5929 1
5960 1
5961 1
5965 2
5966 1
5968 1
5970 1
5971 1
5972 1
5988 1
5999 2
6000 1
6005 1
6008 1
6009 1
6010 1
6011 1
6012 1
6016 1
6028 1
6038 1
6039 1
6073 1
6076 1
6081 1
6082 1
6084 1
6091 1
6092 1
6113 1
6123 1
6124 2
6129 1
6130 1
6134 1
6135 1
6142 1
6146 1
6147 1
6153 1
6157 1
6158 1
6162 1
6166 1
6167 1
6173 1
6174 2
6175 1
6191 1
6193 1
6199 1
6200 1
6202 1
6205 1
6231 1
6232 1
6233 1
6235 1
6238 2
6239 1
6252 1
6253 1
6270 1
6272 1
6276 1
6278 1
6281 2
6282 2
6283 1
6292 1
6297 1
6305 1
6310 2
6311 2
6312 1
6315 1
6316 1
6320 1
6321 1
6335 1
6339 1
6343 1
6348 1
6355 1
6356 1
6362 1
6363 1
6364 2
6380 1
6395 1
6396 3
6397 1
6400 1
6403 1
6405 1
6413 1
6424 1
6428 1
6429 1
6432 1
6434 2
6435 1
6439 1
6440 1
6441 1
6444 1
6445 1
6446 1
6447 1
6463 1
6464 1
6473 2
6474 1
6475 1
6478 1
6479 1
6497 1
6502 1
6504 1
6506 1
6511 1
6516 1
6517 1
6519 1
6527 1
6539 1
6540 1
6543 1
6545 2
6548 1
6549 1
6558 1
6559 1
6565 1
6570 1
6577 1
6578 1
6581 1
6582 2
6586 1
6587 2
6592 1
6593 2
6594 1
6602 1
6609 1
6610 2
6615 1
6616 1
6626 1
6628 1
6630 1
6635 1
6637 1
6638 1
6647 1
6660 1
6666 1
6667 1
6668 1
6669 1
6670 1
6674 1
6695 1
6700 1
6701 1
6703 1
6707 1
6708 1
6711 1
6713 1
6716 1
6717 1
6718 1
6736 1
6740 1
6745 2
6746 2
6747 1
6750 1
6751 2
6752 1
6755 1
6756 1
6768 1
6774 1
6775 1
6778 1
6779 1
6783 1
6791 1
6799 1
6810 1
6812 1
6815 1
6816 1
6826 1
6827 1
6831 2
6832 1
6844 1
6848 1
6853 1
6859 1
6860 1
6863 1
6864 1
6866 1
6867 1
6869 1
6871 1
6874 1
6876 1
6882 1
6897 1
6898 1
6899 1
6908 1
6909 1
6910 1
6913 1
6914 1
6932 1
6933 1
6936 1
6937 1
6939 1
6941 1
6942 1
6974 2
6975 2
6978 1
6979 1
6980 2
6984 1
6989 1
6990 1
7007 1
7008 1
7009 1
7013 1
7017 1
7018 2
7021 1
7022 2
7028 1
7029 1
7032 1
7033 1
7045 1
7047 1
7050 2
7051 1
7072 1
7073 1
7079 1
7082 1
7083 1
7090 1
7091 1
7093 1
7095 1
7097 1
7098 1
7101 1
7104 1
7130 1
7132 1
7135 1
7136 1
7137 1
7138 1
7139 1
7142 1
7143 1
7144 1
7155 1
7164 1
7171 2
7172 1
7175 1
7176 1
7180 2
7181 1
7183 1
7186 1
7187 1
7203 1
7209 2
7210 1
7214 2
7215 1
7240 1
7245 1
7247 1
7251 1
7253 1
7254 1
7256 1
7261 1
7262 2
7263 1
7279 2
7280 1
7288 1
7290 1
7291 1
7294 1
7295 1
7299 1
7301 1
7302 1
7306 1
7307 1
7317 1
7318 1
7320 1
7329 1
7332 1
7333 1
7338 1
7339 1
7344 1
7345 1
7357 1
7361 1
7362 1
7364 1
7368 1
7371 1
7372 2
7373 1
7377 1
7403 1
7405 2
7406 1
7409 1
7410 2
7414 1
7415 1
7424 1
7425 1
7437 1
7442 1
7443 2
7444 2
7446 1
7447 1
7448 1
7450 1
7453 3
7454 1
7468 1
7475 1
7476 1
7482 1
7483 1
7485 1
7487 1
7491 1
7496 1
7507 1
7513 1
7514 1
7518 1
7520 1
7525 1
7526 2
7527 1
7528 1
7529 1
7532 1
7533 1
7535 1
7536 2
7554 1
7558 1
7561 1
7566 1
7567 2
7568 1
7569 1
7572 1
7574 1
7577 1
7579 1
7587 1
7590 1
7591 1
7595 1
7599 1
7600 1
7602 1
7603 1
7606 2
7607 1
7611 3
7612 1
7615 1
7618 1
7624 1
7628 1
7639 1
7643 1
7644 3
7647 1
7649 2
7650 1
7672 1
7673 1
7675 1
7676 2
7677 1
7678 1
7688 1
7689 1
7691 1
7697 1
7698 1
7709 1
7710 1
7714 2
7715 1
7717 1
7719 1
7721 1
7725 1
7726 2
7729 1
7737 1
7742 1
7748 1
7750 1
7753 1
7754 1
7755 2
7757 1
7758 2
7760 1
7764 1
7765 1
7766 1
7774 1
7780 1
7784 1
7787 1
7792 1
7793 1
7796 1
7797 1
7799 1
7802 1
7807 1
7808 2
7809 1
7825 1
7830 1
7831 1
7833 1
7838 1
7840 2
7841 2
7845 1
7850 1
7858 1
7862 1
7869 1
7872 2
7873 2
7874 1
7878 1
7879 2
7882 1
7883 1
7884 1
7885 1
7888 1
7889 1
7891 1
7895 1
7906 1
7907 1
7910 1
7911 1
7915 1
7916 1
7918 2
7922 1
7923 1
7926 1
7939 1
7947 1
7948 1
7949 1
7951 1
7955 1
7961 1
7962 1
7964 1
7971 1
7980 1
7981 1
7989 1
7990 1
7993 1
7996 1
7998 1
7999 1
8001 1
8002 1
8003 1
8004 1
8022 1
8025 1
8026 1
8027 1
8030 2
8031 1
8032 1
8035 1
8037 1
8038 1
8041 2
8042 1
8046 1
8047 1
8054 1
8055 1
8059 2
8060 1
8063 1
8069 1
8070 1
8075 1
8079 1
8081 1
8082 1
8084 1
8088 1
8097 1
8106 1
8107 2
8108 1
8111 2
8112 2
8113 2
8140 1
8144 1
8145 2
8146 1
8149 1
8151 1
8152 1
8154 1
8156 1
8160 1
8161 1
8162 1
8173 1
8177 1
8178 1
8180 1
8183 1
8185 1
8189 2
8190 2
8193 2
8195 1
8200 1
8201 1
8204 1
8205 1
8218 1
8219 1
8222 2
8223 1
8224 1
8228 1
8244 1
8251 1
8260 1
8262 1
8265 2
8266 1
8268 1
8269 1
8270 1
8271 1
8272 1
8276 1
8288 1
8293 1
8294 1
8297 1
8298 1
8303 1
8304 1
8307 1
8308 3
8309 1
8312 1
8313 1
8314 1
8316 1
8319 1
8326 1
8327 1
8330 1
8336 1
8341 2
8342 3
8343 1
8347 1
8351 1
8352 1
8353 1
8354 1
8358 1
8359 1
8370 1
8373 1
8374 1
8379 1
8381 1
8382 1
8384 1
8386 2
8387 1
8415 1
8416 1
8424 2
8425 1
8426 1
8427 1
8433 1
8434 2
8435 1
8444 1
8451 1
8453 1
8455 1
8460 1
8462 2
8465 1
8466 2
8467 1
8471 1
8477 2
8478 1
8484 1
8489 2
8490 1
8494 2
8495 2
8500 1
8504 1
8505 2
8509 1
8516 1
8517 1
8523 1
8524 1
8532 1
8533 1
8535 1
8536 1
8538 1
8541 1
8542 2
8543 1
8544 1
8548 1
8570 1
8574 1
8575 2
8576 1
8577 1
8580 1
8581 1
8586 1
8587 1
8595 1
8597 1
8608 2
8609 1
8612 1
8613 1
8615 1
8616 1
8618 1
8620 2
8621 1
8623 1
8624 2
8625 2
8640 1
8647 1
8652 1
8653 1
8654 1
8657 1
8658 2
8659 2
8663 1
8668 1
8681 1
8685 1
8686 1
8690 1
8691 1
8697 1
8698 1
8700 1
8701 1
8704 1
8705 1
8706 2
8707 1
8723 1
8724 1
8728 1
8729 1
8733 2
8735 1
8738 2
8739 2
8744 1
8748 1
8751 1
8755 1
8757 1
8762 1
8766 1
8771 2
8774 1
8776 1
8777 2
8778 1
8781 1
8782 1
8783 1
8784 1
8787 1
8789 1
8794 1
8802 1
8805 2
8806 1
8808 1
8809 1
8815 1
8816 1
8817 1
8818 1
8821 2
8822 1
8839 1
8842 1
8844 1
8846 1
8847 1
8848 1
8859 2
8862 1
8869 1
8870 1
8879 1
8881 1
8882 1
8886 1
8887 1
8888 2
8890 1
8891 2
8892 1
8893 1
8897 1
8898 1
8901 1
8913 1
8919 1
8920 2
8921 1
8924 2
8925 1
8929 3
8930 1
8935 1
8936 1
8941 1
8952 2
8958 1
8959 1
8963 1
8965 1
8968 1
8970 1
8971 1
8973 2
8977 1
8978 1
8980 1
8981 1
8989 1
8999 1
9002 1
9005 2
9006 1
9009 1
9010 1
9011 2
9012 2
9022 1
9028 1
9037 1
9039 1
9043 2
9044 1
9045 1
9048 1
9051 1
9055 1
9056 2
9059 1
9060 1
9073 1
9078 1
9082 1
9084 1
9087 1
9088 2
9089 2
9093 1
9094 2
9098 1
9106 1
9110 1
9113 1
9116 1
9117 1
9118 1
9120 1
9121 1
9122 1
9126 1
9133 1
9136 1
9152 1
9154 2
9159 1
9162 1
9163 1
9164 1
9168 1
9169 1
9170 1
9173 1
9174 2
9186 1
9190 1
9192 1
9193 1
9195 1
9196 1
9202 2
9203 1
9206 1
9209 1
9213 1
9214 1
9217 1
9219 1
9224 1
9225 1
9237 1
9240 2
9241 1
9244 1
9245 1
9247 1
9253 1
9256 1
9269 1
9270 1
9274 1
9275 1
9277 1
9278 2
9279 1
9281 1
9282 1
9283 1
9284 1
9285 1
9303 1
9310 1
9316 1
9317 2
9321 1
9322 1
9323 1
9326 1
9327 1
9328 1
9332 1
9333 1
9349 1
9350 1
9351 2
9355 2
9356 1
9360 2
9361 1
9364 1
9371 1
9375 1
9377 1
9384 1
9387 1
9388 1
9392 1
9393 2
9395 1
9398 1
9400 1
9416 1
9421 1
9422 1
9424 1
9425 1
9433 1
9434 1
9435 1
9436 1
9437 1
9440 2
9441 1
9443 1
9446 1
9447 1
9463 1
9466 1
9474 1
9475 1
9478 1
9480 2
9484 1
9485 1
9486 1
9487 1
9491 1
9503 1
9506 1
9507 1
9508 1
9513 2
9514 2
9518 1
9523 1
9524 1
9529 1
9541 1
9542 1
9545 1
9548 1
9551 2
9552 1
9553 1
9556 1
9557 3
9558 1
9574 1
9587 1
9589 1
9596 1
9597 1
9598 1
9599 2
9604 1
9605 1
9617 1
9618 1
9621 2
9622 2
9628 1
9631 1
9632 1
9633 1
9637 1
9638 1
9642 1
9649 2
9650 1
9659 1
9660 1
9666 1
9668 1
9675 1
9677 1
9681 1
9688 1
9699 1
9704 2
9705 1
9706 1
9707 1
9710 2
9713 2
9714 1
9715 1
9720 1
9738 1
9739 1
9745 1
9747 1
9748 1
9752 1
9753 1
9757 2
9758 1
9767 1
9780 1
9781 1
9784 1
9785 1
9786 3
9787 1
9789 1
9790 1
9791 1
9792 1
9795 1
9796 2
9812 1
9814 1
9818 2
9819 1
9823 1
9824 1
9828 1
9830 1
9831 1
9839 1
9855 1
9856 1
9857 1
9860 1
9862 1
9868 1
9869 1
9871 2
9872 1
9875 1
9878 2
9888 1
9889 1
9896 1
9899 1
9900 1
9901 1
9903 1
9904 1
9907 1
9909 1
9910 1
9911 1
9916 1
9920 1
9922 1
9929 1
9938 1
9939 1
9942 1
9945 1
9948 1
9949 2
9950 1
9953 1
9954 2
9970 1
9972 1
9977 2
9981 1
9986 2
9989 1
9992 1
9993 1
10009 1
10014 1
10015 2
10018 1
10019 1
10020 2
10031 1
10034 1
10040 1
10052 2
10053 2
10056 1
10057 3
10059 1
10061 1
10062 2
10063 1
10068 2
10069 1
10085 2
10090 1
10091 1
10092 1
10096 1
10097 1
10100 1
10101 1
10103 1
10108 1
10113 1
10122 1
10123 1
10126 1
10135 2
10136 1
10139 1
10142 1
10145 1
10149 1
10151 1
10167 1
10173 1
10174 1
10175 1
10176 1
10178 1
10182 1
10183 2
10193 1
10200 1
10204 1
10211 2
10215 2
10216 2
10220 1
10221 1
10222 1
10226 2
10227 1
10231 1
10233 1
10243 1
10249 2
10250 1
10253 2
10254 1
10258 1
10260 1
10266 1
10281 1
10285 1
10287 1
10289 1
10290 1
10291 1
10293 1
10304 1
10307 1
10319 1
10323 2
10324 1
10332 1
10333 1
10335 1
10339 1
10341 1
10342 1
10344 1
10346 1
10357 1
10364 1
10367 1
10369 1
10372 1
10373 1
10374 2
10380 1
10384 1
10389 1
10396 1
10397 1
10401 1
10407 1
10408 1
10412 2
10416 1
10417 1
10418 1
10430 1
10439 1
10440 1
10449 2
10450 3
10453 1
10454 1
10455 2
10482 2
10484 1
10487 1
10488 2
10493 2
10497 1
10504 2
10515 1
10520 2
10522 1
10525 1
10526 1
10527 1
10532 1
10543 1
10547 1
10554 1
10557 1
10558 1
10561 1
10564 1
10565 1
10566 2
10570 1
10571 1
10593 1
10599 1
10607 1
10608 1
10611 1
10612 1
10613 1
10614 1
10618 1
10630 1
10635 1
10636 1
10637 1
10639 1
10640 1
10646 1
10647 1
10650 1
10651 2
10655 1
10658 1
10662 1
10668 1
10669 1
10678 2
10684 2
10685 2
10690 1
10701 1
10715 1
10720 1
10722 2
10724 1
10726 1
10728 1
10729 2
10754 1
10755 1
10758 1
10766 1
10768 1
10769 1
10776 1
10777 1
10786 1
10792 1
10793 1
10795 1
10804 1
10808 1
10814 1
10820 1
10831 1
10832 2
10833 1
10836 1
10837 2
10843 1
10847 1
10848 1
10865 1
10866 1
10875 1
10878 1
10880 1
10881 1
10884 1
10885 2
10903 1
10912 1
10917 1
10918 1
10919 1
10923 1
10925 1
10929 1
10939 1
10950 1
10951 2
10952 1
10955 1
10957 1
10958 1
10962 1
10963 1
10966 1
10989 1
10993 1
10995 1
10996 1
11001 2
11002 1
11011 1
11028 1
11029 1
11033 1
11043 1
11044 1
11047 1
11049 1
11062 1
11065 1
11066 1
11070 1
11072 1
11075 1
11077 1
11078 1
11081 1
11082 1
11087 1
11099 1
11104 1
11119 1
11120 1
11122 1
11124 1
11126 1
11133 1
11136 1
11144 1
11147 1
11148 1
11151 1
11152 1
11160 1
11164 1
11184 1
11185 1
11189 1
11190 1
11192 1
11212 1
11225 1
11228 1
11229 1
11230 2
11233 2
11234 1
11235 1
11240 1
11241 1
11259 1
11262 1
11263 1
11267 1
11268 1
11272 1
11284 1
11301 1
11305 1
11306 1
11307 1
11316 1
11320 1
11323 1
11333 1
11341 1
11344 1
11347 1
11348 2
11349 1
11353 1
11354 1
11366 1
11370 1
11381 1
11382 1
11386 1
11387 1
11391 1
11393 1
11398 1
11414 1
11415 1
11422 1
11426 1
11430 1
11431 1
11437 1
11448 1
11455 1
11456 1
11460 1
11464 1
11465 1
11479 1
11497 1
11501 1
11502 1
11504 1
11506 1
11507 1
11513 1
11516 1
11529 1
11530 1
11534 1
11535 1
11538 1
11544 1
11545 2
11556 1
11563 1
11567 1
11568 1
11572 1
11583 1
11587 1
11588 1
11611 1
11612 1
11620 2
11621 1
11624 1
11627 1
11637 1
11645 1
11648 1
11652 1
11653 1
11660 1
11664 1
11665 1
11676 1
11693 1
11694 1
11697 1
11698 1
11699 1
11703 1
11719 1
11726 2
11735 1
11737 1
11741 1
11764 1
11768 1
11769 1
11778 1
11783 1
11784 1
11789 1
11801 1
11802 1
11805 1
11808 1
11811 1
11817 2
11818 1
11827 1
11829 1
11834 1
11845 1
11849 1
11856 1
11857 1
11862 1
11884 1
11891 1
11895 1
11899 1
11900 1
11916 1
11941 1
11959 1
11960 1
11964 2
11965 1
11970 1
11975 1
11980 1
11992 1
11998 1
11999 1
12002 1
12008 1
12010 1
12030 1
12049 1
12052 1
12056 1
12072 1
12081 1
12084 1
12088 1
12096 1
12100 1
12122 1
12123 1
12128 1
12129 1
12133 1
12138 1
12156 1
12160 1
12161 1
12166 1
12167 1
12173 1
12199 1
12214 1
12230 1
12231 1
12237 1
12246 1
12249 1
12253 1
12259 1
12269 1
12277 1
12281 1
12291 1
12293 1
12296 1
12314 1
12319 1
12323 1
12348 1
12356 1
12357 1
12363 1
12395 1
12396 1
12399 1
12400 1
12404 1
12411 1
12427 1
12433 1
12434 1
12440 1
12456 1
12464 1
12474 1
12477 1
12478 1
12518 1
12520 1
12553 1
12563 1
12564 1
12569 1
12581 1
12585 1
12592 1
12593 1
12597 1
12627 1
12629 1
12637 1
12661 1
12675 1
12678 1
12699 1
12700 1
12715 1
12744 1
12750 1
12760 1
12778 1
12782 1
12792 1
12824 1
12826 1
12831 1
12836 1
12859 1
12868 1
12896 1
12897 1
12900 1
12908 1
12941 1
12979 1
12982 1
12989 1
13017 1
13028 1
13033 1
13071 1
13093 1
13097 1
13135 1
13163 1
13179 1
13214 1
13223 1
13256 1
13293 1
13294 1
13332 1
13344 1
13386 1
13404 1
13420 1
13475 1
13490 1
13494 1
13527 1
13567 1
13583 1
13601 1
13611 1
13648 1
13675 1
13690 1
13691 1
13708 1
13724 1
13764 1
13798 1
13808 1
13871 1
13872 1
13887 1
13905 1
13915 1
13963 1
13979 1
13995 1
14068 1
14112 1
14144 1
14160 1
14176 1
14341 1
14427 1
14608 1
14738 1
14935 1
15042 1
15239 1
End
