NMec = 95584
T = 14
P = 3
Profits not ignored
Valid tasks:                                                             1360
Solution time = 4.625e-05
Task data
    1  46  4859 0
    4  19  1246 -1
    6  23  2203 1
    9  33  3414 -1
   15  36  4010 2
   16  28  1195 -1
   17  29  2184 -1
   18  27   558 -1
   19  27  1003 -1
   20  38  1447 -1
   22  24   663 -1
   23  41  1973 -1
   25  43  1719 1
   41  45  1149 2
Best profit: 13940
All profits:
0 1
558 1
663 1
1003 1
1149 1
1195 1
1221 1
1246 1
1447 1
1561 1
1666 1
1707 1
1719 1
1753 1
1804 1
1812 1
1858 1
1909 1
1973 1
2005 1
2110 1
2152 1
2184 1
2198 1
2203 1
2224 1
2249 1
2277 1
2344 1
2370 1
2382 1
2395 1
2416 1
2441 1
2450 1
2467 1
2531 1
2596 1
2636 1
2642 1
2668 1
2693 1
2710 1
2722 1
2742 1
2756 1
2761 1
2807 1
2815 1
2847 1
2861 1
2866 1
2868 1
2902 1
2912 1
2914 1
2940 1
2953 1
2965 1
2976 1
2999 1
3007 1
3008 1
3058 1
3104 1
3113 1
3122 1
3154 1
3166 1
3168 1
3187 1
3194 1
3200 1
3206 1
3219 1
3251 1
3259 1
3280 1
3305 1
3333 1
3347 1
3352 1
3356 1
3373 1
3379 1
3385 1
3398 2
3405 1
3414 1
3420 1
3424 1
3426 1
3430 1
3444 1
3449 1
3470 1
3472 1
3523 1
3531 1
3534 1
3565 1
3577 1
3590 1
3599 1
3616 1
3628 1
3631 1
3639 1
3645 1
3650 1
3662 1
3680 1
3692 1
3696 1
3724 1
3726 1
3745 1
3764 1
3777 1
3785 1
3791 1
3817 1
3829 1
3831 1
3842 1
3850 1
3869 1
3871 1
3882 1
3888 1
3891 1
3903 1
3905 1
3910 1
3914 1
3917 1
3922 1
3937 1
3943 1
3956 2
3968 1
3972 1
3978 1
3988 1
3996 1
4007 1
4010 2
4015 1
4042 1
4061 2
4063 1
4077 1
4083 1
4089 1
4093 1
4107 1
4112 1
4114 1
4125 1
4135 1
4148 1
4157 2
4160 1
4169 1
4171 1
4176 1
4186 1
4189 1
4208 1
4222 1
4250 1
4253 1
4254 1
4262 1
4294 1
4313 1
4315 1
4317 1
4336 1
4343 1
4349 1
4355 2
4359 1
4361 1
4368 1
4382 1
4387 2
4400 1
4401 1
4412 1
4414 1
4417 1
4423 1
4429 1
4433 1
4440 1
4446 1
4452 1
4454 1
4461 1
4480 1
4505 1
4526 1
4528 1
4534 1
4547 1
4551 1
4554 1
4563 1
4566 1
4568 1
4569 1
4573 1
4579 1
4580 1
4585 1
4593 1
4598 1
4609 1
4615 1
4619 1
4621 1
4625 1
4631 1
4634 1
4635 1
4644 1
4651 1
4653 1
4660 1
4666 1
4670 1
4672 1
4673 1
4683 1
4695 1
4715 1
4718 1
4726 1
4734 1
4777 1
4780 2
4788 1
4794 1
4799 1
4811 1
4820 1
4823 1
4826 1
4832 1
4839 1
4841 1
4845 2
4859 1
4861 1
4873 1
4875 1
4877 1
4885 1
4887 1
4891 1
4894 1
4896 1
4906 1
4913 2
4925 1
4926 1
4938 1
4945 1
4970 1
4972 1
4975 1
4978 1
4980 1
4999 1
5013 1
5018 1
5024 1
5031 1
5037 1
5050 1
5052 1
5063 1
5066 1
5071 1
5075 1
5077 1
5080 1
5086 1
5092 1
5096 1
5098 1
5105 1
5115 1
5117 2
5121 1
5124 1
5127 1
5133 1
5137 1
5139 1
5143 1
5149 1
5156 1
5159 1
5160 1
5163 1
5167 1
5168 1
5179 1
5189 1
5191 1
5205 1
5210 1
5218 1
5224 1
5226 1
5231 1
5232 1
5242 1
5256 2
5261 1
5272 1
5284 1
5288 1
5306 1
5307 1
5309 1
5318 1
5320 1
5323 1
5325 1
5329 1
5335 1
5338 1
5350 1
5352 1
5357 1
5358 1
5369 1
5371 2
5381 1
5387 1
5390 1
5399 1
5403 2
5415 1
5417 2
5419 1
5422 1
5435 1
5443 1
5454 1
5457 1
5462 1
5483 1
5496 1
5504 1
5508 1
5510 1
5522 1
5524 1
5531 1
5536 2
5540 1
5550 2
5559 1
5561 1
5563 1
5566 1
5569 1
5571 1
5572 1
5582 2
5588 1
5589 1
5595 1
5598 1
5601 2
5604 1
5607 1
5610 1
5612 1
5617 1
5623 1
5629 1
5633 2
5663 1
5669 1
5675 2
5676 1
5691 1
5700 1
5707 1
5715 1
5717 1
5726 1
5729 2
5734 1
5758 1
5761 1
5763 1
5764 1
5774 1
5780 2
5783 1
5784 1
5793 1
5796 1
5800 1
5802 2
5809 1
5812 1
5814 1
5815 1
5819 1
5822 1
5826 1
5831 1
5834 1
5844 1
5855 1
5861 1
5862 1
5864 2
5867 1
5868 1
5876 1
5880 1
5881 1
5883 1
5895 1
5899 1
5919 1
5927 1
5929 1
5941 1
5945 1
5961 1
5969 1
5972 1
5975 1
5980 1
5981 1
5983 1
5988 1
5994 1
6008 1
6010 1
6013 1
6015 1
6026 1
6032 1
6034 1
6036 1
6040 1
6045 1
6050 1
6054 1
6055 1
6056 1
6062 1
6066 1
6072 1
6074 1
6078 1
6080 1
6085 1
6087 1
6091 1
6094 1
6105 1
6106 1
6107 1
6119 1
6120 2
6121 1
6124 1
6133 1
6136 1
6152 1
6156 1
6159 1
6162 1
6171 1
6173 1
6175 1
6194 1
6199 1
6208 1
6213 1
6224 1
6226 1
6229 1
6245 1
6247 1
6259 1
6261 1
6264 1
6266 1
6270 1
6273 1
6280 1
6282 1
6287 1
6288 1
6292 1
6296 1
6298 1
6306 1
6309 1
6312 1
6316 1
6317 1
6326 1
6328 2
6338 1
6344 1
6354 2
6360 1
6363 1
6367 1
6370 1
6372 1
6373 1
6379 1
6380 1
6385 1
6389 1
6390 1
6392 1
6405 1
6406 1
6420 1
6421 1
6425 1
6437 1
6451 1
6453 1
6456 1
6460 1
6472 1
6477 1
6478 1
6499 1
6501 1
6507 1
6518 2
6520 1
6525 1
6530 1
6536 1
6539 2
6541 1
6552 1
6558 1
6564 2
6566 2
6568 1
6571 1
6578 1
6580 1
6582 1
6584 1
6596 1
6598 1
6601 1
6603 1
6604 1
6606 1
6612 1
6615 1
6617 1
6620 1
6632 1
6633 1
6645 1
6646 1
6652 1
6663 1
6664 1
6665 1
6671 1
6673 1
6689 1
6699 1
6703 1
6708 1
6717 1
6718 1
6720 1
6731 1
6732 1
6737 1
6747 1
6750 1
6752 1
6753 1
6756 1
6761 1
6766 1
6768 1
6769 1
6770 1
6771 1
6772 1
6782 2
6793 1
6796 1
6799 1
6812 2
6815 1
6818 1
6824 1
6825 1
6832 1
6834 2
6840 1
6844 1
6850 1
6856 1
6857 1
6863 1
6864 1
6869 1
6875 1
6876 1
6878 1
6898 1
6910 1
6912 1
6922 1
6924 1
6929 1
6937 1
6945 1
6950 1
6951 1
6961 1
6963 1
6969 1
6975 2
6980 1
6983 1
6986 1
6991 1
7004 1
7007 1
7010 1
7011 1
7013 1
7017 1
7025 1
7026 1
7029 1
7030 1
7042 1
7043 1
7044 1
7045 1
7048 2
7057 1
7062 1
7064 1
7068 1
7076 1
7080 1
7090 2
7094 1
7106 1
7108 1
7109 1
7110 2
7114 1
7122 1
7129 1
7132 1
7136 1
7141 1
7162 1
7164 1
7173 1
7176 1
7178 1
7181 1
7191 1
7197 1
7199 1
7203 1
7205 1
7215 1
7216 1
7221 1
7227 1
7229 2
7234 1
7240 1
7241 1
7243 1
7254 1
7255 1
7256 1
7259 1
7261 1
7269 2
7278 1
7282 1
7285 1
7296 1
7300 1
7301 2
7302 1
7305 1
7308 1
7309 1
7317 1
7320 1
7324 1
7326 1
7336 1
7342 1
7343 1
7352 1
7357 1
7362 1
7366 1
7382 1
7389 1
7390 1
7395 1
7408 2
7410 1
7419 1
7424 1
7429 1
7430 1
7436 1
7440 1
7445 1
7455 1
7459 1
7475 1
7477 1
7493 1
7495 1
7501 1
7503 1
7507 1
7509 1
7512 1
7519 1
7521 1
7526 1
7528 1
7533 1
7534 1
7538 1
7539 1
7541 1
7552 1
7553 1
7555 1
7569 1
7571 1
7574 2
7581 1
7587 1
7590 1
7600 2
7601 1
7602 1
7606 1
7609 1
7618 1
7620 1
7626 1
7636 1
7638 1
7641 1
7660 1
7667 1
7674 1
7688 1
7690 1
7699 1
7702 1
7706 2
7707 1
7713 1
7725 1
7727 1
7729 1
7731 1
7745 1
7747 1
7750 1
7753 1
7761 1
7764 1
7766 1
7769 2
7771 1
7773 1
7782 1
7785 1
7787 1
7795 1
7799 1
7801 2
7804 1
7810 1
7812 1
7813 1
7814 1
7824 1
7826 1
7828 1
7835 1
7839 1
7852 1
7866 1
7881 1
7892 1
7894 1
7898 1
7901 1
7913 1
7917 1
7918 1
7919 1
7920 1
7932 1
7942 1
7945 1
7948 1
7961 1
7963 1
7964 1
7978 1
7980 1
7981 1
7982 1
7983 2
7993 1
7999 2
8006 1
8012 1
8013 1
8015 1
8018 1
8025 2
8027 1
8045 1
8046 1
8047 1
8065 1
8071 1
8073 1
8078 1
8079 1
8080 1
8086 1
8087 1
8099 1
8103 1
8110 1
8118 1
8122 1
8124 1
8135 1
8140 1
8144 1
8156 1
8167 1
8170 1
8175 1
8186 1
8191 1
8192 1
8194 1
8196 1
8197 1
8206 1
8211 1
8213 1
8215 1
8229 1
8232 1
8237 1
8238 1
8239 1
8244 1
8255 1
8257 2
8258 1
8259 1
8263 1
8271 1
8273 1
8279 1
8285 1
8289 1
8290 1
8291 1
8308 1
8310 1
8322 1
8325 1
8327 1
8336 1
8339 1
8340 1
8346 1
8352 1
8365 2
8378 1
8382 1
8390 1
8392 1
8397 1
8408 1
8410 1
8422 1
8424 1
8427 2
8436 1
8445 1
8449 1
8450 1
8451 1
8458 1
8466 1
8475 1
8485 1
8487 1
8489 1
8490 2
8491 1
8501 1
8509 1
8515 1
8531 2
8538 1
8539 1
8544 1
8551 1
8555 1
8557 1
8563 1
8573 1
8576 1
8579 1
8582 1
8588 1
8589 1
8595 1
8608 1
8619 1
8636 1
8641 1
8644 1
8650 1
8656 1
8670 1
8675 1
8676 1
8682 1
8688 1
8701 1
8702 1
8720 1
8723 1
8730 1
8736 1
8739 1
8741 1
8747 1
8749 1
8750 1
8755 1
8762 1
8767 1
8769 1
8781 1
8783 1
8785 1
8787 1
8790 1
8799 1
8809 1
8817 1
8827 1
8831 1
8833 1
8836 1
8848 1
8851 1
8855 2
8869 1
8871 1
8874 1
8887 1
8906 1
8918 1
8920 1
8922 1
8934 1
8935 1
8936 2
8948 2
8950 1
8952 1
8953 1
8959 1
8971 1
8973 1
8975 1
8977 1
8984 1
8988 1
9015 1
9016 1
9019 1
9035 1
9041 1
9043 1
9045 1
9047 1
9062 1
9081 2
9085 1
9112 1
9127 2
9129 1
9131 1
9143 1
9148 1
9159 1
9164 1
9174 1
9176 1
9178 1
9194 1
9195 1
9214 2
9226 1
9227 1
9228 1
9229 1
9236 1
9245 1
9246 1
9252 1
9259 1
9271 2
9273 1
9276 1
9293 1
9309 1
9316 1
9319 1
9325 1
9333 1
9335 1
9339 1
9345 1
9364 1
9379 1
9381 1
9386 1
9387 1
9393 1
9397 1
9406 1
9413 1
9422 1
9425 1
9427 1
9428 1
9432 1
9438 1
9440 1
9444 1
9457 1
9459 1
9468 1
9485 1
9488 1
9490 1
9501 1
9514 1
9519 1
9520 1
9525 1
9531 1
9532 1
9546 1
9571 1
9573 1
9576 1
9585 1
9608 1
9611 1
9627 1
9636 1
9638 1
9639 2
9658 1
9680 1
9682 1
9704 1
9712 1
9720 1
9725 1
9731 1
9736 1
9737 1
9744 1
9755 1
9768 1
9784 1
9785 1
9790 1
9797 1
9806 1
9819 1
9822 1
9825 1
9837 1
9841 1
9872 1
9890 1
9896 1
9905 1
9911 1
9930 1
9932 1
9934 1
9948 1
9966 1
9976 2
9980 1
9982 1
9985 1
9992 1
10008 1
10018 1
10020 1
10027 1
10029 1
10036 1
10055 1
10064 1
10084 1
10085 1
10097 1
10101 1
10115 1
10116 1
10117 1
10120 1
10164 1
10165 1
10168 1
10182 1
10184 1
10194 1
10228 1
10230 1
10234 1
10246 1
10262 1
10276 1
10281 1
10292 1
10308 1
10316 1
10327 1
10375 1
10389 1
10394 1
10395 1
10420 1
10422 1
10425 1
10457 1
10458 1
10460 1
10474 1
10476 1
10482 1
10488 1
10528 1
10546 1
10555 1
10562 1
10574 1
10576 1
10581 1
10588 1
10593 1
10617 1
10625 1
10639 1
10643 1
10655 1
10668 1
10669 1
10671 1
10674 1
10681 1
10690 1
10754 1
10757 1
10760 1
10776 1
10778 1
10831 1
10842 1
10869 1
10885 1
10904 1
10933 1
10955 1
10965 1
10966 1
10971 1
10990 1
11021 1
11052 1
11053 1
11054 1
11072 1
11083 1
11125 1
11141 1
11151 1
11157 1
11176 1
11178 1
11213 1
11238 1
11251 1
11264 1
11265 1
11266 1
11331 1
11346 1
11377 1
11395 1
11411 1
11430 1
11465 1
11474 1
11492 1
11538 1
11562 1
11606 1
11625 1
11704 1
11737 1
11774 1
11792 1
11804 1
11820 1
11834 1
11839 1
11901 1
11927 1
11991 1
12000 1
12088 1
12114 1
12115 1
12195 1
12201 1
12202 1
12221 1
12283 1
12300 1
12387 1
12400 1
12495 1
12497 1
12623 1
12641 1
12711 1
12791 1
12983 1
13050 1
13237 1
13344 1
13432 1
13646 1
13940 1
End
