NMec = 95584
T = 14
P = 2
Profits not ignored
Valid tasks:                                                             3162
Solution time = 6.832e-05
Task data
    1   4   673 0
   11  26  1470 -1
   11  29  1973 0
   15  22   724 1
   16  27   934 -1
   21  40  1116 -1
   25  32   892 1
   31  43  2870 0
   37  58  3005 1
   40  53  1479 -1
   44  58  3444 0
   52  63  2188 -1
   55  63   686 -1
   62  68   858 0
Best profit: 14439
All profits:
0 1
673 1
686 1
724 1
858 1
892 1
934 1
1116 1
1359 1
1397 1
1410 1
1470 1
1479 1
1531 1
1544 1
1565 1
1578 1
1582 1
1607 1
1616 1
1620 1
1658 1
1750 1
1789 1
1792 1
1802 1
1826 1
1840 1
1973 1
1974 1
2008 1
2050 1
2083 1
2143 1
2152 1
2156 1
2165 1
2188 1
2194 1
2203 1
2217 1
2251 1
2255 1
2268 1
2289 1
2293 1
2302 1
2328 1
2331 1
2337 1
2344 1
2362 1
2371 1
2404 1
2413 1
2423 1
2436 1
2465 1
2474 1
2475 1
2478 1
2499 1
2512 1
2513 1
2516 1
2526 1
2550 1
2586 1
2595 1
2646 1
2647 1
2659 1
2660 1
2681 1
2684 1
2694 1
2697 1
2698 1
2723 1
2732 1
2736 1
2829 1
2831 1
2838 1
2861 1
2865 1
2866 1
2867 1
2870 1
2874 1
2876 1
2880 1
2889 1
2907 1
2908 1
2912 1
2941 1
2949 1
2975 1
3001 1
3005 1
3010 1
3014 1
3017 1
3023 1
3035 1
3044 1
3046 1
3048 1
3052 1
3057 1
3061 1
3077 1
3080 1
3086 2
3089 1
3090 1
3095 1
3099 1
3109 1
3122 1
3137 1
3147 1
3151 1
3160 1
3185 1
3189 1
3199 1
3202 1
3220 1
3223 1
3229 1
3236 1
3259 1
3262 1
3268 1
3271 1
3272 1
3281 1
3304 1
3305 1
3319 1
3332 1
3333 1
3357 1
3367 1
3370 2
3371 1
3383 1
3384 1
3405 1
3408 1
3409 1
3418 1
3443 1
3444 2
3452 1
3453 1
3487 1
3504 1
3517 1
3529 1
3538 1
3539 1
3543 1
3547 1
3551 1
3552 1
3553 1
3555 1
3556 1
3562 1
3580 1
3581 1
3585 1
3589 1
3590 1
3593 1
3594 2
3598 1
3622 1
3635 1
3658 1
3667 1
3673 1
3678 1
3687 1
3691 1
3696 1
3719 1
3721 1
3723 1
3725 1
3728 1
3729 1
3730 1
3734 1
3738 1
3747 1
3753 1
3759 1
3762 2
3763 1
3765 1
3766 1
3768 1
3770 1
3772 2
3775 1
3781 1
3795 1
3804 2
3807 1
3808 1
3810 1
3823 1
3833 1
3841 1
3846 1
3863 1
3875 1
3883 1
3893 1
3897 1
3902 1
3906 1
3909 1
3915 1
3935 1
3938 1
3939 1
3944 2
3945 1
3947 1
3948 1
3953 1
3954 1
3957 1
3977 1
3978 1
3980 1
3986 1
3990 1
3991 1
3992 1
3995 1
4005 1
4014 1
4028 1
4029 1
4043 1
4056 1
4057 1
4065 1
4081 1
4091 1
4094 1
4116 1
4117 2
4121 1
4125 1
4126 1
4129 1
4130 2
4138 1
4139 1
4160 1
4161 1
4162 1
4163 1
4168 1
4173 1
4176 1
4177 1
4190 1
4196 1
4202 1
4211 1
4215 1
4224 1
4225 1
4228 1
4229 1
4238 1
4241 1
4262 1
4263 1
4266 1
4267 2
4271 1
4275 1
4276 1
4280 1
4301 1
4302 1
4308 1
4310 1
4331 1
4336 1
4340 2
4344 2
4345 1
4346 1
4349 1
4353 1
4359 1
4364 1
4378 1
4382 1
4386 1
4387 1
4391 1
4396 1
4401 1
4402 1
4409 1
4411 1
4414 1
4415 1
4420 1
4435 1
4438 1
4439 1
4443 1
4445 1
4447 1
4448 2
4451 1
4452 1
4454 1
4475 1
4477 2
4480 1
4481 1
4484 1
4486 1
4490 2
4493 1
4496 1
4514 1
4516 1
4519 1
4525 1
4527 1
4528 1
4531 1
4532 1
4536 1
4549 1
4550 1
4556 1
4559 1
4560 1
4565 1
4568 1
4569 1
4570 1
4579 1
4583 1
4587 1
4588 1
4592 1
4601 1
4611 1
4612 1
4617 1
4620 2
4621 2
4625 1
4626 1
4630 2
4633 1
4639 1
4653 1
4659 1
4662 2
4663 2
4664 1
4668 1
4672 1
4678 1
4681 1
4687 1
4696 1
4699 1
4700 1
4701 1
4702 1
4704 1
4710 1
4714 1
4715 1
4738 2
4741 1
4751 1
4755 1
4767 1
4774 1
4783 1
4794 1
4797 1
4802 1
4803 2
4807 1
4811 1
4812 1
4831 1
4834 1
4835 1
4836 1
4841 1
4843 1
4844 1
4845 1
4846 1
4847 1
4849 2
4850 1
4854 1
4862 1
4863 1
4869 1
4872 1
4882 1
4884 1
4885 1
4886 1
4887 1
4888 1
4897 1
4911 1
4914 2
4920 2
4922 1
4923 2
4924 1
4948 1
4949 1
4953 1
4974 1
4975 1
4978 1
4979 1
4983 1
4987 1
4988 1
4996 1
5009 1
5013 2
5017 2
5018 1
5019 1
5022 2
5026 3
5030 1
5031 1
5032 1
5034 1
5035 1
5051 1
5053 1
5054 1
5055 2
5058 1
5059 1
5060 2
5064 3
5068 2
5069 1
5072 1
5073 2
5077 1
5082 1
5087 1
5088 1
5095 1
5096 1
5102 1
5120 1
5121 1
5124 1
5125 1
5133 1
5137 1
5138 1
5148 1
5157 1
5159 1
5161 1
5163 2
5166 1
5170 1
5172 1
5189 1
5193 1
5194 1
5198 2
5199 1
5200 1
5201 1
5202 1
5204 1
5205 1
5207 1
5208 1
5214 1
5217 1
5222 1
5223 1
5232 2
5233 1
5236 2
5238 1
5240 1
5241 2
5242 1
5244 1
5245 1
5246 1
5249 1
5251 1
5254 1
5256 1
5260 1
5265 1
5270 1
5273 1
5274 3
5277 1
5278 1
5283 2
5284 1
5287 1
5293 1
5294 1
5298 1
5303 1
5306 2
5307 1
5312 1
5325 1
5333 1
5335 2
5336 1
5342 1
5344 1
5345 1
5348 1
5349 1
5354 1
5367 1
5369 1
5372 1
5373 1
5376 1
5377 1
5382 1
5383 1
5385 1
5386 1
5387 1
5388 1
5396 1
5408 1
5409 1
5411 1
5414 1
5417 2
5418 2
5420 1
5423 1
5424 2
5426 1
5427 1
5428 1
5441 1
5447 1
5450 1
5452 1
5456 2
5459 1
5460 1
5469 1
5470 1
5479 1
5480 1
5483 1
5493 1
5494 1
5504 1
5507 1
5516 1
5517 2
5518 1
5520 1
5521 1
5522 1
5527 1
5529 1
5530 1
5531 1
5535 1
5536 1
5545 1
5554 1
5555 2
5558 1
5559 1
5560 1
5567 1
5568 1
5570 1
5571 1
5573 1
5587 1
5591 1
5593 2
5595 1
5596 3
5597 1
5600 1
5606 2
5608 1
5609 2
5631 1
5632 2
5638 1
5640 1
5641 1
5647 1
5651 1
5652 1
5660 1
5661 1
5664 1
5665 1
5669 1
5675 1
5686 1
5689 1
5692 1
5695 1
5699 3
5701 1
5702 1
5703 2
5704 1
5707 1
5708 1
5712 1
5717 1
5720 1
5726 1
5727 1
5728 1
5731 1
5733 1
5735 1
5737 3
5739 1
5741 3
5742 1
5743 1
5744 1
5745 1
5746 3
5750 2
5754 1
5755 1
5759 1
5768 1
5769 1
5772 1
5775 1
5777 2
5778 2
5780 1
5781 2
5782 1
5788 1
5806 2
5810 1
5811 1
5815 1
5819 1
5823 1
5834 1
5836 1
5843 1
5845 1
5848 1
5857 1
5861 1
5866 1
5867 1
5870 1
5871 2
5872 1
5875 2
5880 2
5881 1
5884 1
5885 1
5887 1
5888 1
5890 1
5893 1
5894 1
5905 1
5909 2
5911 1
5912 1
5913 2
5914 1
5916 1
5917 2
5918 3
5919 1
5922 3
5924 1
5926 1
5927 2
5930 1
5931 1
5943 1
5946 1
5947 2
5950 2
5951 1
5953 1
5954 1
5956 4
5957 1
5959 1
5960 4
5963 1
5965 1
5969 2
5970 1
5979 1
5980 1
5992 1
5994 1
5995 1
5998 1
6006 1
6007 1
6011 1
6015 1
6017 1
6019 1
6021 1
6022 1
6028 1
6029 1
6030 2
6039 1
6040 1
6049 1
6051 1
6053 1
6055 1
6057 1
6058 1
6059 1
6062 1
6066 1
6069 1
6071 1
6072 1
6081 1
6082 1
6085 1
6090 3
6091 3
6093 1
6094 1
6095 1
6096 1
6097 1
6099 2
6100 2
6103 1
6104 2
6106 1
6109 1
6112 1
6114 1
6123 1
6125 1
6127 1
6128 1
6129 1
6132 3
6133 1
6135 1
6138 1
6141 3
6142 4
6152 1
6156 1
6165 1
6166 1
6167 1
6174 1
6175 1
6176 1
6179 1
6180 2
6183 1
6190 1
6193 1
6194 1
6202 1
6203 1
6204 1
6207 1
6217 1
6225 1
6227 1
6228 1
6234 1
6240 2
6241 2
6244 1
6246 1
6253 2
6254 1
6264 1
6267 1
6269 1
6273 1
6275 1
6276 1
6277 1
6278 1
6279 2
6281 1
6282 2
6304 1
6305 2
6309 2
6310 2
6311 1
6313 2
6314 3
6317 1
6320 1
6322 1
6324 1
6326 1
6333 1
6337 1
6338 1
6348 1
6351 2
6352 1
6356 1
6361 1
6362 1
6364 1
6365 1
6372 1
6374 1
6375 2
6376 1
6385 1
6387 1
6388 1
6389 1
6390 1
6393 2
6399 1
6403 1
6408 1
6410 1
6412 1
6413 1
6414 1
6416 1
6417 1
6419 1
6421 1
6423 2
6425 1
6427 1
6428 1
6432 1
6445 1
6448 1
6449 2
6450 2
6451 2
6453 1
6454 2
6455 1
6457 1
6458 1
6459 1
6461 1
6463 2
6464 1
6466 1
6467 1
6468 1
6479 1
6488 1
6489 1
6490 1
6492 2
6496 2
6498 1
6501 1
6505 2
6509 1
6521 1
6522 1
6524 1
6528 1
6530 2
6532 1
6533 2
6534 2
6537 1
6539 1
6543 3
6544 1
6547 1
6548 1
6553 1
6556 1
6557 2
6558 1
6560 1
6561 2
6566 2
6567 1
6574 1
6575 1
6581 1
6584 1
6585 1
6586 1
6589 1
6590 1
6591 2
6593 1
6594 1
6595 3
6598 1
6599 3
6600 1
6603 1
6604 2
6608 1
6612 1
6617 1
6623 1
6626 1
6627 1
6629 2
6632 1
6633 3
6635 2
6636 2
6638 1
6640 2
6642 3
6643 1
6645 1
6646 1
6651 1
6663 1
6664 1
6665 1
6667 1
6668 1
6673 1
6674 1
6677 1
6678 2
6680 2
6684 1
6692 1
6693 1
6701 1
6702 1
6703 2
6706 1
6711 1
6712 1
6715 2
6716 2
6719 1
6724 1
6725 1
6726 1
6728 1
6730 1
6733 1
6735 1
6739 1
6743 1
6744 1
6745 1
6748 1
6749 1
6752 1
6753 2
6756 1
6757 1
6758 1
6763 2
6764 1
6767 2
6768 1
6770 1
6772 1
6773 1
6775 1
6776 2
6777 3
6779 1
6780 1
6782 1
6785 2
6786 1
6800 1
6801 1
6805 2
6808 2
6809 2
6811 1
6812 1
6814 5
6815 3
6817 1
6818 1
6823 1
6827 2
6828 2
6838 1
6846 1
6847 1
6848 1
6849 1
6850 1
6851 1
6852 2
6853 1
6856 1
6860 1
6861 1
6862 1
6865 1
6866 1
6880 1
6884 1
6887 2
6888 2
6890 1
6896 1
6897 1
6898 2
6899 1
6903 1
6907 1
6911 1
6913 1
6914 1
6920 1
6926 2
6927 1
6929 1
6931 1
6939 1
6940 1
6943 1
6948 1
6949 2
6950 1
6951 1
6952 1
6953 1
6958 1
6961 1
6962 1
6964 1
6973 1
6982 2
6983 2
6985 1
6986 1
6987 2
6990 1
6995 2
6996 2
6997 1
6999 3
7000 3
7006 1
7008 1
7019 1
7024 2
7025 1
7029 1
7031 1
7032 1
7033 3
7034 3
7037 2
7038 3
7046 1
7048 1
7050 1
7060 1
7061 1
7062 1
7066 1
7072 1
7075 1
7076 1
7079 1
7085 1
7086 1
7094 1
7096 1
7098 1
7099 1
7102 1
7108 1
7110 1
7111 2
7117 1
7121 1
7122 2
7130 1
7131 1
7132 1
7134 1
7135 1
7136 2
7137 1
7139 1
7140 1
7141 1
7143 1
7145 1
7162 1
7163 1
7165 1
7166 1
7167 2
7168 1
7169 1
7171 2
7172 1
7173 1
7174 1
7178 2
7180 1
7181 1
7182 1
7191 1
7195 1
7197 1
7201 2
7203 1
7205 1
7206 3
7207 1
7209 1
7210 1
7212 1
7214 3
7216 3
7218 1
7219 1
7220 1
7222 1
7223 1
7225 1
7229 2
7230 1
7233 1
7234 1
7239 1
7243 1
7246 1
7247 1
7248 3
7251 1
7252 1
7254 1
7256 2
7257 1
7260 1
7261 1
7266 1
7267 2
7268 1
7271 1
7272 2
7277 1
7279 1
7280 1
7281 2
7285 3
7290 2
7306 1
7307 1
7308 2
7309 1
7313 2
7315 2
7317 1
7318 1
7319 1
7321 1
7324 1
7327 1
7336 1
7337 1
7341 1
7345 1
7346 1
7347 1
7349 1
7350 2
7351 2
7353 1
7359 1
7360 1
7363 1
7364 1
7366 1
7379 1
7382 1
7383 1
7384 1
7386 1
7387 1
7388 3
7389 2
7390 1
7391 2
7392 2
7395 1
7397 2
7398 1
7401 3
7402 1
7406 1
7414 1
7416 1
7419 1
7420 1
7421 1
7422 1
7424 1
7425 1
7426 2
7429 2
7430 2
7432 1
7435 2
7436 1
7439 3
7440 1
7442 1
7443 1
7448 1
7449 2
7450 1
7452 1
7453 2
7456 1
7457 1
7458 2
7459 1
7462 1
7471 1
7472 1
7473 1
7481 1
7482 2
7485 1
7487 2
7490 1
7491 2
7495 1
7496 1
7498 1
7500 3
7501 2
7503 1
7509 2
7519 1
7521 1
7523 1
7524 1
7525 1
7532 2
7533 2
7534 1
7535 1
7536 1
7538 2
7551 1
7555 1
7557 1
7560 2
7561 2
7565 1
7569 2
7570 3
7571 1
7572 1
7573 1
7574 3
7576 1
7582 1
7583 1
7584 2
7585 1
7593 1
7597 1
7602 1
7604 1
7605 1
7606 1
7607 1
7608 1
7611 2
7612 1
7614 1
7616 1
7617 1
7620 1
7621 1
7622 1
7625 2
7626 1
7631 1
7634 1
7635 2
7637 1
7638 1
7640 1
7644 2
7646 1
7655 1
7658 1
7659 1
7667 2
7668 1
7669 2
7672 2
7673 3
7681 1
7682 1
7685 1
7686 1
7692 1
7701 1
7704 2
7705 1
7706 3
7707 2
7709 1
7710 1
7711 2
7717 1
7719 3
7720 2
7723 1
7724 1
7732 1
7742 1
7743 1
7745 1
7746 1
7748 1
7752 1
7754 1
7755 1
7756 1
7757 1
7758 1
7772 1
7775 1
7779 1
7781 1
7783 1
7784 3
7788 1
7789 1
7790 1
7792 1
7793 1
7794 1
7796 1
7803 1
7807 1
7808 1
7816 1
7818 1
7826 1
7830 1
7831 1
7839 1
7840 2
7841 1
7844 1
7845 1
7846 1
7848 1
7853 2
7854 2
7855 1
7857 1
7858 1
7864 1
7866 1
7867 1
7874 1
7877 1
7879 1
7882 1
7887 3
7889 2
7890 1
7891 3
7892 3
7895 2
7896 2
7898 1
7900 1
7902 1
7904 1
7916 1
7919 2
7921 2
7923 1
7924 1
7925 2
7927 1
7929 2
7930 2
7933 1
7934 2
7937 1
7938 2
7940 1
7942 2
7947 1
7952 1
7953 1
7954 1
7958 2
7960 1
7963 1
7965 1
7966 1
7968 1
7971 1
7972 1
7975 1
7979 1
7980 1
7988 1
7990 1
7992 1
7994 2
8000 1
8001 1
8003 1
8007 1
8009 1
8012 1
8013 1
8014 1
8018 1
8022 1
8023 1
8024 1
8031 2
8032 1
8033 1
8035 1
8036 2
8037 1
8039 1
8055 1
8056 1
8058 1
8059 2
8060 1
8061 1
8063 2
8064 3
8065 2
8068 1
8069 1
8070 2
8072 1
8073 1
8074 3
8075 1
8077 2
8083 1
8087 2
8092 1
8093 1
8097 1
8100 1
8101 1
8102 1
8103 1
8105 1
8106 3
8107 1
8108 2
8110 1
8112 3
8114 2
8115 2
8116 1
8119 1
8121 1
8122 1
8125 2
8126 1
8129 1
8130 1
8131 1
8135 1
8138 1
8140 1
8143 2
8144 2
8145 1
8146 1
8147 1
8148 2
8153 1
8154 1
8157 1
8159 1
8164 1
8168 1
8171 1
8173 1
8176 1
8177 1
8182 3
8185 1
8194 1
8195 2
8199 1
8203 1
8205 2
8206 1
8207 1
8209 1
8211 1
8218 1
8219 1
8222 1
8224 1
8228 1
8237 1
8238 1
8241 1
8242 1
8243 2
8245 1
8246 1
8247 3
8249 1
8255 2
8256 2
8257 1
8258 1
8270 1
8275 1
8278 2
8279 3
8280 1
8281 1
8282 1
8284 2
8287 3
8288 1
8289 1
8290 1
8293 3
8294 2
8297 1
8298 1
8306 1
8307 1
8308 1
8311 2
8313 1
8316 1
8317 2
8320 1
8328 1
8329 2
8330 2
8331 1
8332 1
8340 2
8341 1
8349 1
8353 1
8355 1
8358 1
8359 1
8363 1
8364 2
8366 1
8367 1
8374 1
8377 1
8382 1
8387 1
8390 2
8391 1
8392 2
8393 2
8397 1
8405 1
8413 1
8415 1
8416 1
8418 1
8419 1
8422 1
8423 1
8425 1
8427 1
8428 2
8429 1
8430 1
8431 1
8432 1
8440 1
8441 1
8443 1
8452 1
8455 1
8457 2
8461 1
8462 1
8463 1
8465 1
8466 2
8467 1
8469 1
8470 1
8474 1
8475 1
8476 1
8478 2
8479 1
8497 1
8498 1
8499 2
8501 1
8502 2
8503 1
8504 1
8508 1
8510 1
8512 1
8513 1
8516 1
8517 2
8521 1
8526 1
8527 1
8530 1
8531 1
8534 1
8539 2
8540 2
8550 1
8559 1
8562 1
8563 1
8564 2
8565 2
8568 1
8569 1
8572 1
8573 1
8577 2
8578 1
8582 1
8590 1
8592 1
8596 1
8598 1
8600 1
8601 1
8603 1
8607 1
8609 1
8610 1
8611 2
8613 2
8615 2
8616 1
8620 1
8624 1
8633 1
8636 1
8637 1
8638 1
8639 1
8641 1
8642 1
8643 1
8644 1
8645 1
8646 1
8647 1
8648 1
8650 1
8651 2
8658 1
8661 1
8665 1
8667 1
8674 1
8676 2
8680 1
8682 1
8684 1
8685 2
8686 1
8688 1
8693 1
8695 1
8697 1
8698 1
8704 2
8706 1
8708 1
8709 1
8712 1
8718 2
8721 1
8725 1
8727 1
8731 2
8732 1
8736 1
8737 1
8738 1
8740 1
8742 1
8745 1
8746 1
8747 1
8748 1
8750 3
8755 1
8756 1
8758 1
8759 1
8760 1
8773 1
8774 1
8777 1
8779 3
8780 1
8781 1
8782 2
8783 2
8785 1
8787 3
8788 2
8789 1
8792 2
8794 1
8796 1
8798 1
8800 1
8811 2
8813 1
8816 2
8817 1
8820 1
8821 2
8823 1
8826 2
8827 1
8829 1
8830 3
8832 1
8833 1
8839 1
8840 1
8850 1
8852 1
8853 1
8855 1
8858 1
8864 1
8865 1
8867 1
8868 2
8870 1
8871 1
8872 1
8876 1
8880 1
8881 1
8889 1
8891 1
8892 1
8893 1
8894 1
8895 1
8899 1
8900 1
8910 1
8914 1
8916 1
8918 1
8921 1
8922 1
8923 2
8927 1
8928 1
8929 1
8931 1
8935 1
8941 1
8948 1
8951 1
8952 2
8955 2
8958 1
8960 2
8961 2
8962 1
8965 2
8966 2
8967 1
8970 1
8973 1
8974 1
8979 2
8980 1
8984 1
8989 1
8993 1
8997 1
8998 1
8999 1
9002 3
9003 2
9004 1
9005 1
9011 2
9012 1
9014 1
9017 1
9022 1
9026 1
9035 2
9036 1
9037 2
9039 1
9040 2
9049 1
9050 1
9052 1
9053 2
9060 1
9063 1
9064 1
9075 1
9076 1
9077 1
9086 1
9087 1
9095 2
9096 1
9098 1
9101 1
9104 1
9105 1
9111 1
9113 1
9114 2
9116 1
9128 1
9130 1
9133 1
9136 1
9137 2
9139 1
9140 1
9143 1
9145 1
9146 1
9147 2
9148 1
9151 2
9152 1
9164 1
9170 1
9171 1
9172 1
9174 1
9175 2
9179 1
9181 2
9183 1
9185 1
9186 1
9187 2
9189 1
9190 2
9194 1
9196 1
9198 1
9199 1
9203 1
9207 1
9212 1
9213 1
9221 3
9222 2
9224 1
9226 1
9232 1
9234 1
9245 2
9250 1
9251 1
9255 1
9258 1
9263 2
9274 1
9280 1
9282 1
9283 1
9286 2
9289 1
9297 1
9309 1
9310 1
9314 1
9315 2
9316 1
9318 1
9319 2
9320 1
9323 1
9324 2
9328 1
9331 1
9332 1
9333 1
9334 1
9336 1
9337 1
9349 1
9355 1
9356 1
9357 2
9358 1
9359 1
9360 1
9361 1
9362 1
9366 2
9368 2
9370 1
9371 2
9374 1
9375 1
9379 1
9391 2
9392 1
9394 2
9397 1
9398 1
9400 2
9402 1
9403 1
9404 2
9409 1
9413 2
9417 1
9421 1
9423 1
9426 1
9428 1
9430 1
9431 1
9432 1
9436 1
9444 1
9450 1
9451 1
9454 1
9455 2
9456 1
9458 1
9460 1
9461 1
9464 1
9465 1
9468 1
9469 1
9471 1
9473 1
9474 1
9482 1
9484 1
9494 1
9496 1
9499 1
9501 1
9502 1
9503 2
9505 1
9506 1
9512 1
9513 1
9516 1
9525 1
9526 1
9533 1
9534 1
9535 1
9537 1
9538 2
9540 1
9543 2
9544 1
9550 1
9553 1
9554 1
9556 1
9562 1
9566 1
9567 1
9572 1
9573 1
9576 2
9579 1
9585 2
9586 1
9589 2
9594 1
9596 2
9598 1
9600 1
9604 1
9608 1
9613 1
9614 1
9617 1
9618 1
9619 1
9623 1
9627 1
9628 1
9631 1
9634 1
9638 2
9640 2
9645 1
9646 1
9647 2
9652 1
9669 1
9670 1
9671 1
9672 1
9675 1
9678 1
9679 1
9684 3
9685 1
9690 1
9697 1
9698 1
9708 2
9711 1
9713 1
9721 1
9722 2
9723 1
9725 1
9726 2
9748 1
9749 1
9750 1
9757 2
9758 1
9760 1
9766 1
9768 1
9773 1
9781 1
9784 1
9787 1
9799 1
9806 1
9810 2
9813 2
9818 1
9819 2
9820 1
9823 1
9831 1
9837 1
9852 1
9854 1
9855 1
9857 1
9860 2
9865 1
9867 1
9869 2
9871 1
9872 1
9876 1
9889 1
9892 1
9893 1
9894 3
9895 2
9897 1
9899 1
9903 1
9907 2
9908 1
9910 1
9918 1
9920 1
9931 1
9933 1
9936 1
9945 1
9949 1
9953 1
9956 1
9969 1
9972 1
9980 1
9987 2
9988 1
9991 1
9992 1
10001 1
10004 2
10005 1
10006 1
10009 1
10010 1
10028 1
10029 1
10030 1
10032 1
10033 1
10035 1
10036 1
10037 1
10038 1
10039 2
10041 1
10043 2
10044 1
10047 1
10048 1
10052 1
10056 1
10061 1
10065 1
10067 1
10070 1
10073 1
10075 1
10076 1
10077 1
10079 2
10082 1
10084 1
10086 2
10088 1
10089 1
10090 1
10092 1
10095 1
10099 1
10103 1
10109 1
10116 1
10117 1
10118 1
10121 1
10124 1
10126 1
10130 1
10137 2
10141 1
10144 1
10147 1
10150 1
10155 2
10160 1
10167 1
10172 1
10174 1
10176 1
10177 1
10178 1
10189 1
10197 1
10206 1
10207 1
10208 1
10211 2
10214 1
10216 1
10220 1
10223 1
10226 1
10229 2
10249 2
10252 2
10253 1
10257 1
10258 3
10259 1
10260 1
10261 1
10262 2
10267 1
10271 2
10284 1
10286 1
10290 1
10291 1
10292 1
10294 1
10296 1
10300 1
10302 1
10305 1
10309 2
10313 2
10318 1
10320 1
10322 1
10326 1
10328 1
10342 2
10343 1
10352 1
10357 1
10370 1
10371 1
10384 1
10391 1
10393 1
10394 1
10395 1
10396 1
10408 1
10425 1
10430 2
10431 1
10439 1
10443 1
10444 1
10446 1
10452 1
10454 1
10467 1
10472 1
10475 1
10476 1
10477 1
10481 1
10486 1
10490 1
10492 1
10496 1
10504 1
10505 1
10528 1
10530 1
10537 1
10538 1
10542 1
10552 1
10555 1
10562 1
10565 1
10566 1
10576 1
10579 1
10580 1
10581 1
10583 1
10589 1
10593 1
10606 1
10613 1
10615 1
10618 1
10622 1
10624 1
10642 1
10645 1
10653 1
10658 1
10660 1
10666 1
10673 1
10677 2
10696 1
10700 1
10709 1
10710 1
10711 1
10712 1
10716 1
10723 1
10725 1
10729 1
10734 1
10747 1
10750 1
10752 2
10757 1
10759 1
10760 1
10761 2
10762 1
10765 2
10768 1
10789 2
10791 1
10794 1
10799 1
10803 1
10807 1
10810 1
10812 1
10823 1
10828 1
10830 1
10833 1
10838 1
10841 1
10845 2
10849 1
10850 1
10862 1
10864 1
10870 1
10879 1
10883 1
10884 1
10887 1
10893 1
10894 1
10896 1
10901 1
10902 1
10906 1
10925 1
10926 1
10928 1
10930 1
10931 1
10933 1
10934 1
10935 2
10940 1
10944 2
10947 1
10953 1
10957 1
10967 1
10970 1
10975 1
10976 1
10977 1
10978 1
10982 2
10984 1
10995 2
10999 1
11001 1
11008 1
11013 1
11015 1
11016 1
11018 1
11029 1
11052 1
11055 1
11064 1
11066 1
11069 2
11081 1
11088 1
11098 1
11111 1
11115 1
11116 1
11117 1
11125 1
11140 1
11145 1
11148 1
11149 2
11150 1
11154 1
11163 2
11176 1
11178 1
11186 1
11199 1
11200 1
11201 1
11210 1
11225 1
11228 1
11236 1
11252 1
11262 1
11283 1
11286 1
11288 1
11292 1
11297 1
11301 1
11310 1
11325 1
11331 1
11333 1
11339 1
11344 1
11346 1
11348 1
11367 1
11369 1
11373 1
11382 1
11386 1
11396 1
11409 1
11410 1
11420 1
11423 1
11433 1
11434 1
11438 1
11447 1
11462 1
11471 1
11480 1
11485 1
11503 1
11506 1
11511 1
11513 1
11514 1
11516 1
11518 1
11531 1
11535 1
11537 1
11552 1
11554 1
11556 1
11558 1
11565 1
11567 1
11569 1
11574 1
11579 1
11588 1
11591 1
11601 1
11608 1
11617 1
11618 1
11620 1
11626 1
11643 1
11647 1
11649 1
11650 1
11652 1
11657 1
11668 1
11681 2
11686 1
11691 1
11699 1
11702 1
11722 1
11723 1
11725 1
11728 1
11737 1
11741 1
11742 1
11761 1
11764 1
11784 1
11786 1
11788 1
11793 1
11818 1
11822 1
11828 1
11835 1
11836 1
11849 1
11859 1
11869 1
11872 1
11873 1
11874 1
11887 1
11909 1
11910 1
11922 1
11945 1
11946 1
11956 1
11965 1
11974 1
11983 1
11998 1
12003 1
12006 1
12007 1
12016 1
12017 1
12021 1
12034 1
12040 1
12055 1
12057 1
12059 1
12068 1
12082 1
12083 1
12091 1
12094 1
12120 1
12144 1
12150 1
12179 1
12184 1
12186 1
12189 1
12202 1
12204 1
12225 1
12226 1
12227 1
12231 1
12238 1
12240 1
12244 1
12261 1
12264 1
12267 1
12291 1
12320 1
12325 1
12354 1
12364 1
12371 1
12372 1
12395 1
12396 1
12405 1
12410 1
12414 1
12423 1
12437 1
12446 1
12449 1
12459 1
12466 1
12501 1
12508 1
12510 1
12539 1
12542 1
12560 1
12581 1
12583 1
12595 1
12618 1
12619 1
12676 1
12680 1
12689 1
12707 1
12727 1
12730 1
12741 1
12762 1
12764 1
12767 1
12780 1
12803 1
12823 1
12857 1
12874 1
12875 1
12898 1
12899 1
12908 1
12913 1
12917 1
12926 1
12940 1
12949 1
13037 1
13042 1
13044 1
13078 1
13084 1
13096 1
13119 1
13122 1
13183 1
13212 1
13254 1
13263 1
13400 1
13435 1
13453 1
13476 1
13547 1
13581 1
13599 1
13620 1
13622 1
13715 1
13757 1
13766 1
13936 1
14293 1
14439 1
End
