NMec = 95584
T = 14
P = 6
Profits not ignored
Valid tasks:                                                             9620
Solution time = 2.262e-04
Task data
    0  24  3060 0
    1  26  3551 1
    2  13  1268 2
    3  26  1339 -1
    4  28  5739 3
    5  25  1900 -1
    7  12  1325 4
    8  26  1479 -1
    9  23  1142 -1
   11  21  2005 5
   13  27  2520 4
   15  21   728 -1
   16  21   552 -1
   18  28  1226 2
Best profit: 20694
All profits:
0 1
552 1
728 1
1142 1
1226 1
1268 1
1280 1
1325 1
1339 1
1479 1
1694 1
1778 1
1820 1
1870 1
1877 1
1891 1
1900 1
1954 1
1996 1
2005 1
2031 1
2053 1
2067 1
2207 1
2368 1
2410 1
2422 1
2452 1
2467 1
2481 1
2494 1
2506 1
2520 1
2548 1
2551 1
2557 1
2565 1
2593 1
2605 1
2607 1
2619 1
2621 1
2628 1
2664 1
2705 1
2733 1
2747 1
2759 1
2804 1
2818 1
2920 1
2962 1
3019 1
3033 1
3042 1
3046 1
3060 1
3072 1
3096 1
3103 1
3117 1
3126 1
3138 1
3145 1
3147 1
3159 1
3168 1
3173 1
3180 1
3195 1
3209 1
3216 1
3222 1
3225 1
3231 1
3239 1
3248 1
3257 1
3273 1
3279 1
3285 1
3293 1
3299 1
3321 1
3330 1
3335 1
3344 1
3349 1
3356 1
3370 1
3379 1
3392 1
3433 1
3475 1
3484 1
3532 1
3546 1
3551 1
3594 1
3612 1
3636 1
3648 1
3662 1
3678 1
3690 1
3693 1
3699 1
3707 1
3720 1
3735 1
3746 1
3747 1
3749 1
3761 1
3770 1
3774 1
3777 1
3783 1
3788 2
3791 1
3800 1
3806 1
3819 1
3825 1
3831 1
3833 1
3845 2
3847 1
3854 1
3859 1
3873 1
3875 1
3882 1
3887 1
3889 1
3890 1
3896 2
3901 1
3905 1
3931 1
3932 1
3944 1
3946 1
3953 1
3959 1
3960 1
3967 1
3973 1
3985 1
3999 1
4001 1
4027 1
4030 1
4036 1
4044 1
4058 1
4072 2
4084 1
4086 1
4098 1
4103 1
4107 1
4143 1
4188 1
4202 1
4212 1
4214 1
4245 1
4259 1
4268 1
4279 1
4286 1
4287 1
4298 1
4301 1
4310 1
4322 1
4328 1
4340 2
4358 1
4364 1
4367 1
4371 1
4373 1
4381 1
4385 2
4390 1
4394 1
4397 1
4399 2
4406 1
4411 1
4415 1
4420 1
4421 1
4427 1
4435 1
4441 1
4442 1
4448 1
4451 1
4457 1
4463 1
4465 1
4472 1
4474 1
4477 1
4484 1
4486 1
4493 1
4498 1
4499 1
4505 1
4507 1
4511 1
4512 1
4516 1
4519 1
4521 1
4525 2
4534 1
4539 1
4547 1
4551 1
4553 1
4556 1
4561 1
4564 1
4570 1
4573 1
4575 1
4582 1
4587 1
4596 1
4598 1
4605 1
4610 1
4612 1
4617 1
4618 1
4624 2
4626 1
4633 1
4638 1
4647 1
4659 1
4660 1
4669 1
4674 1
4688 1
4693 1
4695 1
4701 1
4704 1
4710 1
4718 1
4727 1
4752 1
4754 1
4758 1
4764 1
4772 1
4777 1
4800 1
4809 1
4814 1
4819 1
4820 1
4823 1
4831 1
4838 1
4862 1
4871 1
4876 1
4880 1
4888 1
4890 1
4916 1
4919 1
4925 1
4930 2
4933 1
4937 1
4942 1
4946 1
4951 1
4960 1
4961 1
4967 1
4972 1
4973 1
4975 1
4987 2
4996 1
5001 1
5003 1
5014 2
5015 1
5017 1
5024 1
5026 1
5029 1
5030 1
5032 1
5038 2
5045 1
5047 1
5051 1
5056 1
5059 1
5065 1
5068 1
5071 1
5073 1
5074 1
5077 1
5085 1
5086 1
5091 1
5095 1
5099 1
5101 1
5108 1
5109 1
5113 3
5115 1
5116 1
5122 2
5125 1
5127 3
5131 1
5139 1
5141 1
5143 1
5148 1
5150 1
5157 1
5158 1
5164 1
5169 1
5170 1
5172 1
5173 1
5178 1
5179 1
5184 1
5185 1
5186 1
5193 1
5199 1
5200 1
5212 1
5214 2
5221 2
5225 1
5226 1
5227 1
5228 1
5230 1
5235 1
5240 1
5244 1
5245 1
5249 1
5253 2
5256 1
5262 1
5267 2
5270 1
5279 1
5284 1
5285 1
5292 1
5298 2
5304 1
5310 1
5312 1
5324 2
5326 1
5329 1
5333 1
5338 1
5340 1
5352 1
5354 1
5361 1
5366 1
5369 1
5371 1
5375 2
5384 1
5397 1
5411 1
5421 1
5423 1
5428 2
5432 1
5438 1
5440 1
5442 1
5446 1
5451 1
5470 1
5480 1
5482 2
5505 1
5512 1
5513 1
5527 2
5536 1
5537 1
5539 1
5541 1
5547 1
5548 1
5551 1
5553 1
5554 1
5556 1
5562 1
5566 2
5580 1
5582 1
5584 1
5590 1
5593 1
5599 1
5604 1
5607 1
5608 1
5611 1
5616 1
5617 1
5618 1
5623 1
5625 1
5626 1
5635 1
5637 1
5641 1
5646 1
5647 1
5649 1
5653 2
5658 1
5661 1
5665 2
5667 3
5674 1
5679 2
5681 1
5683 1
5688 2
5689 1
5693 1
5695 1
5698 1
5700 1
5703 1
5706 1
5710 1
5712 1
5715 1
5719 1
5724 2
5725 1
5729 1
5731 1
5733 1
5736 1
5738 1
5739 1
5740 1
5742 1
5745 2
5747 1
5751 1
5752 1
5754 1
5758 1
5759 1
5760 1
5765 1
5766 2
5773 1
5775 1
5777 1
5779 1
5780 1
5782 1
5787 1
5789 1
5790 1
5793 2
5796 1
5799 1
5801 1
5802 1
5805 1
5807 1
5811 1
5813 1
5819 2
5824 1
5832 1
5836 1
5837 1
5838 1
5841 1
5843 1
5844 1
5846 1
5850 3
5852 1
5855 1
5859 1
5860 1
5864 3
5869 1
5873 1
5876 1
5878 2
5885 1
5886 1
5890 1
5892 1
5894 1
5895 1
5899 1
5900 1
5901 1
5906 1
5912 1
5914 1
5919 1
5921 1
5927 1
5930 1
5936 1
5937 1
5942 1
5944 1
5949 1
5951 1
5953 1
5956 1
5958 1
5961 1
5963 1
5965 1
5972 2
5973 1
5978 1
5980 1
5984 1
5986 1
5990 1
5995 1
5998 1
6003 1
6004 1
6013 1
6018 1
6022 1
6026 1
6032 2
6035 1
6040 1
6043 1
6045 1
6049 1
6052 1
6057 1
6066 1
6071 1
6077 1
6079 1
6088 1
6089 1
6091 1
6093 1
6097 1
6099 1
6102 2
6103 1
6106 1
6108 1
6112 1
6114 1
6116 1
6132 1
6139 1
6144 1
6145 1
6148 1
6156 3
6158 1
6159 1
6163 1
6168 1
6170 1
6172 1
6177 1
6179 1
6186 1
6187 1
6193 1
6198 2
6201 1
6205 1
6207 1
6210 1
6213 1
6215 1
6219 2
6227 1
6228 1
6233 1
6240 2
6241 1
6250 1
6255 3
6256 1
6258 1
6264 2
6267 1
6269 2
6271 1
6273 1
6276 1
6281 1
6282 1
6284 1
6285 2
6290 1
6291 2
6292 1
6294 1
6297 1
6298 1
6299 2
6300 1
6303 1
6306 1
6308 1
6310 1
6311 1
6312 1
6315 1
6317 1
6321 1
6326 1
6327 1
6333 1
6335 1
6339 2
6341 1
6342 1
6345 2
6351 1
6353 2
6354 1
6355 1
6359 1
6363 2
6365 1
6367 1
6369 2
6372 1
6374 1
6376 1
6377 1
6381 1
6384 1
6386 1
6390 2
6393 1
6395 3
6398 1
6399 1
6402 1
6404 2
6407 1
6409 2
6410 1
6411 1
6412 1
6416 3
6421 1
6425 2
6426 1
6430 1
6434 1
6438 1
6439 1
6440 2
6446 1
6447 2
6451 1
6452 3
6453 1
6454 1
6456 1
6461 1
6464 1
6466 2
6467 1
6468 1
6470 1
6471 1
6473 1
6475 1
6479 1
6480 1
6482 2
6487 1
6489 1
6493 2
6494 1
6496 1
6498 1
6503 1
6505 1
6508 1
6510 1
6511 1
6512 1
6513 1
6517 2
6518 1
6521 1
6524 2
6526 1
6530 1
6535 1
6538 1
6539 1
6544 1
6547 1
6550 1
6552 1
6553 1
6556 1
6560 1
6564 1
6565 1
6566 1
6569 1
6570 1
6574 1
6578 2
6580 1
6584 1
6587 1
6588 1
6592 4
6593 1
6595 1
6597 1
6601 2
6604 1
6606 2
6610 1
6611 1
6618 1
6622 1
6623 2
6627 1
6629 1
6637 1
6643 1
6647 1
6649 1
6652 1
6654 2
6658 1
6663 1
6664 1
6665 1
6668 1
6672 1
6677 1
6679 1
6689 1
6691 1
6693 1
6696 2
6698 1
6700 2
6706 1
6708 2
6709 1
6710 1
6714 1
6719 1
6722 1
6723 1
6724 1
6731 1
6732 1
6738 1
6746 1
6750 1
6753 1
6759 1
6760 1
6763 1
6765 1
6767 2
6771 1
6773 1
6776 1
6777 1
6779 1
6780 1
6782 1
6788 1
6790 1
6795 1
6799 1
6805 1
6806 1
6807 2
6808 1
6809 1
6816 1
6819 1
6821 2
6824 1
6825 1
6830 3
6834 1
6836 1
6837 1
6842 1
6843 1
6844 1
6848 1
6850 1
6851 1
6852 1
6860 1
6861 1
6866 1
6867 1
6872 1
6873 1
6875 1
6876 1
6878 1
6879 1
6881 2
6884 1
6885 1
6886 1
6887 2
6891 2
6893 2
6895 1
6900 1
6901 1
6905 3
6907 2
6914 2
6915 1
6919 2
6921 2
6924 1
6926 1
6929 1
6930 1
6932 1
6933 1
6935 2
6938 1
6941 1
6942 1
6943 1
6947 2
6949 1
6950 1
6951 1
6955 1
6956 2
6961 2
6962 1
6965 2
6966 1
6968 1
6971 1
6974 1
6977 1
6978 1
6980 1
6983 1
6984 1
6985 1
6986 1
6991 1
6992 4
6997 1
6999 1
7001 1
7004 2
7006 3
7007 1
7008 1
7013 3
7015 1
7018 1
7019 3
7020 2
7022 1
7025 1
7026 1
7027 3
7028 1
7031 1
7032 1
7033 1
7034 1
7035 1
7037 1
7039 1
7041 1
7043 1
7045 2
7050 1
7054 1
7058 1
7059 1
7061 1
7063 1
7064 2
7067 1
7069 1
7070 1
7072 1
7073 1
7076 1
7078 2
7079 1
7081 1
7083 1
7084 1
7086 1
7087 1
7090 2
7091 1
7095 1
7096 1
7097 1
7100 1
7102 1
7104 2
7105 1
7112 1
7114 2
7116 1
7118 3
7120 1
7121 1
7125 1
7126 1
7127 1
7128 1
7130 1
7132 4
7137 1
7138 1
7140 1
7144 3
7145 1
7146 2
7153 2
7158 2
7162 1
7163 2
7167 2
7168 1
7174 1
7175 1
7177 1
7179 1
7180 1
7182 1
7184 1
7185 1
7187 1
7189 2
7191 1
7194 1
7198 2
7199 1
7203 1
7204 1
7208 1
7210 1
7212 1
7213 1
7215 1
7217 1
7218 1
7219 1
7221 1
7224 2
7226 1
7229 1
7230 1
7231 1
7233 1
7238 1
7239 1
7240 1
7241 1
7244 1
7245 1
7248 1
7250 1
7252 1
7254 1
7258 2
7261 1
7266 1
7269 1
7271 1
7272 2
7274 1
7275 1
7278 1
7281 1
7284 1
7286 1
7290 1
7292 1
7297 2
7298 1
7300 1
7303 1
7305 1
7311 1
7312 1
7315 1
7317 1
7319 1
7320 1
7321 1
7323 1
7325 1
7328 2
7329 2
7334 2
7338 1
7339 2
7340 1
7342 1
7343 1
7347 1
7351 1
7357 2
7358 1
7361 1
7365 1
7370 2
7371 1
7374 1
7376 1
7380 1
7382 3
7384 1
7391 1
7396 2
7398 1
7400 1
7405 1
7410 1
7413 1
7416 1
7418 1
7424 2
7426 1
7427 2
7428 1
7431 1
7433 3
7436 1
7437 1
7438 1
7439 1
7440 1
7441 2
7445 2
7447 2
7450 1
7451 1
7452 1
7453 1
7454 1
7456 1
7457 1
7459 1
7466 2
7471 1
7475 1
7480 1
7481 2
7482 1
7483 1
7484 1
7487 2
7493 1
7495 3
7497 1
7501 1
7502 1
7504 1
7507 1
7508 1
7510 1
7511 2
7516 1
7517 2
7518 2
7523 2
7524 1
7525 1
7526 1
7532 2
7534 1
7535 1
7536 1
7537 2
7541 1
7544 2
7546 1
7549 1
7550 1
7552 2
7553 2
7558 3
7559 2
7565 2
7567 3
7571 2
7572 1
7576 1
7578 1
7579 2
7580 1
7581 2
7585 2
7587 1
7589 2
7593 1
7594 2
7595 2
7598 1
7603 1
7606 1
7607 1
7609 2
7610 1
7611 1
7612 1
7613 1
7615 1
7616 2
7619 1
7621 2
7623 2
7624 2
7628 1
7629 1
7630 2
7631 1
7633 2
7635 3
7636 1
7637 1
7638 1
7639 1
7640 1
7642 3
7647 2
7649 1
7651 1
7652 1
7654 1
7656 1
7658 2
7660 1
7663 1
7665 1
7666 2
7670 2
7672 2
7677 2
7678 2
7679 1
7680 1
7684 3
7686 1
7689 1
7690 1
7692 1
7693 3
7694 2
7698 2
7699 1
7702 1
7705 1
7706 1
7707 1
7708 1
7711 1
7713 1
7715 1
7719 2
7720 3
7724 1
7729 2
7732 1
7734 4
7735 1
7736 1
7737 1
7738 1
7739 1
7741 2
7743 2
7744 1
7746 1
7747 1
7748 2
7750 3
7752 1
7753 1
7755 2
7760 1
7761 1
7763 1
7764 3
7765 2
7769 1
7770 2
7771 1
7773 1
7776 1
7778 2
7779 1
7782 1
7785 1
7786 1
7787 1
7790 1
7791 1
7792 2
7794 1
7795 1
7796 1
7800 1
7804 1
7805 1
7806 2
7807 1
7810 1
7812 2
7814 1
7818 3
7819 1
7821 1
7824 2
7830 1
7832 2
7833 1
7837 2
7838 1
7842 2
7844 1
7846 1
7848 1
7849 2
7851 1
7852 1
7853 1
7855 1
7856 1
7860 2
7861 1
7863 1
7865 1
7869 2
7872 1
7873 1
7874 2
7878 1
7879 1
7880 1
7881 1
7883 1
7886 1
7889 1
7890 1
7891 3
7895 2
7904 1
7905 1
7909 1
7913 1
7915 1
7917 2
7918 1
7919 1
7922 2
7924 1
7926 2
7931 2
7932 2
7935 1
7936 2
7940 1
7941 1
7943 1
7945 1
7946 1
7947 1
7948 2
7949 1
7950 2
7952 1
7957 1
7958 1
7961 1
7962 1
7966 2
7968 1
7971 1
7972 1
7976 1
7977 1
7978 1
7979 1
7985 1
7986 1
7989 1
7990 1
7991 1
7992 1
7993 2
7997 1
7999 1
8000 1
8002 2
8003 1
8006 1
8008 1
8014 1
8016 1
8018 1
8021 1
8023 1
8025 1
8027 1
8028 1
8031 1
8032 1
8033 2
8035 2
8037 1
8039 1
8044 1
8045 1
8047 3
8048 1
8049 1
8050 1
8056 3
8057 1
8058 1
8061 1
8062 1
8063 2
8067 1
8068 1
8070 1
8071 1
8072 1
8074 1
8075 1
8076 2
8077 1
8084 1
8085 1
8086 1
8089 1
8090 1
8092 1
8093 1
8098 3
8102 2
8104 2
8105 1
8107 3
8110 1
8111 1
8112 1
8113 1
8115 1
8119 2
8121 1
8124 1
8126 1
8127 1
8128 1
8131 1
8133 2
8134 1
8137 1
8138 1
8141 1
8144 1
8145 1
8146 2
8147 1
8149 2
8150 1
8155 3
8156 1
8159 1
8161 4
8163 1
8164 1
8167 1
8168 2
8169 3
8173 3
8175 3
8176 1
8177 1
8181 1
8182 2
8184 1
8185 1
8187 3
8189 1
8191 2
8192 1
8194 1
8198 1
8199 1
8200 1
8201 1
8203 2
8206 2
8208 1
8209 1
8210 2
8211 1
8212 1
8215 1
8217 1
8218 2
8220 2
8223 1
8224 1
8225 1
8226 1
8229 1
8230 2
8232 2
8233 2
8238 1
8239 3
8244 2
8245 3
8246 3
8251 1
8252 1
8253 2
8254 1
8255 1
8258 1
8259 2
8260 3
8261 1
8263 1
8265 1
8267 1
8269 2
8272 2
8274 3
8276 1
8278 1
8280 1
8281 2
8285 1
8286 3
8287 2
8288 1
8290 3
8293 1
8295 3
8296 1
8299 1
8300 2
8302 1
8303 1
8304 3
8305 2
8307 1
8309 3
8310 1
8313 2
8315 1
8316 2
8317 1
8321 1
8322 2
8323 1
8326 1
8327 1
8330 1
8331 2
8332 1
8338 1
8339 1
8340 2
8344 3
8345 1
8346 2
8347 1
8351 1
8352 3
8354 1
8356 1
8357 1
8358 4
8359 1
8360 2
8363 1
8364 2
8365 1
8366 1
8367 1
8368 1
8370 3
8371 1
8372 2
8374 1
8379 1
8380 1
8382 1
8384 3
8386 1
8389 2
8393 2
8394 1
8398 2
8400 2
8403 2
8405 1
8406 1
8408 1
8411 1
8412 2
8413 1
8414 2
8415 1
8417 1
8420 1
8421 2
8422 1
8426 2
8429 1
8430 1
8431 1
8434 1
8435 2
8439 2
8441 1
8443 1
8444 2
8445 1
8447 1
8450 1
8452 1
8453 1
8456 1
8457 3
8459 1
8462 1
8464 1
8465 1
8466 1
8467 1
8469 1
8470 1
8471 2
8472 1
8476 2
8478 2
8480 1
8481 2
8483 2
8484 1
8485 1
8486 1
8487 1
8488 1
8492 4
8493 1
8497 1
8498 3
8499 1
8500 1
8501 1
8502 1
8504 1
8506 2
8507 1
8510 1
8511 1
8512 1
8513 1
8516 1
8518 2
8522 1
8523 2
8524 1
8526 1
8529 1
8533 1
8537 1
8538 2
8540 1
8542 1
8543 2
8546 1
8547 1
8549 1
8552 2
8554 1
8555 1
8557 1
8558 1
8560 1
8563 1
8565 3
8566 1
8568 1
8569 1
8570 1
8573 1
8575 1
8577 1
8579 1
8580 1
8583 2
8587 1
8589 2
8591 1
8593 1
8596 2
8597 3
8598 1
8599 1
8600 1
8602 1
8606 1
8607 1
8608 2
8609 1
8610 1
8611 2
8613 1
8616 1
8617 1
8619 1
8622 2
8623 1
8624 1
8625 1
8626 1
8628 1
8632 1
8636 1
8637 1
8642 2
8644 1
8646 1
8650 2
8652 1
8653 1
8654 1
8659 4
8660 1
8663 1
8664 3
8665 1
8666 1
8667 2
8668 1
8673 2
8676 2
8677 1
8678 3
8679 1
8682 1
8683 1
8686 1
8690 1
8692 1
8694 1
8695 1
8696 1
8697 1
8699 1
8701 3
8705 1
8706 1
8707 2
8708 1
8709 2
8713 2
8715 1
8718 1
8719 1
8720 1
8721 3
8723 1
8724 1
8725 1
8727 2
8729 1
8730 1
8734 1
8735 1
8736 1
8737 1
8739 1
8743 1
8744 1
8748 1
8749 1
8750 1
8751 1
8752 1
8753 1
8755 1
8758 2
8760 1
8761 1
8763 2
8765 2
8766 1
8770 2
8772 4
8775 2
8776 2
8777 1
8778 2
8779 2
8781 2
8784 3
8785 2
8786 1
8789 1
8791 3
8793 2
8795 1
8796 1
8798 1
8799 1
8800 2
8802 1
8804 2
8805 3
8807 2
8811 2
8812 2
8813 1
8814 1
8818 2
8819 2
8820 2
8821 2
8826 3
8830 1
8832 1
8833 1
8835 4
8836 1
8837 1
8839 1
8840 1
8841 1
8842 2
8843 1
8847 2
8849 3
8850 1
8853 1
8855 2
8856 2
8857 1
8859 1
8861 3
8862 2
8863 1
8865 2
8866 1
8871 1
8873 1
8874 1
8875 2
8877 2
8878 1
8879 1
8880 1
8883 2
8884 3
8886 1
8889 2
8891 1
8892 3
8896 2
8897 2
8898 2
8901 1
8903 2
8904 2
8905 1
8906 3
8907 1
8910 4
8912 3
8915 2
8917 1
8918 1
8919 3
8920 3
8924 3
8926 2
8928 1
8929 1
8931 1
8932 1
8933 1
8934 2
8935 1
8936 1
8937 1
8938 1
8945 2
8946 2
8948 2
8950 1
8952 1
8954 2
8955 2
8958 1
8959 1
8960 3
8961 2
8962 1
8963 1
8964 1
8966 2
8967 2
8970 1
8972 2
8973 1
8974 3
8976 1
8978 1
8979 2
8981 2
8983 1
8987 2
8988 1
8989 1
8990 2
8991 2
8995 1
8996 2
8997 3
9002 3
9004 2
9005 1
9009 2
9011 2
9012 1
9013 1
9014 1
9016 2
9018 4
9020 1
9021 1
9023 2
9024 1
9025 1
9028 1
9030 1
9031 2
9032 4
9033 3
9037 2
9038 3
9044 3
9046 2
9050 2
9055 1
9058 2
9059 2
9060 1
9063 2
9064 2
9068 2
9069 1
9072 1
9073 2
9074 2
9075 1
9077 1
9078 2
9080 1
9082 1
9083 1
9085 1
9086 2
9087 1
9088 2
9089 2
9090 1
9091 1
9092 2
9094 1
9095 2
9098 1
9099 1
9100 2
9102 1
9103 1
9104 1
9105 1
9107 1
9108 1
9109 2
9110 1
9112 2
9113 1
9115 1
9117 3
9118 1
9119 1
9121 2
9126 1
9130 1
9131 3
9133 1
9135 1
9137 1
9139 1
9141 1
9142 1
9143 1
9144 1
9148 1
9149 2
9150 1
9151 1
9157 2
9158 2
9159 1
9162 1
9163 2
9167 1
9168 1
9169 1
9172 3
9173 1
9174 2
9176 1
9177 1
9178 1
9181 1
9184 1
9185 1
9186 1
9187 1
9188 1
9190 1
9192 2
9194 1
9197 1
9198 1
9199 2
9200 1
9203 1
9204 2
9205 1
9208 1
9209 1
9211 1
9212 1
9213 1
9214 1
9215 1
9216 3
9217 1
9218 3
9219 1
9220 2
9223 1
9225 1
9226 1
9228 1
9229 1
9230 2
9232 1
9234 2
9239 2
9240 1
9243 1
9244 2
9246 1
9247 1
9249 1
9251 1
9253 1
9254 1
9257 2
9258 1
9261 2
9263 1
9265 1
9266 1
9270 2
9271 2
9273 1
9274 1
9275 2
9276 1
9279 1
9280 1
9282 1
9283 1
9284 1
9285 1
9286 1
9287 2
9289 1
9290 1
9291 2
9293 1
9296 2
9297 1
9298 1
9300 1
9301 1
9302 1
9303 1
9305 1
9310 2
9311 1
9315 2
9316 2
9317 2
9318 1
9324 3
9325 1
9326 1
9327 1
9328 2
9329 1
9330 1
9331 2
9333 3
9336 1
9338 1
9339 1
9340 1
9341 2
9344 2
9345 2
9347 1
9350 2
9351 1
9352 2
9353 1
9354 1
9356 1
9357 1
9358 1
9359 1
9360 1
9362 1
9363 1
9364 1
9366 1
9370 3
9371 1
9372 2
9375 3
9381 2
9383 1
9386 1
9387 4
9388 1
9389 1
9392 1
9393 1
9394 1
9395 3
9396 1
9397 1
9399 1
9401 5
9402 1
9403 1
9405 1
9406 1
9410 1
9411 2
9413 1
9414 1
9415 3
9417 1
9418 1
9420 1
9423 2
9424 1
9425 1
9427 2
9429 4
9432 3
9434 1
9435 1
9436 2
9437 2
9438 1
9441 2
9443 1
9444 2
9445 1
9446 3
9449 1
9450 2
9451 1
9452 2
9453 1
9455 2
9457 1
9458 2
9459 2
9462 1
9463 1
9464 1
9465 1
9467 1
9469 1
9470 1
9471 2
9472 2
9474 1
9476 2
9478 1
9480 1
9481 2
9485 3
9486 3
9487 1
9488 2
9489 1
9493 1
9494 2
9495 1
9498 2
9500 5
9502 1
9504 1
9506 2
9507 3
9509 2
9511 1
9512 3
9513 2
9514 2
9516 3
9519 1
9521 2
9522 1
9523 2
9524 1
9526 2
9527 2
9528 2
9529 1
9530 2
9531 2
9533 2
9535 3
9537 1
9539 2
9540 2
9541 1
9542 3
9545 1
9546 1
9547 1
9548 1
9549 2
9553 1
9554 2
9555 1
9556 1
9557 1
9558 2
9563 2
9564 2
9565 1
9568 1
9570 3
9571 1
9572 3
9573 1
9577 3
9578 2
9581 1
9583 2
9584 5
9585 1
9586 3
9589 1
9590 2
9591 1
9592 1
9593 1
9594 2
9598 3
9599 2
9600 1
9603 1
9606 1
9607 1
9608 1
9610 1
9611 1
9612 2
9613 1
9614 1
9615 1
9616 1
9617 1
9620 3
9621 1
9624 2
9625 2
9626 2
9628 2
9629 3
9630 1
9632 1
9634 3
9635 2
9638 3
9639 1
9640 4
9641 1
9642 1
9644 2
9646 1
9647 2
9648 3
9652 3
9653 1
9654 1
9655 1
9657 1
9661 2
9663 1
9664 1
9665 2
9666 1
9670 2
9671 2
9673 1
9678 1
9679 1
9682 2
9683 4
9685 2
9687 1
9688 1
9689 1
9690 1
9692 1
9694 1
9695 1
9696 1
9697 2
9698 1
9699 2
9702 1
9703 1
9704 1
9705 1
9706 1
9707 3
9709 2
9710 1
9711 1
9712 2
9714 1
9718 3
9719 1
9723 1
9724 3
9725 2
9728 1
9730 1
9732 2
9733 1
9737 2
9738 2
9739 2
9740 1
9742 1
9744 1
9746 1
9748 1
9749 2
9751 2
9752 1
9753 2
9755 1
9756 1
9758 1
9759 1
9760 3
9761 1
9764 1
9766 2
9768 1
9769 3
9770 2
9772 1
9774 2
9775 1
9778 2
9779 1
9781 1
9783 2
9784 2
9786 1
9789 1
9791 3
9792 2
9795 1
9797 1
9801 2
9805 1
9806 3
9809 1
9810 1
9811 2
9815 2
9817 2
9818 1
9820 2
9822 1
9823 3
9824 1
9825 2
9826 1
9827 1
9831 2
9832 1
9833 1
9835 1
9836 2
9837 3
9838 1
9839 1
9841 1
9842 2
9843 2
9845 1
9846 1
9847 1
9848 2
9850 2
9851 1
9854 1
9857 1
9858 1
9859 1
9861 1
9862 1
9863 1
9865 1
9866 1
9867 1
9868 2
9872 1
9876 1
9877 2
9878 1
9879 1
9881 1
9882 1
9884 1
9885 2
9886 1
9890 3
9891 1
9892 1
9893 1
9894 1
9896 2
9900 1
9902 2
9904 2
9905 1
9910 1
9912 1
9914 2
9916 1
9918 2
9920 1
9921 1
9922 1
9923 1
9925 1
9927 3
9928 1
9931 1
9932 1
9933 2
9935 2
9936 2
9937 1
9938 1
9941 3
9944 2
9945 1
9946 3
9947 2
9948 1
9949 1
9950 1
9951 2
9953 3
9955 2
9957 1
9958 1
9960 2
9961 2
9962 1
9963 1
9965 1
9967 3
9971 1
9972 1
9974 1
9975 1
9976 2
9977 1
9979 1
9981 2
9984 2
9985 1
9986 1
9989 2
9990 1
9991 2
9992 1
9995 1
9997 1
9998 4
10001 1
10002 2
10003 3
10004 2
10005 1
10007 3
10011 1
10012 1
10015 2
10017 1
10018 1
10019 1
10021 2
10022 1
10024 1
10025 1
10026 3
10028 1
10030 1
10031 2
10033 2
10034 1
10037 2
10038 3
10040 3
10043 1
10044 3
10045 2
10046 2
10047 1
10049 2
10052 3
10054 1
10056 1
10057 1
10059 2
10061 4
10062 1
10063 1
10064 1
10066 2
10067 1
10068 3
10069 1
10072 1
10073 2
10075 3
10077 1
10078 1
10079 3
10080 1
10081 1
10082 1
10085 1
10086 1
10087 2
10088 1
10089 1
10090 1
10091 1
10092 1
10094 1
10095 1
10097 2
10098 1
10099 1
10100 1
10101 2
10103 3
10104 1
10105 1
10106 1
10107 1
10109 2
10110 2
10111 1
10112 1
10114 1
10115 2
10116 1
10117 1
10118 2
10120 2
10123 2
10124 3
10125 1
10127 1
10129 4
10130 2
10131 1
10132 2
10133 2
10136 2
10138 4
10139 2
10141 1
10143 4
10144 2
10145 1
10146 3
10150 2
10151 2
10152 2
10154 1
10155 2
10157 2
10159 1
10160 3
10161 1
10162 1
10164 1
10165 1
10166 1
10169 1
10172 2
10173 1
10174 5
10176 1
10178 3
10180 4
10181 2
10185 1
10186 2
10187 2
10188 2
10190 2
10192 2
10194 1
10196 1
10197 1
10198 1
10199 1
10200 2
10202 1
10203 1
10204 3
10205 2
10206 1
10209 1
10211 1
10213 3
10214 2
10215 1
10216 2
10218 1
10222 2
10223 3
10225 1
10227 1
10228 2
10230 1
10231 2
10232 1
10234 1
10235 2
10237 2
10238 1
10239 1
10240 2
10242 2
10244 4
10245 1
10246 1
10247 1
10249 3
10250 1
10251 4
10254 1
10255 1
10256 1
10257 2
10258 4
10259 3
10260 2
10263 1
10264 3
10265 1
10268 1
10270 2
10272 2
10273 2
10274 1
10275 1
10277 1
10278 1
10279 1
10281 1
10283 1
10284 2
10285 1
10286 2
10289 1
10290 2
10291 2
10292 1
10293 1
10295 1
10298 2
10299 2
10300 2
10301 1
10303 1
10304 1
10305 1
10306 1
10309 1
10310 1
10312 3
10314 4
10315 1
10316 1
10318 2
10320 1
10321 2
10322 1
10326 2
10327 1
10328 1
10329 1
10330 1
10331 1
10332 1
10335 2
10336 1
10337 1
10338 1
10339 1
10341 2
10343 1
10344 2
10345 1
10346 1
10349 1
10350 1
10351 1
10352 1
10353 1
10356 2
10357 4
10358 2
10359 1
10360 1
10362 2
10363 3
10365 1
10367 1
10368 1
10369 1
10370 1
10371 2
10372 3
10375 2
10376 2
10377 2
10380 1
10381 2
10383 2
10385 2
10386 1
10388 1
10389 2
10393 1
10394 2
10398 3
10399 3
10400 1
10402 1
10403 2
10407 1
10408 1
10411 2
10412 1
10413 1
10416 1
10417 2
10418 1
10424 1
10425 2
10426 1
10427 2
10429 1
10430 1
10431 1
10432 1
10433 1
10434 2
10435 1
10436 1
10437 1
10438 1
10440 2
10442 3
10443 1
10444 2
10446 2
10449 1
10451 1
10452 2
10455 1
10456 3
10457 1
10458 1
10460 1
10465 2
10466 2
10467 1
10469 1
10470 2
10472 1
10473 1
10475 1
10476 1
10477 1
10480 1
10481 1
10483 2
10484 1
10486 2
10487 1
10488 2
10489 1
10491 1
10492 1
10493 2
10496 1
10497 3
10498 2
10499 1
10500 1
10501 1
10502 1
10503 1
10505 1
10506 1
10507 2
10509 1
10511 3
10512 3
10513 2
10516 2
10517 2
10519 1
10522 1
10525 1
10526 1
10528 1
10529 1
10531 1
10534 1
10536 1
10537 1
10538 1
10539 1
10541 1
10542 2
10543 3
10544 1
10547 1
10548 2
10550 1
10551 1
10552 1
10553 2
10555 3
10557 3
10558 1
10559 3
10562 1
10564 3
10565 1
10566 1
10568 1
10569 1
10570 3
10571 2
10573 1
10576 2
10577 1
10578 3
10579 1
10582 1
10583 2
10584 1
10585 1
10586 1
10588 1
10590 1
10592 2
10594 1
10595 1
10596 3
10597 1
10601 3
10604 1
10605 1
10609 2
10610 2
10612 2
10613 1
10614 1
10615 2
10618 3
10619 1
10620 1
10621 1
10622 1
10623 1
10624 1
10625 1
10627 4
10629 2
10630 1
10631 1
10632 1
10635 1
10637 1
10638 1
10639 1
10640 1
10641 2
10642 1
10646 1
10647 1
10649 2
10651 1
10653 2
10654 1
10655 4
10656 1
10658 2
10661 1
10663 2
10664 2
10665 2
10666 1
10667 1
10669 5
10670 2
10671 1
10672 3
10675 1
10676 2
10677 1
10678 1
10679 2
10681 3
10683 3
10684 1
10685 1
10688 2
10689 2
10690 1
10691 1
10693 1
10695 4
10696 1
10697 2
10699 1
10700 2
10702 2
10704 2
10706 1
10709 2
10711 2
10712 3
10713 1
10714 3
10718 2
10719 1
10720 2
10723 1
10725 1
10726 5
10728 1
10730 2
10731 1
10732 1
10733 1
10735 2
10736 1
10737 1
10738 1
10739 1
10740 4
10742 2
10744 1
10745 1
10749 3
10750 1
10752 1
10753 3
10754 3
10755 1
10756 1
10757 1
10758 1
10759 2
10761 1
10762 1
10763 2
10765 2
10766 3
10768 3
10769 1
10770 1
10771 2
10772 1
10773 1
10774 1
10775 2
10777 3
10779 1
10780 2
10781 1
10782 1
10783 1
10784 3
10786 1
10789 3
10790 2
10791 1
10792 1
10794 2
10795 1
10796 2
10797 1
10798 2
10799 1
10801 2
10803 2
10804 1
10805 1
10806 1
10807 2
10808 1
10809 1
10810 4
10812 3
10813 1
10815 1
10816 1
10817 1
10820 1
10823 2
10824 3
10825 4
10826 1
10829 2
10830 1
10831 1
10832 1
10833 1
10834 1
10835 1
10836 1
10838 2
10839 1
10840 1
10841 1
10842 1
10843 1
10845 1
10846 2
10847 1
10848 2
10850 1
10851 1
10852 4
10854 3
10855 2
10856 1
10858 1
10860 2
10861 2
10862 1
10864 2
10865 1
10866 5
10867 2
10868 1
10870 2
10871 1
10872 1
10874 2
10878 3
10879 2
10880 2
10881 1
10882 1
10884 1
10885 1
10887 1
10888 1
10889 2
10890 1
10891 1
10892 1
10893 1
10894 1
10896 1
10897 3
10898 1
10902 3
10903 1
10906 1
10908 3
10909 4
10911 2
10912 2
10913 1
10914 1
10915 1
10916 2
10917 1
10918 1
10920 1
10921 1
10922 1
10923 3
10924 1
10925 3
10929 1
10931 2
10932 2
10933 3
10934 1
10938 2
10939 1
10941 1
10942 1
10946 1
10949 1
10950 1
10951 3
10953 2
10955 2
10959 1
10960 2
10963 1
10964 3
10965 3
10966 1
10967 2
10969 2
10972 1
10973 2
10974 1
10975 1
10977 2
10978 2
10979 3
10982 1
10983 1
10984 2
10986 3
10987 1
10988 2
10990 1
10991 1
10992 4
10995 2
10996 2
10998 1
11000 1
11001 2
11002 1
11003 1
11004 1
11005 1
11006 2
11007 2
11008 1
11009 2
11010 1
11012 1
11017 2
11018 2
11019 1
11021 1
11022 1
11023 1
11024 1
11026 2
11027 1
11028 1
11031 2
11032 2
11035 1
11036 1
11037 3
11038 2
11042 1
11043 2
11044 1
11046 2
11049 3
11051 2
11052 1
11053 1
11057 2
11059 1
11060 1
11062 1
11063 3
11065 1
11067 1
11068 2
11069 1
11072 1
11073 1
11074 2
11076 1
11077 2
11078 2
11079 1
11083 2
11085 2
11086 1
11088 2
11091 2
11092 1
11093 2
11094 1
11095 2
11097 1
11099 2
11100 2
11103 2
11104 1
11105 2
11107 1
11108 2
11109 3
11110 2
11111 1
11114 2
11116 3
11117 1
11118 3
11120 1
11122 2
11123 2
11126 1
11127 1
11130 2
11131 2
11132 1
11136 3
11140 2
11144 1
11145 2
11146 1
11149 1
11150 1
11153 1
11154 1
11157 1
11158 1
11160 1
11161 1
11162 4
11163 1
11164 2
11166 1
11167 3
11170 2
11171 1
11172 2
11173 1
11175 2
11177 1
11179 3
11180 1
11181 2
11182 1
11183 1
11184 2
11185 1
11186 2
11187 2
11190 1
11191 1
11193 3
11198 1
11201 1
11202 1
11203 1
11204 1
11205 1
11206 1
11207 1
11209 2
11210 1
11211 1
11214 1
11215 1
11216 2
11217 1
11219 1
11221 5
11223 2
11225 1
11227 1
11228 2
11229 3
11230 1
11231 1
11235 3
11237 1
11239 1
11240 1
11241 1
11243 1
11244 3
11245 1
11247 1
11249 2
11250 1
11251 1
11252 2
11253 1
11254 1
11256 1
11257 1
11258 1
11259 1
11260 1
11262 1
11263 1
11264 1
11266 4
11269 1
11270 3
11271 3
11272 1
11275 3
11276 1
11278 2
11280 3
11283 2
11285 3
11286 2
11287 2
11288 1
11289 1
11290 2
11292 4
11293 1
11294 1
11295 1
11296 1
11297 1
11298 1
11299 3
11301 3
11303 1
11304 1
11305 3
11306 3
11311 1
11312 1
11313 1
11314 1
11315 3
11316 1
11319 1
11320 2
11321 2
11322 1
11323 2
11324 1
11327 2
11329 4
11330 1
11332 2
11333 1
11334 1
11336 2
11337 1
11338 2
11340 1
11341 1
11343 2
11345 1
11346 3
11347 1
11350 2
11351 1
11353 1
11355 3
11356 2
11357 1
11358 1
11359 1
11360 1
11362 2
11363 2
11364 1
11365 2
11367 1
11369 4
11370 1
11372 1
11374 1
11375 2
11376 2
11377 1
11380 1
11381 1
11382 1
11383 2
11384 1
11385 1
11386 3
11388 2
11391 2
11392 2
11393 2
11397 2
11398 1
11399 1
11400 4
11402 1
11404 4
11406 5
11407 2
11411 2
11412 2
11413 1
11414 2
11416 2
11417 1
11418 3
11419 1
11420 3
11422 1
11423 2
11424 1
11425 2
11426 1
11427 2
11428 2
11429 1
11430 1
11431 1
11432 3
11434 2
11437 2
11439 2
11440 3
11442 3
11444 1
11445 1
11446 2
11448 1
11449 2
11451 1
11453 1
11454 2
11455 1
11456 1
11457 1
11458 2
11463 3
11464 2
11466 1
11468 3
11470 1
11471 1
11472 2
11473 1
11474 1
11475 2
11477 3
11479 1
11480 1
11481 2
11482 2
11483 1
11484 2
11486 2
11490 2
11491 2
11493 1
11494 1
11497 1
11498 2
11499 4
11500 1
11501 1
11503 2
11504 1
11505 3
11507 1
11509 1
11510 1
11512 3
11514 1
11516 2
11517 3
11518 1
11519 3
11521 1
11522 1
11524 2
11525 1
11526 2
11527 1
11528 2
11529 2
11530 1
11531 1
11532 2
11535 1
11536 2
11538 3
11540 3
11541 2
11542 1
11543 1
11544 2
11545 1
11546 1
11547 1
11548 1
11550 1
11551 1
11552 3
11553 2
11557 1
11558 3
11559 1
11563 1
11564 1
11566 1
11567 1
11569 1
11571 1
11572 1
11575 1
11576 2
11577 1
11578 1
11580 1
11582 3
11583 4
11584 2
11585 1
11586 1
11588 1
11589 4
11590 1
11591 1
11593 1
11594 1
11596 1
11597 2
11598 3
11599 2
11603 4
11606 1
11607 2
11608 2
11609 1
11612 3
11614 1
11615 2
11617 2
11620 1
11622 1
11623 1
11624 1
11625 3
11626 1
11628 1
11629 2
11630 1
11631 1
11633 1
11634 1
11635 1
11637 2
11638 1
11639 3
11640 2
11643 2
11644 1
11645 1
11649 2
11651 2
11653 2
11655 1
11656 1
11657 1
11658 2
11660 2
11661 1
11662 1
11664 1
11666 2
11668 1
11669 2
11670 2
11671 1
11675 1
11676 1
11677 1
11678 1
11679 1
11681 1
11682 1
11683 1
11684 1
11685 1
11688 2
11690 1
11692 3
11693 1
11695 2
11696 1
11697 3
11700 1
11701 2
11702 2
11704 1
11706 2
11710 2
11711 2
11712 3
11714 1
11717 1
11718 1
11719 3
11720 2
11723 3
11724 2
11725 2
11726 1
11727 1
11728 1
11729 1
11733 2
11734 1
11736 1
11737 2
11738 2
11742 2
11743 2
11745 1
11750 1
11751 1
11752 2
11754 2
11756 1
11757 2
11759 1
11760 1
11761 2
11765 2
11766 1
11767 1
11768 1
11769 2
11771 2
11773 1
11774 2
11775 1
11777 2
11779 2
11780 1
11781 3
11782 1
11783 2
11784 2
11785 1
11788 1
11789 1
11790 2
11791 1
11794 1
11795 2
11796 3
11797 2
11802 1
11804 2
11805 2
11806 1
11810 2
11811 2
11812 1
11814 1
11816 1
11818 2
11820 1
11821 1
11823 2
11825 3
11827 2
11828 1
11830 2
11831 1
11832 3
11836 4
11837 2
11838 3
11839 1
11841 4
11842 1
11844 2
11845 1
11846 2
11847 1
11850 1
11851 3
11853 3
11855 2
11856 1
11858 1
11860 2
11861 1
11864 2
11865 1
11867 2
11871 1
11872 1
11873 2
11877 1
11878 2
11880 1
11881 1
11882 2
11883 1
11884 1
11886 1
11887 1
11889 1
11890 2
11891 1
11895 6
11896 1
11897 2
11898 2
11901 1
11902 1
11903 2
11905 1
11907 2
11908 1
11909 4
11910 1
11911 1
11914 1
11915 2
11916 1
11917 2
11918 1
11919 1
11921 3
11922 1
11923 2
11925 1
11926 2
11930 1
11931 1
11932 1
11933 1
11934 1
11935 2
11937 3
11938 1
11940 3
11943 2
11944 3
11945 1
11946 1
11949 4
11951 1
11952 3
11954 2
11956 1
11957 2
11958 2
11962 1
11963 2
11964 1
11965 2
11966 3
11967 1
11970 1
11971 1
11972 3
11977 1
11978 1
11979 3
11980 3
11981 1
11986 2
11988 1
11989 1
11990 1
11992 1
11994 4
11995 2
11996 1
11997 2
11998 1
12001 1
12003 3
12005 1
12006 2
12007 1
12008 4
12010 2
12012 1
12013 1
12014 1
12015 2
12017 1
12018 1
12020 3
12021 1
12022 2
12023 1
12024 2
12026 1
12027 3
12029 3
12030 1
12031 1
12033 2
12034 3
12036 3
12037 1
12038 3
12039 1
12041 1
12042 1
12043 3
12045 1
12047 1
12048 1
12049 3
12050 3
12051 3
12054 1
12055 1
12056 1
12057 3
12058 1
12060 1
12062 2
12064 1
12065 1
12066 1
12067 1
12069 1
12072 1
12073 1
12074 3
12078 3
12080 3
12081 1
12083 1
12084 3
12088 1
12090 2
12091 2
12092 3
12093 3
12094 2
12097 2
12098 2
12102 2
12103 1
12104 2
12106 3
12108 2
12110 1
12111 2
12113 1
12114 2
12115 1
12116 2
12118 1
12119 1
12120 2
12123 2
12124 1
12125 1
12128 1
12129 2
12130 1
12132 2
12133 1
12134 4
12135 1
12137 2
12138 2
12140 1
12141 1
12142 1
12143 2
12146 2
12147 1
12148 4
12149 3
12150 2
12151 2
12154 1
12155 3
12157 1
12158 1
12159 1
12160 2
12162 2
12164 3
12165 1
12167 1
12168 1
12169 1
12173 2
12175 1
12177 3
12178 1
12179 2
12181 1
12183 1
12185 1
12186 2
12190 2
12191 4
12192 1
12193 2
12195 2
12199 1
12200 1
12201 1
12202 1
12203 2
12204 1
12205 1
12207 1
12209 2
12210 3
12212 1
12214 2
12216 1
12217 1
12218 2
12219 2
12221 2
12223 1
12226 1
12227 2
12228 1
12232 3
12233 2
12234 1
12235 1
12237 2
12238 1
12242 1
12244 1
12245 1
12246 1
12247 2
12248 1
12249 1
12250 1
12251 1
12252 2
12254 1
12256 3
12257 2
12258 2
12259 1
12260 2
12263 3
12264 1
12265 1
12269 2
12270 1
12271 1
12272 1
12274 1
12275 1
12276 1
12277 2
12278 3
12280 2
12283 1
12285 1
12286 2
12289 2
12290 1
12291 1
12292 1
12294 2
12295 1
12299 2
12300 1
12303 3
12304 3
12305 1
12306 1
12308 1
12309 2
12311 2
12312 1
12313 1
12314 1
12317 4
12319 1
12321 2
12323 2
12325 1
12326 2
12327 2
12329 1
12330 1
12331 4
12332 1
12334 2
12335 2
12336 2
12340 3
12342 2
12343 2
12344 2
12345 2
12347 1
12349 1
12350 1
12351 2
12353 1
12356 2
12357 1
12358 1
12361 1
12362 3
12363 2
12365 1
12366 1
12367 1
12368 1
12370 1
12371 2
12376 1
12377 2
12382 1
12384 1
12385 1
12386 3
12388 3
12390 1
12391 2
12392 1
12393 3
12397 1
12398 1
12399 1
12400 1
12401 1
12402 1
12403 1
12404 2
12407 2
12408 1
12410 1
12411 1
12412 1
12413 2
12416 2
12417 1
12418 1
12422 1
12424 1
12425 1
12428 1
12430 3
12431 1
12432 2
12434 2
12435 3
12437 1
12439 2
12440 1
12441 1
12443 3
12445 1
12447 5
12448 3
12449 2
12451 1
12452 1
12453 1
12454 1
12455 3
12456 1
12457 2
12458 1
12461 4
12462 1
12463 2
12466 1
12469 1
12470 3
12471 3
12475 2
12477 1
12478 1
12479 1
12480 1
12484 1
12485 1
12487 1
12488 1
12489 2
12492 1
12495 1
12496 1
12497 2
12498 1
12499 1
12501 1
12502 1
12503 1
12504 2
12505 2
12506 3
12509 1
12510 2
12511 2
12512 3
12515 1
12516 1
12517 1
12518 3
12519 1
12521 1
12523 1
12524 1
12525 1
12527 2
12529 1
12531 1
12532 2
12534 1
12538 2
12539 1
12541 2
12544 1
12545 1
12546 3
12547 2
12548 3
12553 3
12554 1
12555 3
12558 1
12560 5
12562 1
12563 1
12564 3
12565 1
12567 1
12569 5
12571 1
12572 1
12573 1
12574 2
12575 1
12576 2
12579 1
12581 2
12582 2
12583 4
12584 1
12587 1
12588 2
12589 3
12590 1
12591 1
12595 3
12597 2
12599 1
12600 2
12601 1
12605 1
12606 2
12608 1
12609 1
12610 1
12611 1
12612 1
12614 2
12615 2
12617 2
12618 1
12619 1
12620 1
12623 3
12624 3
12625 1
12626 1
12628 1
12630 3
12631 1
12632 2
12634 1
12637 2
12638 1
12639 1
12640 3
12643 1
12644 4
12645 1
12646 3
12649 1
12651 1
12652 1
12653 2
12654 3
12658 3
12659 1
12660 3
12663 2
12665 1
12666 1
12668 2
12669 1
12671 1
12672 2
12674 2
12675 1
12677 2
12680 2
12681 2
12682 1
12684 1
12685 1
12686 2
12688 2
12689 1
12690 1
12692 1
12693 1
12694 3
12695 2
12699 1
12700 5
12701 2
12702 1
12704 1
12705 1
12707 2
12708 2
12710 1
12713 1
12714 1
12716 1
12717 1
12719 1
12722 1
12723 3
12724 2
12725 3
12729 1
12730 1
12731 3
12736 2
12738 1
12740 1
12743 3
12745 4
12747 1
12748 1
12750 2
12752 3
12754 2
12756 1
12757 2
12758 2
12759 3
12761 1
12762 1
12764 2
12765 2
12766 2
12767 2
12768 1
12769 1
12770 1
12771 3
12772 1
12773 1
12774 1
12776 1
12777 1
12778 2
12780 2
12782 1
12784 3
12785 1
12789 1
12792 1
12793 1
12794 1
12797 2
12798 2
12799 1
12800 1
12802 1
12803 1
12804 1
12806 2
12808 2
12809 2
12811 1
12812 2
12815 2
12816 1
12817 1
12818 1
12820 2
12821 1
12822 1
12823 1
12824 1
12825 2
12826 1
12829 2
12830 2
12832 1
12834 2
12835 1
12836 1
12838 1
12839 1
12841 2
12842 1
12843 2
12844 1
12849 1
12851 3
12852 1
12853 2
12855 1
12857 3
12859 1
12860 1
12861 2
12864 1
12865 2
12866 2
12867 1
12869 2
12870 1
12871 3
12875 1
12876 2
12877 2
12878 1
12880 1
12882 1
12883 4
12884 2
12885 2
12890 1
12891 1
12892 2
12896 1
12897 3
12901 2
12902 2
12903 1
12905 1
12906 2
12907 1
12908 1
12911 1
12913 1
12914 2
12916 1
12917 1
12918 1
12919 1
12921 2
12922 1
12923 2
12924 1
12926 2
12928 2
12930 1
12932 2
12933 1
12937 4
12938 2
12942 1
12943 1
12945 1
12946 1
12947 2
12949 1
12950 1
12951 1
12952 2
12953 1
12954 2
12956 2
12958 1
12960 2
12962 1
12963 1
12964 1
12965 2
12968 1
12969 2
12970 1
12972 1
12974 2
12977 1
12978 2
12979 1
12980 2
12983 2
12985 1
12986 1
12987 2
12988 1
12989 1
12991 2
12993 2
12995 2
12996 1
12997 3
13000 1
13001 1
13003 1
13004 1
13005 1
13006 1
13008 1
13009 1
13010 2
13011 2
13013 2
13014 1
13017 2
13018 1
13020 2
13021 1
13022 1
13023 1
13025 1
13027 2
13029 1
13031 1
13036 4
13037 3
13039 1
13042 1
13044 1
13045 2
13049 1
13050 1
13051 3
13054 1
13056 1
13057 1
13058 3
13059 1
13060 1
13062 3
13063 2
13064 2
13065 1
13067 3
13068 1
13070 1
13072 1
13073 2
13075 1
13077 2
13078 2
13079 3
13081 2
13082 1
13084 1
13086 2
13090 2
13091 2
13093 2
13096 2
13097 1
13098 2
13099 1
13100 2
13104 2
13105 1
13106 1
13108 1
13109 3
13110 1
13113 1
13114 2
13115 1
13119 1
13121 6
13122 1
13123 2
13128 1
13129 2
13130 1
13132 1
13135 4
13137 2
13139 1
13141 1
13143 1
13144 1
13145 1
13149 2
13150 2
13152 1
13155 1
13157 1
13158 1
13161 1
13163 3
13165 1
13166 3
13167 2
13169 1
13170 1
13171 2
13172 2
13175 3
13176 2
13177 2
13178 2
13179 1
13180 3
13183 1
13184 2
13185 2
13186 2
13189 3
13190 2
13191 2
13192 2
13193 1
13195 1
13196 1
13198 3
13203 2
13205 2
13206 1
13210 1
13211 1
13212 1
13214 1
13215 1
13217 1
13219 1
13220 3
13221 2
13222 1
13223 1
13226 2
13232 1
13233 1
13234 5
13236 1
13238 1
13239 1
13240 2
13241 1
13243 1
13246 1
13247 1
13248 2
13249 1
13250 2
13254 1
13255 2
13256 2
13257 2
13260 1
13262 2
13263 2
13264 1
13265 1
13269 2
13271 2
13273 1
13274 3
13275 2
13276 3
13280 1
13282 1
13283 3
13285 1
13288 2
13289 1
13290 2
13291 3
13292 1
13295 1
13297 4
13298 1
13302 1
13304 3
13306 4
13310 2
13311 4
13315 1
13317 2
13318 3
13319 2
13320 3
13323 1
13324 2
13325 1
13326 1
13328 2
13330 1
13332 2
13333 2
13334 3
13337 1
13340 1
13342 2
13343 1
13345 1
13346 1
13348 1
13349 1
13350 1
13351 2
13352 2
13354 1
13355 1
13358 2
13359 1
13360 2
13361 1
13362 2
13363 2
13366 1
13367 1
13368 2
13369 1
13370 1
13372 2
13374 5
13375 2
13376 2
13379 1
13381 3
13382 2
13386 1
13387 1
13388 2
13390 1
13391 1
13393 1
13395 1
13397 2
13399 2
13402 1
13404 1
13405 1
13409 2
13411 2
13416 3
13417 3
13418 2
13419 1
13422 1
13423 3
13425 1
13428 2
13429 1
13430 1
13431 2
13432 3
13433 2
13435 1
13436 1
13437 2
13438 1
13441 2
13443 1
13444 1
13445 2
13446 1
13447 1
13450 1
13451 1
13452 1
13454 1
13458 3
13459 3
13463 2
13468 2
13471 2
13472 1
13473 3
13475 1
13476 1
13477 1
13478 2
13480 2
13482 2
13484 1
13485 1
13486 2
13487 4
13489 3
13491 1
13492 1
13494 2
13495 1
13498 1
13500 1
13502 2
13503 3
13504 3
13506 1
13508 2
13509 1
13510 1
13512 2
13515 2
13516 1
13517 2
13518 1
13521 1
13524 1
13525 2
13526 2
13527 1
13529 1
13531 1
13533 1
13534 1
13535 2
13539 1
13543 2
13544 1
13546 2
13548 1
13549 1
13551 2
13552 1
13557 4
13558 1
13560 1
13562 1
13563 2
13569 1
13571 2
13572 2
13573 1
13576 2
13577 2
13579 1
13581 2
13582 1
13585 1
13587 1
13588 3
13589 1
13590 1
13591 2
13592 1
13594 2
13595 1
13596 1
13597 1
13599 2
13600 1
13602 1
13603 2
13604 1
13608 3
13610 1
13611 2
13612 2
13613 2
13615 1
13617 2
13618 1
13619 3
13620 1
13622 1
13624 1
13625 1
13626 1
13628 2
13629 1
13630 4
13631 1
13634 2
13636 1
13638 1
13639 1
13643 1
13644 1
13648 2
13652 2
13654 2
13656 3
13657 1
13660 1
13661 3
13663 1
13665 3
13669 2
13670 2
13671 2
13674 1
13675 3
13678 1
13679 1
13680 1
13681 1
13682 1
13683 1
13684 2
13686 1
13687 3
13688 1
13689 2
13691 1
13692 1
13695 1
13696 1
13697 1
13700 1
13701 2
13702 1
13705 2
13707 1
13710 1
13711 3
13713 1
13715 2
13716 1
13717 1
13718 1
13723 1
13724 2
13725 1
13728 1
13729 2
13730 1
13731 2
13732 3
13736 2
13737 1
13738 2
13739 1
13741 3
13743 1
13745 1
13747 1
13748 1
13749 1
13753 1
13755 2
13757 2
13760 1
13762 1
13764 2
13765 1
13766 1
13767 1
13769 1
13770 1
13771 1
13772 3
13773 1
13774 3
13776 1
13778 2
13779 1
13780 1
13782 1
13783 1
13784 1
13786 3
13787 1
13788 2
13789 1
13791 1
13795 5
13796 1
13797 1
13800 3
13801 1
13802 2
13805 1
13806 1
13809 3
13810 1
13811 1
13813 1
13814 1
13815 3
13816 1
13821 1
13823 2
13824 1
13825 1
13826 1
13828 2
13829 1
13831 1
13832 2
13835 1
13837 4
13841 3
13842 1
13843 2
13844 1
13846 2
13849 3
13850 2
13851 2
13852 1
13854 1
13856 1
13857 1
13858 2
13860 1
13863 2
13865 1
13866 2
13867 1
13870 1
13872 3
13873 1
13876 1
13877 1
13878 1
13880 2
13883 2
13884 1
13885 3
13886 1
13888 1
13889 2
13894 2
13895 1
13898 1
13900 3
13902 1
13906 1
13907 2
13908 5
13912 2
13913 1
13914 4
13915 1
13916 1
13920 1
13921 2
13922 1
13923 1
13924 1
13926 3
13928 2
13930 1
13931 2
13933 1
13934 1
13937 1
13938 1
13939 1
13940 2
13942 2
13945 2
13947 1
13948 2
13949 3
13950 1
13954 2
13956 1
13957 2
13959 1
13962 2
13963 1
13964 1
13965 1
13968 2
13969 3
13971 2
13972 1
13976 1
13977 1
13978 3
13983 2
13984 2
13985 4
13990 1
13991 2
13992 2
13993 2
13994 1
13997 1
13998 1
13999 2
14000 1
14002 2
14006 2
14008 2
14011 2
14013 3
14015 1
14017 1
14018 1
14019 1
14020 2
14024 2
14025 3
14026 1
14027 1
14029 2
14032 2
14034 2
14038 1
14039 2
14041 1
14042 1
14043 1
14044 2
14046 1
14048 5
14049 1
14050 1
14052 2
14054 1
14055 2
14061 2
14062 1
14065 1
14066 1
14069 1
14070 2
14077 2
14078 1
14079 1
14083 2
14084 1
14085 1
14086 1
14090 1
14091 2
14092 1
14093 1
14095 1
14096 1
14097 3
14098 2
14099 1
14102 2
14103 2
14104 1
14105 1
14106 1
14107 1
14109 3
14110 2
14111 2
14113 1
14117 1
14118 1
14119 2
14121 1
14123 2
14125 1
14128 2
14129 1
14132 2
14133 1
14134 1
14137 2
14139 1
14142 1
14145 2
14146 1
14150 1
14151 2
14152 2
14153 2
14154 1
14155 1
14159 1
14160 2
14161 1
14163 1
14165 1
14168 1
14169 2
14170 1
14174 2
14176 1
14178 3
14180 1
14182 2
14183 1
14184 1
14186 1
14189 1
14190 1
14191 1
14195 1
14196 2
14198 1
14200 1
14201 1
14203 1
14205 2
14206 1
14208 1
14209 2
14210 2
14215 3
14217 2
14220 2
14221 1
14222 3
14223 1
14224 1
14226 2
14227 1
14230 1
14231 3
14232 1
14236 1
14237 2
14238 1
14239 2
14241 1
14243 1
14245 2
14246 2
14247 1
14250 1
14251 1
14253 1
14255 1
14257 1
14261 1
14262 3
14263 2
14265 1
14268 1
14271 1
14272 1
14274 1
14276 1
14277 1
14279 1
14281 2
14282 1
14285 2
14286 1
14289 1
14291 2
14293 1
14294 1
14295 1
14299 1
14302 1
14303 1
14304 4
14305 2
14307 1
14308 1
14310 1
14312 1
14314 1
14316 1
14318 1
14319 1
14322 2
14326 2
14328 2
14330 2
14331 1
14335 3
14336 2
14337 1
14338 1
14339 1
14341 1
14343 1
14345 2
14346 1
14347 2
14348 1
14349 2
14350 2
14352 3
14355 1
14356 1
14358 2
14361 4
14363 1
14364 1
14365 1
14366 1
14367 1
14371 1
14375 2
14376 2
14381 2
14383 1
14385 1
14387 1
14389 3
14391 1
14392 1
14397 1
14398 3
14399 1
14402 1
14403 3
14404 1
14405 1
14406 3
14407 1
14411 1
14412 2
14415 3
14416 1
14417 2
14421 1
14422 1
14423 1
14425 1
14429 2
14431 1
14433 1
14434 1
14435 2
14436 1
14438 1
14439 1
14440 2
14443 1
14444 1
14445 1
14446 3
14447 1
14448 2
14452 1
14454 1
14457 2
14458 1
14459 1
14460 3
14462 1
14463 1
14464 1
14466 3
14468 1
14469 1
14471 1
14473 1
14474 1
14475 1
14476 1
14478 1
14482 1
14483 2
14487 1
14488 1
14489 2
14490 1
14491 1
14492 2
14494 1
14497 1
14499 1
14500 2
14502 3
14504 2
14505 1
14506 1
14509 2
14511 3
14514 1
14515 3
14516 2
14517 2
14518 2
14520 1
14523 3
14524 1
14525 1
14528 2
14530 2
14532 2
14534 1
14535 1
14537 1
14539 2
14541 1
14542 1
14543 2
14544 2
14546 3
14550 1
14551 2
14552 1
14553 1
14557 2
14558 1
14559 2
14560 1
14563 1
14565 2
14569 1
14572 1
14574 3
14575 1
14576 1
14578 1
14579 1
14580 1
14581 1
14582 1
14586 1
14588 3
14589 1
14592 1
14594 1
14595 1
14596 1
14598 1
14600 3
14601 2
14602 1
14604 1
14605 1
14608 1
14610 1
14611 1
14612 1
14613 1
14614 1
14616 1
14618 1
14619 1
14622 2
14623 2
14628 2
14630 1
14631 3
14635 2
14636 3
14637 1
14640 1
14642 3
14643 3
14644 2
14645 2
14649 3
14651 2
14654 1
14656 1
14657 1
14658 2
14659 3
14663 2
14665 2
14667 2
14668 2
14672 1
14674 1
14675 1
14676 1
14677 1
14684 1
14685 2
14687 1
14689 1
14691 1
14693 2
14694 1
14697 1
14698 1
14699 2
14700 1
14701 1
14705 1
14706 2
14711 1
14712 1
14713 3
14715 1
14718 1
14720 2
14722 1
14724 1
14726 1
14727 1
14728 1
14729 2
14730 1
14735 1
14736 3
14741 3
14743 2
14748 2
14750 1
14752 1
14753 1
14755 1
14757 3
14759 1
14760 1
14762 2
14764 1
14766 1
14769 1
14770 2
14771 3
14772 4
14776 2
14777 2
14783 3
14785 2
14789 1
14794 1
14797 1
14798 1
14802 2
14803 2
14807 1
14811 1
14812 2
14816 1
14817 2
14819 1
14820 1
14825 2
14826 1
14827 1
14828 2
14829 2
14831 2
14833 1
14834 1
14837 2
14839 1
14841 2
14842 1
14843 1
14844 1
14846 1
14848 1
14850 1
14851 1
14852 1
14854 1
14856 4
14860 1
14864 1
14865 1
14869 1
14870 1
14871 1
14874 1
14876 1
14880 1
14881 1
14882 1
14883 1
14887 2
14888 2
14889 1
14890 1
14896 2
14897 2
14898 1
14901 1
14902 1
14904 1
14906 1
14907 1
14911 2
14912 1
14913 3
14915 1
14916 1
14917 1
14921 1
14924 1
14925 1
14927 1
14931 1
14933 2
14936 1
14937 2
14938 2
14939 1
14942 2
14943 1
14944 1
14947 1
14948 1
14950 1
14955 4
14956 1
14957 3
14959 2
14963 1
14964 1
14965 1
14968 1
14969 3
14971 1
14973 2
14977 1
14978 2
14979 1
14981 1
14982 1
14983 1
14985 1
14986 1
14988 1
14990 1
14992 1
14993 1
14996 2
14997 1
15000 2
15002 1
15004 2
15005 1
15009 3
15012 1
15013 1
15014 2
15015 1
15017 1
15018 1
15019 1
15021 1
15022 1
15023 1
15026 3
15030 2
15032 2
15035 1
15037 1
15039 1
15040 1
15041 1
15042 1
15044 1
15049 2
15050 1
15054 1
15055 1
15056 1
15057 1
15061 1
15063 3
15064 1
15065 1
15066 1
15067 1
15068 2
15069 1
15070 2
15072 2
15073 1
15077 1
15078 1
15079 1
15080 1
15082 1
15083 2
15084 1
15086 1
15089 3
15091 1
15092 1
15093 1
15094 1
15095 1
15096 1
15097 1
15099 1
15101 1
15102 1
15103 2
15105 1
15109 4
15110 1
15111 1
15114 2
15120 2
15122 1
15125 1
15126 2
15127 1
15128 1
15131 1
15133 1
15134 3
15135 1
15136 1
15138 1
15140 3
15141 1
15142 1
15144 1
15145 1
15149 1
15150 2
15152 1
15153 1
15154 3
15157 2
15159 1
15162 2
15163 1
15166 3
15168 3
15171 1
15173 1
15174 2
15175 1
15176 2
15180 1
15182 1
15183 2
15184 1
15185 2
15189 2
15190 1
15191 2
15192 1
15194 1
15197 1
15198 1
15201 1
15202 1
15206 1
15208 2
15209 1
15210 1
15211 1
15215 2
15217 1
15220 1
15224 2
15225 2
15226 1
15227 1
15232 1
15233 2
15234 1
15237 1
15239 3
15241 1
15243 1
15245 1
15246 3
15248 1
15250 1
15251 2
15252 1
15253 2
15255 2
15258 1
15260 1
15262 2
15263 1
15265 1
15267 2
15268 1
15269 1
15270 2
15272 1
15274 3
15276 1
15278 1
15279 3
15281 2
15285 1
15286 1
15287 1
15288 1
15292 1
15293 1
15294 1
15296 1
15297 1
15302 2
15303 1
15309 2
15310 1
15311 1
15312 1
15316 2
15317 2
15318 1
15320 1
15322 1
15323 2
15325 2
15329 1
15330 1
15331 1
15333 2
15337 1
15338 2
15339 1
15342 1
15346 1
15349 1
15351 1
15354 1
15355 1
15356 1
15359 2
15363 2
15364 1
15365 1
15367 1
15368 1
15369 1
15371 1
15373 2
15377 2
15378 1
15379 2
15380 1
15381 1
15383 1
15386 2
15387 1
15391 2
15392 1
15394 1
15396 1
15400 1
15402 2
15403 1
15404 1
15405 1
15409 1
15421 1
15422 3
15423 1
15426 1
15427 1
15428 1
15429 1
15431 1
15435 1
15436 2
15438 1
15442 1
15443 1
15444 1
15446 2
15448 1
15451 1
15453 1
15457 2
15462 1
15463 1
15464 1
15467 1
15471 1
15476 2
15477 1
15478 2
15483 1
15485 1
15488 2
15490 1
15491 1
15494 2
15495 1
15497 1
15499 3
15500 1
15503 2
15505 1
15507 2
15508 1
15509 2
15511 1
15513 1
15515 1
15517 1
15518 1
15520 1
15522 1
15523 1
15528 1
15530 4
15531 2
15540 2
15545 2
15548 1
15549 1
15554 1
15556 1
15557 1
15559 2
15561 1
15562 2
15563 1
15564 1
15566 1
15570 2
15571 1
15572 1
15575 2
15576 1
15578 1
15580 1
15581 1
15582 1
15584 1
15587 3
15589 1
15590 1
15593 1
15596 1
15598 1
15599 1
15601 1
15604 1
15605 1
15606 1
15607 1
15611 1
15616 2
15618 1
15620 2
15623 1
15624 1
15629 4
15631 1
15632 1
15633 1
15635 2
15639 1
15641 1
15643 2
15644 1
15649 1
15651 1
15653 2
15655 1
15657 1
15659 1
15660 1
15662 1
15664 1
15666 2
15667 1
15670 1
15671 1
15672 1
15674 2
15675 2
15676 1
15677 1
15680 2
15683 3
15685 2
15686 1
15688 1
15689 1
15690 1
15691 1
15692 2
15694 1
15696 1
15697 1
15699 2
15700 3
15704 1
15706 3
15713 1
15714 1
15715 2
15716 1
15720 1
15723 1
15724 1
15728 1
15729 1
15730 1
15731 1
15734 1
15736 1
15737 2
15740 1
15741 1
15742 2
15743 1
15744 1
15746 1
15750 1
15751 1
15754 1
15756 1
15758 1
15760 3
15761 1
15763 1
15765 1
15767 1
15768 1
15769 1
15770 2
15772 2
15776 1
15777 2
15779 2
15782 1
15783 2
15784 2
15785 1
15788 1
15791 2
15793 1
15796 2
15798 1
15800 2
15801 1
15802 1
15803 1
15805 1
15807 2
15808 1
15811 1
15812 1
15814 2
15816 1
15817 1
15818 1
15819 1
15820 1
15824 1
15825 1
15826 1
15827 1
15828 1
15829 1
15831 1
15834 1
15836 1
15837 1
15840 3
15842 2
15844 1
15846 1
15848 1
15849 1
15850 1
15853 1
15854 1
15856 1
15857 2
15859 1
15863 1
15864 1
15866 1
15868 2
15869 1
15871 1
15872 1
15875 1
15877 1
15880 1
15882 3
15883 1
15885 1
15889 1
15890 1
15891 1
15894 1
15896 2
15899 2
15900 1
15901 1
15903 1
15911 1
15912 1
15913 1
15917 2
15919 2
15920 1
15924 1
15925 1
15926 1
15927 1
15929 1
15931 1
15933 1
15936 2
15937 1
15942 1
15943 1
15944 1
15945 1
15948 1
15952 1
15953 2
15955 1
15957 1
15961 1
15962 1
15966 1
15967 1
15969 1
15970 1
15974 1
15976 1
15979 1
15981 1
15983 2
15986 1
15988 2
15990 2
15992 1
15993 1
15996 1
15997 2
15998 1
15999 1
16003 1
16004 1
16009 1
16011 1
16012 1
16013 1
16014 1
16016 1
16020 1
16022 1
16023 1
16025 1
16028 1
16029 1
16030 1
16037 2
16038 1
16039 1
16040 1
16043 1
16045 1
16049 1
16051 1
16053 1
16054 1
16055 1
16057 1
16060 1
16061 1
16066 1
16068 1
16070 1
16071 1
16077 1
16078 1
16085 1
16095 1
16096 3
16097 3
16099 1
16101 1
16102 1
16109 1
16110 1
16111 1
16114 1
16116 1
16119 1
16120 2
16122 1
16124 1
16127 1
16128 1
16133 2
16137 1
16138 1
16141 1
16142 2
16150 2
16151 1
16156 2
16157 1
16164 1
16165 1
16166 1
16168 1
16169 1
16173 1
16174 1
16175 1
16177 1
16179 1
16181 4
16183 2
16185 1
16189 1
16190 1
16191 1
16194 1
16195 2
16197 1
16204 2
16205 1
16206 1
16209 1
16212 1
16214 1
16222 1
16223 1
16225 2
16227 1
16231 1
16232 1
16236 2
16237 1
16238 1
16239 1
16240 1
16241 1
16246 2
16251 1
16252 1
16255 1
16256 1
16258 1
16261 1
16265 1
16267 1
16270 1
16273 1
16275 1
16280 1
16281 1
16282 3
16286 1
16287 1
16289 1
16290 1
16294 4
16296 2
16298 2
16303 2
16305 1
16307 1
16308 1
16309 2
16310 2
16315 1
16317 3
16318 1
16322 1
16323 1
16327 1
16329 1
16331 1
16333 1
16334 1
16335 1
16340 2
16343 1
16344 1
16348 1
16349 1
16351 2
16354 1
16357 3
16362 1
16363 1
16364 1
16366 2
16370 1
16371 1
16374 1
16377 1
16378 1
16380 2
16386 1
16388 1
16390 1
16392 1
16393 1
16394 2
16397 1
16402 1
16403 1
16408 2
16409 1
16410 1
16411 1
16414 1
16415 1
16417 1
16418 1
16420 1
16422 3
16427 2
16428 1
16434 4
16435 1
16436 2
16441 1
16443 1
16448 1
16450 1
16451 1
16453 1
16457 2
16458 1
16459 1
16462 1
16467 1
16469 1
16470 1
16474 1
16477 1
16479 2
16483 1
16484 1
16488 1
16491 1
16492 1
16493 2
16494 1
16498 1
16502 1
16505 1
16507 1
16511 1
16514 2
16516 1
16518 1
16519 1
16520 1
16523 1
16528 1
16530 1
16531 1
16533 1
16535 1
16537 1
16538 1
16540 2
16542 1
16546 1
16549 2
16551 1
16554 1
16559 1
16562 2
16563 1
16564 2
16568 1
16575 1
16577 1
16585 1
16587 1
16593 1
16594 1
16595 1
16599 1
16603 1
16604 1
16607 1
16610 1
16611 1
16617 1
16618 1
16619 1
16623 1
16624 1
16627 1
16631 1
16633 1
16637 1
16645 1
16647 1
16648 2
16651 1
16654 1
16655 1
16659 1
16660 1
16664 1
16670 1
16671 1
16672 1
16677 1
16680 1
16681 1
16688 1
16690 2
16694 1
16703 2
16704 1
16708 1
16711 1
16714 1
16716 1
16717 1
16721 1
16723 1
16725 1
16727 1
16729 1
16730 1
16731 1
16734 1
16735 1
16740 1
16744 1
16747 1
16751 1
16756 1
16761 1
16765 1
16770 1
16771 2
16777 1
16785 1
16788 1
16791 1
16792 1
16796 1
16798 1
16799 1
16801 1
16807 1
16808 1
16813 2
16815 1
16822 1
16824 2
16825 1
16827 1
16830 1
16831 1
16832 1
16834 2
16836 1
16842 1
16843 1
16848 2
16849 1
16855 4
16856 1
16857 2
16861 1
16866 1
16869 1
16871 1
16875 2
16879 1
16884 2
16888 1
16897 1
16900 1
16901 2
16903 1
16905 1
16906 1
16909 1
16911 1
16912 1
16914 1
16918 1
16920 1
16923 1
16925 1
16926 1
16932 2
16937 1
16941 1
16945 1
16948 1
16953 1
16954 1
16955 1
16960 3
16962 1
16964 1
16967 1
16968 2
16974 2
16976 1
16982 1
16983 2
16984 1
16988 1
16989 1
16997 1
17005 1
17008 1
17009 1
17010 2
17014 1
17017 1
17019 1
17022 1
17024 2
17025 1
17028 1
17029 1
17031 2
17037 1
17038 1
17040 2
17044 1
17045 2
17051 1
17052 1
17054 2
17059 1
17060 1
17066 1
17068 2
17075 1
17076 1
17077 1
17085 2
17092 1
17094 1
17095 1
17101 1
17102 2
17108 2
17109 1
17114 1
17121 1
17122 1
17125 1
17130 1
17136 1
17143 1
17145 1
17150 2
17151 1
17157 1
17159 1
17162 1
17164 1
17165 1
17168 1
17169 1
17171 1
17173 1
17179 1
17181 1
17185 1
17192 1
17194 1
17197 1
17205 1
17207 1
17212 1
17214 1
17216 1
17220 1
17221 2
17225 1
17238 1
17242 1
17249 1
17251 1
17256 1
17261 1
17269 1
17270 1
17277 1
17280 1
17282 1
17290 1
17291 1
17296 1
17297 1
17311 1
17317 1
17321 1
17322 2
17323 1
17325 1
17337 1
17345 1
17346 1
17347 1
17351 1
17353 1
17354 1
17362 1
17364 1
17365 1
17374 1
17382 1
17388 1
17395 1
17396 1
17397 1
17401 1
17403 1
17409 1
17418 1
17421 1
17427 1
17435 1
17436 1
17445 2
17449 1
17451 1
17458 2
17462 1
17463 1
17465 1
17466 1
17467 1
17472 1
17475 1
17477 1
17481 1
17491 1
17493 1
17498 1
17499 1
17500 1
17506 1
17508 2
17514 1
17516 1
17520 1
17522 1
17523 1
17529 2
17534 1
17535 1
17543 1
17549 1
17550 2
17562 1
17566 1
17571 2
17575 1
17576 1
17577 1
17580 1
17583 1
17585 1
17590 1
17592 1
17594 1
17600 1
17603 1
17606 1
17611 1
17612 1
17617 1
17619 1
17621 1
17634 2
17642 2
17648 2
17654 1
17656 1
17660 1
17662 1
17674 1
17676 1
17682 1
17683 1
17688 2
17690 1
17691 1
17695 1
17696 1
17702 1
17703 1
17705 1
17711 2
17718 1
17719 1
17725 1
17734 1
17740 1
17742 1
17747 2
17752 1
17759 1
17761 1
17766 1
17768 1
17773 1
17775 1
17782 2
17787 1
17788 1
17808 1
17817 1
17830 1
17832 1
17836 1
17843 1
17845 1
17853 1
17863 1
17871 1
17879 1
17886 1
17887 2
17888 1
17889 1
17912 1
17916 1
17943 1
17948 1
17949 1
17956 1
17958 1
17973 1
17984 1
17991 1
17996 1
17997 1
18008 1
18015 1
18017 1
18019 1
18028 1
18029 1
18038 1
18039 1
18048 1
18060 1
18065 1
18069 1
18075 1
18081 1
18083 1
18086 1
18092 1
18095 1
18101 1
18102 1
18109 1
18110 1
18123 1
18124 1
18132 1
18140 1
18143 1
18149 1
18169 1
18173 1
18174 1
18180 1
18182 1
18186 1
18188 1
18191 1
18194 1
18200 2
18205 1
18209 1
18214 1
18223 1
18226 1
18228 1
18236 1
18245 1
18249 1
18250 1
18251 1
18257 1
18262 1
18266 1
18278 1
18280 1
18285 1
18299 1
18308 2
18328 1
18334 1
18345 1
18354 1
18362 1
18369 1
18370 1
18376 1
18377 1
18379 1
18385 1
18402 1
18439 1
18447 1
18475 1
18482 1
18506 1
18510 1
18517 1
18519 1
18545 1
18563 1
18590 1
18605 1
18615 1
18621 1
18622 1
18647 1
18671 1
18676 1
18689 1
18695 1
18703 1
18726 1
18743 1
18749 1
18752 1
18760 1
18766 1
18775 1
18776 1
18797 1
18802 1
18806 1
18816 1
18823 1
18843 1
18860 1
18868 1
18871 1
18900 1
18902 1
18928 1
18942 1
18973 1
19008 1
19013 1
19036 1
19043 1
19113 1
19157 1
19237 1
19241 1
19264 1
19321 1
19333 1
19342 1
19354 1
19363 1
19369 1
19417 1
19426 1
19434 1
19468 1
19494 1
19530 1
19534 1
19539 1
19574 1
19670 1
19679 1
19831 1
19915 1
20020 1
20028 1
20091 1
20100 1
20168 1
20196 1
20589 1
20694 1
End
