NMec = 95584
T = 14
P = 1
Profits not ignored
Valid tasks:                                                              504
Solution time = 2.531e-05
Task data
   17  33  1538 -1
   22  39  1902 0
   31  58  2907 -1
   33  53  1599 -1
   39  50   670 -1
   40  46   780 -1
   40  61  2693 0
   52  59  1345 -1
   74  97  1868 -1
   76  79   884 0
   81 106  5968 0
   86  96  1503 -1
  103 116  1287 -1
  119 127  1641 0
Best profit: 13088
All profits:
0 1
670 1
780 1
884 1
1287 1
1345 1
1503 1
1538 1
1554 1
1599 1
1641 1
1664 1
1868 1
1902 1
1957 1
2015 1
2067 1
2125 1
2171 1
2173 1
2208 1
2229 1
2283 1
2311 1
2318 1
2387 1
2421 1
2422 1
2483 1
2525 1
2538 1
2632 1
2648 1
2682 1
2693 1
2786 1
2790 1
2825 1
2841 1
2848 1
2883 1
2886 1
2899 1
2907 1
2928 1
2951 1
2986 1
3009 1
3041 1
3057 1
3092 1
3102 1
3144 1
3155 1
3167 1
3179 1
3189 1
3195 1
3202 1
3213 1
3240 1
3247 1
3302 1
3305 1
3405 1
3406 1
3412 1
3460 1
3467 1
3495 1
3509 1
3516 1
3518 1
3543 1
3553 1
3566 1
3570 1
3577 1
3598 1
3605 1
3628 1
3656 1
3663 1
3674 1
3708 1
3709 1
3711 1
3732 1
3766 1
3767 1
3770 2
3791 1
3812 1
3814 1
3821 1
3825 1
3849 1
3870 1
3883 1
3924 1
3925 1
3935 1
3959 1
3969 1
3980 1
3986 1
3993 1
4027 1
4028 1
4063 1
4073 1
4076 1
4124 1
4131 1
4135 1
4170 1
4179 1
4185 1
4186 2
4194 1
4196 1
4231 1
4273 1
4289 2
4296 1
4323 1
4328 1
4334 1
4344 1
4379 1
4386 1
4389 1
4402 1
4410 1
4427 1
4431 1
4437 1
4454 1
4466 1
4482 1
4489 2
4500 1
4512 1
4524 1
4527 1
4534 1
4540 1
4547 1
4548 1
4550 1
4561 1
4592 1
4595 2
4650 1
4682 1
4692 1
4693 1
4698 1
4705 1
4733 1
4743 1
4750 1
4751 1
4754 1
4775 1
4796 1
4805 1
4808 1
4830 1
4840 1
4843 1
4853 1
4854 1
4864 1
4888 1
4911 1
4915 1
4943 1
4950 1
4998 1
5019 1
5046 1
5047 1
5053 1
5054 1
5056 1
5057 1
5069 1
5078 1
5080 1
5101 1
5108 2
5115 2
5136 1
5157 1
5159 1
5166 1
5170 1
5194 1
5207 1
5211 1
5212 1
5218 1
5246 1
5269 1
5270 1
5273 1
5280 1
5294 1
5304 1
5314 1
5315 1
5350 1
5352 1
5363 1
5373 1
5408 1
5411 2
5418 1
5421 1
5432 1
5462 1
5466 1
5472 1
5473 1
5479 1
5483 1
5518 1
5524 1
5530 1
5531 1
5566 1
5576 2
5610 1
5621 1
5627 1
5634 2
5668 1
5673 1
5689 1
5697 1
5714 1
5717 1
5724 1
5734 1
5772 1
5776 1
5799 1
5811 1
5826 1
5827 2
5834 1
5835 1
5837 2
5848 1
5872 1
5882 2
5895 1
5930 1
5937 1
5940 1
5968 1
5969 1
5985 1
5992 1
6020 1
6027 1
6030 1
6037 1
6038 1
6043 1
6050 1
6051 1
6062 1
6078 1
6095 1
6098 1
6099 1
6130 1
6141 1
6153 1
6175 1
6188 1
6191 1
6198 1
6202 1
6236 2
6333 1
6334 1
6343 1
6346 1
6356 1
6367 1
6391 1
6392 1
6395 1
6402 2
6414 1
6416 1
6446 1
6453 1
6463 1
6481 1
6494 1
6505 1
6552 1
6556 1
6557 1
6581 1
6591 1
6618 1
6638 1
6639 1
6660 1
6695 1
6697 1
6698 1
6708 1
6710 1
6719 1
6721 1
6748 1
6749 1
6756 2
6766 1
6807 1
6811 1
6817 1
6818 1
6852 1
6853 1
6911 1
6914 1
6921 2
6935 1
6955 1
6982 1
7004 1
7021 1
7059 1
7062 1
7113 1
7114 1
7120 1
7124 1
7159 1
7171 1
7172 1
7182 1
7217 1
7227 1
7275 1
7313 1
7314 1
7330 1
7337 1
7338 1
7365 1
7375 1
7385 1
7386 1
7440 1
7475 1
7478 1
7489 1
7506 1
7522 1
7523 2
7536 1
7567 1
7581 1
7609 1
7632 1
7633 1
7678 1
7679 1
7691 1
7701 1
7703 1
7739 1
7740 1
7750 1
7839 1
7870 1
7905 1
7983 1
7984 1
7997 1
8008 1
8043 2
8055 1
8093 1
8094 1
8104 1
8176 1
8197 1
8198 1
8222 1
8259 1
8269 1
8279 1
8286 1
8349 1
8389 1
8390 1
8407 1
8451 1
8458 1
8459 1
8493 1
8562 1
8623 1
8650 1
8661 1
8662 1
8754 1
8823 1
8851 1
8867 1
8868 1
8875 1
8954 1
8977 1
8978 1
9026 1
9027 1
9060 1
9147 1
9163 1
9170 1
9208 1
9215 1
9273 1
9342 1
9391 1
9511 1
9521 1
9534 1
9545 1
9546 1
9624 1
9631 1
9734 1
9735 1
9759 1
9817 1
9838 1
9910 1
9927 1
9995 1
10031 1
10092 1
10099 1
10199 1
10291 1
10302 1
10395 1
10405 1
10492 1
10508 1
10515 1
10516 1
10563 1
10618 1
10701 1
10811 1
10856 1
10879 1
11083 1
11162 1
11175 1
11186 1
11272 1
11376 1
11400 1
11447 1
11636 1
11740 1
11840 1
12046 1
12156 1
12204 1
12520 1
12724 1
13088 1
End
