NMec = 95584
T = 14
P = 5
Profits not ignored
Valid tasks:                                                             5756
Solution time = 1.494e-04
Task data
    0  24  3060 0
    1  26  3551 1
    2  13  1268 2
    3  26  1339 -1
    4  28  5739 3
    5  25  1900 -1
    7  12  1325 4
    8  26  1479 -1
    9  23  1142 -1
   11  21  2005 -1
   13  27  2520 4
   15  21   728 -1
   16  21   552 -1
   18  28  1226 2
Best profit: 18689
All profits:
0 1
552 1
728 1
1142 1
1226 1
1268 1
1280 1
1325 1
1339 1
1479 1
1694 1
1778 1
1820 1
1870 1
1877 1
1891 1
1900 1
1954 1
1996 1
2005 1
2031 1
2053 1
2067 1
2207 1
2368 1
2410 1
2422 1
2452 1
2467 1
2481 1
2494 1
2506 1
2520 1
2548 1
2551 1
2557 1
2565 1
2593 1
2605 1
2607 1
2619 1
2621 1
2628 1
2664 1
2705 1
2733 1
2747 1
2759 1
2804 1
2818 1
2920 1
2962 1
3019 1
3033 1
3042 1
3046 1
3060 1
3072 1
3096 1
3103 1
3117 1
3126 1
3138 1
3145 1
3147 1
3159 1
3168 1
3173 1
3180 1
3195 1
3209 1
3216 1
3222 1
3225 1
3231 1
3239 1
3248 1
3257 1
3273 1
3279 1
3285 1
3293 1
3299 1
3321 1
3330 1
3335 1
3344 1
3349 1
3356 1
3370 1
3379 1
3392 1
3433 1
3475 1
3484 1
3532 1
3546 1
3551 1
3594 1
3612 1
3636 1
3648 1
3662 1
3678 1
3690 1
3693 1
3699 1
3707 1
3720 1
3735 1
3746 1
3747 1
3749 1
3761 1
3770 1
3774 1
3777 1
3783 1
3788 2
3791 1
3800 1
3806 1
3819 1
3825 1
3831 1
3833 1
3845 2
3847 1
3854 1
3859 1
3873 1
3875 1
3882 1
3887 1
3889 1
3890 1
3896 2
3901 1
3905 1
3931 1
3932 1
3944 1
3946 1
3953 1
3959 1
3960 1
3967 1
3973 1
3985 1
3999 1
4001 1
4027 1
4030 1
4036 1
4044 1
4058 1
4072 2
4084 1
4086 1
4098 1
4103 1
4107 1
4143 1
4188 1
4202 1
4212 1
4214 1
4245 1
4259 1
4268 1
4279 1
4286 1
4287 1
4298 1
4301 1
4310 1
4322 1
4328 1
4340 2
4358 1
4364 1
4367 1
4371 1
4373 1
4381 1
4385 2
4390 1
4394 1
4397 1
4399 2
4406 1
4411 1
4415 1
4420 1
4421 1
4427 1
4435 1
4441 1
4442 1
4448 1
4451 1
4457 1
4463 1
4465 1
4472 1
4474 1
4477 1
4484 1
4486 1
4493 1
4498 1
4499 1
4505 1
4507 1
4511 1
4512 1
4516 1
4519 1
4521 1
4525 2
4534 1
4539 1
4547 1
4551 1
4553 1
4556 1
4561 1
4564 1
4570 1
4573 1
4575 1
4582 1
4587 1
4596 1
4598 1
4605 1
4610 1
4612 1
4617 1
4618 1
4624 2
4626 1
4633 1
4638 1
4647 1
4659 1
4660 1
4669 1
4674 1
4688 1
4693 1
4695 1
4701 1
4704 1
4710 1
4718 1
4727 1
4752 1
4754 1
4758 1
4764 1
4772 1
4777 1
4800 1
4809 1
4814 1
4819 1
4820 1
4823 1
4831 1
4838 1
4862 1
4871 1
4876 1
4880 1
4888 1
4890 1
4916 1
4919 1
4925 1
4930 2
4933 1
4937 1
4942 1
4946 1
4951 1
4960 1
4961 1
4967 1
4972 1
4973 1
4975 1
4987 2
4996 1
5001 1
5003 1
5014 2
5015 1
5017 1
5024 1
5026 1
5029 1
5030 1
5032 1
5038 2
5045 1
5047 1
5051 1
5056 1
5059 1
5065 1
5068 1
5071 1
5073 1
5074 1
5077 1
5085 1
5086 1
5091 1
5095 1
5099 1
5101 1
5108 1
5109 1
5113 3
5115 1
5116 1
5122 2
5125 1
5127 3
5131 1
5139 1
5141 1
5143 1
5148 1
5150 1
5157 1
5158 1
5164 1
5169 1
5170 1
5172 1
5173 1
5178 1
5179 1
5184 1
5185 1
5186 1
5193 1
5199 1
5200 1
5212 1
5214 2
5221 2
5225 1
5226 1
5227 1
5228 1
5230 1
5235 1
5240 1
5244 1
5245 1
5249 1
5253 2
5256 1
5262 1
5267 2
5270 1
5279 1
5284 1
5285 1
5292 1
5298 2
5304 1
5310 1
5312 1
5324 2
5326 1
5329 1
5333 1
5338 1
5340 1
5352 1
5354 1
5361 1
5366 1
5369 1
5371 1
5375 2
5384 1
5397 1
5411 1
5421 1
5423 1
5428 2
5432 1
5438 1
5440 1
5442 1
5446 1
5451 1
5470 1
5480 1
5482 2
5505 1
5512 1
5513 1
5527 2
5536 1
5537 1
5539 1
5541 1
5547 1
5548 1
5551 1
5553 1
5554 1
5556 1
5562 1
5566 2
5580 1
5582 1
5584 1
5590 1
5593 1
5599 1
5604 1
5607 1
5608 1
5611 1
5616 1
5617 1
5618 1
5623 1
5625 1
5626 1
5635 1
5637 1
5641 1
5646 1
5647 1
5649 1
5653 2
5658 1
5661 1
5665 2
5667 3
5674 1
5679 2
5681 1
5683 1
5688 2
5689 1
5693 1
5695 1
5698 1
5700 1
5703 1
5706 1
5710 1
5712 1
5715 1
5719 1
5724 2
5725 1
5729 1
5731 1
5733 1
5736 1
5738 1
5739 1
5740 1
5742 1
5745 2
5747 1
5751 1
5752 1
5754 1
5758 1
5759 1
5760 1
5765 1
5766 2
5773 1
5775 1
5777 1
5779 1
5780 1
5782 1
5787 1
5789 1
5790 1
5793 2
5796 1
5799 1
5801 1
5802 1
5805 1
5807 1
5811 1
5813 1
5819 2
5824 1
5832 1
5836 1
5837 1
5838 1
5841 1
5843 1
5844 1
5846 1
5850 3
5852 1
5855 1
5859 1
5860 1
5864 3
5869 1
5873 1
5876 1
5878 2
5885 1
5886 1
5890 1
5892 1
5894 1
5895 1
5899 1
5900 1
5901 1
5906 1
5912 1
5914 1
5919 1
5921 1
5927 1
5930 1
5936 1
5937 1
5942 1
5944 1
5949 1
5951 1
5953 1
5956 1
5958 1
5961 1
5963 1
5965 1
5972 2
5973 1
5978 1
5980 1
5984 1
5986 1
5990 1
5995 1
5998 1
6003 1
6004 1
6013 1
6018 1
6022 1
6026 1
6032 2
6035 1
6040 1
6043 1
6045 1
6049 1
6052 1
6057 1
6066 1
6071 1
6077 1
6079 1
6088 1
6089 1
6091 1
6093 1
6097 1
6099 1
6102 2
6103 1
6106 1
6108 1
6112 1
6114 1
6116 1
6132 1
6139 1
6144 1
6145 1
6148 1
6156 3
6158 1
6159 1
6163 1
6168 1
6170 1
6172 1
6177 1
6179 1
6186 1
6187 1
6193 1
6198 2
6201 1
6205 1
6207 1
6210 1
6213 1
6215 1
6219 2
6227 1
6228 1
6233 1
6240 2
6241 1
6250 1
6255 3
6256 1
6258 1
6264 2
6267 1
6269 2
6271 1
6273 1
6276 1
6281 1
6282 1
6284 1
6285 2
6290 1
6291 2
6292 1
6294 1
6297 1
6298 1
6299 2
6300 1
6303 1
6306 1
6308 1
6310 1
6311 1
6312 1
6315 1
6317 1
6321 1
6326 1
6327 1
6333 1
6335 1
6339 2
6341 1
6342 1
6345 2
6351 1
6353 2
6354 1
6355 1
6359 1
6363 2
6365 1
6367 1
6369 2
6372 1
6374 1
6376 1
6377 1
6381 1
6384 1
6386 1
6390 2
6393 1
6395 3
6398 1
6399 1
6402 1
6404 2
6407 1
6409 2
6410 1
6411 1
6412 1
6416 3
6421 1
6425 2
6426 1
6430 1
6434 1
6438 1
6439 1
6440 2
6446 1
6447 2
6451 1
6452 3
6453 1
6454 1
6456 1
6461 1
6464 1
6466 1
6467 1
6468 1
6470 1
6471 1
6473 1
6475 1
6479 1
6480 1
6482 2
6487 1
6489 1
6493 2
6494 1
6496 1
6498 1
6503 1
6505 1
6508 1
6510 1
6511 1
6512 1
6513 1
6517 2
6518 1
6521 1
6524 2
6526 1
6530 1
6535 1
6538 1
6539 1
6544 1
6547 1
6550 1
6552 1
6553 1
6556 1
6560 1
6564 1
6565 1
6566 1
6569 1
6570 1
6574 1
6578 2
6580 1
6584 1
6587 1
6588 1
6592 4
6593 1
6595 1
6597 1
6601 2
6604 1
6606 2
6610 1
6611 1
6618 1
6622 1
6623 2
6627 1
6629 1
6637 1
6643 1
6647 1
6649 1
6652 1
6654 2
6658 1
6663 1
6664 1
6665 1
6668 1
6672 1
6677 1
6679 1
6689 1
6691 1
6693 1
6696 2
6698 1
6700 2
6706 1
6708 2
6709 1
6710 1
6714 1
6719 1
6722 1
6723 1
6724 1
6731 1
6732 1
6738 1
6746 1
6750 1
6753 1
6759 1
6760 1
6763 1
6765 1
6767 2
6771 1
6773 1
6776 1
6777 1
6779 1
6780 1
6782 1
6788 1
6790 1
6795 1
6799 1
6805 1
6806 1
6807 2
6808 1
6809 1
6816 1
6819 1
6821 2
6824 1
6825 1
6830 3
6834 1
6836 1
6837 1
6842 1
6843 1
6844 1
6848 1
6850 1
6851 1
6852 1
6860 1
6861 1
6866 1
6867 1
6872 1
6873 1
6875 1
6876 1
6878 1
6879 1
6881 2
6884 1
6885 1
6886 1
6887 1
6891 2
6893 2
6895 1
6900 1
6901 1
6905 3
6907 2
6914 2
6915 1
6919 2
6921 2
6924 1
6926 1
6929 1
6930 1
6932 1
6933 1
6935 2
6938 1
6941 1
6942 1
6943 1
6947 2
6949 1
6950 1
6951 1
6955 1
6956 2
6961 2
6962 1
6965 2
6966 1
6968 1
6971 1
6974 1
6977 1
6978 1
6980 1
6983 1
6984 1
6985 1
6986 1
6991 1
6992 3
6997 1
6999 1
7001 1
7004 2
7006 3
7007 1
7008 1
7013 3
7015 1
7018 1
7019 3
7020 2
7022 1
7025 1
7026 1
7027 2
7028 1
7031 1
7032 1
7033 1
7034 1
7035 1
7037 1
7039 1
7041 1
7043 1
7045 2
7050 1
7054 1
7058 1
7059 1
7061 1
7063 1
7064 2
7067 1
7069 1
7070 1
7072 1
7073 1
7076 1
7078 2
7079 1
7081 1
7083 1
7084 1
7086 1
7087 1
7090 2
7091 1
7095 1
7096 1
7097 1
7100 1
7102 1
7104 2
7105 1
7112 1
7114 2
7116 1
7118 3
7120 1
7121 1
7125 1
7126 1
7127 1
7128 1
7130 1
7132 3
7137 1
7138 1
7144 3
7145 1
7146 2
7153 2
7158 2
7162 1
7163 2
7167 2
7168 1
7174 1
7175 1
7177 1
7179 1
7180 1
7182 1
7184 1
7185 1
7187 1
7189 2
7191 1
7194 1
7198 2
7199 1
7203 1
7204 1
7208 1
7210 1
7212 1
7213 1
7215 1
7217 1
7218 1
7219 1
7221 1
7224 1
7226 1
7229 1
7230 1
7231 1
7233 1
7238 1
7239 1
7240 1
7241 1
7244 1
7248 1
7250 1
7252 1
7254 1
7258 2
7261 1
7266 1
7269 1
7271 1
7272 2
7274 1
7275 1
7278 1
7281 1
7284 1
7286 1
7290 1
7292 1
7297 2
7298 1
7300 1
7303 1
7305 1
7311 1
7312 1
7315 1
7317 1
7319 1
7320 1
7321 1
7323 1
7325 1
7328 2
7329 1
7334 2
7338 1
7339 2
7340 1
7342 1
7343 1
7347 1
7351 1
7357 2
7358 1
7361 1
7365 1
7370 2
7371 1
7374 1
7376 1
7380 1
7382 3
7384 1
7391 1
7396 2
7398 1
7400 1
7405 1
7410 1
7413 1
7416 1
7418 1
7424 2
7426 1
7427 2
7428 1
7431 1
7433 3
7436 1
7437 1
7438 1
7439 1
7440 1
7441 2
7445 2
7447 2
7450 1
7451 1
7452 1
7453 1
7454 1
7456 1
7457 1
7459 1
7466 2
7471 1
7475 1
7480 1
7481 2
7482 1
7483 1
7484 1
7487 2
7493 1
7495 3
7497 1
7501 1
7502 1
7504 1
7508 1
7510 1
7511 2
7516 1
7517 2
7518 2
7523 2
7524 1
7525 1
7526 1
7532 2
7534 1
7535 1
7536 1
7537 2
7541 1
7544 2
7546 1
7549 1
7550 1
7552 2
7553 1
7558 3
7559 2
7565 2
7567 3
7571 2
7572 1
7576 1
7578 1
7579 2
7580 1
7581 2
7585 2
7587 1
7589 2
7593 1
7594 2
7595 2
7598 1
7603 1
7606 1
7607 1
7609 2
7610 1
7611 1
7612 1
7613 1
7615 1
7616 2
7619 1
7621 2
7623 2
7624 2
7628 1
7629 1
7630 2
7631 1
7633 2
7635 3
7636 1
7637 1
7639 1
7640 1
7642 3
7647 1
7649 1
7651 1
7652 1
7654 1
7656 1
7658 2
7660 1
7663 1
7665 1
7666 1
7670 2
7672 2
7677 2
7678 2
7679 1
7680 1
7684 3
7686 1
7689 1
7690 1
7692 1
7693 3
7694 2
7698 2
7699 1
7702 1
7705 1
7706 1
7707 1
7708 1
7711 1
7713 1
7715 1
7719 2
7720 3
7724 1
7729 2
7732 1
7734 3
7735 1
7736 1
7737 1
7738 1
7739 1
7741 2
7743 1
7744 1
7746 1
7747 1
7748 2
7750 2
7752 1
7753 1
7755 2
7761 1
7763 1
7764 3
7765 2
7769 1
7770 2
7771 1
7773 1
7776 1
7778 2
7779 1
7782 1
7785 1
7786 1
7787 1
7790 1
7792 2
7794 1
7795 1
7796 1
7800 1
7804 1
7805 1
7806 1
7807 1
7810 1
7812 2
7818 3
7819 1
7821 1
7824 2
7830 1
7832 2
7833 1
7837 2
7838 1
7842 2
7846 1
7848 1
7849 2
7851 1
7852 1
7853 1
7855 1
7856 1
7860 2
7861 1
7863 1
7865 1
7869 2
7872 1
7873 1
7874 2
7878 1
7879 1
7880 1
7881 1
7883 1
7886 1
7889 1
7891 3
7895 2
7904 1
7905 1
7909 1
7913 1
7915 1
7917 2
7918 1
7922 2
7924 1
7926 2
7931 2
7932 2
7935 1
7936 2
7940 1
7941 1
7943 1
7945 1
7946 1
7947 1
7948 2
7949 1
7950 2
7952 1
7957 1
7958 1
7961 1
7962 1
7966 2
7968 1
7971 1
7972 1
7976 1
7977 1
7978 1
7979 1
7985 1
7986 1
7989 1
7990 1
7991 1
7992 1
7993 2
7997 1
7999 1
8000 1
8002 2
8006 1
8008 1
8014 1
8016 1
8018 1
8021 1
8023 1
8025 1
8027 1
8028 1
8031 1
8032 1
8033 2
8035 2
8037 1
8039 1
8044 1
8045 1
8047 2
8048 1
8049 1
8050 1
8056 3
8057 1
8058 1
8061 1
8062 1
8063 2
8067 1
8070 1
8071 1
8072 1
8074 1
8075 1
8076 2
8077 1
8084 1
8085 1
8086 1
8089 1
8090 1
8092 1
8093 1
8098 3
8102 2
8104 2
8105 1
8107 3
8110 1
8111 1
8112 1
8113 1
8115 1
8119 2
8121 1
8124 1
8126 1
8127 1
8128 1
8131 1
8133 2
8134 1
8137 1
8138 1
8141 1
8144 1
8145 1
8146 2
8147 1
8149 2
8150 1
8155 2
8156 1
8159 1
8161 4
8163 1
8167 1
8168 2
8169 3
8173 2
8175 3
8176 1
8177 1
8182 2
8184 1
8185 1
8187 2
8189 1
8191 2
8192 1
8194 1
8198 1
8199 1
8200 1
8201 1
8203 2
8206 2
8208 1
8209 1
8210 2
8211 1
8215 1
8217 1
8218 2
8220 2
8223 1
8224 1
8225 1
8226 1
8229 1
8230 2
8232 2
8233 2
8238 1
8239 3
8244 2
8245 3
8246 3
8251 1
8252 1
8253 2
8254 1
8255 1
8259 2
8260 2
8261 1
8263 1
8267 1
8269 2
8272 2
8274 3
8276 1
8278 1
8280 1
8281 2
8285 1
8286 2
8287 2
8288 1
8290 3
8293 1
8295 2
8296 1
8299 1
8300 1
8302 1
8303 1
8304 2
8305 2
8307 1
8309 3
8310 1
8313 2
8315 1
8316 2
8322 2
8323 1
8326 1
8327 1
8330 1
8331 2
8332 1
8338 1
8339 1
8340 1
8344 3
8345 1
8346 2
8347 1
8351 1
8352 2
8354 1
8356 1
8357 1
8358 4
8359 1
8360 2
8363 1
8364 2
8365 1
8366 1
8367 1
8368 1
8370 2
8371 1
8372 2
8374 1
8379 1
8380 1
8382 1
8384 2
8386 1
8389 2
8393 2
8394 1
8398 2
8400 1
8403 2
8406 1
8411 1
8412 2
8413 1
8414 2
8415 1
8420 1
8421 2
8422 1
8426 1
8429 1
8430 1
8431 1
8435 2
8439 2
8441 1
8443 1
8444 2
8445 1
8447 1
8450 1
8452 1
8456 1
8457 2
8459 1
8462 1
8464 1
8466 1
8467 1
8469 1
8470 1
8471 2
8472 1
8476 2
8478 2
8481 2
8483 2
8484 1
8485 1
8486 1
8487 1
8488 1
8492 3
8493 1
8497 1
8498 3
8499 1
8500 1
8502 1
8504 1
8506 2
8507 1
8511 1
8512 1
8516 1
8518 1
8522 1
8523 2
8524 1
8526 1
8529 1
8533 1
8537 1
8538 1
8540 1
8542 1
8543 2
8546 1
8547 1
8552 2
8554 1
8555 1
8557 1
8560 1
8563 1
8565 3
8566 1
8568 1
8569 1
8573 1
8575 1
8577 1
8579 1
8580 1
8583 2
8587 1
8589 2
8591 1
8596 2
8597 2
8598 1
8599 1
8600 1
8602 1
8606 1
8607 1
8608 1
8609 1
8610 1
8611 2
8613 1
8616 1
8617 1
8619 1
8622 2
8624 1
8625 1
8626 1
8628 1
8632 1
8636 1
8637 1
8642 2
8644 1
8646 1
8650 2
8652 1
8653 1
8659 4
8660 1
8663 1
8664 3
8665 1
8666 1
8667 2
8668 1
8673 2
8676 2
8678 2
8682 1
8683 1
8686 1
8690 1
8692 1
8694 1
8695 1
8696 1
8697 1
8699 1
8701 3
8705 1
8706 1
8707 2
8708 1
8709 2
8713 1
8715 1
8718 1
8719 1
8720 1
8721 2
8723 1
8724 1
8725 1
8727 2
8729 1
8730 1
8734 1
8735 1
8736 1
8737 1
8739 1
8743 1
8744 1
8748 1
8749 1
8750 1
8751 1
8752 1
8753 1
8755 1
8758 2
8760 1
8761 1
8763 2
8765 2
8766 1
8770 2
8772 4
8775 1
8776 2
8777 1
8778 2
8779 2
8781 2
8784 2
8785 2
8786 1
8789 1
8791 2
8793 2
8795 1
8796 1
8799 1
8800 2
8802 1
8804 2
8805 2
8807 2
8811 2
8812 2
8813 1
8814 1
8818 2
8819 1
8820 2
8821 1
8826 2
8830 1
8833 1
8835 4
8836 1
8837 1
8839 1
8840 1
8841 1
8842 2
8843 1
8847 1
8849 3
8850 1
8853 1
8855 1
8856 2
8857 1
8859 1
8861 2
8862 2
8863 1
8865 2
8866 1
8871 1
8873 1
8874 1
8875 1
8877 2
8879 1
8880 1
8883 2
8884 3
8886 1
8889 2
8891 1
8892 3
8896 2
8897 2
8898 2
8901 1
8903 2
8904 2
8905 1
8906 2
8907 1
8910 3
8912 3
8915 1
8917 1
8918 1
8919 3
8920 3
8924 2
8926 2
8928 1
8929 1
8933 1
8934 1
8935 1
8936 1
8937 1
8938 1
8945 1
8946 2
8948 2
8950 1
8952 1
8954 2
8955 2
8958 1
8959 1
8960 2
8961 2
8962 1
8964 1
8966 1
8967 2
8970 1
8972 1
8973 1
8974 2
8976 1
8978 1
8979 1
8981 2
8983 1
8987 2
8988 1
8989 1
8990 2
8991 1
8996 2
8997 3
9002 3
9004 2
9009 2
9011 1
9012 1
9013 1
9014 1
9016 1
9018 3
9020 1
9021 1
9023 2
9024 1
9025 1
9030 1
9031 2
9032 4
9033 3
9037 1
9038 3
9044 2
9046 2
9050 1
9055 1
9058 1
9059 1
9060 1
9063 2
9064 2
9068 1
9069 1
9072 1
9073 2
9074 1
9077 1
9078 2
9080 1
9083 1
9086 2
9087 1
9088 2
9089 2
9090 1
9092 2
9094 1
9095 2
9098 1
9100 1
9102 1
9103 1
9104 1
9105 1
9107 1
9109 2
9112 1
9113 1
9115 1
9117 3
9118 1
9121 1
9126 1
9130 1
9131 2
9135 1
9137 1
9141 1
9142 1
9143 1
9144 1
9148 1
9149 2
9150 1
9151 1
9157 2
9158 1
9159 1
9162 1
9163 1
9167 1
9168 1
9172 3
9173 1
9174 2
9176 1
9177 1
9178 1
9185 1
9186 1
9188 1
9192 1
9194 1
9197 1
9198 1
9199 2
9200 1
9203 1
9204 1
9205 1
9208 1
9209 1
9211 1
9214 1
9216 3
9217 1
9218 3
9220 2
9223 1
9225 1
9226 1
9229 1
9230 2
9232 1
9234 2
9239 2
9240 1
9243 1
9244 1
9246 1
9247 1
9249 1
9251 1
9253 1
9254 1
9257 2
9258 1
9261 2
9263 1
9265 1
9266 1
9270 2
9271 1
9273 1
9274 1
9275 2
9276 1
9279 1
9280 1
9282 1
9283 1
9284 1
9285 1
9287 2
9290 1
9291 2
9293 1
9296 1
9298 1
9300 1
9301 1
9302 1
9303 1
9305 1
9310 2
9311 1
9315 1
9316 1
9317 1
9318 1
9324 2
9325 1
9326 1
9327 1
9328 1
9329 1
9330 1
9331 2
9333 3
9338 1
9339 1
9340 1
9341 1
9344 2
9345 1
9347 1
9350 2
9351 1
9352 1
9353 1
9354 1
9356 1
9357 1
9358 1
9360 1
9362 1
9363 1
9364 1
9366 1
9370 3
9371 1
9372 1
9375 3
9381 2
9383 1
9386 1
9387 3
9388 1
9389 1
9392 1
9394 1
9395 2
9396 1
9397 1
9399 1
9401 4
9402 1
9403 1
9405 1
9406 1
9410 1
9411 2
9413 1
9414 1
9415 3
9417 1
9418 1
9420 1
9423 2
9424 1
9427 2
9429 4
9432 2
9434 1
9435 1
9436 1
9437 2
9438 1
9441 1
9443 1
9444 2
9445 1
9446 3
9450 2
9451 1
9452 2
9453 1
9455 1
9458 1
9459 2
9462 1
9463 1
9467 1
9469 1
9470 1
9471 1
9472 1
9474 1
9476 2
9478 1
9481 1
9485 3
9486 3
9487 1
9488 2
9493 1
9494 2
9495 1
9498 1
9500 4
9502 1
9504 1
9506 1
9507 3
9509 2
9511 1
9512 2
9513 2
9514 2
9516 3
9519 1
9521 1
9522 1
9523 2
9524 1
9526 1
9527 2
9528 2
9529 1
9530 2
9531 1
9533 1
9535 2
9537 1
9539 2
9540 2
9542 2
9545 1
9546 1
9547 1
9548 1
9549 1
9553 1
9554 1
9555 1
9557 1
9558 2
9563 2
9564 2
9570 3
9571 1
9572 2
9573 1
9577 2
9578 2
9581 1
9583 1
9584 4
9586 3
9590 1
9591 1
9592 1
9593 1
9594 2
9598 2
9599 2
9600 1
9603 1
9607 1
9610 1
9612 2
9614 1
9615 1
9616 1
9617 1
9620 2
9621 1
9624 2
9625 1
9626 2
9628 2
9629 2
9630 1
9632 1
9634 2
9635 2
9638 2
9639 1
9640 3
9641 1
9642 1
9644 2
9647 2
9648 1
9652 2
9653 1
9655 1
9657 1
9661 1
9663 1
9664 1
9665 1
9666 1
9670 2
9671 1
9682 1
9683 4
9685 1
9687 1
9688 1
9689 1
9690 1
9692 1
9696 1
9697 2
9698 1
9699 2
9703 1
9704 1
9705 1
9706 1
9707 2
9709 1
9712 2
9714 1
9718 2
9723 1
9724 2
9725 1
9728 1
9732 1
9737 2
9738 2
9739 2
9740 1
9744 1
9746 1
9749 2
9751 1
9752 1
9755 1
9756 1
9758 1
9760 3
9761 1
9764 1
9766 2
9768 1
9769 2
9770 2
9772 1
9774 1
9775 1
9778 1
9779 1
9781 1
9783 2
9784 1
9789 1
9791 3
9792 2
9797 1
9801 2
9806 2
9809 1
9810 1
9811 2
9815 1
9817 1
9818 1
9820 2
9822 1
9823 3
9824 1
9825 2
9827 1
9831 2
9833 1
9836 2
9837 2
9841 1
9842 2
9843 1
9845 1
9846 1
9848 2
9850 1
9851 1
9854 1
9857 1
9859 1
9862 1
9865 1
9866 1
9867 1
9868 1
9872 1
9877 2
9879 1
9881 1
9882 1
9884 1
9885 1
9890 3
9892 1
9893 1
9894 1
9896 2
9900 1
9902 1
9904 2
9905 1
9910 1
9912 1
9914 2
9918 1
9920 1
9921 1
9923 1
9925 1
9927 3
9928 1
9931 1
9932 1
9933 1
9935 2
9936 2
9937 1
9938 1
9941 3
9944 2
9946 2
9947 1
9949 1
9950 1
9951 2
9953 3
9955 1
9957 1
9958 1
9960 2
9961 2
9965 1
9967 3
9974 1
9975 1
9976 2
9977 1
9981 1
9984 2
9985 1
9989 1
9990 1
9991 1
9992 1
9995 1
9997 1
9998 3
10001 1
10002 1
10003 2
10004 1
10005 1
10007 2
10011 1
10012 1
10015 1
10017 1
10018 1
10019 1
10021 2
10022 1
10024 1
10025 1
10026 2
10028 1
10030 1
10031 2
10033 2
10037 2
10038 2
10040 3
10043 1
10044 2
10045 2
10046 1
10049 2
10052 2
10054 1
10057 1
10059 1
10061 3
10062 1
10063 1
10064 1
10066 1
10067 1
10068 2
10069 1
10072 1
10073 1
10075 2
10077 1
10078 1
10079 3
10080 1
10081 1
10085 1
10086 1
10087 1
10088 1
10089 1
10090 1
10095 1
10097 2
10098 1
10101 2
10103 3
10105 1
10106 1
10107 1
10109 1
10110 2
10111 1
10112 1
10114 1
10115 1
10117 1
10118 2
10120 2
10124 3
10125 1
10127 1
10129 3
10130 1
10132 1
10133 2
10136 2
10138 3
10141 1
10143 3
10144 1
10145 1
10146 1
10150 2
10151 1
10152 1
10154 1
10155 1
10157 2
10159 1
10160 3
10161 1
10162 1
10164 1
10166 1
10172 1
10173 1
10174 2
10178 2
10180 3
10181 2
10185 1
10186 1
10187 2
10188 1
10190 2
10192 1
10194 1
10196 1
10197 1
10198 1
10202 1
10203 1
10204 2
10205 1
10206 1
10209 1
10211 1
10213 2
10214 2
10216 2
10218 1
10222 1
10223 2
10225 1
10227 1
10228 1
10230 1
10231 1
10232 1
10235 1
10237 2
10238 1
10240 1
10242 1
10244 3
10246 1
10247 1
10249 2
10250 1
10251 3
10254 1
10255 1
10257 1
10258 3
10259 1
10260 2
10264 3
10265 1
10270 1
10272 1
10273 2
10274 1
10275 1
10277 1
10278 1
10281 1
10283 1
10284 1
10286 2
10289 1
10290 2
10291 1
10292 1
10295 1
10298 2
10299 1
10300 2
10301 1
10303 1
10304 1
10306 1
10309 1
10310 1
10312 2
10314 2
10315 1
10316 1
10318 1
10321 2
10322 1
10326 1
10327 1
10329 1
10331 1
10332 1
10335 1
10337 1
10338 1
10339 1
10344 1
10346 1
10349 1
10351 1
10356 2
10357 4
10358 2
10360 1
10362 1
10363 3
10365 1
10370 1
10371 1
10372 2
10375 1
10377 2
10380 1
10381 2
10383 1
10385 1
10386 1
10388 1
10389 1
10394 2
10398 2
10399 2
10402 1
10403 2
10408 1
10411 2
10412 1
10413 1
10417 2
10418 1
10425 1
10426 1
10427 2
10429 1
10430 1
10432 1
10434 2
10435 1
10436 1
10438 1
10440 2
10442 3
10443 1
10444 2
10446 1
10449 1
10451 1
10452 1
10455 1
10456 2
10457 1
10458 1
10465 2
10466 2
10467 1
10470 1
10473 1
10475 1
10483 1
10484 1
10486 2
10488 1
10491 1
10492 1
10493 2
10497 3
10498 1
10499 1
10500 1
10501 1
10502 1
10503 1
10507 2
10511 1
10512 1
10513 1
10516 2
10517 1
10519 1
10522 1
10526 1
10528 1
10531 1
10534 1
10536 1
10539 1
10541 1
10542 1
10543 3
10547 1
10548 2
10550 1
10551 1
10553 1
10555 3
10557 2
10558 1
10559 3
10562 1
10564 2
10566 1
10568 1
10569 1
10570 3
10571 2
10576 1
10577 1
10578 3
10579 1
10583 1
10584 1
10588 1
10592 1
10594 1
10595 1
10596 1
10601 3
10604 1
10605 1
10609 1
10610 2
10612 2
10615 2
10618 2
10619 1
10623 1
10624 1
10625 1
10627 3
10629 1
10631 1
10632 1
10635 1
10638 1
10639 1
10641 2
10647 1
10649 1
10651 1
10653 1
10654 1
10655 3
10658 2
10663 1
10664 2
10669 4
10670 1
10671 1
10672 2
10675 1
10676 2
10678 1
10679 1
10681 2
10683 3
10685 1
10688 2
10689 1
10690 1
10695 3
10696 1
10697 2
10699 1
10700 1
10702 1
10704 1
10706 1
10709 1
10711 2
10712 2
10714 2
10718 2
10719 1
10720 1
10723 1
10726 1
10728 1
10730 1
10731 1
10735 2
10738 1
10740 3
10742 1
10744 1
10745 1
10749 1
10752 1
10753 3
10754 3
10755 1
10756 1
10759 1
10763 2
10765 1
10766 1
10768 2
10769 1
10771 1
10772 1
10775 2
10777 3
10779 1
10780 1
10781 1
10784 2
10786 1
10789 1
10790 1
10791 1
10792 1
10794 1
10795 1
10796 1
10798 2
10799 1
10801 2
10803 1
10804 1
10807 2
10810 3
10812 2
10813 1
10815 1
10816 1
10820 1
10823 2
10824 2
10825 3
10829 1
10830 1
10834 1
10836 1
10838 2
10840 1
10846 1
10847 1
10848 2
10852 3
10854 2
10855 2
10856 1
10860 1
10861 2
10864 2
10865 1
10866 2
10868 1
10870 1
10871 1
10872 1
10878 2
10879 1
10880 2
10882 1
10884 1
10885 1
10887 1
10888 1
10889 1
10892 1
10894 1
10896 1
10897 1
10898 1
10903 1
10906 1
10908 2
10909 3
10911 1
10912 2
10915 1
10916 1
10917 1
10918 1
10920 1
10921 1
10923 1
10924 1
10925 2
10931 1
10932 2
10933 1
10938 2
10939 1
10941 1
10942 1
10949 1
10951 3
10953 2
10955 1
10960 2
10964 3
10965 2
10966 1
10967 1
10969 2
10972 1
10974 1
10975 1
10977 1
10978 1
10982 1
10983 1
10984 2
10986 1
10988 2
10990 1
10991 1
10992 3
10995 2
10996 1
11001 2
11005 1
11006 2
11008 1
11009 1
11012 1
11017 1
11018 1
11022 1
11023 1
11024 1
11026 1
11031 2
11032 2
11037 2
11038 1
11043 1
11046 1
11049 2
11051 1
11052 1
11053 1
11057 1
11059 1
11060 1
11062 1
11063 1
11065 1
11068 2
11069 1
11072 1
11074 2
11076 1
11077 1
11079 1
11083 1
11085 2
11086 1
11088 1
11091 2
11092 1
11093 2
11095 2
11097 1
11100 1
11103 1
11104 1
11105 1
11108 1
11109 2
11110 2
11114 2
11116 3
11117 1
11118 2
11122 1
11123 1
11127 1
11130 1
11132 1
11136 3
11140 1
11145 2
11149 1
11150 1
11158 1
11160 1
11161 1
11162 3
11164 1
11166 1
11167 3
11170 1
11171 1
11172 1
11173 1
11175 1
11177 1
11179 2
11181 2
11184 1
11185 1
11186 1
11187 1
11190 1
11193 2
11198 1
11202 1
11206 1
11209 2
11214 1
11215 1
11216 1
11219 1
11221 5
11223 1
11225 1
11228 1
11229 2
11235 2
11237 1
11243 1
11244 3
11245 1
11249 1
11250 1
11251 1
11252 1
11258 1
11266 3
11269 1
11270 1
11271 2
11275 2
11276 1
11278 2
11280 2
11283 1
11285 2
11286 2
11289 1
11290 2
11292 3
11293 1
11295 1
11298 1
11299 1
11301 3
11305 3
11306 2
11312 1
11313 1
11315 2
11319 1
11320 1
11321 2
11323 1
11327 1
11329 3
11332 1
11336 1
11337 1
11338 2
11343 1
11346 3
11347 1
11350 1
11353 1
11355 2
11356 2
11357 1
11362 2
11363 2
11364 1
11365 1
11369 2
11370 1
11374 1
11375 1
11376 1
11380 1
11382 1
11383 1
11385 1
11386 2
11388 1
11391 1
11392 1
11397 2
11404 3
11406 4
11411 2
11412 1
11413 1
11418 3
11420 2
11422 1
11423 1
11425 1
11426 1
11427 2
11428 1
11429 1
11430 1
11432 2
11434 2
11437 1
11439 1
11440 1
11442 2
11445 1
11446 1
11449 1
11451 1
11453 1
11454 1
11455 1
11458 2
11463 2
11464 1
11466 1
11468 2
11470 1
11472 1
11473 1
11475 2
11477 1
11479 1
11481 2
11482 2
11484 1
11486 2
11490 1
11491 1
11493 1
11497 1
11498 1
11499 2
11503 1
11504 1
11505 1
11510 1
11512 2
11514 1
11516 1
11517 1
11518 1
11519 1
11521 1
11522 1
11526 1
11528 1
11529 1
11530 1
11531 1
11532 2
11535 1
11538 2
11541 2
11543 1
11544 1
11546 1
11550 1
11551 1
11552 2
11557 1
11558 3
11563 1
11571 1
11572 1
11575 1
11576 1
11577 1
11578 1
11580 1
11582 2
11583 3
11584 1
11585 1
11586 1
11589 2
11591 1
11594 1
11598 2
11599 1
11603 3
11606 1
11607 1
11608 2
11612 2
11614 1
11615 2
11617 2
11623 1
11625 2
11626 1
11629 1
11631 1
11633 1
11634 1
11635 1
11638 1
11639 1
11640 1
11643 1
11649 1
11651 1
11656 1
11657 1
11658 2
11660 1
11662 1
11664 1
11666 1
11669 1
11670 1
11675 1
11676 1
11679 1
11681 1
11682 1
11683 1
11688 2
11690 1
11692 1
11695 1
11696 1
11697 2
11700 1
11702 1
11704 1
11706 2
11710 1
11711 2
11712 2
11717 1
11719 3
11723 2
11724 1
11725 1
11726 1
11727 1
11728 1
11733 1
11734 1
11736 1
11738 1
11742 2
11743 1
11752 2
11754 1
11757 1
11759 1
11760 1
11761 2
11765 1
11767 1
11769 2
11771 2
11774 1
11775 1
11777 1
11779 1
11781 1
11782 1
11783 1
11784 2
11788 1
11790 2
11791 1
11795 1
11796 2
11804 1
11805 1
11810 2
11811 2
11816 1
11818 1
11823 1
11827 2
11828 1
11830 1
11832 3
11836 2
11837 1
11838 2
11841 3
11844 1
11845 1
11846 1
11847 1
11851 2
11853 2
11855 2
11861 1
11864 1
11867 1
11871 1
11872 1
11873 1
11878 2
11880 1
11882 1
11883 1
11884 1
11887 1
11895 5
11897 1
11902 1
11903 2
11909 3
11911 1
11915 1
11916 1
11917 1
11918 1
11921 1
11923 1
11925 1
11926 1
11932 1
11935 1
11937 3
11940 1
11943 1
11944 2
11946 1
11949 3
11951 1
11952 2
11954 1
11956 1
11957 1
11958 2
11963 1
11964 1
11966 2
11967 1
11972 3
11979 3
11980 2
11986 1
11989 1
11994 2
11995 2
11997 1
12001 1
12003 2
12006 1
12008 4
12010 1
12012 1
12013 1
12015 1
12020 1
12021 1
12022 1
12023 1
12024 2
12027 1
12029 2
12030 1
12031 1
12033 1
12034 1
12036 2
12037 1
12038 1
12039 1
12042 1
12043 2
12045 1
12047 1
12048 1
12049 2
12050 1
12054 1
12056 1
12060 1
12065 1
12069 1
12072 1
12078 3
12080 1
12081 1
12084 2
12090 1
12091 1
12092 2
12093 2
12094 1
12097 1
12098 1
12102 2
12104 1
12106 2
12108 2
12111 1
12113 1
12114 1
12115 1
12116 1
12120 1
12123 1
12124 1
12125 1
12129 2
12132 2
12134 2
12137 1
12138 1
12140 1
12141 1
12143 1
12146 1
12147 1
12148 4
12149 2
12150 1
12155 3
12164 2
12165 1
12169 1
12173 2
12177 2
12178 1
12179 1
12185 1
12186 2
12190 1
12191 2
12192 1
12193 1
12195 1
12200 1
12203 1
12204 1
12205 1
12207 1
12209 2
12210 2
12212 1
12217 1
12218 1
12219 2
12221 2
12226 1
12228 1
12232 2
12233 1
12234 1
12237 1
12242 1
12245 1
12249 1
12250 1
12251 1
12252 2
12256 1
12257 2
12258 1
12260 1
12263 1
12265 1
12269 2
12274 1
12276 1
12277 1
12278 2
12280 1
12283 1
12286 1
12289 2
12290 1
12291 1
12295 1
12299 2
12300 1
12303 1
12305 1
12308 1
12309 2
12313 1
12317 2
12321 1
12323 1
12326 2
12330 1
12331 3
12332 1
12334 1
12336 2
12340 1
12342 1
12343 1
12344 1
12345 2
12347 1
12349 1
12350 1
12353 1
12356 1
12361 1
12362 3
12363 1
12366 1
12368 1
12370 1
12371 1
12376 1
12382 1
12384 1
12385 1
12386 1
12391 1
12393 3
12397 1
12401 1
12402 1
12404 2
12407 1
12410 1
12416 1
12418 1
12428 1
12430 2
12434 1
12435 3
12437 1
12439 2
12441 1
12443 1
12445 1
12447 2
12448 1
12449 2
12452 1
12453 1
12455 1
12458 1
12461 3
12462 1
12463 1
12466 1
12470 2
12471 1
12475 1
12477 1
12484 1
12485 1
12487 1
12489 2
12492 1
12497 1
12498 1
12499 1
12502 1
12504 1
12506 3
12510 2
12511 1
12512 2
12515 1
12518 1
12519 1
12521 1
12523 1
12527 2
12529 1
12534 1
12538 1
12539 1
12541 1
12544 1
12545 1
12546 3
12547 1
12548 1
12558 1
12560 2
12563 1
12569 5
12573 1
12575 1
12576 1
12582 1
12583 1
12587 1
12589 2
12590 1
12591 1
12595 1
12599 1
12600 1
12605 1
12606 2
12611 1
12614 1
12615 2
12617 1
12618 1
12620 1
12623 2
12624 1
12625 1
12626 1
12630 3
12631 1
12632 2
12634 1
12637 1
12638 1
12639 1
12640 2
12644 2
12646 3
12653 2
12654 1
12658 1
12660 1
12663 2
12669 1
12671 1
12672 1
12674 2
12680 1
12681 1
12682 1
12686 1
12688 1
12689 1
12690 1
12695 2
12700 2
12701 1
12704 1
12705 1
12707 1
12708 1
12710 1
12716 1
12719 1
12722 1
12723 1
12724 1
12730 1
12731 3
12736 2
12738 1
12743 3
12745 2
12747 1
12752 2
12754 1
12757 1
12758 2
12759 2
12764 1
12765 1
12766 2
12767 2
12771 1
12772 1
12774 1
12776 1
12778 1
12780 2
12782 1
12784 1
12789 1
12793 1
12797 1
12798 1
12800 1
12803 1
12806 2
12811 1
12812 1
12815 1
12820 1
12822 1
12823 1
12824 1
12826 1
12829 2
12835 1
12836 1
12839 1
12841 1
12843 2
12851 2
12857 2
12859 1
12860 1
12864 1
12866 2
12869 1
12871 3
12876 2
12877 1
12882 1
12883 3
12884 1
12885 2
12892 1
12897 1
12902 2
12906 2
12907 1
12908 1
12916 1
12919 1
12923 1
12926 1
12928 2
12932 1
12933 1
12937 2
12942 1
12943 1
12950 1
12951 1
12952 1
12954 1
12956 2
12960 1
12963 1
12964 1
12965 1
12968 1
12969 1
12977 1
12979 1
12980 1
12983 1
12987 2
12989 1
12991 1
12997 1
13000 1
13004 1
13008 1
13010 2
13011 2
13013 2
13017 1
13021 1
13025 1
13027 1
13036 3
13037 2
13039 1
13042 1
13044 1
13056 1
13058 1
13059 1
13060 1
13063 1
13064 1
13067 3
13068 1
13073 2
13077 1
13078 2
13081 1
13082 1
13084 1
13086 1
13090 1
13096 2
13097 1
13100 1
13104 2
13109 2
13113 1
13115 1
13119 1
13121 3
13123 1
13129 1
13130 1
13132 1
13135 1
13137 1
13139 1
13144 1
13149 1
13152 1
13157 1
13161 1
13163 3
13165 1
13166 1
13170 1
13172 2
13176 1
13177 1
13178 1
13179 1
13180 2
13184 1
13186 2
13189 2
13193 1
13195 1
13196 1
13203 1
13205 1
13210 1
13214 1
13219 1
13220 2
13221 1
13222 1
13226 1
13234 3
13236 1
13240 1
13241 1
13243 1
13247 1
13249 1
13250 2
13256 1
13257 2
13262 2
13263 1
13264 1
13269 1
13271 1
13273 1
13274 2
13276 1
13280 1
13283 2
13285 1
13289 1
13291 2
13292 1
13297 3
13298 1
13304 3
13306 2
13310 1
13315 1
13317 1
13318 1
13320 2
13324 2
13326 1
13328 1
13333 2
13334 1
13337 1
13346 1
13348 1
13349 1
13350 1
13352 1
13354 1
13355 1
13358 1
13360 1
13362 2
13363 1
13367 1
13369 1
13372 1
13374 3
13375 1
13376 1
13381 2
13386 1
13390 1
13397 2
13402 1
13404 1
13409 2
13411 1
13416 1
13417 2
13418 1
13423 2
13425 1
13431 1
13432 2
13433 2
13437 1
13438 1
13446 1
13454 1
13458 1
13459 2
13463 1
13468 1
13471 1
13473 2
13477 1
13478 1
13480 2
13486 1
13489 2
13492 1
13494 2
13498 1
13500 1
13502 2
13503 2
13504 1
13509 1
13515 1
13517 2
13525 2
13526 1
13534 1
13535 1
13543 1
13544 1
13551 2
13557 2
13558 1
13563 1
13571 1
13576 1
13577 1
13582 1
13585 1
13588 1
13591 1
13594 2
13599 2
13600 1
13603 1
13608 1
13611 1
13613 1
13615 1
13617 1
13618 1
13620 1
13622 1
13624 1
13628 1
13630 4
13634 1
13643 1
13648 1
13654 1
13656 1
13657 1
13661 2
13663 1
13665 1
13670 2
13671 1
13674 1
13675 2
13678 1
13680 1
13684 1
13687 3
13689 1
13691 1
13695 1
13701 1
13705 1
13710 1
13711 1
13718 1
13729 2
13731 1
13732 1
13738 1
13739 1
13741 1
13745 1
13747 1
13753 1
13755 2
13760 1
13762 1
13764 1
13766 1
13767 1
13770 1
13771 1
13772 1
13774 2
13776 1
13783 1
13786 1
13788 1
13789 1
13791 1
13795 3
13796 1
13797 1
13800 2
13802 1
13806 1
13811 1
13813 1
13814 1
13815 2
13823 1
13824 1
13829 1
13831 1
13835 1
13837 2
13841 1
13843 1
13844 1
13846 2
13850 1
13851 1
13852 1
13854 1
13858 1
13860 1
13863 1
13867 1
13870 1
13872 1
13876 1
13877 1
13884 1
13885 1
13888 1
13894 2
13895 1
13898 1
13900 2
13902 1
13907 2
13908 1
13912 1
13914 2
13915 1
13916 1
13921 1
13923 1
13924 1
13926 1
13928 1
13930 1
13931 1
13937 1
13940 2
13942 1
13947 1
13948 1
13949 1
13950 1
13957 2
13959 1
13963 1
13964 1
13965 1
13969 1
13971 1
13972 1
13978 2
13983 1
13984 1
13985 1
13991 1
13992 1
13994 1
13998 1
13999 2
14000 1
14008 1
14011 1
14015 1
14017 1
14020 2
14024 1
14025 1
14026 1
14029 1
14032 1
14034 1
14041 1
14042 1
14043 1
14044 1
14048 1
14049 1
14052 1
14055 1
14061 1
14066 1
14070 1
14083 2
14090 1
14091 2
14092 1
14097 2
14099 1
14103 1
14104 1
14105 1
14109 1
14111 1
14113 1
14123 1
14125 1
14128 1
14132 1
14137 2
14139 1
14145 1
14151 1
14152 1
14154 1
14160 2
14161 1
14168 1
14170 1
14174 1
14176 1
14178 1
14183 1
14189 1
14191 1
14196 2
14201 1
14209 1
14210 1
14217 1
14220 2
14222 1
14227 1
14231 2
14236 1
14237 1
14241 1
14250 1
14251 1
14257 1
14262 1
14265 1
14277 1
14279 1
14281 2
14285 1
14289 1
14291 1
14293 1
14294 1
14302 1
14304 2
14305 1
14312 1
14314 1
14322 1
14328 1
14335 2
14336 2
14337 1
14338 1
14341 1
14346 1
14349 1
14352 1
14355 1
14358 1
14361 3
14365 1
14367 1
14375 1
14381 1
14385 1
14389 1
14392 1
14398 2
14403 2
14405 1
14406 1
14407 1
14412 1
14415 1
14417 2
14421 1
14422 1
14429 1
14431 1
14433 1
14438 1
14440 2
14445 1
14446 1
14448 1
14454 1
14457 2
14462 1
14463 1
14464 1
14466 1
14469 1
14474 1
14478 1
14487 1
14488 1
14489 1
14490 1
14497 1
14502 1
14509 1
14511 2
14514 1
14515 1
14517 1
14518 1
14520 1
14524 1
14525 1
14530 1
14532 1
14534 1
14535 1
14541 1
14543 1
14544 1
14546 1
14550 1
14551 1
14557 2
14558 1
14559 1
14572 1
14574 1
14581 1
14582 1
14588 1
14589 1
14592 1
14594 1
14598 1
14602 1
14614 1
14616 1
14618 1
14622 1
14623 1
14628 1
14630 1
14631 1
14635 1
14637 1
14640 1
14642 1
14643 1
14649 2
14651 1
14654 1
14658 1
14659 1
14663 1
14665 1
14672 1
14674 1
14675 1
14677 1
14685 1
14687 1
14694 1
14698 1
14699 1
14700 1
14706 1
14711 1
14715 1
14718 1
14722 1
14727 1
14729 1
14748 1
14757 2
14760 1
14770 1
14772 1
14777 1
14783 1
14794 1
14802 1
14803 2
14811 1
14817 1
14819 1
14825 1
14826 1
14827 1
14828 1
14829 1
14831 1
14834 1
14844 1
14850 1
14851 1
14852 1
14856 1
14870 1
14883 1
14888 1
14896 1
14898 1
14901 1
14907 1
14913 1
14915 1
14924 1
14931 1
14936 1
14943 1
14948 1
14955 4
14957 2
14959 1
14968 1
14969 1
14971 1
14978 2
14979 1
14988 1
15000 1
15005 1
15009 1
15012 1
15014 1
15015 1
15023 1
15026 1
15032 1
15035 1
15039 1
15041 1
15049 1
15054 1
15055 1
15063 1
15064 1
15070 1
15072 1
15080 1
15083 2
15089 1
15096 1
15097 1
15109 1
15114 1
15120 1
15125 1
15128 1
15131 1
15138 1
15140 2
15144 1
15145 1
15152 1
15154 2
15163 1
15166 1
15168 2
15175 1
15176 1
15185 1
15189 1
15191 1
15192 1
15198 1
15201 1
15202 1
15209 1
15215 1
15220 1
15224 1
15225 1
15246 1
15248 1
15251 1
15255 1
15265 1
15268 1
15272 1
15285 1
15292 1
15294 1
15309 1
15312 1
15316 1
15317 1
15320 1
15325 1
15342 1
15349 1
15351 1
15369 1
15377 1
15391 1
15392 1
15396 1
15422 2
15446 1
15453 1
15457 1
15462 1
15476 1
15485 1
15488 1
15495 1
15497 1
15503 1
15509 1
15518 1
15530 1
15545 2
15561 1
15562 1
15566 1
15572 1
15575 1
15581 1
15587 1
15589 1
15598 1
15606 1
15616 1
15623 1
15629 2
15635 1
15643 1
15649 1
15666 1
15671 1
15680 1
15683 1
15685 1
15686 1
15689 1
15690 1
15692 1
15694 1
15700 1
15706 2
15713 1
15715 1
15729 1
15737 1
15742 2
15746 1
15756 1
15763 1
15770 1
15782 1
15783 1
15791 1
15803 1
15811 1
15812 1
15818 1
15825 1
15834 1
15840 1
15842 1
15866 1
15868 1
15875 1
15882 2
15883 1
15917 1
15943 1
15953 1
15979 1
15983 1
15986 1
15988 1
16012 1
16023 1
16043 1
16070 1
16096 1
16097 1
16119 1
16127 1
16128 1
16138 1
16169 1
16175 1
16177 1
16181 1
16183 1
16195 1
16204 1
16209 1
16223 1
16232 1
16240 1
16246 1
16255 1
16261 1
16273 1
16280 1
16282 1
16294 1
16303 2
16309 1
16323 1
16349 1
16351 1
16357 1
16364 1
16366 1
16374 1
16380 1
16408 2
16434 1
16469 1
16470 1
16477 1
16479 1
16514 1
16540 1
16549 1
16610 1
16617 1
16619 1
16645 1
16690 1
16721 1
16744 1
16747 1
16770 1
16771 1
16801 1
16849 1
16855 1
16866 1
16875 1
16897 1
16906 1
16923 1
16960 1
16968 1
17031 1
17038 1
17040 1
17108 1
17136 1
17143 1
17337 1
17364 1
17421 1
17463 1
17529 1
17534 1
17634 1
17674 1
18015 1
18095 1
18191 1
18200 1
18689 1
End
