NMec = 95584
T = 15
P = 7
Profits not ignored
Valid tasks:                                                            19696
Solution time = 3.947e-04
Task data
    0  21  1941 0
    1  18  2627 1
    3  14  2071 2
    3  16  2042 3
    3  24  2916 4
    4  22  4569 5
    4  24  1898 -1
    6  13   583 -1
    8  24  1988 6
   10  13   608 -1
   10  18  1306 -1
   11  18   895 -1
   11  28  1614 -1
   13  18   686 -1
   18  27  1738 2
Best profit: 19892
All profits:
0 1
583 1
608 1
686 1
895 1
1191 1
1269 1
1294 1
1306 1
1478 1
1503 1
1581 1
1614 1
1738 1
1877 1
1889 1
1898 1
1914 1
1941 1
1988 1
1992 1
2042 1
2071 1
2086 1
2164 1
2189 1
2197 1
2201 1
2222 1
2300 1
2321 1
2346 1
2424 1
2481 1
2497 1
2506 1
2509 1
2524 1
2549 1
2571 1
2575 1
2584 1
2596 1
2600 1
2625 1
2627 2
2633 1
2650 1
2654 1
2674 1
2679 1
2728 1
2757 1
2772 1
2784 1
2793 1
2805 1
2809 1
2836 1
2883 2
2887 1
2908 1
2916 1
2920 1
2929 1
2937 1
2966 1
3007 1
3032 1
3044 1
3089 1
3092 1
3117 1
3132 1
3167 1
3179 1
3183 1
3192 1
3195 1
3204 1
3210 2
3216 1
3233 1
3235 2
3241 1
3247 1
3257 1
3262 1
3282 1
3294 1
3311 1
3313 1
3319 1
3336 1
3340 1
3348 1
3352 1
3365 1
3376 1
3377 1
3392 1
3401 1
3419 1
3444 1
3466 1
3470 1
3479 1
3491 2
3495 1
3499 1
3503 1
3512 1
3520 1
3522 2
3524 1
3528 1
3545 1
3549 1
3555 1
3569 1
3574 1
3602 2
3606 1
3615 1
3623 1
3627 1
3636 1
3652 2
3656 1
3679 1
3685 1
3700 1
3726 1
3730 1
3775 1
3778 1
3780 1
3787 1
3803 1
3809 1
3811 1
3812 1
3815 1
3818 2
3824 1
3830 1
3839 1
3855 1
3865 1
3877 1
3886 1
3890 1
3896 1
3902 2
3919 1
3921 1
3927 1
3929 1
3931 1
3933 2
3935 1
3939 1
3940 1
3948 1
3956 1
3960 2
3969 1
3980 1
3983 1
3984 1
3985 1
4012 1
4027 1
4030 1
4034 1
4038 1
4059 1
4062 1
4063 1
4074 1
4078 1
4087 1
4095 1
4099 1
4105 2
4107 1
4111 1
4113 1
4120 1
4128 1
4130 2
4138 1
4142 1
4152 1
4157 1
4163 1
4177 1
4185 2
4189 2
4198 1
4206 1
4208 1
4210 2
4214 1
4219 1
4222 1
4231 1
4235 2
4239 1
4241 2
4243 1
4244 1
4247 1
4260 1
4262 1
4264 1
4268 1
4272 1
4287 1
4288 1
4293 1
4309 1
4313 1
4322 1
4334 1
4338 1
4342 1
4363 1
4365 2
4371 1
4386 1
4388 1
4392 1
4394 1
4395 1
4398 1
4407 1
4412 1
4417 1
4419 1
4422 1
4423 1
4438 1
4447 1
4450 1
4466 1
4469 1
4473 1
4485 1
4494 1
4495 1
4497 2
4498 1
4501 1
4504 1
4510 1
4512 1
4516 2
4522 1
4523 1
4525 2
4530 1
4531 1
4537 1
4539 1
4541 2
4543 1
4547 1
4548 1
4551 1
4552 1
4563 1
4566 1
4568 2
4569 1
4572 1
4574 1
4577 1
4580 1
4588 1
4591 1
4595 1
4613 1
4615 2
4617 1
4619 1
4620 1
4621 2
4625 1
4626 1
4638 1
4642 2
4646 2
4654 1
4655 1
4658 1
4667 1
4669 2
4670 1
4671 1
4675 1
4682 1
4696 1
4698 2
4703 1
4704 1
4707 1
4713 2
4716 1
4721 1
4725 1
4734 1
4745 1
4746 1
4750 1
4760 1
4772 1
4781 2
4785 1
4791 1
4793 2
4797 2
4799 1
4805 1
4806 1
4814 2
4816 1
4818 1
4824 3
4826 1
4827 1
4828 2
4830 2
4835 1
4843 1
4847 1
4849 2
4851 1
4855 2
4857 1
4861 1
4864 1
4870 1
4871 1
4875 1
4876 1
4878 1
4880 1
4896 1
4904 1
4905 1
4907 1
4908 2
4917 1
4921 1
4925 2
4927 1
4929 1
4930 1
4933 1
4942 1
4948 2
4950 1
4954 2
4958 2
4962 1
4971 1
4973 2
4979 1
4985 1
4987 1
4990 1
4991 1
4995 1
5000 1
5002 1
5006 1
5008 1
5015 1
5020 1
5030 1
5032 1
5033 1
5049 1
5051 1
5058 1
5074 1
5077 1
5078 1
5080 2
5081 1
5084 1
5086 1
5093 1
5103 1
5105 2
5108 2
5109 1
5113 1
5114 1
5115 1
5117 1
5120 1
5124 2
5130 1
5131 1
5133 2
5134 1
5136 2
5138 1
5139 1
5145 1
5151 1
5152 1
5155 1
5157 1
5159 1
5160 1
5163 1
5171 1
5174 1
5176 1
5177 1
5180 1
5182 1
5183 1
5188 1
5192 1
5198 2
5202 1
5203 1
5204 1
5208 1
5209 1
5211 1
5216 1
5217 1
5221 1
5223 2
5225 1
5227 1
5229 2
5233 1
5234 1
5235 1
5237 2
5238 1
5241 1
5246 1
5250 2
5252 2
5254 2
5255 1
5258 1
5260 2
5262 1
5263 1
5266 2
5275 1
5277 2
5281 2
5283 1
5287 1
5289 1
5290 1
5293 1
5299 1
5301 1
5304 1
5306 2
5307 1
5312 1
5317 1
5318 1
5324 1
5328 1
5333 1
5336 1
5340 2
5342 1
5344 1
5353 1
5355 1
5361 1
5364 1
5365 1
5368 1
5380 1
5382 1
5384 1
5389 2
5390 1
5393 1
5394 1
5397 1
5399 1
5401 1
5407 2
5411 2
5413 1
5418 1
5419 1
5420 2
5422 1
5423 1
5425 1
5426 1
5432 3
5434 1
5436 2
5438 1
5440 1
5443 1
5444 1
5447 1
5453 1
5458 1
5461 1
5463 2
5464 1
5465 1
5467 1
5469 1
5472 1
5479 1
5483 1
5486 1
5487 1
5490 1
5491 2
5500 2
5504 1
5508 1
5510 3
5512 2
5513 1
5514 1
5515 1
5516 3
5521 1
5525 1
5533 2
5535 1
5537 2
5541 3
5543 3
5545 1
5547 2
5549 1
5550 2
5553 1
5554 1
5556 2
5562 2
5564 2
5566 2
5568 1
5570 2
5574 1
5577 1
5583 1
5590 1
5591 1
5593 3
5594 1
5595 1
5597 1
5598 1
5599 1
5603 1
5611 1
5615 1
5616 1
5624 1
5626 1
5628 1
5634 1
5640 2
5641 1
5644 2
5648 1
5657 1
5659 1
5667 1
5669 1
5671 2
5673 2
5676 1
5677 1
5678 1
5686 1
5688 2
5692 1
5694 2
5698 1
5700 1
5701 1
5707 1
5709 1
5713 1
5716 2
5718 1
5719 2
5721 2
5722 1
5723 1
5725 1
5727 1
5728 1
5742 1
5744 2
5750 1
5752 1
5753 1
5756 1
5759 1
5760 1
5763 1
5765 1
5766 1
5768 1
5771 1
5772 1
5775 1
5791 1
5794 1
5797 1
5799 2
5800 2
5801 1
5803 2
5806 2
5810 1
5812 1
5816 1
5817 1
5818 1
5819 1
5820 1
5822 1
5824 1
5825 1
5827 1
5829 1
5831 2
5833 1
5836 1
5837 2
5838 1
5843 3
5845 2
5846 1
5849 2
5851 1
5853 1
5854 1
5857 1
5858 2
5860 2
5862 1
5863 1
5866 1
5868 2
5872 1
5874 2
5875 1
5876 1
5878 1
5880 1
5881 1
5882 1
5883 1
5884 1
5886 1
5889 2
5890 1
5895 1
5897 1
5901 2
5907 1
5909 1
5910 1
5915 1
5919 1
5921 2
5923 2
5925 1
5926 1
5927 2
5928 1
5932 1
5936 2
5938 1
5944 2
5946 1
5948 3
5952 1
5957 1
5960 1
5961 1
5963 1
5967 1
5969 1
5971 1
5972 1
5973 2
5975 2
5976 1
5977 1
5979 2
5981 1
5990 1
5992 1
5998 1
6000 1
6002 2
6003 2
6004 2
6005 1
6006 1
6008 1
6009 1
6010 1
6011 1
6015 1
6019 2
6022 1
6026 2
6027 1
6028 2
6031 1
6033 1
6036 1
6040 1
6046 1
6047 1
6048 1
6050 1
6051 1
6052 1
6054 1
6055 1
6061 1
6066 1
6069 1
6071 1
6072 1
6075 1
6080 1
6083 2
6087 2
6093 2
6095 1
6097 1
6098 1
6099 2
6101 1
6104 1
6105 1
6106 1
6108 2
6109 1
6111 1
6112 1
6116 1
6118 3
6120 2
6122 1
6124 1
6126 3
6129 1
6130 3
6132 1
6133 2
6136 1
6137 1
6139 2
6141 1
6145 2
6147 2
6149 3
6150 1
6151 3
6153 1
6155 2
6157 1
6158 1
6160 1
6161 1
6162 1
6163 1
6166 1
6170 1
6172 2
6173 1
6176 3
6177 1
6178 1
6180 1
6182 2
6183 1
6184 1
6185 1
6186 1
6188 1
6191 1
6194 1
6196 1
6198 1
6199 1
6201 2
6202 1
6205 1
6207 1
6209 1
6210 1
6211 1
6213 1
6219 1
6223 2
6227 2
6229 3
6231 2
6232 1
6233 1
6234 1
6235 2
6236 1
6239 1
6240 1
6242 1
6248 1
6250 2
6252 2
6254 2
6256 3
6260 2
6261 1
6263 2
6264 1
6268 1
6269 1
6275 1
6277 2
6279 3
6281 2
6283 2
6284 1
6285 1
6286 1
6289 1
6290 1
6292 1
6293 1
6296 1
6301 1
6302 1
6304 1
6306 2
6307 1
6308 1
6310 2
6312 2
6314 1
6315 1
6317 1
6318 1
6321 1
6326 1
6327 2
6329 1
6330 1
6333 1
6335 2
6336 1
6339 1
6348 1
6351 1
6353 2
6355 1
6357 1
6358 1
6359 1
6360 1
6364 2
6374 1
6376 1
6380 2
6382 1
6383 1
6384 1
6386 2
6393 1
6395 2
6399 1
6402 1
6405 2
6407 4
6408 1
6409 1
6410 1
6411 2
6413 1
6414 2
6419 1
6420 1
6426 1
6428 2
6430 1
6434 1
6435 1
6436 3
6437 1
6438 3
6439 2
6440 1
6441 1
6442 2
6444 1
6445 2
6446 1
6449 1
6451 2
6454 1
6457 2
6458 1
6459 1
6461 2
6463 1
6464 1
6465 2
6466 2
6467 1
6469 1
6471 1
6472 1
6478 1
6480 1
6482 1
6483 2
6484 1
6485 1
6486 1
6488 1
6489 2
6490 1
6492 2
6493 1
6494 1
6498 1
6504 2
6509 1
6510 2
6511 1
6513 2
6515 1
6517 1
6518 2
6519 2
6521 1
6522 1
6523 1
6527 1
6529 3
6531 2
6535 2
6536 1
6537 1
6539 2
6540 2
6543 2
6544 2
6546 1
6552 2
6554 2
6556 3
6557 1
6558 2
6560 1
6561 1
6562 3
6564 1
6565 1
6566 2
6567 2
6568 3
6569 1
6572 2
6573 1
6575 1
6579 1
6581 1
6583 3
6585 1
6587 4
6589 1
6593 1
6594 1
6595 1
6596 2
6599 1
6601 1
6602 1
6605 1
6607 1
6608 1
6609 1
6610 2
6611 3
6612 2
6613 1
6614 2
6616 2
6618 1
6619 1
6622 1
6623 1
6630 1
6634 2
6637 1
6639 1
6640 1
6642 1
6643 1
6644 1
6645 1
6646 2
6648 1
6654 1
6655 1
6657 2
6658 1
6659 1
6661 1
6662 1
6663 2
6665 1
6667 1
6670 1
6684 1
6686 2
6688 2
6689 1
6690 1
6691 2
6692 2
6694 1
6695 2
6696 2
6697 1
6700 1
6701 2
6703 1
6705 1
6709 1
6712 1
6713 2
6714 1
6717 1
6719 1
6722 3
6724 1
6725 1
6726 2
6728 2
6729 1
6731 1
6732 1
6733 1
6734 3
6738 3
6740 3
6741 1
6744 1
6745 1
6746 2
6747 2
6749 1
6753 2
6755 3
6757 1
6758 1
6759 1
6765 1
6766 1
6767 1
6768 1
6769 2
6770 1
6771 2
6773 1
6774 1
6776 1
6778 1
6779 1
6781 1
6784 2
6785 1
6787 1
6788 1
6790 1
6791 1
6792 1
6793 1
6794 1
6796 2
6802 2
6804 1
6805 1
6806 2
6812 3
6814 1
6815 1
6816 3
6817 1
6818 3
6819 1
6821 1
6822 1
6823 2
6825 1
6827 1
6831 2
6833 1
6835 2
6837 3
6839 2
6841 1
6843 3
6845 1
6846 2
6847 2
6848 1
6849 3
6851 1
6852 2
6855 1
6856 2
6858 2
6860 1
6862 3
6864 2
6866 3
6868 3
6869 2
6870 2
6871 2
6872 2
6874 2
6876 2
6877 1
6883 1
6885 2
6887 1
6889 2
6890 1
6891 2
6893 1
6895 3
6896 1
6897 2
6898 1
6899 3
6900 1
6901 2
6903 1
6904 1
6906 1
6909 1
6912 1
6913 1
6914 1
6915 2
6917 1
6918 2
6920 2
6921 1
6922 1
6926 1
6928 1
6930 1
6931 1
6932 1
6936 2
6938 1
6940 1
6941 1
6942 1
6943 1
6946 2
6947 2
6949 2
6950 2
6954 1
6956 1
6959 1
6961 2
6963 1
6965 1
6967 1
6969 1
6972 1
6973 1
6975 2
6976 1
6978 2
6979 2
6982 1
6984 1
6988 1
6990 3
6992 2
6993 1
6994 2
6996 2
6998 1
7000 1
7001 1
7003 2
7004 1
7007 1
7011 1
7013 2
7015 3
7018 1
7019 2
7021 4
7022 2
7025 2
7027 2
7028 1
7029 1
7032 1
7033 1
7034 2
7036 1
7037 1
7039 1
7042 1
7044 3
7046 3
7048 1
7049 1
7050 3
7054 1
7055 1
7056 1
7057 1
7058 1
7061 1
7062 1
7065 1
7066 2
7068 1
7069 1
7071 1
7072 2
7073 1
7074 2
7075 2
7077 2
7078 1
7079 1
7080 1
7081 1
7086 1
7091 1
7093 3
7096 2
7097 1
7100 2
7101 2
7102 1
7103 1
7104 1
7105 2
7106 1
7112 2
7114 1
7118 2
7119 1
7120 1
7121 2
7122 3
7123 1
7124 3
7125 1
7126 2
7127 2
7128 1
7129 1
7130 1
7131 1
7133 1
7135 2
7137 1
7139 2
7140 1
7143 1
7144 1
7145 2
7147 2
7148 1
7149 2
7150 2
7151 4
7152 2
7153 1
7155 2
7156 1
7157 3
7158 2
7159 1
7160 1
7162 1
7163 1
7164 3
7165 1
7166 2
7168 1
7169 1
7170 3
7172 1
7174 2
7175 2
7176 2
7178 3
7179 2
7180 2
7181 1
7182 1
7184 1
7185 1
7187 1
7188 1
7190 1
7191 2
7193 1
7194 1
7195 2
7196 3
7197 1
7199 2
7201 2
7202 2
7203 1
7204 3
7205 2
7207 3
7209 1
7210 1
7213 1
7215 1
7216 1
7217 1
7218 1
7219 1
7221 1
7222 2
7223 1
7224 1
7225 2
7226 1
7228 1
7229 2
7230 1
7231 1
7234 1
7238 2
7240 2
7242 3
7243 1
7244 1
7245 1
7246 1
7247 1
7248 4
7250 2
7251 1
7252 1
7253 2
7254 3
7258 1
7259 1
7263 1
7265 2
7269 3
7271 2
7273 2
7275 2
7277 1
7278 1
7279 2
7280 1
7281 3
7282 1
7283 1
7285 2
7287 1
7288 1
7292 2
7294 2
7296 2
7297 2
7298 1
7300 2
7302 3
7304 2
7305 2
7306 1
7308 3
7309 2
7311 1
7312 1
7314 1
7317 1
7321 2
7323 3
7325 1
7326 1
7328 1
7329 1
7330 3
7331 2
7332 2
7333 1
7334 2
7335 1
7336 1
7337 1
7338 1
7339 1
7340 1
7341 1
7342 1
7343 1
7348 2
7349 1
7352 1
7353 1
7354 2
7356 1
7359 1
7360 1
7361 2
7362 1
7363 1
7364 1
7366 1
7367 1
7370 1
7372 1
7373 1
7374 1
7375 1
7377 2
7378 2
7379 1
7381 1
7382 2
7384 1
7385 1
7386 1
7387 1
7388 1
7389 2
7395 1
7399 2
7401 1
7404 1
7405 1
7406 1
7407 1
7408 3
7410 2
7411 2
7412 1
7413 2
7414 3
7415 1
7417 1
7420 3
7422 1
7424 3
7426 3
7428 1
7430 1
7431 2
7432 4
7433 1
7435 2
7438 1
7439 3
7441 4
7443 1
7445 2
7447 1
7449 1
7451 4
7452 2
7453 3
7454 2
7455 2
7456 1
7457 5
7459 1
7460 2
7462 2
7463 1
7464 2
7465 1
7466 1
7467 1
7468 2
7470 1
7472 1
7474 3
7476 1
7477 1
7478 3
7479 1
7480 1
7482 5
7484 2
7485 1
7486 1
7488 2
7489 2
7490 1
7491 3
7492 1
7493 1
7494 1
7495 1
7496 1
7497 2
7498 2
7500 1
7501 1
7502 1
7503 3
7504 2
7505 2
7506 1
7507 3
7509 2
7511 2
7513 1
7514 1
7515 1
7521 1
7523 1
7524 1
7525 1
7529 3
7531 2
7532 2
7533 2
7534 1
7535 4
7536 1
7537 2
7538 2
7539 1
7540 1
7541 2
7542 2
7544 2
7546 1
7548 1
7550 1
7552 3
7554 2
7555 1
7556 2
7557 2
7558 4
7560 1
7562 3
7565 1
7567 1
7569 2
7571 2
7574 1
7575 2
7576 1
7577 1
7579 1
7581 4
7583 3
7584 1
7585 4
7586 2
7587 3
7589 2
7590 1
7591 1
7592 2
7595 1
7596 1
7598 3
7600 1
7601 1
7604 2
7606 1
7608 1
7610 1
7612 3
7613 1
7614 3
7616 2
7617 2
7618 2
7619 2
7620 1
7621 1
7622 1
7623 1
7624 1
7625 1
7627 2
7629 3
7632 1
7633 2
7635 3
7636 1
7637 1
7639 1
7640 1
7641 2
7642 2
7645 1
7647 1
7648 1
7650 1
7654 1
7657 2
7658 1
7659 2
7660 1
7661 2
7662 1
7663 1
7664 2
7665 1
7666 2
7668 1
7669 1
7670 1
7674 1
7676 2
7680 1
7682 2
7683 1
7685 1
7686 2
7688 1
7689 1
7695 1
7697 2
7699 1
7701 4
7704 2
7705 1
7707 3
7708 1
7709 2
7710 1
7711 2
7712 1
7713 4
7714 1
7715 2
7716 1
7718 1
7719 1
7720 1
7722 1
7728 1
7730 3
7732 3
7734 2
7735 1
7736 2
7738 1
7740 4
7741 3
7742 3
7743 2
7744 3
7746 1
7747 3
7748 1
7749 1
7751 2
7752 1
7753 1
7755 1
7757 2
7758 2
7759 2
7760 2
7761 3
7763 3
7764 2
7765 3
7766 2
7767 1
7770 1
7771 2
7772 2
7773 1
7774 1
7777 1
7778 1
7779 2
7780 1
7782 1
7784 2
7785 1
7786 3
7787 3
7788 1
7789 1
7790 3
7791 1
7792 2
7793 1
7794 1
7795 1
7796 1
7798 2
7799 2
7801 1
7802 1
7804 3
7805 1
7807 2
7808 1
7809 1
7810 2
7812 1
7813 2
7815 2
7816 1
7817 1
7819 2
7821 2
7823 1
7824 2
7825 3
7826 1
7827 1
7830 1
7831 3
7833 2
7834 1
7835 1
7836 2
7837 3
7839 1
7841 2
7842 2
7843 2
7844 1
7845 2
7846 3
7848 2
7849 1
7850 2
7851 1
7852 1
7854 1
7856 3
7858 2
7860 2
7861 1
7862 2
7863 1
7864 4
7865 1
7866 1
7867 1
7868 3
7869 1
7870 2
7871 2
7873 2
7874 2
7875 1
7877 4
7878 1
7879 2
7880 1
7881 1
7882 1
7883 1
7885 3
7887 3
7888 2
7889 4
7890 1
7891 2
7893 3
7895 1
7896 1
7898 1
7900 2
7901 1
7902 2
7904 2
7905 1
7906 1
7907 1
7908 2
7909 1
7910 2
7911 1
7913 1
7914 3
7915 1
7916 3
7917 3
7918 1
7920 3
7921 1
7922 2
7924 2
7925 1
7926 1
7928 1
7929 1
7931 3
7932 1
7933 1
7934 2
7936 1
7937 1
7939 2
7940 1
7943 2
7944 1
7945 2
7946 2
7947 1
7948 1
7949 2
7950 1
7951 2
7952 1
7955 1
7957 1
7960 1
7961 2
7963 2
7964 1
7965 2
7967 4
7968 1
7969 3
7970 1
7971 1
7972 1
7974 1
7978 2
7980 1
7986 1
7988 2
7990 3
7991 2
7992 2
7993 1
7994 3
7995 1
7996 2
7997 2
7998 2
7999 1
8000 1
8002 1
8003 1
8007 3
8009 2
8013 1
8014 1
8015 2
8016 3
8017 1
8018 1
8019 2
8020 1
8021 3
8022 1
8023 1
8024 3
8025 1
8028 3
8030 1
8031 1
8034 3
8035 1
8036 1
8038 1
8039 1
8040 4
8042 1
8043 1
8045 2
8046 3
8047 3
8048 2
8049 3
8050 3
8051 1
8052 3
8053 2
8055 1
8057 1
8059 3
8060 2
8061 3
8063 1
8064 1
8065 2
8067 1
8068 2
8070 2
8071 2
8072 1
8073 2
8074 3
8075 2
8076 1
8077 1
8078 1
8079 1
8080 2
8081 1
8082 1
8085 1
8086 2
8087 1
8088 1
8089 1
8090 3
8091 2
8092 2
8093 2
8094 2
8096 2
8097 3
8098 1
8099 3
8100 1
8102 1
8103 1
8104 1
8106 1
8107 1
8108 2
8110 1
8111 1
8112 1
8113 1
8114 3
8117 2
8118 4
8119 1
8120 1
8121 2
8123 1
8124 3
8125 2
8127 3
8129 2
8131 1
8132 1
8133 2
8135 2
8137 4
8138 1
8139 3
8140 2
8141 2
8142 1
8143 5
8145 2
8146 1
8148 2
8149 2
8150 2
8151 2
8152 2
8153 1
8154 3
8157 1
8158 2
8160 3
8162 1
8164 4
8166 3
8168 5
8170 4
8171 2
8172 3
8173 1
8174 2
8175 3
8176 3
8177 3
8178 1
8179 2
8180 2
8181 2
8182 2
8183 2
8184 1
8187 2
8189 3
8191 3
8192 1
8193 4
8195 2
8196 1
8197 5
8199 2
8200 1
8201 3
8202 1
8203 2
8204 2
8205 2
8206 1
8207 1
8208 1
8209 1
8210 2
8212 1
8215 1
8216 1
8217 1
8218 3
8219 1
8220 3
8221 3
8222 3
8223 1
8224 3
8225 3
8226 2
8227 2
8228 2
8230 2
8231 1
8232 1
8233 2
8234 1
8237 1
8238 1
8240 1
8242 2
8243 2
8244 2
8247 1
8248 2
8249 2
8251 3
8252 1
8253 2
8254 1
8255 2
8256 2
8257 1
8258 1
8259 1
8260 1
8262 1
8265 2
8267 3
8268 1
8269 2
8271 3
8272 1
8273 1
8274 1
8275 1
8276 1
8277 2
8278 2
8280 1
8281 2
8282 1
8284 3
8290 1
8292 1
8294 2
8295 1
8296 3
8298 3
8299 1
8300 3
8302 2
8303 2
8304 1
8305 4
8306 2
8307 1
8309 2
8310 2
8311 1
8313 1
8315 3
8317 2
8319 1
8321 4
8323 3
8324 1
8325 2
8326 1
8327 4
8328 1
8332 1
8334 3
8335 1
8336 3
8338 1
8339 1
8340 2
8342 1
8343 2
8344 1
8345 1
8346 2
8347 1
8348 5
8349 3
8350 3
8352 4
8354 3
8355 2
8356 1
8357 1
8359 1
8360 2
8361 1
8363 2
8367 1
8368 1
8369 3
8371 1
8372 2
8374 1
8375 1
8377 2
8378 2
8379 2
8380 2
8381 3
8382 1
8383 2
8384 1
8385 1
8386 1
8387 3
8388 1
8390 2
8392 2
8393 2
8395 3
8396 1
8397 1
8398 2
8399 3
8400 1
8401 1
8402 3
8406 2
8407 2
8408 2
8410 1
8416 2
8418 1
8419 1
8420 1
8422 1
8424 4
8425 1
8426 4
8427 3
8428 3
8429 2
8430 3
8431 1
8432 2
8433 3
8434 1
8435 2
8437 2
8439 2
8441 2
8443 1
8444 1
8445 2
8446 1
8447 2
8449 2
8450 1
8451 3
8452 2
8453 3
8454 2
8455 1
8456 2
8457 3
8458 1
8459 2
8460 3
8461 1
8462 1
8463 2
8464 2
8465 1
8466 3
8468 1
8469 1
8470 4
8471 2
8472 4
8473 1
8476 4
8477 1
8478 4
8479 1
8480 3
8481 3
8482 2
8483 1
8484 3
8485 4
8486 1
8487 2
8488 1
8490 2
8491 1
8493 3
8495 1
8496 1
8497 2
8498 1
8499 3
8500 1
8501 1
8502 2
8503 2
8504 1
8505 2
8506 1
8507 3
8508 3
8509 5
8510 3
8511 2
8512 1
8513 3
8514 2
8515 1
8516 2
8517 2
8519 1
8520 1
8522 2
8523 1
8524 1
8525 2
8526 1
8527 1
8528 3
8529 2
8530 1
8531 2
8532 3
8534 2
8535 1
8536 1
8537 1
8538 1
8540 2
8542 2
8543 1
8544 2
8546 2
8548 1
8549 1
8550 3
8551 1
8552 3
8553 2
8554 4
8555 3
8556 2
8557 2
8559 2
8560 3
8561 2
8563 3
8564 1
8565 1
8569 1
8571 3
8573 2
8575 5
8577 2
8579 1
8581 2
8582 1
8583 1
8584 2
8585 1
8586 2
8587 3
8588 1
8589 1
8590 2
8592 1
8593 1
8594 2
8596 2
8598 3
8599 3
8600 3
8602 3
8603 2
8604 4
8606 3
8607 2
8608 3
8610 3
8611 2
8614 2
8615 1
8617 2
8623 2
8625 2
8627 2
8628 1
8629 5
8630 1
8631 2
8632 4
8633 3
8634 1
8635 3
8636 3
8637 3
8638 3
8639 1
8641 1
8642 2
8643 2
8644 2
8646 1
8647 1
8649 1
8650 1
8651 1
8653 3
8654 2
8655 2
8656 2
8658 3
8660 3
8663 1
8664 1
8665 1
8666 1
8667 1
8668 1
8669 2
8670 1
8672 1
8674 2
8675 1
8676 3
8677 1
8678 1
8679 2
8680 2
8681 2
8682 4
8683 1
8684 2
8685 2
8686 1
8687 2
8688 3
8689 1
8690 1
8691 1
8693 1
8694 2
8696 1
8697 1
8699 2
8700 1
8701 1
8702 1
8705 1
8707 3
8710 3
8711 1
8712 1
8713 1
8714 3
8715 1
8716 3
8717 2
8719 2
8720 2
8721 1
8722 2
8725 1
8726 4
8728 3
8729 1
8731 1
8732 4
8733 2
8734 3
8735 3
8736 2
8737 2
8738 2
8739 1
8741 3
8743 3
8745 3
8746 1
8747 4
8749 1
8751 1
8753 3
8754 2
8755 1
8756 2
8757 2
8758 2
8759 5
8760 3
8761 1
8762 2
8763 2
8764 3
8765 2
8766 3
8767 2
8768 2
8770 2
8771 1
8772 4
8773 1
8774 3
8775 1
8776 4
8777 1
8778 2
8779 2
8780 3
8782 2
8783 2
8784 4
8785 1
8786 1
8787 1
8788 4
8789 2
8790 2
8791 1
8792 1
8793 3
8794 1
8795 2
8796 1
8797 3
8799 3
8800 2
8801 1
8802 1
8803 2
8804 3
8805 3
8806 1
8807 2
8808 1
8809 3
8810 4
8811 3
8812 2
8813 4
8815 3
8816 2
8817 2
8818 2
8819 1
8820 1
8821 1
8823 1
8824 1
8825 1
8826 3
8827 1
8828 1
8829 2
8830 1
8831 2
8832 1
8833 1
8834 2
8835 2
8836 2
8837 3
8838 3
8839 2
8840 2
8841 2
8842 2
8843 2
8844 2
8845 1
8846 1
8847 1
8848 2
8850 3
8852 2
8854 3
8856 3
8857 2
8858 3
8859 3
8860 3
8861 2
8862 4
8863 2
8864 3
8865 1
8866 1
8867 2
8868 1
8871 1
8873 3
8875 1
8877 3
8878 1
8879 3
8881 1
8882 1
8883 4
8885 3
8886 1
8887 4
8888 3
8889 4
8890 2
8891 4
8892 2
8893 2
8894 2
8895 2
8896 1
8897 1
8898 1
8900 1
8902 2
8903 1
8904 3
8906 3
8907 1
8908 3
8910 3
8911 2
8912 1
8913 2
8914 2
8916 3
8917 2
8918 3
8919 4
8920 3
8922 1
8923 2
8925 2
8926 1
8927 1
8928 1
8929 2
8931 3
8932 1
8933 2
8934 2
8935 4
8937 4
8938 1
8939 1
8940 2
8941 2
8942 4
8943 2
8944 3
8945 2
8946 1
8947 1
8948 2
8951 1
8952 1
8953 1
8954 2
8955 1
8956 2
8957 2
8960 2
8961 1
8962 3
8963 3
8964 2
8966 2
8967 2
8968 2
8969 1
8970 2
8971 1
8972 1
8973 1
8974 1
8975 2
8976 1
8977 1
8978 2
8980 2
8981 1
8982 2
8983 1
8984 1
8985 2
8986 2
8987 1
8988 2
8989 2
8991 4
8992 2
8995 1
8996 1
8998 1
8999 1
9001 2
9002 1
9003 4
9007 4
9009 3
9010 2
9011 1
9013 3
9014 1
9015 2
9016 2
9017 1
9018 2
9019 1
9020 3
9021 2
9022 3
9024 2
9025 1
9026 1
9027 1
9028 1
9030 1
9032 3
9034 5
9035 2
9036 3
9037 1
9038 4
9040 2
9041 1
9042 2
9043 2
9044 1
9045 2
9046 4
9047 2
9049 4
9052 1
9053 3
9054 1
9055 4
9057 1
9059 1
9060 1
9061 4
9062 1
9063 5
9064 3
9065 4
9066 3
9067 4
9068 3
9069 2
9070 2
9071 2
9072 2
9073 1
9074 2
9076 3
9077 1
9078 3
9079 1
9080 1
9081 2
9082 1
9084 1
9085 2
9086 3
9088 4
9089 1
9090 1
9091 2
9092 7
9093 3
9094 3
9096 3
9097 1
9098 3
9099 3
9100 2
9101 1
9102 1
9103 1
9104 1
9105 3
9106 1
9107 2
9108 2
9110 4
9111 2
9112 2
9113 2
9114 1
9115 3
9116 3
9117 4
9118 1
9119 3
9120 2
9121 4
9122 1
9123 2
9125 2
9126 1
9127 2
9128 1
9129 1
9131 1
9132 1
9133 1
9135 2
9136 1
9137 4
9138 2
9139 3
9140 2
9141 1
9142 2
9143 4
9144 1
9145 4
9146 5
9147 2
9148 3
9149 2
9150 2
9151 2
9152 3
9154 2
9155 1
9156 2
9157 1
9158 3
9160 2
9162 3
9163 2
9164 3
9166 4
9167 3
9168 2
9169 2
9170 4
9171 3
9172 2
9173 2
9175 1
9176 2
9177 2
9179 4
9181 2
9182 1
9183 4
9184 2
9185 2
9186 1
9187 1
9188 1
9189 4
9190 3
9191 3
9192 2
9193 4
9194 3
9195 7
9196 1
9197 2
9198 2
9199 3
9200 3
9201 1
9202 2
9204 1
9205 1
9206 4
9207 1
9208 1
9210 3
9211 2
9212 4
9214 2
9215 2
9216 3
9217 1
9218 2
9219 1
9220 3
9221 2
9222 3
9223 2
9224 2
9226 3
9227 2
9228 2
9229 2
9230 2
9231 1
9232 1
9233 2
9234 1
9235 2
9236 2
9237 3
9238 4
9239 2
9240 2
9241 4
9242 1
9243 4
9244 1
9245 3
9246 3
9247 1
9249 4
9250 1
9251 2
9252 2
9253 1
9255 1
9257 1
9258 1
9259 1
9261 2
9262 1
9263 1
9264 2
9265 1
9267 4
9268 1
9269 2
9270 2
9271 3
9272 2
9273 5
9274 1
9275 2
9276 2
9277 1
9278 1
9280 3
9282 2
9284 3
9285 2
9286 1
9288 1
9289 1
9290 5
9292 2
9293 1
9294 2
9295 1
9296 4
9297 2
9299 1
9300 2
9302 2
9303 1
9305 1
9309 2
9311 3
9313 2
9314 1
9315 4
9317 1
9318 3
9319 4
9320 1
9321 3
9322 3
9323 4
9324 3
9325 2
9326 1
9327 3
9328 2
9329 2
9330 4
9336 3
9339 1
9340 2
9341 1
9342 3
9344 2
9346 2
9347 1
9348 1
9349 3
9350 3
9351 3
9352 3
9353 2
9354 3
9355 5
9356 3
9357 1
9358 2
9360 1
9361 3
9362 2
9363 2
9365 3
9366 2
9367 4
9368 2
9370 1
9371 2
9372 3
9373 4
9374 3
9375 2
9376 3
9377 1
9378 1
9379 2
9380 5
9381 1
9382 3
9383 2
9384 1
9385 2
9386 1
9387 1
9388 1
9392 2
9393 3
9394 2
9395 2
9396 3
9397 2
9398 3
9399 3
9400 2
9401 3
9402 2
9403 3
9404 2
9405 4
9406 1
9407 1
9408 2
9409 2
9410 1
9411 1
9412 2
9413 1
9414 2
9415 1
9416 1
9418 3
9419 2
9420 4
9421 2
9423 3
9424 2
9425 1
9426 2
9427 3
9429 3
9430 2
9431 2
9432 1
9433 4
9434 1
9435 2
9437 1
9438 1
9439 4
9440 1
9441 2
9442 2
9443 2
9444 2
9445 6
9446 2
9447 2
9448 2
9449 2
9450 4
9451 2
9452 2
9453 2
9454 2
9455 2
9456 4
9457 1
9458 2
9459 1
9460 3
9462 3
9464 1
9465 1
9466 3
9468 2
9470 6
9472 4
9473 2
9474 5
9475 1
9476 3
9477 3
9478 3
9479 4
9480 1
9481 3
9482 3
9483 4
9484 1
9485 4
9486 1
9487 2
9488 1
9489 2
9490 1
9491 3
9493 4
9494 2
9495 4
9496 3
9497 3
9498 2
9499 7
9501 3
9502 3
9503 5
9504 1
9505 1
9506 1
9508 1
9509 1
9510 3
9511 1
9512 4
9514 1
9515 1
9516 2
9517 2
9518 2
9519 1
9520 2
9521 1
9522 3
9523 3
9524 5
9525 3
9526 3
9527 5
9528 5
9529 1
9530 3
9531 2
9532 1
9533 3
9534 2
9535 1
9536 2
9537 1
9538 1
9539 3
9540 2
9542 2
9543 1
9544 1
9545 4
9546 2
9547 1
9548 2
9549 2
9550 2
9551 1
9553 3
9554 1
9555 2
9556 1
9557 3
9558 1
9559 3
9560 2
9561 1
9562 2
9563 2
9564 2
9565 2
9566 1
9568 1
9569 2
9570 1
9571 3
9572 1
9573 3
9574 3
9575 3
9576 1
9577 4
9578 1
9579 2
9580 2
9581 2
9582 1
9583 3
9584 2
9586 3
9588 1
9589 1
9590 1
9592 1
9594 1
9596 1
9598 1
9599 2
9600 3
9601 1
9602 4
9603 1
9604 3
9605 3
9606 3
9607 2
9608 2
9609 2
9610 1
9611 4
9612 2
9613 2
9615 2
9616 1
9617 4
9618 1
9619 1
9620 1
9621 2
9623 4
9625 1
9626 1
9627 3
9628 3
9629 4
9630 3
9631 1
9633 1
9634 1
9636 1
9638 4
9640 3
9642 4
9643 1
9644 1
9645 2
9646 2
9647 1
9648 3
9649 3
9650 2
9651 1
9652 2
9653 1
9654 5
9655 3
9656 3
9657 2
9658 1
9659 2
9660 3
9661 2
9662 2
9663 3
9664 1
9665 1
9666 1
9669 4
9671 4
9672 1
9673 2
9674 2
9675 2
9677 3
9678 1
9681 2
9682 2
9683 3
9684 4
9685 2
9686 1
9687 2
9688 3
9689 3
9690 2
9692 1
9693 3
9694 1
9695 1
9696 2
9698 1
9699 3
9700 4
9701 3
9702 4
9703 2
9704 2
9705 3
9706 3
9707 3
9708 3
9710 1
9711 1
9712 2
9713 2
9714 1
9716 1
9718 2
9720 2
9721 1
9722 1
9723 1
9724 2
9725 1
9726 1
9727 1
9728 5
9729 3
9730 3
9731 3
9732 4
9733 2
9734 2
9735 3
9737 2
9738 1
9739 3
9740 1
9741 2
9743 3
9745 3
9746 2
9747 3
9748 1
9749 4
9750 1
9751 3
9752 2
9753 4
9754 4
9755 2
9756 2
9757 2
9758 2
9759 2
9760 2
9761 1
9762 4
9763 1
9764 1
9765 1
9766 3
9767 2
9768 2
9771 1
9772 5
9773 1
9774 4
9775 2
9776 2
9777 2
9778 8
9779 1
9780 3
9781 1
9782 4
9783 3
9784 5
9785 4
9786 4
9787 4
9788 1
9789 3
9790 3
9791 3
9792 2
9793 2
9794 1
9795 1
9796 1
9797 2
9798 2
9799 3
9801 3
9802 2
9803 4
9804 1
9805 3
9806 3
9807 4
9808 2
9809 2
9810 1
9811 3
9812 3
9813 3
9814 3
9815 4
9816 1
9817 1
9818 3
9819 3
9820 2
9821 2
9822 2
9823 3
9824 2
9825 1
9826 2
9827 1
9828 3
9829 5
9830 2
9831 4
9832 5
9833 1
9834 4
9835 3
9836 2
9837 3
9838 2
9840 1
9841 2
9842 1
9843 1
9844 2
9845 1
9846 4
9847 1
9848 2
9849 2
9850 2
9851 1
9852 4
9853 1
9854 1
9855 2
9856 4
9857 3
9858 3
9859 2
9861 3
9862 2
9863 3
9865 4
9866 2
9867 3
9868 1
9869 3
9870 2
9872 2
9873 3
9875 5
9876 2
9877 3
9878 2
9879 3
9880 1
9881 5
9883 1
9884 1
9885 1
9886 2
9887 1
9888 3
9889 1
9890 2
9891 1
9892 4
9893 1
9894 1
9895 1
9896 3
9897 1
9898 4
9900 1
9902 4
9904 3
9905 2
9906 4
9907 1
9908 4
9909 2
9910 4
9911 1
9912 3
9913 3
9914 1
9915 1
9916 2
9917 2
9919 5
9920 1
9921 2
9922 1
9923 2
9924 1
9925 1
9927 3
9929 4
9930 1
9931 5
9932 2
9933 2
9934 2
9935 6
9936 1
9937 3
9938 4
9939 3
9940 1
9941 2
9943 1
9944 3
9946 1
9948 4
9949 2
9950 4
9951 1
9953 2
9955 2
9956 3
9957 3
9958 4
9959 3
9960 3
9961 1
9962 4
9963 3
9964 3
9965 1
9966 4
9968 1
9969 1
9970 1
9971 2
9972 1
9973 1
9975 2
9976 3
9977 1
9978 1
9980 2
9981 3
9982 3
9983 1
9984 1
9985 1
9986 2
9987 3
9988 4
9989 3
9990 2
9991 4
9992 2
9993 3
9994 2
9995 2
9996 1
9997 2
10000 1
10001 3
10002 2
10003 2
10004 1
10005 3
10006 1
10007 2
10008 1
10009 4
10010 1
10011 2
10012 3
10013 3
10014 1
10015 1
10016 5
10017 1
10018 1
10019 1
10020 1
10021 1
10022 4
10026 1
10027 1
10028 3
10030 1
10031 1
10032 2
10033 2
10034 4
10035 2
10036 3
10037 3
10038 6
10039 2
10040 5
10041 5
10042 2
10043 2
10044 1
10045 1
10047 3
10048 1
10049 3
10051 2
10052 1
10053 3
10055 3
10056 1
10057 1
10058 3
10059 4
10060 2
10061 3
10062 4
10063 1
10064 2
10065 4
10066 5
10067 2
10068 4
10069 2
10070 3
10071 1
10072 2
10073 2
10074 3
10076 2
10077 1
10078 4
10079 3
10080 4
10081 3
10082 4
10083 1
10084 4
10085 4
10086 3
10087 3
10088 1
10089 1
10090 4
10091 4
10092 3
10093 2
10094 3
10095 5
10096 1
10097 1
10098 1
10099 3
10101 4
10102 2
10103 1
10104 1
10105 3
10106 3
10107 4
10109 3
10110 3
10111 3
10112 4
10113 2
10114 1
10115 2
10116 5
10117 3
10118 4
10119 4
10120 3
10121 3
10122 3
10123 4
10124 2
10125 3
10126 1
10127 1
10128 3
10129 1
10130 3
10131 4
10132 2
10133 3
10134 2
10135 2
10136 3
10137 2
10138 3
10139 3
10140 3
10141 3
10142 3
10143 1
10144 2
10145 2
10146 3
10147 1
10148 2
10149 1
10150 1
10151 1
10152 2
10153 1
10154 2
10156 4
10157 1
10158 3
10159 2
10160 4
10161 1
10162 5
10163 4
10164 4
10165 4
10166 4
10167 3
10168 4
10169 4
10170 2
10171 2
10172 1
10173 2
10174 1
10175 2
10177 1
10179 3
10180 1
10181 3
10182 1
10183 2
10184 2
10185 7
10187 2
10188 1
10189 4
10190 1
10191 3
10192 2
10193 2
10194 3
10195 3
10196 3
10197 2
10198 3
10199 1
10200 2
10201 2
10202 1
10203 1
10204 2
10206 3
10208 5
10209 2
10210 5
10211 1
10212 4
10213 4
10214 4
10215 1
10216 3
10217 1
10218 3
10219 4
10220 2
10221 3
10222 3
10223 2
10224 2
10225 5
10226 1
10228 2
10231 3
10233 1
10235 2
10236 1
10237 4
10238 1
10239 4
10240 2
10241 3
10242 2
10243 4
10244 2
10245 3
10246 6
10247 4
10248 4
10249 1
10250 3
10251 3
10252 3
10253 1
10254 1
10255 1
10256 2
10257 2
10258 2
10259 1
10261 1
10262 2
10263 3
10264 3
10265 1
10266 2
10267 2
10268 3
10269 3
10270 3
10272 2
10273 1
10274 1
10275 2
10276 2
10277 2
10278 1
10279 1
10280 1
10281 1
10282 1
10283 1
10284 2
10285 2
10286 2
10287 1
10288 3
10289 2
10290 4
10291 4
10292 2
10293 4
10294 2
10295 3
10296 2
10297 3
10298 3
10299 1
10300 1
10301 2
10302 1
10303 1
10304 2
10305 1
10308 1
10309 3
10310 1
10311 2
10313 4
10315 3
10316 1
10319 1
10320 2
10321 1
10322 4
10323 1
10324 4
10325 1
10326 3
10327 1
10328 4
10329 1
10330 2
10331 2
10332 1
10333 1
10334 2
10335 1
10336 4
10337 3
10338 3
10339 1
10340 5
10341 2
10342 4
10343 1
10344 1
10345 2
10346 2
10347 2
10348 3
10349 3
10351 3
10352 1
10355 4
10357 3
10359 2
10360 1
10361 2
10363 2
10365 2
10366 2
10367 6
10368 4
10369 6
10370 5
10371 2
10372 2
10373 3
10374 4
10375 2
10376 4
10378 3
10379 1
10380 3
10381 2
10382 3
10384 2
10385 2
10386 3
10387 2
10388 4
10389 1
10390 3
10391 3
10392 3
10393 2
10394 5
10395 1
10396 2
10397 1
10398 6
10399 1
10400 2
10401 1
10402 2
10403 1
10404 1
10405 3
10406 2
10407 4
10408 1
10409 1
10410 1
10411 3
10412 3
10413 3
10414 5
10415 2
10416 2
10417 3
10418 3
10419 4
10420 4
10421 3
10422 2
10423 5
10424 1
10425 3
10426 3
10427 3
10428 1
10429 4
10430 1
10431 3
10432 2
10434 2
10435 2
10437 3
10438 1
10439 2
10440 3
10441 2
10442 1
10443 2
10444 2
10445 3
10446 1
10447 1
10448 4
10449 3
10450 3
10451 4
10452 5
10453 2
10454 3
10455 2
10456 1
10457 2
10458 5
10459 1
10460 3
10461 2
10462 1
10463 1
10464 5
10466 4
10467 1
10468 3
10469 3
10470 4
10471 2
10472 4
10473 6
10474 2
10475 3
10476 2
10477 2
10478 2
10479 2
10481 3
10483 2
10484 1
10485 4
10487 2
10488 1
10489 1
10490 2
10491 3
10492 2
10493 2
10494 2
10495 4
10496 4
10497 5
10498 3
10499 3
10500 3
10501 5
10502 4
10503 2
10504 4
10505 4
10506 2
10507 1
10508 3
10510 2
10511 1
10512 4
10513 2
10514 4
10515 2
10516 3
10517 3
10518 4
10520 3
10521 2
10522 2
10523 2
10524 2
10525 1
10526 2
10527 4
10528 2
10529 2
10530 2
10531 3
10532 3
10533 3
10534 2
10535 3
10536 1
10537 2
10538 2
10539 2
10540 3
10541 4
10542 3
10543 4
10544 2
10545 3
10546 1
10547 4
10548 3
10549 3
10550 1
10551 5
10552 3
10553 1
10554 1
10555 3
10556 3
10557 1
10558 4
10559 2
10561 2
10563 1
10564 3
10565 1
10566 1
10567 2
10568 1
10569 1
10570 3
10571 2
10572 2
10573 4
10574 4
10575 3
10576 3
10577 2
10578 3
10579 3
10580 3
10581 1
10582 2
10583 1
10584 3
10585 2
10586 2
10588 3
10590 2
10591 1
10592 3
10594 3
10595 3
10596 4
10597 3
10598 2
10599 3
10600 1
10601 2
10602 3
10603 1
10605 4
10609 1
10611 2
10613 1
10615 3
10617 7
10618 1
10619 2
10620 3
10621 5
10623 5
10624 3
10625 4
10626 3
10627 2
10628 1
10629 3
10630 4
10631 1
10632 3
10634 2
10635 2
10636 2
10638 1
10640 1
10641 1
10642 3
10643 1
10644 3
10646 4
10648 5
10649 2
10650 1
10651 2
10652 3
10653 1
10654 1
10655 2
10656 3
10657 5
10658 3
10659 1
10660 1
10661 2
10662 2
10663 3
10664 1
10665 1
10666 1
10667 4
10668 2
10669 3
10670 2
10671 1
10672 1
10673 5
10674 4
10675 5
10676 3
10677 5
10678 3
10679 3
10680 3
10681 2
10682 4
10684 2
10685 1
10686 3
10687 3
10688 2
10689 2
10690 1
10691 1
10692 1
10693 1
10694 1
10695 4
10697 1
10698 2
10699 3
10700 4
10701 3
10702 5
10703 3
10704 2
10705 3
10706 4
10707 2
10708 4
10709 2
10710 1
10711 2
10712 1
10713 3
10714 4
10715 2
10716 2
10717 1
10718 3
10719 1
10720 5
10721 2
10722 2
10723 2
10724 5
10725 1
10726 4
10727 3
10729 4
10730 2
10731 3
10732 1
10733 2
10734 1
10735 3
10736 2
10737 1
10738 1
10739 2
10740 2
10741 5
10742 1
10743 1
10744 1
10745 4
10746 2
10747 4
10748 3
10749 2
10750 2
10751 5
10752 4
10753 3
10754 2
10755 2
10756 4
10757 2
10758 3
10759 3
10760 4
10761 2
10762 4
10763 1
10764 3
10765 2
10766 2
10767 2
10768 3
10770 4
10771 1
10772 3
10773 1
10774 3
10775 1
10776 5
10777 3
10778 4
10779 2
10780 3
10781 4
10782 1
10783 3
10784 3
10785 4
10787 5
10788 1
10789 3
10790 1
10791 4
10792 2
10793 5
10795 3
10796 2
10797 2
10798 4
10799 3
10800 3
10801 5
10802 4
10803 5
10804 5
10805 5
10806 3
10807 3
10808 3
10809 4
10810 1
10811 1
10812 2
10814 4
10816 4
10817 1
10818 3
10819 2
10820 3
10821 2
10822 1
10823 2
10824 4
10825 3
10826 5
10827 2
10828 2
10829 4
10830 7
10831 3
10832 4
10833 2
10834 3
10835 3
10836 3
10837 2
10838 2
10839 2
10840 1
10841 2
10842 1
10843 2
10844 2
10845 3
10846 3
10847 3
10848 4
10849 3
10850 3
10851 3
10852 3
10853 3
10854 3
10855 5
10856 1
10857 2
10858 2
10859 5
10860 3
10861 3
10862 1
10863 1
10864 1
10865 2
10866 2
10867 2
10868 1
10869 1
10870 2
10871 3
10872 1
10873 2
10874 1
10875 3
10876 3
10877 3
10878 3
10879 4
10880 1
10881 5
10882 2
10883 5
10884 4
10885 3
10886 3
10887 2
10888 1
10889 1
10890 2
10892 3
10894 3
10895 1
10896 3
10898 2
10899 1
10900 1
10901 2
10902 2
10903 1
10904 5
10905 4
10906 3
10907 3
10908 4
10909 2
10910 2
10911 2
10912 1
10913 2
10914 2
10915 1
10917 2
10919 3
10920 1
10921 2
10922 2
10923 3
10924 1
10925 3
10926 1
10927 2
10928 2
10929 4
10930 3
10931 3
10932 5
10933 5
10934 1
10935 2
10936 2
10937 3
10938 2
10939 1
10940 1
10942 1
10943 1
10944 5
10945 1
10948 2
10949 2
10950 5
10951 2
10952 2
10953 1
10954 3
10955 2
10956 3
10957 1
10958 1
10959 3
10960 1
10961 4
10962 4
10963 2
10964 3
10965 2
10966 2
10967 2
10968 2
10969 2
10970 1
10971 2
10973 2
10974 2
10975 5
10976 5
10977 3
10978 1
10979 4
10980 2
10981 3
10982 1
10983 2
10984 3
10986 3
10987 3
10988 2
10989 2
10990 5
10991 1
10993 1
10994 2
10995 2
10996 3
10997 2
10998 1
10999 2
11001 1
11002 3
11003 1
11004 2
11005 4
11006 3
11007 3
11008 5
11009 3
11010 3
11011 3
11012 1
11013 4
11014 3
11015 3
11016 1
11017 1
11018 2
11019 2
11020 2
11022 3
11023 3
11024 1
11026 3
11027 2
11028 3
11029 2
11030 2
11031 1
11032 1
11033 4
11034 6
11035 4
11037 3
11038 1
11039 1
11040 3
11041 2
11043 3
11044 1
11045 2
11046 1
11047 2
11048 1
11049 4
11051 4
11052 2
11053 4
11054 2
11055 3
11056 4
11057 3
11058 4
11059 4
11060 3
11061 2
11062 4
11063 1
11064 4
11065 1
11066 2
11067 2
11068 4
11069 1
11070 2
11073 2
11074 4
11076 3
11077 1
11078 3
11079 2
11080 6
11081 1
11082 3
11083 1
11084 5
11085 1
11086 4
11087 5
11088 5
11089 3
11090 2
11091 5
11092 2
11093 6
11094 1
11095 2
11096 3
11097 3
11098 3
11099 3
11100 2
11101 1
11103 4
11104 3
11105 5
11106 2
11107 2
11108 4
11109 5
11110 3
11111 3
11112 4
11113 5
11114 3
11115 2
11116 2
11117 3
11118 3
11119 1
11120 3
11121 2
11122 1
11123 3
11124 3
11125 3
11126 2
11127 2
11128 1
11129 1
11130 2
11131 4
11132 2
11133 2
11134 6
11135 4
11136 6
11137 5
11138 4
11139 3
11140 4
11141 5
11142 3
11143 4
11144 2
11146 2
11147 4
11148 2
11149 2
11150 2
11151 1
11152 4
11153 2
11154 2
11155 1
11156 4
11157 2
11158 4
11159 5
11160 1
11161 2
11162 2
11163 3
11164 2
11165 4
11167 4
11168 2
11169 3
11170 2
11171 5
11172 1
11173 2
11174 1
11175 1
11176 2
11177 2
11178 3
11179 4
11180 2
11181 5
11182 3
11183 5
11184 3
11185 2
11186 2
11187 5
11188 4
11189 1
11190 3
11191 2
11192 3
11193 2
11194 4
11196 1
11197 1
11198 3
11199 1
11200 4
11202 2
11203 2
11204 3
11206 2
11208 4
11209 2
11210 2
11211 2
11212 4
11213 3
11214 4
11215 3
11216 2
11217 4
11218 2
11219 3
11220 1
11221 4
11222 1
11223 3
11225 4
11226 3
11227 3
11228 1
11229 3
11230 1
11231 5
11232 2
11233 4
11234 3
11235 1
11236 1
11237 7
11238 2
11239 2
11240 3
11241 4
11242 1
11243 2
11244 2
11246 1
11248 1
11250 4
11252 3
11253 1
11254 3
11255 2
11256 4
11257 2
11258 2
11259 4
11260 4
11261 3
11262 4
11263 2
11264 5
11265 6
11266 4
11268 3
11269 2
11270 4
11271 3
11272 2
11273 1
11274 1
11276 1
11277 3
11278 2
11279 1
11281 2
11282 3
11283 5
11284 1
11285 2
11286 1
11287 3
11288 2
11291 4
11292 1
11293 2
11294 2
11295 3
11296 2
11297 5
11298 2
11299 1
11300 1
11301 2
11302 1
11303 6
11304 1
11306 2
11307 4
11308 2
11309 5
11310 1
11311 3
11312 3
11313 3
11314 3
11315 5
11316 3
11317 2
11318 4
11319 1
11320 1
11321 2
11322 3
11323 1
11324 4
11326 2
11328 2
11330 1
11332 1
11334 3
11335 1
11336 1
11337 2
11338 3
11339 1
11340 4
11341 2
11342 4
11343 6
11344 4
11345 2
11346 3
11347 2
11348 2
11349 3
11350 1
11351 3
11353 3
11354 1
11355 4
11356 1
11357 2
11359 3
11360 2
11361 5
11362 2
11363 3
11364 1
11365 3
11366 2
11367 3
11368 5
11369 1
11370 2
11371 2
11372 4
11373 2
11374 3
11375 2
11376 3
11378 1
11380 3
11381 3
11382 2
11383 2
11384 2
11385 3
11386 6
11387 4
11388 3
11389 2
11390 2
11391 3
11392 6
11393 2
11394 4
11395 3
11396 2
11397 6
11398 3
11399 2
11400 4
11401 5
11402 1
11403 3
11404 2
11406 3
11407 2
11408 2
11409 3
11410 1
11411 3
11412 3
11413 3
11414 1
11415 4
11416 3
11417 2
11418 4
11419 2
11420 3
11421 4
11422 4
11423 2
11424 4
11425 3
11426 5
11427 4
11428 2
11429 3
11430 1
11431 3
11432 3
11433 3
11434 2
11435 3
11436 2
11437 5
11438 5
11439 3
11440 4
11441 3
11442 3
11443 4
11444 4
11445 4
11446 3
11447 2
11448 2
11449 1
11450 2
11451 3
11452 2
11453 1
11454 2
11455 1
11456 2
11457 1
11458 3
11459 1
11460 3
11461 1
11462 4
11463 2
11464 4
11465 3
11466 5
11467 3
11468 5
11469 4
11470 5
11471 4
11472 1
11473 3
11474 1
11475 5
11476 2
11477 3
11478 1
11479 3
11480 1
11481 4
11482 1
11483 1
11484 3
11485 2
11486 3
11487 7
11488 1
11489 4
11490 2
11491 6
11492 2
11493 2
11494 1
11495 2
11496 1
11497 2
11498 3
11499 1
11500 4
11501 1
11502 3
11503 1
11504 3
11505 2
11506 3
11507 1
11509 1
11510 4
11511 1
11512 5
11513 2
11514 4
11515 4
11516 8
11517 1
11518 5
11519 2
11520 4
11521 4
11522 3
11523 2
11524 3
11525 3
11526 1
11527 5
11528 1
11529 1
11530 3
11531 2
11532 1
11533 2
11534 1
11535 1
11536 1
11537 1
11538 1
11539 2
11540 1
11541 5
11542 1
11543 3
11544 3
11545 7
11546 3
11547 4
11548 3
11549 3
11550 1
11551 2
11552 4
11553 4
11554 3
11556 1
11557 2
11558 4
11559 3
11560 2
11561 2
11562 1
11563 2
11564 3
11565 3
11566 1
11567 4
11568 1
11569 4
11570 6
11571 3
11572 4
11573 1
11574 2
11576 2
11578 1
11579 2
11580 1
11581 2
11582 2
11583 1
11584 3
11585 1
11586 1
11587 2
11588 2
11589 1
11590 5
11591 3
11592 2
11593 1
11594 3
11595 3
11596 4
11597 2
11598 2
11599 2
11600 2
11601 4
11602 2
11603 3
11604 3
11605 3
11606 2
11607 2
11608 1
11610 3
11611 2
11612 1
11613 3
11614 1
11615 4
11616 1
11617 3
11618 2
11619 3
11621 1
11623 2
11624 1
11625 2
11626 4
11627 1
11628 3
11629 1
11630 5
11631 2
11632 1
11633 1
11634 2
11635 2
11636 3
11637 1
11638 1
11640 1
11641 3
11642 4
11643 3
11644 3
11645 1
11646 2
11647 2
11648 5
11649 3
11650 3
11651 3
11652 1
11653 1
11654 3
11655 2
11657 4
11659 2
11660 1
11661 3
11662 2
11663 1
11665 2
11666 1
11667 1
11669 4
11670 4
11671 3
11672 4
11673 4
11674 3
11675 3
11676 5
11678 2
11679 2
11680 3
11681 2
11682 4
11683 1
11684 3
11686 2
11687 3
11688 5
11689 1
11690 4
11691 3
11692 2
11693 4
11694 3
11695 4
11696 4
11697 2
11698 2
11699 2
11700 3
11701 2
11702 2
11703 2
11704 4
11705 2
11706 1
11707 1
11708 2
11709 3
11711 2
11712 1
11713 4
11714 2
11715 3
11716 3
11717 2
11718 2
11719 5
11720 5
11721 4
11722 1
11723 2
11724 3
11725 4
11726 6
11727 4
11728 2
11729 4
11730 2
11731 4
11732 4
11733 3
11734 2
11735 4
11736 1
11737 2
11739 3
11740 2
11741 1
11742 2
11743 2
11744 4
11745 3
11746 2
11747 3
11748 3
11749 3
11750 4
11751 2
11752 2
11753 2
11754 6
11755 2
11756 3
11757 1
11758 1
11759 2
11760 4
11762 2
11763 1
11764 4
11765 2
11766 4
11767 1
11768 2
11769 1
11770 5
11771 3
11772 4
11773 6
11774 5
11775 4
11776 5
11777 3
11778 4
11779 6
11780 1
11781 1
11782 2
11783 2
11784 1
11785 2
11786 1
11787 3
11789 2
11790 2
11791 3
11793 4
11794 3
11795 3
11796 3
11797 3
11798 3
11799 4
11800 4
11801 2
11802 2
11803 4
11804 4
11805 2
11806 4
11807 3
11808 3
11809 3
11810 3
11811 3
11812 1
11813 1
11814 4
11815 1
11816 3
11817 4
11818 3
11819 3
11820 6
11821 1
11822 6
11823 4
11824 2
11825 3
11826 2
11827 2
11828 2
11829 5
11830 1
11831 1
11832 3
11833 6
11834 3
11835 2
11836 1
11837 3
11838 3
11839 3
11840 2
11841 1
11842 2
11843 2
11844 3
11845 3
11846 1
11847 4
11848 3
11849 4
11850 3
11851 3
11852 1
11853 4
11854 5
11855 2
11856 3
11857 5
11858 3
11859 1
11860 4
11861 4
11862 2
11863 2
11864 1
11865 3
11866 2
11867 2
11868 2
11869 3
11870 2
11871 3
11872 2
11873 4
11874 3
11875 1
11876 4
11877 3
11878 4
11879 4
11880 4
11881 1
11882 1
11883 1
11884 2
11885 2
11886 2
11887 1
11888 1
11889 2
11890 4
11891 2
11892 3
11894 4
11895 1
11896 2
11897 2
11898 4
11899 4
11900 4
11901 4
11902 2
11903 4
11904 3
11905 3
11906 1
11907 5
11908 2
11909 2
11911 2
11912 2
11914 1
11915 1
11917 4
11918 2
11919 3
11920 1
11921 1
11922 1
11923 8
11925 2
11926 2
11927 3
11928 1
11929 2
11930 2
11931 1
11932 4
11933 1
11934 2
11935 1
11936 5
11937 1
11938 5
11939 1
11940 1
11941 1
11942 2
11943 1
11944 3
11946 4
11947 1
11948 4
11950 5
11951 4
11952 3
11953 2
11954 3
11955 1
11956 2
11957 4
11958 2
11959 3
11960 1
11961 1
11962 1
11963 5
11964 1
11965 1
11968 2
11969 4
11970 1
11971 1
11973 2
11974 1
11975 3
11976 2
11977 6
11978 1
11979 5
11980 3
11981 5
11982 5
11983 5
11984 4
11985 1
11986 2
11988 3
11989 3
11990 3
11991 1
11992 2
11993 3
11994 2
11995 3
11996 1
11997 2
11999 2
12000 3
12001 5
12002 4
12003 1
12004 4
12005 2
12006 3
12007 3
12008 5
12009 1
12010 5
12011 1
12012 2
12013 1
12014 3
12015 2
12016 1
12017 1
12018 1
12019 2
12020 4
12021 3
12022 3
12023 3
12024 3
12026 6
12027 1
12028 3
12029 5
12030 1
12031 4
12032 3
12033 4
12034 2
12035 3
12036 3
12037 4
12038 1
12039 2
12040 1
12041 2
12042 2
12043 4
12044 1
12045 1
12046 1
12047 5
12048 2
12049 2
12051 5
12052 1
12053 5
12054 3
12055 1
12056 1
12057 3
12058 4
12059 2
12060 5
12061 3
12062 5
12063 1
12064 4
12065 2
12066 4
12067 2
12068 2
12069 2
12070 2
12071 2
12072 5
12073 2
12074 4
12076 4
12077 2
12078 5
12079 2
12080 5
12081 1
12082 4
12083 6
12084 2
12085 2
12086 2
12087 4
12089 3
12090 1
12091 1
12092 1
12093 3
12094 1
12095 3
12097 3
12098 3
12099 3
12100 2
12101 4
12102 2
12103 2
12104 5
12105 4
12106 5
12107 5
12108 4
12109 4
12110 4
12111 5
12112 3
12113 2
12114 3
12115 2
12116 3
12117 1
12118 2
12119 1
12120 3
12121 3
12122 3
12123 3
12124 3
12125 2
12126 7
12127 4
12128 3
12129 2
12130 3
12131 3
12132 4
12133 1
12134 2
12135 1
12136 4
12137 4
12138 2
12139 2
12140 3
12141 2
12142 1
12143 3
12144 2
12145 3
12146 2
12147 2
12148 2
12149 4
12150 4
12151 3
12152 5
12153 2
12154 5
12155 5
12156 4
12157 4
12158 2
12159 2
12160 3
12161 6
12162 3
12163 2
12164 2
12165 4
12166 2
12167 4
12168 1
12169 2
12170 1
12172 2
12173 4
12174 1
12175 2
12177 3
12178 2
12179 2
12180 2
12181 3
12182 2
12183 4
12184 3
12185 2
12186 4
12187 5
12188 3
12189 4
12190 3
12191 2
12192 3
12193 3
12194 2
12196 4
12198 4
12199 2
12200 2
12201 1
12202 3
12204 5
12205 2
12206 4
12207 3
12208 2
12209 3
12210 5
12211 5
12212 2
12213 2
12214 1
12215 1
12216 2
12217 1
12219 1
12221 1
12223 1
12225 2
12226 2
12227 3
12228 2
12229 3
12230 1
12231 4
12232 1
12233 4
12234 4
12235 5
12236 2
12237 3
12238 3
12239 5
12240 4
12241 1
12242 1
12243 3
12244 1
12245 2
12246 3
12250 3
12251 2
12252 3
12253 1
12254 2
12255 1
12256 4
12257 1
12258 3
12260 1
12261 1
12262 2
12263 2
12264 2
12265 4
12266 2
12267 2
12268 2
12269 2
12270 4
12271 3
12272 2
12273 2
12274 1
12276 3
12277 3
12278 3
12279 3
12280 2
12281 3
12282 4
12283 4
12284 2
12285 2
12286 1
12287 3
12288 3
12289 4
12290 4
12291 1
12292 2
12293 2
12294 1
12295 1
12296 4
12297 1
12299 3
12300 1
12301 3
12302 1
12303 1
12304 1
12305 1
12307 1
12308 2
12309 4
12310 4
12311 4
12312 4
12313 3
12314 2
12315 2
12316 4
12317 3
12318 2
12319 2
12320 2
12321 1
12322 2
12323 2
12324 1
12325 1
12326 2
12327 2
12328 3
12329 3
12330 3
12331 1
12332 3
12333 2
12334 4
12335 3
12336 2
12337 3
12339 3
12340 3
12341 2
12343 3
12346 2
12347 2
12348 1
12349 3
12351 1
12352 1
12353 2
12354 1
12355 7
12356 4
12357 3
12358 3
12359 4
12360 2
12361 5
12362 3
12363 1
12364 4
12365 2
12366 4
12367 2
12368 3
12369 1
12370 4
12371 1
12372 2
12373 2
12374 2
12376 3
12377 1
12378 2
12379 2
12380 3
12381 2
12382 3
12384 3
12385 1
12386 4
12388 2
12389 2
12390 4
12391 2
12392 2
12393 5
12394 3
12395 4
12396 1
12397 1
12398 1
12399 4
12400 2
12401 3
12402 2
12403 3
12404 1
12405 4
12406 3
12407 2
12408 2
12409 3
12410 4
12411 4
12412 5
12413 4
12414 5
12415 6
12416 2
12417 3
12418 3
12419 3
12420 2
12421 1
12422 1
12423 1
12424 1
12425 3
12426 2
12427 2
12428 1
12429 2
12430 2
12431 2
12432 2
12433 4
12434 2
12435 2
12436 3
12437 3
12438 4
12439 4
12440 6
12441 3
12442 4
12443 3
12444 4
12445 2
12446 5
12447 2
12448 2
12449 4
12450 2
12451 1
12452 3
12453 2
12454 3
12455 2
12456 4
12457 2
12458 5
12459 3
12460 3
12461 3
12462 5
12463 1
12464 3
12465 3
12467 2
12468 2
12469 4
12470 1
12471 3
12472 1
12473 5
12474 2
12475 2
12476 2
12477 2
12478 1
12479 4
12480 1
12481 2
12482 3
12483 4
12484 2
12485 4
12486 2
12487 2
12488 3
12489 4
12490 3
12491 3
12492 2
12493 5
12494 4
12495 2
12496 3
12497 2
12498 2
12499 3
12500 5
12501 1
12502 3
12503 1
12504 1
12505 2
12506 3
12508 3
12509 1
12510 1
12511 1
12512 2
12513 1
12514 2
12515 5
12516 3
12517 2
12518 3
12519 5
12520 3
12521 3
12522 2
12523 4
12524 1
12525 2
12526 1
12527 3
12528 1
12529 3
12530 1
12531 2
12532 2
12533 3
12534 2
12535 2
12536 4
12537 3
12538 3
12539 4
12540 3
12541 1
12542 2
12543 4
12544 3
12545 2
12546 3
12547 3
12548 1
12549 1
12552 2
12554 2
12555 1
12556 3
12557 1
12558 4
12559 3
12560 2
12561 3
12562 4
12563 3
12564 4
12565 3
12566 4
12567 4
12568 2
12569 1
12570 2
12571 3
12572 2
12573 3
12574 1
12575 2
12576 4
12577 3
12578 2
12579 1
12580 1
12582 1
12583 3
12584 3
12585 6
12586 1
12587 2
12588 2
12589 4
12590 3
12591 2
12592 1
12593 4
12594 1
12597 4
12598 3
12599 2
12600 2
12602 1
12603 4
12604 2
12605 2
12606 1
12607 1
12608 1
12609 6
12610 1
12611 1
12612 2
12613 1
12614 3
12615 4
12616 3
12617 3
12618 5
12619 3
12620 3
12621 4
12622 4
12623 2
12624 3
12626 1
12627 1
12628 3
12629 1
12630 3
12632 2
12634 3
12636 2
12637 1
12638 1
12639 3
12640 2
12641 2
12642 2
12643 4
12644 4
12645 4
12646 3
12647 2
12648 1
12649 4
12650 1
12651 2
12653 1
12654 1
12655 3
12656 1
12657 3
12659 3
12661 4
12662 2
12663 5
12664 1
12665 4
12666 2
12667 5
12668 4
12669 2
12670 3
12671 1
12672 2
12673 1
12674 3
12675 1
12676 3
12677 1
12678 2
12679 1
12680 1
12681 1
12682 4
12683 2
12686 2
12687 3
12688 6
12689 2
12690 3
12691 1
12692 4
12693 4
12694 4
12696 4
12697 2
12698 2
12699 4
12700 4
12701 3
12702 3
12703 3
12704 2
12705 2
12706 3
12707 3
12708 3
12709 2
12710 2
12711 2
12712 4
12713 2
12714 2
12715 2
12717 4
12718 4
12719 4
12720 2
12721 3
12722 3
12723 3
12724 3
12725 1
12726 2
12727 2
12728 5
12729 4
12730 1
12731 2
12732 2
12733 4
12734 3
12735 3
12736 1
12737 5
12739 5
12740 2
12741 3
12742 3
12743 3
12744 3
12745 4
12746 5
12747 4
12748 5
12749 2
12750 4
12751 3
12752 2
12753 3
12754 1
12755 1
12756 2
12757 3
12758 3
12759 1
12760 3
12761 1
12762 4
12764 3
12765 2
12766 6
12767 2
12768 3
12769 2
12770 3
12771 4
12772 5
12773 3
12774 1
12775 3
12776 2
12777 4
12778 1
12779 3
12780 1
12781 3
12782 2
12783 3
12784 2
12785 3
12786 2
12787 3
12788 2
12789 5
12790 2
12791 4
12792 2
12793 5
12794 3
12795 3
12796 4
12797 5
12799 2
12800 3
12801 2
12802 5
12803 1
12804 2
12806 4
12807 2
12808 3
12809 1
12811 2
12812 5
12813 2
12814 3
12816 1
12817 2
12818 6
12819 1
12820 4
12821 2
12822 5
12823 2
12824 4
12825 3
12826 4
12827 2
12828 2
12829 4
12831 4
12832 1
12833 2
12834 2
12835 4
12836 3
12837 3
12838 1
12840 3
12841 1
12842 2
12843 4
12844 1
12845 3
12846 4
12847 6
12848 3
12849 3
12850 3
12851 5
12853 3
12854 2
12855 3
12856 1
12859 1
12860 3
12861 1
12862 2
12863 2
12864 2
12865 3
12866 3
12867 3
12868 1
12869 4
12870 1
12871 3
12872 6
12873 4
12874 6
12875 4
12876 3
12878 5
12879 4
12880 3
12882 2
12884 2
12885 3
12886 2
12887 1
12890 4
12891 3
12892 4
12893 2
12894 2
12896 5
12897 5
12898 1
12900 1
12901 2
12902 2
12903 4
12904 1
12905 4
12907 3
12908 1
12909 3
12910 1
12911 3
12912 2
12913 1
12914 1
12915 2
12916 2
12917 5
12918 2
12919 4
12920 1
12921 5
12922 2
12923 3
12924 1
12925 4
12926 2
12927 2
12928 2
12929 3
12930 2
12931 1
12932 4
12936 2
12937 1
12938 4
12940 2
12941 1
12943 1
12944 2
12946 2
12947 3
12948 2
12949 3
12950 4
12951 3
12952 3
12954 3
12955 1
12956 4
12957 3
12958 1
12959 2
12961 2
12962 1
12963 2
12964 3
12965 3
12966 1
12967 1
12968 2
12969 3
12970 1
12971 3
12972 2
12974 1
12975 6
12976 4
12977 2
12978 2
12979 2
12981 2
12982 2
12984 2
12985 1
12986 2
12987 1
12988 2
12989 1
12990 2
12991 1
12992 2
12993 3
12994 3
12995 4
12996 3
12997 5
12998 2
12999 3
13000 3
13001 3
13002 3
13003 2
13004 2
13005 2
13006 3
13007 1
13008 4
13009 1
13010 2
13011 2
13012 1
13013 1
13014 1
13015 3
13016 2
13017 2
13018 2
13019 2
13020 3
13021 4
13022 3
13023 3
13025 3
13026 3
13027 1
13028 1
13029 4
13030 2
13031 1
13032 4
13033 2
13034 3
13035 5
13036 1
13037 2
13038 2
13039 4
13040 1
13041 5
13042 1
13044 2
13045 4
13046 3
13047 5
13048 1
13049 3
13050 4
13051 3
13052 3
13053 3
13054 5
13055 3
13056 4
13057 1
13058 1
13059 2
13060 2
13061 1
13062 3
13064 2
13065 1
13066 3
13067 1
13068 2
13069 1
13070 1
13072 3
13073 1
13074 2
13075 3
13076 4
13077 3
13078 5
13079 4
13080 3
13081 4
13082 4
13083 3
13084 3
13085 4
13086 1
13087 1
13088 2
13089 3
13090 1
13091 3
13092 1
13093 2
13094 1
13095 3
13096 1
13097 3
13098 2
13099 2
13100 4
13101 5
13102 1
13103 2
13104 1
13105 2
13106 3
13107 1
13108 2
13109 2
13110 3
13111 3
13112 4
13113 2
13114 2
13115 2
13116 1
13117 1
13118 1
13119 3
13120 3
13121 2
13122 3
13123 3
13124 6
13125 2
13126 3
13127 2
13128 3
13129 5
13130 4
13131 2
13132 4
13133 2
13134 2
13135 6
13136 1
13137 1
13138 3
13139 3
13140 3
13141 2
13142 2
13144 5
13145 1
13146 2
13147 1
13148 1
13149 1
13150 2
13151 2
13152 1
13153 3
13154 2
13155 4
13156 4
13157 3
13158 3
13159 5
13160 2
13161 2
13162 4
13163 3
13164 3
13165 2
13166 1
13167 5
13168 3
13169 3
13170 2
13171 3
13173 4
13174 2
13175 4
13176 2
13177 2
13178 3
13179 4
13180 4
13181 2
13182 2
13183 3
13184 2
13185 2
13186 3
13188 1
13189 1
13190 1
13191 1
13192 2
13193 1
13194 2
13195 1
13196 2
13197 1
13198 5
13199 1
13200 3
13201 4
13202 4
13203 2
13204 3
13205 4
13206 4
13207 4
13208 2
13209 3
13210 1
13211 4
13212 2
13213 5
13214 2
13215 1
13217 2
13218 2
13219 2
13220 1
13222 2
13223 3
13224 3
13225 4
13227 3
13228 1
13229 5
13230 1
13232 1
13234 1
13235 1
13236 2
13238 4
13239 1
13240 2
13241 1
13242 3
13244 3
13245 2
13246 1
13247 1
13248 3
13249 1
13250 3
13251 2
13252 3
13253 4
13254 4
13255 1
13256 4
13257 3
13258 2
13259 5
13260 1
13261 1
13262 1
13263 3
13264 1
13265 4
13268 1
13270 1
13271 3
13273 1
13274 1
13275 1
13276 2
13279 4
13281 2
13282 1
13283 6
13284 5
13285 5
13286 3
13287 1
13288 2
13289 2
13290 2
13291 2
13292 3
13294 2
13295 2
13296 3
13297 3
13298 1
13300 1
13301 3
13302 4
13303 4
13304 4
13305 2
13306 2
13307 3
13308 4
13309 2
13310 3
13312 2
13313 1
13314 3
13316 3
13317 1
13318 1
13319 1
13320 1
13321 1
13322 3
13323 1
13324 1
13325 2
13326 2
13327 2
13328 5
13329 3
13330 2
13331 3
13332 3
13333 4
13334 2
13335 3
13336 2
13337 2
13338 2
13339 4
13340 2
13341 4
13342 3
13343 4
13344 1
13345 3
13347 2
13348 1
13349 3
13350 1
13351 2
13353 5
13354 1
13355 2
13356 2
13357 3
13358 2
13359 2
13360 1
13361 1
13362 4
13363 2
13364 4
13365 1
13366 4
13367 2
13368 5
13369 2
13370 2
13371 1
13372 2
13373 2
13374 5
13375 1
13376 2
13377 1
13378 2
13379 3
13380 4
13381 1
13382 5
13384 3
13385 4
13386 5
13387 3
13388 2
13389 4
13390 1
13391 1
13392 2
13393 2
13394 1
13395 3
13397 2
13398 1
13399 2
13400 1
13401 2
13403 3
13404 2
13405 2
13406 2
13407 4
13408 2
13409 3
13410 3
13411 4
13412 3
13413 2
13414 3
13415 1
13416 4
13417 3
13418 3
13419 3
13420 2
13421 2
13422 3
13423 3
13424 1
13425 2
13426 2
13427 3
13428 6
13429 3
13430 3
13431 3
13432 4
13433 3
13434 3
13435 1
13436 3
13437 1
13438 1
13439 3
13440 1
13441 2
13442 2
13443 3
13444 1
13445 2
13446 3
13447 3
13448 3
13449 1
13450 1
13451 3
13452 4
13453 2
13454 4
13455 2
13456 4
13457 6
13458 5
13459 3
13460 3
13461 1
13462 3
13463 5
13464 3
13465 3
13466 1
13467 3
13468 2
13469 2
13470 2
13471 3
13472 2
13473 3
13474 1
13475 4
13477 3
13479 2
13480 1
13481 1
13482 4
13483 3
13484 1
13485 3
13486 4
13487 3
13488 5
13489 3
13490 2
13491 1
13492 3
13493 1
13494 4
13495 2
13496 1
13497 1
13498 3
13499 1
13500 4
13501 1
13502 3
13503 1
13504 3
13505 1
13506 5
13507 1
13508 4
13509 1
13510 3
13511 6
13512 5
13513 4
13514 2
13515 1
13516 1
13517 3
13519 1
13520 1
13521 2
13522 1
13523 1
13525 2
13526 1
13528 1
13529 3
13531 5
13532 3
13533 4
13535 3
13536 2
13537 5
13538 1
13539 2
13540 2
13541 4
13542 3
13543 1
13544 1
13545 1
13546 3
13547 2
13548 2
13549 2
13550 1
13551 1
13552 3
13553 1
13554 2
13555 2
13556 1
13557 2
13558 4
13560 5
13561 1
13562 2
13564 2
13565 1
13566 1
13567 3
13568 1
13569 1
13570 1
13571 3
13572 4
13573 2
13574 1
13576 3
13577 1
13578 3
13579 1
13580 1
13582 2
13583 3
13584 2
13585 3
13586 2
13587 1
13589 5
13590 2
13591 6
13592 2
13593 2
13594 1
13595 4
13596 1
13597 1
13598 2
13599 1
13601 3
13602 1
13603 5
13604 1
13605 1
13606 1
13607 2
13609 2
13610 1
13611 3
13612 2
13613 1
13614 3
13615 4
13616 4
13617 1
13618 3
13620 1
13621 2
13622 2
13623 1
13624 3
13625 1
13626 1
13627 1
13628 2
13629 2
13630 4
13631 1
13632 4
13633 2
13634 2
13635 1
13636 3
13637 3
13638 3
13639 1
13640 3
13641 2
13642 1
13643 2
13645 4
13646 2
13647 2
13649 1
13650 2
13651 1
13652 1
13654 1
13655 3
13656 1
13657 4
13658 2
13659 1
13660 1
13661 6
13662 2
13663 2
13664 1
13665 2
13666 1
13667 4
13668 3
13669 1
13670 4
13671 1
13672 2
13673 1
13674 4
13675 2
13676 4
13677 1
13679 2
13680 1
13681 2
13682 2
13684 3
13685 2
13686 3
13687 1
13688 2
13689 1
13690 2
13691 2
13692 3
13693 1
13694 3
13695 3
13696 2
13697 2
13698 1
13699 1
13700 1
13701 2
13702 1
13703 1
13704 1
13705 2
13706 2
13707 3
13708 2
13709 1
13711 3
13712 3
13713 2
13714 5
13715 5
13716 3
13717 4
13718 2
13719 3
13720 4
13721 4
13722 1
13723 1
13724 2
13725 2
13727 3
13728 1
13729 1
13730 2
13731 3
13732 2
13733 2
13734 1
13735 4
13736 4
13737 2
13738 2
13739 4
13740 4
13741 3
13742 4
13743 1
13744 2
13745 3
13746 4
13747 1
13748 4
13749 1
13750 3
13751 2
13752 3
13753 1
13754 2
13755 1
13756 1
13757 1
13758 3
13759 3
13760 3
13761 3
13762 4
13763 1
13764 6
13765 2
13766 2
13767 3
13768 3
13769 2
13770 2
13771 4
13773 2
13774 3
13775 5
13776 1
13777 2
13778 1
13779 3
13781 4
13782 1
13783 2
13785 4
13786 1
13787 2
13788 1
13789 3
13790 3
13791 2
13792 3
13793 1
13794 2
13795 4
13796 3
13797 3
13798 3
13799 3
13800 3
13801 1
13802 3
13803 2
13804 2
13805 1
13806 3
13807 1
13808 2
13809 1
13810 5
13811 1
13812 3
13814 4
13815 4
13816 1
13817 2
13818 4
13819 2
13820 4
13821 6
13822 1
13824 2
13825 3
13826 1
13827 1
13828 1
13829 1
13830 2
13831 1
13832 1
13833 2
13835 2
13836 2
13837 2
13838 2
13839 4
13840 3
13841 2
13842 4
13843 2
13844 4
13845 2
13846 3
13847 2
13848 2
13849 5
13850 2
13852 1
13853 3
13854 1
13855 1
13857 1
13858 2
13859 3
13860 2
13861 2
13862 1
13863 1
13864 4
13865 4
13866 2
13867 1
13868 3
13869 2
13871 1
13872 1
13873 1
13874 1
13875 3
13877 2
13878 3
13879 3
13880 3
13881 1
13882 2
13884 3
13885 1
13886 2
13887 3
13888 3
13889 1
13890 3
13891 2
13892 4
13893 5
13894 2
13895 2
13896 3
13897 1
13898 2
13899 5
13900 3
13903 2
13904 2
13905 3
13909 2
13910 1
13911 4
13912 1
13913 1
13915 3
13916 1
13917 1
13918 3
13919 1
13920 2
13921 3
13922 4
13923 2
13924 6
13925 4
13926 1
13927 2
13928 1
13929 1
13930 3
13931 1
13932 1
13933 1
13934 2
13936 4
13938 1
13939 1
13940 2
13941 2
13942 4
13943 3
13944 2
13945 3
13946 1
13947 3
13948 2
13949 4
13950 2
13951 3
13953 1
13954 1
13955 1
13957 1
13959 1
13961 1
13962 1
13963 2
13964 1
13965 4
13967 3
13968 1
13969 4
13970 2
13971 3
13972 3
13973 1
13974 3
13975 1
13976 2
13977 2
13978 5
13979 1
13980 1
13982 2
13983 2
13984 2
13988 2
13989 3
13990 4
13992 2
13994 4
13995 2
13996 2
13998 2
13999 1
14000 2
14001 2
14002 4
14003 3
14004 2
14005 1
14006 1
14007 1
14008 3
14009 2
14010 1
14011 2
14012 2
14013 1
14014 5
14015 2
14016 1
14017 1
14018 1
14019 5
14020 3
14021 3
14022 2
14023 3
14024 3
14025 5
14026 3
14027 1
14028 2
14029 3
14030 2
14031 2
14033 1
14034 1
14035 1
14037 2
14038 1
14039 5
14040 1
14041 3
14042 1
14043 4
14044 1
14045 2
14046 1
14047 3
14048 5
14049 2
14050 3
14051 3
14052 5
14053 1
14054 4
14055 2
14056 2
14057 2
14058 2
14059 1
14060 2
14061 1
14062 3
14063 2
14064 2
14065 2
14066 3
14067 2
14068 7
14069 1
14070 2
14071 1
14072 6
14073 2
14074 1
14075 1
14077 2
14078 2
14079 3
14081 3
14083 1
14084 2
14085 3
14086 1
14087 3
14089 2
14090 2
14091 3
14092 2
14093 5
14094 3
14095 4
14096 1
14097 5
14098 3
14099 3
14101 1
14102 4
14103 3
14104 4
14105 2
14106 2
14107 1
14108 5
14109 2
14110 1
14112 1
14113 1
14114 4
14115 2
14116 2
14117 1
14118 2
14119 2
14120 2
14122 3
14123 1
14124 3
14125 1
14126 3
14127 2
14128 3
14129 2
14130 2
14131 3
14132 2
14133 4
14134 2
14135 1
14137 4
14138 1
14139 2
14140 1
14141 3
14142 3
14143 1
14144 2
14145 2
14146 3
14147 3
14148 3
14149 3
14150 2
14151 3
14152 4
14153 3
14155 3
14156 1
14157 2
14158 1
14159 1
14162 1
14163 1
14166 1
14167 1
14168 3
14169 3
14170 2
14171 3
14172 2
14173 3
14174 3
14175 3
14176 4
14177 3
14178 2
14180 5
14181 4
14182 3
14184 3
14185 1
14186 3
14187 3
14188 2
14191 1
14192 4
14193 2
14194 2
14195 1
14196 2
14197 1
14198 5
14199 4
14200 1
14201 1
14202 1
14203 1
14205 1
14206 1
14207 4
14209 3
14211 5
14212 1
14213 2
14214 2
14215 1
14217 4
14219 2
14220 2
14221 1
14223 5
14224 1
14225 3
14226 1
14227 2
14228 2
14229 3
14230 3
14231 4
14232 3
14233 1
14234 3
14235 1
14236 1
14237 1
14238 4
14240 2
14242 2
14244 1
14248 1
14250 2
14251 1
14252 2
14253 3
14254 2
14255 1
14256 2
14257 2
14258 3
14259 3
14260 2
14261 1
14262 1
14263 1
14264 1
14265 1
14267 2
14268 1
14269 1
14270 2
14271 3
14272 1
14273 1
14274 1
14275 2
14276 2
14277 5
14278 1
14279 1
14281 4
14282 1
14283 1
14284 1
14285 1
14287 1
14289 1
14290 2
14291 1
14292 1
14294 1
14296 2
14297 4
14298 2
14299 4
14300 2
14301 3
14302 4
14303 2
14304 2
14305 1
14306 2
14307 2
14308 2
14309 1
14310 3
14312 2
14313 1
14314 3
14315 1
14316 2
14317 1
14318 2
14320 2
14321 2
14322 3
14323 3
14324 1
14325 1
14326 1
14327 3
14328 2
14329 1
14331 4
14332 1
14333 1
14334 1
14335 3
14336 1
14337 2
14338 1
14341 4
14342 1
14343 3
14344 2
14345 2
14346 1
14347 5
14349 2
14350 2
14351 3
14352 3
14353 5
14354 2
14355 3
14356 6
14357 1
14358 2
14359 2
14360 3
14361 1
14362 1
14364 1
14366 2
14367 1
14368 2
14370 1
14371 1
14372 2
14373 1
14374 3
14375 1
14376 2
14377 3
14378 2
14379 1
14380 3
14381 4
14382 4
14383 2
14384 3
14385 2
14386 1
14387 3
14388 1
14389 1
14390 1
14391 2
14392 1
14393 2
14394 1
14395 2
14397 3
14398 2
14399 3
14400 4
14401 3
14402 2
14403 5
14404 1
14405 2
14406 3
14407 2
14410 3
14411 1
14412 2
14413 1
14414 2
14415 1
14416 2
14417 2
14418 2
14420 2
14421 3
14422 1
14423 1
14424 2
14425 3
14426 3
14427 1
14428 2
14429 1
14430 3
14431 3
14432 3
14434 5
14435 3
14436 3
14437 2
14438 2
14439 1
14440 1
14441 3
14442 2
14443 1
14444 2
14445 1
14446 3
14447 2
14448 2
14449 1
14450 4
14452 1
14453 1
14454 1
14455 1
14456 2
14457 4
14458 1
14459 3
14460 3
14461 4
14463 2
14464 2
14465 3
14466 1
14467 3
14468 1
14469 2
14470 1
14471 3
14472 1
14473 2
14474 1
14475 4
14476 1
14477 4
14478 1
14479 3
14480 2
14481 3
14482 2
14483 2
14484 1
14485 4
14486 3
14488 5
14489 1
14490 2
14494 1
14495 1
14496 3
14497 1
14498 2
14500 5
14501 2
14502 1
14503 2
14504 6
14506 3
14507 3
14508 3
14509 1
14510 1
14511 1
14512 1
14513 3
14514 1
14515 3
14517 4
14518 2
14519 4
14520 1
14521 1
14522 1
14523 1
14524 1
14525 3
14526 3
14527 2
14528 1
14529 3
14531 3
14532 2
14533 2
14534 2
14535 3
14538 1
14539 1
14540 2
14541 1
14542 2
14544 4
14545 1
14546 2
14547 1
14550 4
14551 2
14555 2
14556 2
14557 1
14558 2
14559 2
14560 3
14561 2
14562 2
14563 2
14564 2
14565 2
14566 2
14567 1
14569 1
14570 1
14571 1
14572 1
14573 1
14574 1
14575 2
14576 1
14578 3
14580 2
14581 2
14582 1
14583 1
14584 1
14585 4
14586 4
14587 2
14588 1
14589 2
14591 3
14594 1
14597 2
14598 3
14602 1
14603 3
14604 4
14605 2
14606 2
14607 4
14608 1
14609 5
14610 4
14611 2
14612 2
14613 1
14614 1
14616 2
14617 1
14618 2
14620 1
14622 2
14623 1
14624 2
14627 1
14628 3
14629 2
14630 3
14631 2
14632 1
14633 1
14634 4
14635 4
14636 1
14637 2
14639 2
14640 1
14641 3
14642 1
14643 3
14645 3
14647 2
14648 1
14649 3
14650 1
14651 2
14653 3
14655 3
14656 1
14657 1
14658 1
14659 3
14660 3
14661 3
14662 1
14663 2
14664 5
14665 1
14666 1
14667 1
14668 2
14669 1
14670 4
14672 1
14674 2
14675 1
14676 4
14678 2
14680 1
14681 1
14682 2
14684 2
14685 2
14686 2
14687 4
14688 4
14689 3
14690 3
14691 1
14692 3
14693 1
14694 1
14695 2
14697 2
14699 2
14700 2
14701 1
14702 1
14703 1
14705 2
14706 1
14707 4
14708 1
14709 3
14710 2
14711 2
14712 1
14713 3
14714 2
14715 1
14716 1
14717 1
14718 2
14719 1
14720 2
14722 2
14723 1
14724 2
14725 3
14726 1
14727 2
14728 1
14729 2
14730 2
14731 2
14732 2
14733 3
14734 3
14735 2
14736 2
14737 2
14738 5
14739 2
14740 1
14741 1
14742 2
14743 3
14744 2
14745 1
14747 1
14748 3
14749 2
14750 2
14751 1
14752 1
14753 3
14754 5
14755 1
14756 2
14758 3
14759 2
14760 3
14761 2
14762 1
14763 2
14764 2
14765 3
14766 1
14767 4
14768 1
14769 1
14770 3
14771 1
14772 2
14773 2
14774 1
14775 2
14776 1
14777 5
14778 1
14779 3
14780 1
14781 2
14783 3
14784 2
14785 3
14787 3
14788 4
14789 2
14790 4
14791 3
14792 3
14793 2
14794 2
14795 1
14796 1
14797 1
14800 1
14801 1
14802 1
14803 1
14804 1
14805 1
14806 2
14807 1
14808 4
14810 3
14812 3
14813 2
14814 3
14815 4
14816 3
14817 3
14818 1
14819 2
14820 3
14821 4
14822 1
14823 3
14826 1
14827 3
14828 2
14831 2
14832 1
14833 4
14834 1
14835 2
14837 2
14838 2
14839 3
14841 1
14842 1
14843 2
14844 2
14845 1
14846 1
14848 1
14849 1
14850 2
14852 3
14853 2
14854 1
14855 2
14856 1
14857 1
14858 2
14859 1
14860 2
14861 1
14862 4
14863 1
14864 3
14866 2
14867 3
14868 2
14869 1
14870 3
14871 1
14873 3
14874 1
14875 1
14878 3
14880 1
14882 2
14884 1
14885 1
14888 1
14889 1
14891 4
14892 1
14893 5
14895 2
14896 1
14897 4
14898 1
14899 3
14900 1
14905 3
14906 3
14907 2
14909 2
14911 4
14912 1
14913 1
14914 1
14915 1
14916 3
14917 4
14918 4
14920 1
14921 1
14922 1
14924 2
14926 1
14928 1
14930 2
14932 1
14934 2
14936 5
14937 2
14938 2
14939 3
14940 2
14942 3
14943 2
14945 3
14946 1
14947 3
14949 2
14950 1
14951 2
14953 2
14956 1
14957 2
14959 2
14960 1
14961 3
14962 1
14963 3
14965 1
14966 1
14967 3
14970 1
14971 1
14972 1
14973 1
14974 2
14976 4
14977 1
14979 1
14980 2
14982 2
14983 2
14984 1
14985 1
14986 2
14987 1
14988 3
14989 2
14990 1
14991 2
14992 2
14993 1
14994 3
14995 2
14996 3
14997 2
14998 1
14999 1
15000 2
15001 1
15003 1
15008 2
15009 2
15013 1
15014 1
15015 1
15017 4
15018 1
15019 2
15020 3
15021 2
15022 2
15023 3
15025 1
15026 3
15027 2
15029 2
15030 1
15031 1
15032 2
15033 2
15035 2
15036 1
15037 3
15038 2
15039 1
15040 2
15041 3
15042 5
15043 2
15044 1
15045 1
15046 1
15047 1
15048 1
15050 2
15051 1
15052 2
15054 3
15055 1
15056 2
15060 3
15061 1
15062 2
15063 1
15064 3
15065 2
15066 4
15067 2
15068 1
15069 3
15070 3
15071 3
15072 2
15073 2
15074 2
15075 2
15076 1
15077 3
15079 2
15080 2
15081 3
15083 3
15085 3
15087 2
15089 2
15091 2
15092 2
15094 1
15095 1
15096 3
15097 2
15098 2
15099 1
15100 3
15101 2
15102 2
15103 2
15104 3
15105 1
15106 2
15107 1
15108 2
15109 2
15110 3
15111 1
15112 3
15114 1
15115 1
15116 3
15117 1
15118 2
15120 5
15121 2
15122 1
15123 2
15124 2
15125 2
15126 2
15127 3
15128 1
15130 1
15132 1
15133 2
15135 1
15136 1
15137 1
15139 3
15141 1
15142 2
15143 2
15144 2
15145 3
15147 2
15148 2
15149 1
15150 2
15151 2
15152 1
15153 2
15154 3
15155 3
15156 1
15157 1
15159 2
15161 3
15162 1
15163 1
15164 1
15165 3
15166 2
15167 2
15168 1
15170 3
15171 1
15172 1
15174 1
15177 1
15179 1
15180 1
15181 1
15182 1
15183 2
15184 2
15186 5
15188 1
15189 1
15190 4
15192 2
15194 4
15195 4
15196 1
15198 3
15199 2
15200 2
15201 4
15202 1
15203 1
15204 1
15205 3
15206 1
15209 1
15211 2
15213 2
15215 3
15217 3
15219 1
15220 2
15223 1
15224 2
15225 1
15226 5
15227 3
15229 1
15230 2
15232 2
15233 1
15234 1
15236 1
15237 1
15238 3
15240 1
15242 2
15243 1
15244 4
15245 3
15246 2
15248 3
15249 2
15250 1
15251 3
15255 2
15257 1
15259 1
15263 1
15264 1
15267 1
15269 4
15270 1
15271 2
15272 1
15273 3
15274 2
15275 2
15277 1
15278 2
15280 4
15281 1
15282 1
15283 1
15284 4
15286 1
15289 1
15291 1
15292 2
15293 1
15294 1
15295 2
15296 1
15298 2
15299 1
15300 1
15302 1
15303 1
15304 2
15305 2
15306 1
15307 1
15309 2
15310 3
15312 1
15315 1
15316 3
15317 1
15320 2
15321 3
15322 1
15323 2
15324 1
15325 1
15327 5
15328 3
15329 2
15330 2
15331 2
15333 1
15334 1
15335 2
15339 1
15341 3
15344 1
15345 3
15346 2
15347 2
15348 1
15349 2
15350 2
15352 2
15353 3
15354 2
15356 3
15358 3
15359 2
15360 2
15362 3
15363 1
15364 3
15367 1
15368 2
15369 1
15370 4
15371 1
15372 2
15373 1
15374 4
15375 2
15376 1
15377 1
15378 3
15381 2
15383 3
15384 1
15385 2
15387 3
15388 1
15389 3
15392 1
15393 3
15395 4
15396 1
15397 1
15398 1
15399 5
15400 2
15401 1
15403 2
15404 2
15405 3
15406 2
15407 1
15408 1
15409 1
15410 3
15411 1
15412 2
15413 2
15414 2
15416 1
15417 1
15418 2
15419 1
15420 1
15422 1
15423 1
15424 4
15425 1
15426 1
15427 1
15428 3
15429 2
15430 2
15431 1
15432 1
15434 1
15435 2
15436 2
15437 1
15438 1
15439 1
15440 1
15441 1
15442 1
15443 2
15445 2
15446 1
15447 2
15448 2
15449 2
15450 2
15451 1
15452 3
15453 4
15454 3
15455 1
15456 1
15457 1
15459 1
15460 1
15461 1
15462 1
15463 2
15465 1
15467 1
15470 2
15471 1
15472 2
15473 3
15474 4
15475 2
15476 1
15477 3
15478 3
15479 2
15482 2
15483 3
15484 1
15488 3
15489 2
15490 1
15491 1
15492 2
15493 1
15494 2
15496 1
15497 1
15498 1
15499 2
15500 3
15501 2
15502 3
15503 2
15504 1
15506 3
15507 1
15508 1
15509 2
15511 1
15513 4
15514 1
15517 2
15519 4
15521 1
15525 2
15526 1
15527 1
15528 2
15530 2
15531 3
15532 3
15533 1
15534 1
15535 2
15536 1
15537 1
15538 2
15539 1
15540 1
15542 1
15544 3
15546 1
15548 1
15550 2
15552 1
15553 3
15555 1
15556 3
15557 2
15558 1
15559 2
15562 1
15563 1
15564 1
15565 2
15567 1
15568 1
15571 2
15573 2
15575 1
15577 1
15578 2
15579 2
15581 2
15582 2
15583 1
15584 1
15586 1
15587 1
15588 1
15591 1
15592 2
15593 1
15596 2
15597 1
15598 1
15600 1
15602 1
15603 2
15604 2
15606 1
15609 1
15610 1
15611 1
15612 3
15614 1
15615 1
15616 2
15617 1
15618 3
15620 2
15622 2
15625 2
15627 1
15628 2
15629 1
15631 1
15633 3
15634 1
15635 2
15636 1
15637 3
15639 1
15643 3
15645 1
15647 2
15648 1
15649 2
15653 2
15654 1
15655 2
15656 2
15657 2
15658 2
15659 1
15660 1
15661 1
15662 5
15663 1
15664 1
15665 1
15666 2
15668 2
15671 1
15672 2
15673 1
15674 2
15676 2
15677 1
15678 1
15679 2
15680 1
15681 1
15682 3
15683 2
15684 1
15686 2
15687 2
15688 1
15689 2
15691 1
15692 1
15693 2
15695 2
15697 1
15700 1
15701 2
15702 1
15703 3
15705 3
15706 1
15707 1
15708 2
15709 2
15710 1
15711 1
15712 2
15713 1
15715 2
15716 3
15717 1
15718 2
15720 1
15721 1
15722 1
15723 1
15726 1
15727 2
15728 2
15730 1
15731 1
15732 1
15733 1
15734 1
15736 3
15737 1
15738 3
15739 1
15740 3
15741 1
15742 1
15744 1
15745 1
15746 1
15747 1
15748 1
15750 1
15751 2
15752 3
15755 1
15756 3
15757 3
15758 1
15759 2
15760 1
15761 3
15762 3
15763 3
15766 1
15767 2
15769 2
15771 1
15773 1
15777 2
15778 1
15779 2
15780 1
15781 3
15782 1
15783 3
15784 1
15785 2
15786 3
15787 2
15788 1
15789 1
15790 5
15791 1
15792 2
15794 2
15795 1
15796 1
15798 2
15800 2
15801 1
15802 2
15803 1
15804 1
15806 6
15808 1
15809 1
15810 3
15811 1
15815 1
15816 1
15817 1
15819 3
15821 3
15823 2
15825 2
15827 1
15828 1
15829 2
15830 1
15831 2
15833 3
15834 2
15835 3
15836 1
15837 2
15839 2
15840 3
15841 2
15842 1
15844 1
15845 1
15846 3
15847 1
15851 1
15852 2
15853 1
15854 1
15856 1
15857 1
15860 1
15862 1
15863 1
15864 1
15865 3
15866 2
15867 1
15868 1
15870 1
15871 1
15872 1
15873 1
15875 1
15876 1
15877 1
15880 3
15881 1
15882 1
15883 1
15884 3
15885 1
15886 1
15887 2
15888 1
15889 1
15890 1
15891 1
15893 1
15900 1
15901 1
15904 1
15906 1
15907 1
15909 2
15911 2
15912 3
15913 3
15914 1
15915 1
15918 1
15919 2
15920 2
15922 1
15924 3
15930 4
15931 1
15932 1
15934 1
15936 3
15937 3
15939 1
15941 1
15943 2
15945 3
15947 1
15949 1
15951 1
15952 1
15955 4
15957 1
15960 1
15961 2
15962 1
15963 3
15965 1
15966 4
15967 2
15968 1
15969 1
15970 3
15972 1
15976 1
15978 1
15980 2
15982 1
15984 1
15988 1
15989 1
15990 2
15991 2
15992 2
15993 1
15994 1
15995 2
15997 2
15998 1
15999 1
16001 1
16002 1
16003 1
16005 1
16006 1
16007 1
16009 3
16010 1
16011 1
16013 2
16014 1
16015 1
16017 1
16019 1
16020 2
16022 1
16026 1
16027 1
16028 1
16029 1
16030 1
16031 1
16032 1
16033 1
16034 1
16035 3
16037 1
16038 2
16039 2
16040 3
16043 1
16044 3
16045 2
16046 2
16048 2
16050 2
16053 1
16055 1
16056 3
16058 1
16060 3
16062 1
16063 1
16064 1
16065 1
16066 1
16067 2
16069 3
16071 1
16072 1
16073 2
16074 1
16075 2
16079 2
16081 2
16082 2
16083 2
16084 1
16085 3
16087 3
16089 3
16090 2
16091 2
16092 1
16093 3
16094 1
16095 1
16096 1
16098 1
16100 1
16109 1
16110 3
16111 1
16112 3
16113 1
16114 3
16116 2
16118 3
16119 1
16120 1
16121 1
16122 3
16123 3
16125 1
16126 1
16127 1
16128 1
16129 2
16131 1
16133 2
16134 1
16135 1
16136 2
16138 2
16139 2
16140 1
16141 2
16143 2
16145 1
16148 2
16150 1
16152 1
16154 1
16155 1
16156 1
16158 1
16159 1
16160 1
16161 1
16163 1
16164 1
16165 1
16166 1
16168 2
16169 1
16170 2
16172 2
16173 3
16174 1
16175 1
16176 1
16179 2
16185 1
16188 1
16190 1
16192 1
16195 2
16197 2
16199 2
16201 2
16202 1
16203 1
16208 1
16211 1
16212 1
16213 2
16214 1
16217 2
16218 1
16219 2
16220 2
16221 1
16223 2
16226 2
16228 1
16232 1
16238 2
16239 2
16240 1
16241 1
16242 2
16244 2
16245 1
16247 1
16248 1
16249 2
16251 3
16253 1
16255 2
16256 1
16257 2
16263 2
16264 1
16269 1
16272 1
16273 1
16274 1
16276 1
16278 2
16280 1
16282 2
16284 1
16286 1
16288 1
16292 1
16293 1
16294 1
16295 1
16296 1
16297 1
16298 3
16300 1
16301 1
16302 1
16303 1
16304 1
16309 1
16315 1
16317 1
16318 1
16319 2
16321 1
16322 1
16323 3
16324 1
16325 1
16327 1
16329 1
16332 1
16333 1
16335 1
16339 1
16340 1
16341 3
16342 1
16343 1
16344 2
16345 1
16346 1
16347 2
16348 2
16352 2
16356 1
16358 1
16362 2
16364 1
16365 1
16366 2
16368 1
16369 1
16370 1
16371 2
16372 1
16373 3
16374 1
16375 2
16376 1
16377 2
16379 1
16381 1
16383 1
16385 1
16387 2
16389 1
16391 2
16393 1
16394 1
16395 1
16396 1
16398 3
16399 1
16400 1
16401 2
16402 4
16405 1
16406 2
16408 1
16410 1
16412 1
16413 1
16414 1
16416 2
16418 1
16420 2
16422 3
16423 1
16424 1
16425 2
16426 1
16427 3
16428 1
16429 1
16430 2
16431 1
16437 1
16438 1
16439 1
16441 1
16442 1
16443 1
16445 3
16447 1
16448 2
16449 2
16453 1
16454 1
16456 2
16457 1
16458 1
16459 1
16460 2
16463 2
16465 1
16466 1
16467 2
16468 1
16470 1
16471 1
16472 1
16474 2
16476 3
16477 1
16480 1
16481 1
16485 1
16486 2
16488 2
16491 1
16492 4
16496 2
16500 1
16501 1
16503 2
16505 3
16506 1
16507 2
16509 1
16513 1
16515 2
16517 2
16519 2
16521 2
16522 1
16523 1
16525 1
16526 1
16528 3
16529 1
16531 1
16532 1
16538 1
16539 1
16540 1
16544 1
16546 3
16547 1
16548 2
16550 3
16552 1
16553 2
16557 1
16559 2
16561 1
16565 1
16566 1
16569 1
16570 1
16571 3
16575 2
16576 1
16582 1
16583 1
16584 1
16586 1
16590 2
16593 1
16595 1
16596 1
16599 1
16600 1
16601 1
16602 1
16604 1
16605 1
16606 1
16607 1
16611 1
16612 1
16616 1
16618 1
16622 1
16623 1
16625 1
16629 2
16630 2
16631 2
16633 1
16636 1
16637 1
16643 1
16647 1
16648 1
16649 3
16650 1
16651 1
16652 1
16653 1
16654 1
16655 1
16656 1
16658 1
16660 1
16664 1
16666 2
16668 1
16672 1
16674 2
16675 1
16676 1
16677 1
16679 2
16680 2
16683 1
16685 3
16689 2
16691 2
16695 2
16697 2
16699 1
16701 2
16704 1
16705 1
16706 1
16708 2
16709 1
16711 1
16712 1
16714 3
16718 2
16720 2
16721 1
16726 3
16728 1
16729 1
16730 1
16731 1
16732 2
16733 1
16734 2
16737 1
16738 1
16743 1
16746 1
16747 1
16749 1
16751 1
16755 2
16756 1
16757 1
16758 2
16761 2
16762 1
16763 1
16764 1
16765 1
16768 1
16769 2
16774 1
16775 3
16776 1
16779 2
16780 2
16781 1
16785 1
16790 1
16793 1
16794 2
16796 1
16798 2
16800 1
16802 1
16803 1
16804 3
16805 1
16807 1
16808 3
16809 2
16810 1
16812 2
16815 2
16819 1
16821 1
16823 1
16827 1
16829 1
16830 1
16832 1
16833 1
16834 2
16836 1
16837 1
16839 1
16840 1
16841 2
16847 1
16848 2
16852 2
16854 1
16855 1
16858 3
16859 2
16862 1
16864 1
16865 1
16871 1
16877 1
16880 1
16883 2
16886 1
16888 2
16891 1
16894 1
16897 1
16899 1
16902 1
16905 1
16908 1
16917 1
16918 1
16924 1
16926 1
16927 1
16930 1
16933 2
16935 1
16937 2
16938 1
16939 1
16942 1
16949 1
16955 1
16958 2
16961 1
16964 2
16968 1
16970 1
16972 1
16976 1
16978 2
16980 1
16981 1
16983 2
16984 1
16993 1
16995 1
16997 1
17001 1
17005 1
17007 2
17009 1
17010 1
17012 1
17013 1
17015 1
17016 1
17018 2
17021 1
17022 1
17024 1
17027 1
17030 1
17037 1
17038 1
17040 1
17041 1
17042 1
17044 1
17045 1
17047 1
17048 1
17050 1
17051 1
17053 1
17059 2
17061 1
17062 1
17063 1
17065 1
17066 1
17068 1
17069 1
17071 1
17073 1
17083 1
17084 2
17085 1
17087 1
17088 2
17091 1
17092 2
17094 1
17096 3
17097 1
17098 1
17100 1
17102 2
17106 1
17108 2
17112 1
17113 2
17115 1
17116 1
17121 1
17123 1
17125 3
17127 2
17131 2
17135 1
17136 1
17137 1
17139 1
17141 1
17142 2
17143 1
17144 1
17145 1
17146 1
17148 1
17149 1
17151 1
17154 1
17156 2
17162 1
17166 1
17167 2
17168 1
17172 1
17174 1
17175 1
17178 1
17179 1
17185 1
17186 2
17189 1
17191 2
17192 1
17203 1
17205 1
17210 1
17213 1
17214 1
17215 2
17221 1
17222 1
17226 2
17232 2
17234 1
17236 1
17238 1
17239 1
17245 2
17247 1
17251 1
17257 3
17265 1
17268 1
17269 3
17272 1
17276 1
17282 1
17288 1
17293 1
17294 1
17297 1
17299 1
17301 1
17303 1
17305 1
17311 1
17316 1
17319 1
17322 1
17324 1
17326 1
17328 1
17330 1
17334 1
17335 1
17336 1
17340 1
17341 1
17346 1
17348 1
17350 1
17352 1
17353 1
17355 1
17358 1
17365 1
17366 1
17371 2
17373 1
17375 1
17377 1
17381 1
17383 1
17386 1
17387 1
17389 1
17391 1
17393 1
17395 2
17400 2
17402 1
17404 2
17411 1
17412 1
17414 2
17415 1
17416 1
17418 1
17420 2
17424 2
17425 1
17429 1
17431 1
17433 2
17435 1
17440 1
17441 1
17443 2
17445 1
17447 1
17449 1
17451 1
17454 1
17456 1
17461 1
17466 1
17469 1
17472 1
17474 1
17476 1
17478 1
17480 1
17489 1
17490 1
17494 3
17497 1
17498 1
17499 1
17516 1
17518 1
17519 1
17521 1
17523 2
17525 1
17527 1
17534 1
17541 1
17544 2
17546 1
17553 2
17559 1
17572 1
17577 2
17578 1
17584 1
17603 1
17607 1
17613 1
17619 1
17624 1
17625 1
17636 1
17642 1
17650 1
17654 1
17660 1
17662 1
17668 1
17675 1
17677 1
17679 1
17683 1
17689 1
17693 1
17697 1
17698 1
17700 1
17703 1
17704 2
17707 1
17708 1
17722 1
17726 1
17727 1
17729 1
17731 1
17732 1
17733 1
17735 1
17736 1
17737 1
17743 1
17747 1
17751 1
17758 1
17760 1
17764 1
17769 1
17776 1
17778 2
17780 1
17781 1
17782 2
17783 1
17786 1
17794 1
17798 1
17805 1
17807 2
17811 2
17821 1
17823 1
17825 2
17827 1
17828 1
17830 1
17833 1
17848 1
17850 1
17852 1
17854 2
17861 3
17865 1
17871 1
17872 1
17873 1
17877 1
17886 1
17901 1
17904 1
17908 2
17911 1
17933 1
17951 2
17955 2
17958 1
17976 1
17981 1
17987 2
17991 1
18001 1
18010 1
18012 1
18016 2
18020 1
18024 1
18030 1
18034 1
18041 1
18053 1
18055 1
18059 1
18063 1
18064 1
18070 1
18071 1
18077 1
18081 1
18084 1
18090 1
18100 1
18102 1
18106 1
18109 1
18110 1
18111 1
18114 1
18117 1
18119 1
18131 1
18133 1
18138 1
18143 1
18154 2
18160 2
18162 1
18164 1
18180 1
18185 1
18192 1
18197 1
18209 1
18239 1
18244 1
18260 1
18263 1
18282 1
18285 1
18299 1
18314 1
18328 1
18339 1
18342 1
18343 1
18361 1
18368 1
18371 1
18386 1
18389 1
18390 1
18398 1
18404 1
18415 1
18417 2
18418 1
18427 1
18429 1
18433 1
18444 1
18446 2
18458 1
18464 1
18469 1
18472 1
18481 1
18487 1
18493 1
18500 1
18507 1
18512 1
18528 1
18534 1
18536 1
18547 2
18559 1
18571 1
18590 2
18626 1
18637 1
18655 1
18673 1
18702 1
18706 1
18710 1
18716 1
18735 1
18739 1
18745 1
18753 1
18756 1
18782 1
18789 1
18799 1
18800 1
18829 1
18836 1
18846 1
18874 1
18879 1
18883 1
19037 1
19066 1
19084 1
19113 1
19127 1
19156 1
19163 1
19167 1
19210 1
19257 1
19345 1
19374 1
19392 1
19421 1
19435 1
19464 1
19475 1
19518 1
19565 1
19719 1
19748 1
19802 1
19849 1
19892 1
End
