NMec = 95584
T = 15
P = 6
Profits not ignored
Valid tasks:                                                            12742
Solution time = 2.872e-04
Task data
    0  21  1941 -1
    1  18  2627 0
    3  14  2071 1
    3  16  2042 2
    3  24  2916 3
    4  22  4569 4
    4  24  1898 -1
    6  13   583 -1
    8  24  1988 5
   10  13   608 -1
   10  18  1306 -1
   11  18   895 -1
   11  28  1614 -1
   13  18   686 -1
   18  27  1738 1
Best profit: 17951
All profits:
0 1
583 1
608 1
686 1
895 1
1191 1
1269 1
1294 1
1306 1
1478 1
1503 1
1581 1
1614 1
1738 1
1877 1
1889 1
1898 1
1914 1
1941 1
1988 1
1992 1
2042 1
2071 1
2086 1
2164 1
2189 1
2197 1
2201 1
2222 1
2300 1
2321 1
2346 1
2424 1
2481 1
2497 1
2506 1
2509 1
2524 1
2549 1
2571 1
2575 1
2584 1
2596 1
2600 1
2625 1
2627 2
2633 1
2650 1
2654 1
2674 1
2679 1
2728 1
2757 1
2772 1
2784 1
2793 1
2805 1
2809 1
2836 1
2883 2
2887 1
2908 1
2916 1
2920 1
2929 1
2937 1
2966 1
3007 1
3032 1
3044 1
3089 1
3092 1
3117 1
3132 1
3167 1
3179 1
3183 1
3192 1
3195 1
3204 1
3210 2
3216 1
3233 1
3235 2
3241 1
3247 1
3257 1
3262 1
3282 1
3294 1
3311 1
3313 1
3319 1
3336 1
3340 1
3348 1
3352 1
3365 1
3376 1
3377 1
3392 1
3401 1
3419 1
3444 1
3466 1
3470 1
3479 1
3491 2
3495 1
3499 1
3503 1
3512 1
3520 1
3522 2
3524 1
3528 1
3545 1
3549 1
3555 1
3569 1
3574 1
3602 2
3606 1
3615 1
3623 1
3627 1
3636 1
3652 2
3656 1
3679 1
3685 1
3700 1
3726 1
3730 1
3775 1
3778 1
3780 1
3787 1
3803 1
3809 1
3811 1
3812 1
3815 1
3818 2
3824 1
3830 1
3839 1
3855 1
3865 1
3877 1
3886 1
3890 1
3896 1
3902 2
3919 1
3921 1
3927 1
3929 1
3931 1
3933 2
3935 1
3939 1
3940 1
3948 1
3956 1
3960 2
3969 1
3980 1
3983 1
3984 1
3985 1
4012 1
4027 1
4030 1
4034 1
4038 1
4059 1
4062 1
4063 1
4074 1
4078 1
4087 1
4095 1
4099 1
4105 2
4107 1
4111 1
4113 1
4120 1
4128 1
4130 2
4138 1
4142 1
4152 1
4157 1
4163 1
4177 1
4185 2
4189 2
4198 1
4206 1
4208 1
4210 2
4214 1
4219 1
4222 1
4231 1
4235 2
4239 1
4241 2
4243 1
4244 1
4247 1
4260 1
4262 1
4264 1
4268 1
4272 1
4287 1
4288 1
4293 1
4309 1
4313 1
4322 1
4334 1
4338 1
4342 1
4363 1
4365 2
4371 1
4386 1
4388 1
4392 1
4394 1
4395 1
4398 1
4407 1
4412 1
4417 1
4419 1
4422 1
4423 1
4438 1
4447 1
4450 1
4466 1
4469 1
4473 1
4485 1
4494 1
4495 1
4497 2
4498 1
4501 1
4504 1
4510 1
4512 1
4516 2
4522 1
4523 1
4525 2
4530 1
4531 1
4537 1
4539 1
4541 2
4543 1
4547 1
4548 1
4551 1
4552 1
4563 1
4566 1
4568 2
4569 1
4572 1
4574 1
4577 1
4580 1
4588 1
4591 1
4595 1
4613 1
4615 2
4617 1
4619 1
4620 1
4621 2
4625 1
4626 1
4638 1
4642 2
4646 2
4654 1
4655 1
4658 1
4667 1
4669 2
4670 1
4671 1
4675 1
4682 1
4696 1
4698 2
4703 1
4704 1
4707 1
4713 2
4716 1
4721 1
4725 1
4734 1
4745 1
4746 1
4750 1
4760 1
4772 1
4781 2
4785 1
4791 1
4793 2
4797 2
4799 1
4805 1
4806 1
4814 2
4816 1
4818 1
4824 3
4826 1
4827 1
4828 2
4830 2
4835 1
4843 1
4847 1
4849 2
4851 1
4855 2
4857 1
4861 1
4864 1
4870 1
4871 1
4875 1
4876 1
4878 1
4880 1
4896 1
4904 1
4905 1
4907 1
4908 2
4917 1
4921 1
4925 2
4927 1
4929 1
4930 1
4933 1
4942 1
4948 2
4950 1
4954 2
4958 2
4962 1
4971 1
4973 2
4979 1
4985 1
4987 1
4990 1
4991 1
4995 1
5000 1
5002 1
5006 1
5008 1
5015 1
5020 1
5030 1
5032 1
5033 1
5049 1
5051 1
5058 1
5074 1
5077 1
5078 1
5080 2
5081 1
5084 1
5086 1
5093 1
5103 1
5105 2
5108 2
5109 1
5113 1
5114 1
5115 1
5117 1
5120 1
5124 2
5130 1
5131 1
5133 2
5134 1
5136 2
5138 1
5139 1
5145 1
5151 1
5152 1
5155 1
5157 1
5159 1
5160 1
5163 1
5171 1
5174 1
5176 1
5177 1
5180 1
5182 1
5183 1
5188 1
5192 1
5198 2
5202 1
5203 1
5204 1
5208 1
5209 1
5211 1
5216 1
5217 1
5221 1
5223 2
5225 1
5227 1
5229 2
5233 1
5234 1
5235 1
5237 2
5238 1
5241 1
5246 1
5250 2
5252 2
5254 2
5255 1
5258 1
5260 2
5262 1
5263 1
5266 2
5275 1
5277 2
5281 2
5283 1
5287 1
5289 1
5290 1
5293 1
5299 1
5301 1
5304 1
5306 2
5307 1
5312 1
5317 1
5318 1
5324 1
5328 1
5333 1
5336 1
5340 2
5342 1
5344 1
5353 1
5355 1
5361 1
5364 1
5365 1
5368 1
5380 1
5382 1
5384 1
5389 2
5390 1
5393 1
5394 1
5397 1
5399 1
5401 1
5407 2
5411 2
5413 1
5418 1
5419 1
5420 2
5422 1
5423 1
5425 1
5426 1
5432 3
5434 1
5436 2
5438 1
5440 1
5443 1
5444 1
5447 1
5453 1
5458 1
5461 1
5463 2
5464 1
5465 1
5467 1
5469 1
5472 1
5479 1
5483 1
5486 1
5487 1
5490 1
5491 2
5500 2
5504 1
5508 1
5510 3
5512 2
5513 1
5514 1
5515 1
5516 3
5521 1
5525 1
5533 2
5535 1
5537 2
5541 3
5543 3
5545 1
5547 2
5549 1
5550 2
5553 1
5554 1
5556 2
5562 2
5564 2
5566 2
5568 1
5570 2
5574 1
5577 1
5583 1
5590 1
5591 1
5593 3
5594 1
5595 1
5597 1
5598 1
5599 1
5603 1
5611 1
5615 1
5616 1
5624 1
5626 1
5628 1
5634 1
5640 2
5641 1
5644 2
5648 1
5657 1
5659 1
5667 1
5669 1
5671 2
5673 2
5676 1
5677 1
5678 1
5686 1
5688 2
5692 1
5694 2
5698 1
5700 1
5701 1
5707 1
5709 1
5713 1
5716 2
5718 1
5719 2
5721 2
5722 1
5723 1
5725 1
5727 1
5728 1
5742 1
5744 2
5750 1
5752 1
5753 1
5756 1
5759 1
5760 1
5763 1
5765 1
5766 1
5768 1
5771 1
5772 1
5775 1
5791 1
5794 1
5797 1
5799 2
5800 2
5801 1
5803 2
5806 2
5810 1
5812 1
5816 1
5817 1
5818 1
5819 1
5820 1
5822 1
5824 1
5825 1
5827 1
5829 1
5831 2
5833 1
5836 1
5837 2
5838 1
5843 3
5845 2
5846 1
5849 2
5851 1
5853 1
5854 1
5857 1
5858 2
5860 2
5862 1
5863 1
5866 1
5868 2
5872 1
5874 2
5875 1
5876 1
5878 1
5880 1
5881 1
5882 1
5883 1
5884 1
5886 1
5889 2
5890 1
5895 1
5897 1
5901 2
5907 1
5909 1
5910 1
5915 1
5919 1
5921 2
5923 2
5925 1
5926 1
5927 2
5928 1
5932 1
5936 2
5938 1
5944 2
5946 1
5948 3
5952 1
5957 1
5960 1
5961 1
5963 1
5967 1
5969 1
5971 1
5972 1
5973 2
5975 2
5976 1
5977 1
5979 2
5981 1
5990 1
5992 1
5998 1
6000 1
6002 2
6003 2
6004 2
6005 1
6006 1
6008 1
6009 1
6010 1
6011 1
6015 1
6019 2
6022 1
6026 2
6027 1
6028 2
6031 1
6033 1
6036 1
6040 1
6046 1
6047 1
6048 1
6050 1
6051 1
6052 1
6054 1
6055 1
6061 1
6066 1
6069 1
6071 1
6072 1
6075 1
6080 1
6083 2
6087 2
6093 2
6095 1
6097 1
6098 1
6099 2
6101 1
6104 1
6105 1
6106 1
6108 2
6109 1
6111 1
6112 1
6116 1
6118 3
6120 2
6122 1
6124 1
6126 3
6129 1
6130 3
6132 1
6133 2
6136 1
6137 1
6139 2
6141 1
6145 2
6147 2
6149 3
6150 1
6151 3
6153 1
6155 2
6157 1
6158 1
6160 1
6161 1
6162 1
6163 1
6166 1
6170 1
6172 2
6173 1
6176 3
6177 1
6178 1
6180 1
6182 2
6183 1
6184 1
6185 1
6186 1
6188 1
6191 1
6194 1
6196 1
6198 1
6199 1
6201 2
6202 1
6205 1
6207 1
6209 1
6210 1
6211 1
6213 1
6219 1
6223 2
6227 2
6229 3
6231 2
6232 1
6233 1
6234 1
6235 2
6236 1
6239 1
6240 1
6242 1
6248 1
6250 2
6252 2
6254 2
6256 3
6260 2
6261 1
6263 2
6264 1
6268 1
6269 1
6275 1
6277 2
6279 3
6281 2
6283 2
6284 1
6285 1
6286 1
6289 1
6290 1
6292 1
6293 1
6296 1
6301 1
6302 1
6304 1
6306 2
6307 1
6308 1
6310 2
6312 2
6314 1
6315 1
6317 1
6318 1
6321 1
6326 1
6327 2
6329 1
6330 1
6333 1
6335 2
6336 1
6339 1
6348 1
6351 1
6353 2
6355 1
6357 1
6358 1
6359 1
6360 1
6364 2
6374 1
6376 1
6380 2
6382 1
6383 1
6384 1
6386 2
6393 1
6395 2
6399 1
6402 1
6405 2
6407 4
6408 1
6409 1
6410 1
6411 2
6413 1
6414 2
6419 1
6420 1
6426 1
6428 2
6430 1
6434 1
6435 1
6436 3
6437 1
6438 3
6439 2
6440 1
6441 1
6442 2
6444 1
6445 2
6446 1
6449 1
6451 2
6454 1
6457 2
6458 1
6459 1
6461 2
6463 1
6464 1
6465 2
6466 2
6467 1
6469 1
6471 1
6472 1
6478 1
6480 1
6482 1
6483 2
6484 1
6485 1
6486 1
6488 1
6489 2
6490 1
6492 2
6493 1
6494 1
6498 1
6504 2
6509 1
6510 2
6511 1
6513 2
6515 1
6517 1
6518 2
6519 2
6521 1
6522 1
6523 1
6527 1
6529 3
6531 2
6535 2
6536 1
6537 1
6539 2
6540 2
6543 2
6544 2
6546 1
6552 2
6554 2
6556 3
6557 1
6558 2
6560 1
6561 1
6562 3
6564 1
6565 1
6566 2
6567 2
6568 3
6569 1
6572 2
6573 1
6575 1
6579 1
6581 1
6583 3
6585 1
6587 4
6589 1
6593 1
6594 1
6595 1
6596 2
6599 1
6601 1
6602 1
6605 1
6607 1
6608 1
6609 1
6610 2
6611 3
6612 2
6613 1
6614 2
6616 2
6618 1
6619 1
6622 1
6623 1
6630 1
6634 2
6637 1
6639 1
6640 1
6642 1
6643 1
6644 1
6645 1
6646 2
6648 1
6654 1
6655 1
6657 2
6658 1
6659 1
6661 1
6662 1
6663 2
6665 1
6667 1
6670 1
6684 1
6686 2
6688 2
6689 1
6690 1
6691 2
6692 2
6694 1
6695 2
6696 2
6697 1
6700 1
6701 2
6703 1
6705 1
6709 1
6712 1
6713 2
6714 1
6717 1
6719 1
6722 3
6724 1
6725 1
6726 2
6728 2
6729 1
6731 1
6732 1
6733 1
6734 3
6738 3
6740 3
6741 1
6744 1
6745 1
6746 2
6747 2
6749 1
6753 2
6755 3
6757 1
6758 1
6759 1
6765 1
6766 1
6767 1
6768 1
6769 2
6770 1
6771 2
6773 1
6774 1
6776 1
6778 1
6779 1
6781 1
6784 2
6785 1
6787 1
6788 1
6790 1
6791 1
6792 1
6793 1
6794 1
6796 2
6802 2
6804 1
6805 1
6806 2
6812 3
6814 1
6815 1
6816 3
6817 1
6818 3
6819 1
6821 1
6822 1
6823 2
6825 1
6827 1
6831 2
6833 1
6835 2
6837 3
6839 2
6841 1
6843 3
6845 1
6846 2
6847 2
6848 1
6849 3
6851 1
6852 2
6855 1
6856 2
6858 2
6860 1
6862 3
6864 2
6866 3
6868 3
6869 2
6870 2
6871 2
6872 2
6874 2
6876 2
6877 1
6883 1
6885 2
6887 1
6889 2
6890 1
6891 2
6893 1
6895 3
6896 1
6897 2
6898 1
6899 3
6900 1
6901 2
6903 1
6904 1
6906 1
6909 1
6912 1
6913 1
6914 1
6915 2
6917 1
6918 2
6920 2
6921 1
6922 1
6926 1
6928 1
6930 1
6931 1
6932 1
6936 2
6938 1
6940 1
6941 1
6942 1
6943 1
6946 2
6947 2
6949 2
6950 2
6954 1
6956 1
6959 1
6961 2
6963 1
6965 1
6967 1
6969 1
6972 1
6973 1
6975 2
6976 1
6978 2
6979 2
6982 1
6984 1
6988 1
6990 3
6992 2
6993 1
6994 2
6996 2
6998 1
7000 1
7001 1
7003 2
7004 1
7007 1
7011 1
7013 2
7015 3
7018 1
7019 2
7021 4
7022 2
7025 2
7027 2
7028 1
7029 1
7032 1
7033 1
7034 2
7036 1
7037 1
7039 1
7042 1
7044 3
7046 3
7048 1
7049 1
7050 3
7054 1
7055 1
7056 1
7057 1
7058 1
7061 1
7062 1
7065 1
7066 2
7068 1
7069 1
7071 1
7072 2
7073 1
7074 2
7075 2
7077 2
7078 1
7079 1
7080 1
7081 1
7086 1
7091 1
7093 3
7096 2
7097 1
7100 2
7101 2
7102 1
7103 1
7104 1
7105 2
7106 1
7112 2
7114 1
7118 2
7119 1
7120 1
7121 2
7122 3
7123 1
7124 3
7125 1
7126 2
7127 2
7128 1
7129 1
7130 1
7131 1
7133 1
7135 2
7137 1
7139 2
7140 1
7143 1
7144 1
7145 2
7147 2
7148 1
7149 2
7150 2
7151 4
7152 2
7153 1
7155 2
7156 1
7157 3
7158 2
7159 1
7160 1
7162 1
7163 1
7164 3
7165 1
7166 2
7168 1
7169 1
7170 3
7172 1
7174 2
7175 2
7176 2
7178 3
7179 2
7180 2
7181 1
7182 1
7184 1
7185 1
7187 1
7188 1
7190 1
7191 2
7193 1
7194 1
7195 2
7196 3
7197 1
7199 2
7201 2
7202 2
7203 1
7204 3
7205 2
7207 3
7209 1
7210 1
7213 1
7215 1
7216 1
7217 1
7218 1
7219 1
7221 1
7222 2
7223 1
7224 1
7225 2
7226 1
7228 1
7229 2
7230 1
7231 1
7234 1
7238 2
7240 2
7242 3
7243 1
7244 1
7245 1
7246 1
7247 1
7248 4
7250 2
7251 1
7252 1
7253 2
7254 3
7258 1
7259 1
7263 1
7265 2
7269 3
7271 2
7273 2
7275 2
7277 1
7278 1
7279 2
7280 1
7281 3
7282 1
7283 1
7285 2
7287 1
7288 1
7292 2
7294 2
7296 2
7297 2
7298 1
7300 2
7302 3
7304 2
7305 2
7306 1
7308 3
7309 2
7311 1
7312 1
7314 1
7317 1
7321 2
7323 3
7325 1
7326 1
7328 1
7329 1
7330 3
7331 2
7332 2
7333 1
7334 2
7335 1
7336 1
7337 1
7338 1
7339 1
7340 1
7341 1
7342 1
7343 1
7348 2
7349 1
7352 1
7353 1
7354 2
7356 1
7359 1
7360 1
7361 2
7362 1
7363 1
7364 1
7366 1
7367 1
7370 1
7372 1
7373 1
7374 1
7375 1
7377 2
7378 2
7379 1
7381 1
7382 2
7384 1
7385 1
7386 1
7387 1
7388 1
7389 2
7395 1
7399 2
7401 1
7404 1
7405 1
7406 1
7407 1
7408 3
7410 2
7411 2
7412 1
7413 2
7414 3
7415 1
7417 1
7420 3
7422 1
7424 3
7426 3
7428 1
7430 1
7431 2
7432 4
7433 1
7435 2
7438 1
7439 3
7441 4
7443 1
7445 2
7447 1
7449 1
7451 4
7452 2
7453 3
7454 2
7455 2
7456 1
7457 5
7459 1
7460 2
7462 2
7463 1
7464 2
7465 1
7466 1
7467 1
7468 2
7470 1
7472 1
7474 3
7476 1
7477 1
7478 3
7479 1
7480 1
7482 5
7484 2
7485 1
7486 1
7488 2
7489 2
7490 1
7491 3
7492 1
7493 1
7494 1
7495 1
7496 1
7497 2
7498 2
7500 1
7501 1
7502 1
7503 3
7504 2
7505 2
7506 1
7507 3
7509 2
7511 2
7513 1
7514 1
7515 1
7521 1
7523 1
7524 1
7525 1
7529 3
7531 2
7532 2
7533 2
7534 1
7535 4
7536 1
7537 2
7538 2
7539 1
7540 1
7541 2
7542 2
7544 2
7546 1
7548 1
7550 1
7552 3
7554 2
7555 1
7556 2
7557 2
7558 4
7560 1
7562 3
7565 1
7567 1
7569 2
7571 2
7574 1
7575 2
7576 1
7577 1
7579 1
7581 4
7583 3
7584 1
7585 4
7586 2
7587 3
7589 2
7591 1
7592 2
7595 1
7596 1
7598 3
7600 1
7601 1
7604 2
7606 1
7608 1
7610 1
7612 3
7613 1
7614 3
7616 2
7617 2
7618 2
7619 2
7620 1
7621 1
7622 1
7623 1
7624 1
7625 1
7627 2
7629 3
7632 1
7633 1
7635 3
7636 1
7637 1
7639 1
7640 1
7641 2
7642 2
7645 1
7647 1
7648 1
7650 1
7654 1
7657 2
7658 1
7659 2
7660 1
7661 2
7662 1
7663 1
7664 2
7665 1
7666 2
7668 1
7669 1
7670 1
7674 1
7676 2
7682 2
7683 1
7685 1
7686 2
7688 1
7689 1
7695 1
7697 2
7699 1
7701 4
7704 2
7705 1
7707 3
7708 1
7709 2
7710 1
7711 2
7712 1
7713 4
7714 1
7715 2
7716 1
7718 1
7719 1
7720 1
7722 1
7728 1
7730 3
7732 3
7734 1
7735 1
7736 2
7738 1
7740 4
7741 3
7742 3
7743 2
7744 3
7746 1
7747 3
7748 1
7749 1
7751 2
7752 1
7753 1
7755 1
7757 2
7758 2
7759 2
7760 2
7761 3
7763 2
7764 2
7765 3
7766 2
7767 1
7770 1
7771 2
7772 2
7773 1
7774 1
7777 1
7778 1
7779 2
7780 1
7782 1
7784 2
7785 1
7786 3
7787 3
7788 1
7789 1
7790 3
7791 1
7792 2
7793 1
7794 1
7795 1
7796 1
7798 2
7799 2
7801 1
7802 1
7804 3
7805 1
7807 2
7808 1
7809 1
7810 2
7812 1
7813 2
7815 2
7816 1
7817 1
7819 2
7821 2
7823 1
7824 2
7825 3
7826 1
7827 1
7830 1
7831 3
7833 2
7834 1
7835 1
7836 2
7837 3
7839 1
7841 2
7842 2
7843 2
7844 1
7845 2
7846 3
7848 2
7849 1
7850 2
7851 1
7852 1
7854 1
7856 3
7858 2
7860 2
7861 1
7862 2
7863 1
7864 4
7865 1
7866 1
7867 1
7868 3
7869 1
7870 2
7871 2
7873 2
7874 2
7875 1
7877 4
7878 1
7879 2
7880 1
7881 1
7882 1
7883 1
7885 3
7887 3
7888 2
7889 4
7890 1
7891 2
7893 3
7895 1
7896 1
7898 1
7900 2
7901 1
7902 2
7904 2
7905 1
7906 1
7907 1
7908 2
7909 1
7910 2
7911 1
7913 1
7914 3
7915 1
7916 3
7917 2
7918 1
7920 3
7921 1
7922 2
7924 2
7925 1
7926 1
7928 1
7929 1
7931 3
7932 1
7933 1
7934 2
7936 1
7937 1
7939 2
7940 1
7943 2
7944 1
7945 2
7946 2
7947 1
7948 1
7949 2
7950 1
7951 2
7952 1
7955 1
7957 1
7960 1
7961 2
7963 2
7965 2
7967 4
7968 1
7969 3
7970 1
7971 1
7972 1
7974 1
7978 2
7980 1
7986 1
7988 2
7990 3
7991 2
7992 2
7993 1
7994 3
7995 1
7996 2
7997 2
7998 2
7999 1
8000 1
8002 1
8003 1
8007 2
8009 2
8013 1
8014 1
8015 2
8016 3
8017 1
8019 2
8020 1
8021 3
8022 1
8023 1
8024 3
8025 1
8028 3
8030 1
8031 1
8034 3
8035 1
8036 1
8038 1
8039 1
8040 4
8042 1
8043 1
8045 2
8046 3
8047 2
8048 2
8049 3
8050 3
8051 1
8052 3
8053 2
8055 1
8057 1
8059 3
8060 2
8061 2
8063 1
8064 1
8065 2
8067 1
8068 2
8070 2
8071 2
8072 1
8073 2
8074 3
8075 2
8076 1
8077 1
8078 1
8079 1
8080 2
8081 1
8082 1
8085 1
8086 2
8087 1
8088 1
8089 1
8090 2
8091 2
8092 2
8093 2
8094 2
8096 2
8097 3
8098 1
8099 3
8100 1
8102 1
8103 1
8104 1
8106 1
8107 1
8108 1
8110 1
8111 1
8112 1
8113 1
8114 3
8117 2
8118 4
8119 1
8120 1
8121 2
8123 1
8124 3
8125 2
8127 3
8129 2
8131 1
8132 1
8133 2
8135 2
8137 3
8138 1
8139 3
8140 2
8141 2
8142 1
8143 5
8145 2
8146 1
8148 2
8149 2
8150 2
8151 2
8152 2
8153 1
8154 3
8157 1
8158 2
8160 3
8162 1
8164 4
8166 3
8168 5
8170 4
8171 2
8172 3
8173 1
8174 2
8175 3
8176 3
8177 3
8178 1
8179 2
8180 2
8181 2
8182 2
8183 2
8184 1
8187 2
8189 3
8191 2
8192 1
8193 4
8195 2
8196 1
8197 5
8199 2
8200 1
8201 3
8202 1
8203 2
8204 2
8205 2
8206 1
8207 1
8208 1
8209 1
8210 2
8212 1
8215 1
8216 1
8217 1
8218 3
8219 1
8220 3
8221 3
8222 3
8223 1
8224 3
8225 2
8226 2
8227 2
8228 2
8230 2
8231 1
8232 1
8233 2
8234 1
8237 1
8238 1
8240 1
8242 2
8243 2
8244 2
8247 1
8248 2
8249 2
8251 3
8252 1
8253 2
8254 1
8255 2
8256 2
8257 1
8258 1
8259 1
8260 1
8262 1
8265 2
8267 3
8268 1
8269 2
8271 3
8273 1
8274 1
8275 1
8276 1
8277 2
8278 2
8280 1
8281 2
8282 1
8284 3
8290 1
8292 1
8294 2
8295 1
8296 3
8298 3
8299 1
8300 3
8302 2
8303 2
8304 1
8305 4
8306 2
8307 1
8309 2
8310 2
8311 1
8313 1
8315 2
8317 2
8321 4
8323 3
8324 1
8325 2
8327 4
8328 1
8332 1
8334 3
8335 1
8336 3
8338 1
8339 1
8340 2
8342 1
8343 2
8344 1
8345 1
8346 2
8347 1
8348 5
8349 3
8350 3
8352 4
8354 3
8355 1
8356 1
8357 1
8359 1
8360 2
8361 1
8363 2
8367 1
8368 1
8369 2
8371 1
8372 2
8374 1
8375 1
8377 2
8378 2
8379 2
8380 2
8381 3
8382 1
8383 2
8384 1
8385 1
8386 1
8387 3
8388 1
8390 2
8392 2
8393 2
8395 3
8396 1
8397 1
8398 1
8399 3
8400 1
8401 1
8402 3
8406 2
8407 2
8408 2
8410 1
8416 1
8418 1
8419 1
8420 1
8422 1
8424 4
8425 1
8426 4
8427 3
8428 3
8429 2
8430 3
8431 1
8432 2
8433 3
8434 1
8435 2
8437 2
8439 2
8441 2
8443 1
8444 1
8445 1
8446 1
8447 2
8449 2
8450 1
8451 3
8452 2
8453 3
8454 2
8455 1
8456 2
8457 3
8458 1
8459 2
8460 3
8461 1
8462 1
8463 2
8464 2
8465 1
8466 3
8468 1
8469 1
8470 4
8471 2
8472 4
8473 1
8476 4
8477 1
8478 4
8479 1
8480 3
8481 3
8482 2
8483 1
8484 3
8485 4
8486 1
8487 2
8488 1
8490 2
8491 1
8493 3
8495 1
8496 1
8497 2
8498 1
8499 2
8500 1
8501 1
8502 2
8503 2
8504 1
8505 2
8506 1
8507 3
8508 3
8509 5
8510 3
8511 2
8512 1
8513 3
8514 2
8515 1
8516 2
8517 2
8519 1
8520 1
8522 2
8523 1
8524 1
8525 2
8526 1
8527 1
8528 3
8529 2
8530 1
8531 2
8532 3
8534 2
8535 1
8536 1
8537 1
8538 1
8540 2
8542 2
8543 1
8544 2
8546 2
8548 1
8549 1
8550 3
8551 1
8552 3
8553 2
8554 4
8555 3
8556 2
8557 2
8559 2
8560 3
8561 2
8563 3
8564 1
8565 1
8569 1
8571 3
8573 2
8575 5
8577 2
8579 1
8581 2
8582 1
8583 1
8584 2
8585 1
8586 2
8587 3
8588 1
8589 1
8590 2
8592 1
8593 1
8594 2
8596 2
8598 3
8599 2
8600 3
8602 3
8603 1
8604 4
8606 3
8607 2
8608 2
8610 3
8611 2
8614 2
8615 1
8617 2
8623 2
8625 2
8627 2
8628 1
8629 5
8630 1
8631 2
8632 4
8633 3
8634 1
8635 3
8636 2
8637 3
8638 3
8639 1
8641 1
8642 2
8643 2
8644 2
8647 1
8649 1
8650 1
8651 1
8653 2
8654 2
8655 2
8656 2
8658 3
8660 3
8663 1
8664 1
8665 1
8666 1
8667 1
8668 1
8669 2
8670 1
8672 1
8674 2
8675 1
8676 3
8677 1
8678 1
8679 2
8680 2
8681 2
8682 3
8684 2
8685 2
8686 1
8687 2
8688 3
8689 1
8690 1
8691 1
8694 2
8696 1
8697 1
8699 2
8701 1
8702 1
8705 1
8707 3
8710 3
8711 1
8712 1
8713 1
8714 3
8715 1
8716 3
8717 2
8719 2
8720 2
8721 1
8722 2
8725 1
8726 3
8728 3
8731 1
8732 4
8733 2
8734 3
8735 3
8736 2
8737 1
8738 2
8739 1
8741 3
8743 2
8745 3
8746 1
8747 3
8749 1
8751 1
8753 3
8754 2
8755 1
8756 2
8757 2
8758 2
8759 5
8760 3
8761 1
8762 2
8763 2
8764 3
8765 2
8766 2
8767 2
8768 2
8770 2
8771 1
8772 3
8773 1
8774 3
8775 1
8776 3
8777 1
8778 2
8779 2
8780 2
8782 2
8783 1
8784 4
8785 1
8786 1
8787 1
8788 4
8789 2
8790 2
8791 1
8792 1
8793 3
8794 1
8795 2
8796 1
8797 3
8799 3
8800 2
8801 1
8802 1
8803 2
8804 3
8805 3
8806 1
8807 2
8808 1
8809 2
8810 4
8811 3
8812 2
8813 4
8815 3
8816 2
8817 2
8818 2
8819 1
8820 1
8821 1
8823 1
8824 1
8825 1
8826 2
8828 1
8829 2
8830 1
8831 2
8832 1
8833 1
8834 2
8835 2
8836 2
8837 3
8838 3
8839 2
8840 2
8841 2
8842 2
8843 2
8844 2
8846 1
8847 1
8848 2
8850 3
8852 2
8854 3
8856 2
8857 2
8858 3
8859 3
8860 3
8861 2
8862 4
8863 2
8864 3
8865 1
8866 1
8867 2
8868 1
8871 1
8873 2
8875 1
8877 3
8878 1
8879 3
8881 1
8882 1
8883 4
8885 3
8886 1
8887 4
8888 3
8889 4
8890 2
8891 4
8893 2
8894 2
8895 2
8896 1
8897 1
8898 1
8900 1
8902 2
8903 1
8904 3
8906 3
8907 1
8908 3
8910 2
8911 1
8912 1
8913 2
8914 2
8916 3
8917 2
8918 3
8919 4
8920 3
8922 1
8923 1
8925 2
8926 1
8927 1
8928 1
8929 2
8931 3
8932 1
8933 2
8934 2
8935 2
8937 4
8938 1
8939 1
8940 2
8941 2
8942 4
8943 2
8944 3
8945 2
8947 1
8948 1
8951 1
8952 1
8953 1
8954 1
8955 1
8956 2
8957 2
8960 2
8961 1
8962 3
8963 3
8964 2
8966 2
8967 2
8968 2
8969 1
8970 1
8971 1
8972 1
8973 1
8974 1
8975 1
8976 1
8977 1
8978 2
8980 2
8981 1
8982 1
8983 1
8984 1
8985 2
8986 2
8987 1
8988 2
8989 1
8991 4
8992 2
8996 1
8998 1
8999 1
9001 1
9002 1
9003 4
9007 4
9009 3
9010 1
9011 1
9013 2
9014 1
9015 2
9016 2
9017 1
9018 1
9019 1
9020 3
9021 2
9022 3
9024 1
9025 1
9026 1
9027 1
9028 1
9030 1
9032 3
9034 5
9035 2
9036 1
9037 1
9038 3
9040 2
9041 1
9042 2
9043 2
9044 1
9045 2
9046 4
9047 2
9049 3
9052 1
9053 2
9054 1
9055 3
9057 1
9059 1
9060 1
9061 4
9062 1
9063 5
9064 2
9065 2
9066 3
9067 3
9068 3
9069 2
9070 2
9071 2
9072 2
9073 1
9074 2
9076 3
9077 1
9078 2
9079 1
9080 1
9081 2
9082 1
9085 2
9086 3
9088 4
9089 1
9090 1
9091 2
9092 6
9093 2
9094 3
9096 2
9097 1
9098 3
9099 3
9100 2
9101 1
9102 1
9103 1
9104 1
9105 3
9106 1
9107 2
9108 2
9110 4
9111 1
9112 2
9113 2
9115 3
9116 3
9117 4
9118 1
9119 2
9120 2
9121 3
9122 1
9123 2
9125 2
9126 1
9127 2
9128 1
9129 1
9131 1
9132 1
9133 1
9135 2
9136 1
9137 4
9138 2
9139 2
9140 1
9141 1
9142 2
9143 3
9144 1
9145 4
9146 5
9147 2
9148 3
9149 2
9150 2
9151 2
9152 3
9154 1
9155 1
9156 2
9157 1
9158 3
9160 2
9162 3
9163 2
9164 3
9166 4
9167 3
9168 1
9169 2
9170 4
9171 3
9172 2
9173 2
9175 1
9176 2
9177 2
9179 4
9181 2
9182 1
9183 3
9184 2
9185 2
9186 1
9187 1
9188 1
9189 4
9190 3
9191 3
9192 2
9193 4
9194 2
9195 7
9196 1
9197 1
9198 2
9199 3
9200 2
9201 1
9202 2
9204 1
9205 1
9206 4
9207 1
9208 1
9210 3
9211 2
9212 4
9214 2
9215 2
9216 3
9217 1
9218 2
9220 3
9221 2
9222 2
9223 2
9224 2
9226 3
9227 2
9228 2
9229 2
9230 2
9231 1
9232 1
9233 2
9234 1
9235 2
9236 2
9237 2
9238 3
9239 2
9240 2
9241 4
9242 1
9243 3
9244 1
9245 3
9246 3
9247 1
9249 4
9250 1
9251 2
9252 2
9253 1
9255 1
9257 1
9258 1
9259 1
9261 2
9262 1
9263 1
9264 2
9265 1
9267 4
9268 1
9269 2
9270 2
9271 3
9272 2
9273 4
9274 1
9275 2
9276 2
9277 1
9278 1
9280 3
9282 2
9284 2
9285 1
9286 1
9288 1
9289 1
9290 4
9292 2
9293 1
9294 2
9295 1
9296 4
9297 1
9299 1
9300 2
9302 1
9303 1
9305 1
9309 2
9311 3
9313 2
9314 1
9315 4
9317 1
9318 2
9319 4
9321 3
9322 1
9323 4
9324 3
9325 2
9326 1
9327 3
9329 2
9330 4
9336 3
9340 2
9341 1
9342 3
9344 1
9346 2
9347 1
9348 1
9349 2
9350 3
9351 2
9352 3
9353 2
9354 3
9355 5
9356 3
9357 1
9358 2
9360 1
9361 3
9362 2
9363 1
9365 2
9366 2
9367 4
9368 1
9370 1
9371 1
9372 2
9373 3
9374 3
9375 2
9376 2
9377 1
9378 1
9379 2
9380 4
9381 1
9382 2
9383 2
9384 1
9385 2
9386 1
9387 1
9388 1
9392 1
9393 3
9394 2
9395 2
9396 3
9397 2
9398 2
9399 3
9400 2
9401 2
9402 2
9403 2
9404 2
9405 3
9406 1
9407 1
9408 2
9409 2
9410 1
9412 1
9413 1
9414 2
9415 1
9416 1
9418 2
9419 1
9420 4
9421 2
9423 2
9424 2
9425 1
9426 2
9427 2
9429 2
9430 2
9431 2
9432 1
9433 4
9434 1
9435 2
9437 1
9438 1
9439 4
9440 1
9441 1
9442 2
9443 2
9444 2
9445 6
9446 1
9447 2
9448 1
9449 2
9450 4
9451 2
9452 1
9453 2
9454 2
9455 2
9456 4
9457 1
9458 1
9459 1
9460 3
9462 2
9464 1
9465 1
9466 1
9468 2
9470 5
9472 3
9473 2
9474 5
9475 1
9476 3
9477 3
9478 3
9479 4
9480 1
9481 2
9482 3
9483 4
9484 1
9485 4
9486 1
9487 2
9488 1
9489 2
9490 1
9491 2
9493 3
9494 2
9495 2
9496 3
9497 3
9498 2
9499 7
9501 2
9502 2
9503 5
9504 1
9505 1
9508 1
9509 1
9510 3
9511 1
9512 3
9514 1
9515 1
9516 2
9517 2
9518 2
9519 1
9520 2
9521 1
9522 3
9523 3
9524 4
9525 3
9526 3
9527 3
9528 5
9529 1
9530 3
9531 1
9532 1
9533 3
9534 2
9535 1
9536 2
9537 1
9538 1
9539 3
9540 2
9542 2
9543 1
9544 1
9545 3
9546 2
9547 1
9548 2
9549 1
9550 2
9551 1
9553 3
9554 1
9555 2
9556 1
9557 3
9558 1
9559 3
9560 2
9561 1
9562 2
9563 2
9564 2
9565 2
9566 1
9568 1
9569 2
9570 1
9571 2
9572 1
9573 3
9574 1
9575 3
9576 1
9577 4
9578 1
9579 2
9580 2
9581 1
9582 1
9583 3
9584 2
9586 3
9588 1
9589 1
9590 1
9594 1
9598 1
9599 2
9600 3
9601 1
9602 4
9603 1
9604 3
9605 2
9606 3
9607 2
9608 2
9609 1
9611 3
9612 2
9613 2
9615 2
9616 1
9617 3
9618 1
9619 1
9620 1
9623 4
9625 1
9626 1
9627 3
9628 1
9629 4
9630 2
9631 1
9633 1
9636 1
9638 4
9640 3
9642 4
9643 1
9644 1
9645 2
9646 2
9647 1
9648 3
9649 2
9650 2
9651 1
9652 1
9653 1
9654 4
9655 2
9656 3
9658 1
9659 1
9660 3
9661 2
9662 2
9663 3
9664 1
9665 1
9666 1
9669 4
9671 2
9672 1
9673 2
9674 2
9675 1
9677 2
9678 1
9681 2
9682 2
9683 3
9684 3
9685 2
9686 1
9687 2
9688 2
9689 3
9690 2
9692 1
9693 3
9694 1
9695 1
9696 1
9698 1
9699 2
9700 2
9701 2
9702 3
9703 2
9704 1
9705 3
9706 2
9707 3
9708 3
9710 1
9712 2
9713 1
9714 1
9716 1
9718 1
9720 2
9721 1
9722 1
9723 1
9724 1
9725 1
9726 1
9727 1
9728 5
9729 3
9730 3
9731 2
9732 4
9733 2
9734 2
9735 2
9737 2
9738 1
9739 2
9740 1
9741 2
9743 3
9745 2
9746 1
9747 2
9748 1
9749 3
9751 3
9752 2
9753 3
9754 3
9755 1
9756 1
9757 2
9758 2
9759 2
9760 1
9761 1
9762 4
9763 1
9764 1
9765 1
9766 3
9767 2
9768 2
9771 1
9772 5
9773 1
9774 3
9775 1
9776 2
9777 2
9778 6
9780 3
9781 1
9782 3
9783 3
9784 4
9785 3
9786 4
9787 4
9788 1
9789 2
9790 3
9791 3
9792 2
9793 1
9794 1
9795 1
9796 1
9797 2
9798 2
9799 2
9801 1
9802 2
9803 3
9804 1
9805 3
9806 3
9807 3
9808 2
9809 2
9810 1
9811 3
9812 3
9813 3
9814 2
9815 4
9816 1
9817 1
9818 3
9819 3
9820 1
9821 2
9822 1
9823 3
9824 2
9825 1
9826 2
9827 1
9828 2
9829 4
9830 2
9831 4
9832 4
9833 1
9834 4
9835 3
9836 2
9837 3
9838 2
9841 2
9842 1
9843 1
9844 2
9845 1
9846 3
9847 1
9848 2
9849 2
9850 2
9851 1
9852 4
9853 1
9854 1
9855 2
9856 4
9857 2
9858 2
9859 2
9861 3
9862 2
9863 2
9865 4
9866 2
9867 3
9868 1
9869 2
9870 2
9872 2
9873 3
9875 4
9876 1
9877 3
9878 2
9879 2
9880 1
9881 5
9883 1
9884 1
9885 1
9886 2
9887 1
9888 3
9889 1
9890 2
9891 1
9892 4
9893 1
9894 1
9895 1
9896 3
9897 1
9898 3
9900 1
9902 4
9904 2
9905 1
9906 4
9907 1
9908 4
9909 2
9910 3
9911 1
9912 3
9913 3
9914 1
9915 1
9916 2
9917 2
9919 4
9920 1
9921 2
9922 1
9924 1
9925 1
9927 3
9929 2
9930 1
9931 5
9932 2
9933 2
9934 2
9935 6
9937 3
9938 2
9939 3
9940 1
9941 1
9943 1
9944 3
9946 1
9948 3
9949 2
9950 4
9951 1
9953 2
9955 1
9956 3
9957 2
9958 4
9959 2
9960 3
9962 4
9963 2
9964 2
9965 1
9966 3
9968 1
9969 1
9970 1
9971 2
9972 1
9973 1
9975 2
9976 3
9977 1
9978 1
9980 2
9981 3
9982 3
9986 2
9987 3
9988 2
9989 3
9990 2
9991 4
9992 1
9993 2
9994 2
9995 2
9996 1
9997 2
10000 1
10001 3
10002 1
10003 2
10005 3
10006 1
10007 2
10009 4
10011 2
10012 3
10013 2
10014 1
10015 1
10016 4
10017 1
10018 1
10019 1
10020 1
10022 4
10027 1
10028 2
10030 1
10032 2
10033 1
10034 4
10035 2
10036 3
10037 2
10038 5
10040 5
10041 4
10042 1
10043 2
10044 1
10045 1
10047 2
10048 1
10049 2
10051 1
10052 1
10053 2
10055 3
10056 1
10058 1
10059 4
10060 2
10061 3
10062 2
10063 1
10064 1
10065 4
10066 4
10067 1
10068 2
10069 2
10070 2
10072 2
10073 2
10074 3
10076 2
10077 1
10078 2
10079 3
10080 3
10081 3
10082 2
10083 1
10084 4
10085 3
10086 3
10087 1
10088 1
10089 1
10090 4
10091 3
10092 3
10093 1
10094 3
10095 4
10097 1
10098 1
10099 2
10101 3
10102 2
10103 1
10104 1
10105 2
10106 3
10107 3
10109 2
10110 3
10111 1
10112 4
10113 2
10114 1
10115 2
10116 4
10117 2
10118 4
10119 4
10120 3
10121 3
10122 2
10123 4
10124 1
10125 2
10126 1
10128 2
10130 2
10131 4
10132 1
10133 3
10134 1
10135 2
10136 2
10137 2
10138 3
10139 3
10140 3
10141 2
10142 2
10143 1
10144 2
10145 2
10146 2
10148 1
10149 1
10150 1
10151 1
10152 1
10153 1
10154 1
10156 3
10157 1
10158 2
10159 2
10160 3
10161 1
10162 5
10163 3
10164 4
10165 3
10166 3
10167 3
10168 3
10169 4
10170 2
10171 1
10172 1
10173 2
10174 1
10175 2
10179 3
10180 1
10181 2
10182 1
10183 1
10184 2
10185 6
10187 2
10189 3
10190 1
10191 3
10192 2
10193 2
10194 2
10195 3
10196 3
10197 2
10198 3
10199 1
10200 1
10201 2
10202 1
10203 1
10204 2
10206 2
10208 5
10209 2
10210 4
10211 1
10212 2
10213 2
10214 3
10215 1
10216 3
10217 1
10218 3
10219 4
10220 2
10221 3
10222 3
10223 2
10224 2
10225 2
10226 1
10228 2
10231 1
10233 1
10235 1
10236 1
10237 2
10238 1
10239 4
10240 2
10241 3
10242 2
10243 3
10244 1
10245 3
10246 5
10247 4
10248 3
10249 1
10250 1
10251 3
10252 3
10253 1
10254 1
10255 1
10257 2
10258 2
10259 1
10262 2
10263 3
10264 3
10265 1
10266 2
10267 1
10268 2
10269 2
10270 3
10272 1
10273 1
10274 1
10275 2
10276 2
10277 1
10278 1
10280 1
10281 1
10282 1
10283 1
10284 2
10285 2
10286 2
10287 1
10288 3
10289 2
10290 3
10291 2
10292 2
10293 3
10294 2
10295 3
10296 1
10297 2
10298 3
10299 1
10300 1
10301 2
10302 1
10304 1
10305 1
10309 3
10311 2
10313 4
10315 1
10319 1
10320 1
10321 1
10322 4
10323 1
10324 4
10325 1
10326 1
10327 1
10328 3
10329 1
10330 2
10331 1
10332 1
10334 1
10335 1
10336 3
10337 2
10338 2
10340 3
10341 1
10342 4
10343 1
10344 1
10345 1
10346 1
10347 1
10348 3
10349 3
10351 1
10352 1
10355 2
10357 1
10359 1
10360 1
10361 2
10363 2
10365 2
10366 1
10367 5
10368 4
10369 4
10370 4
10371 2
10372 2
10373 3
10374 2
10375 2
10376 3
10378 3
10379 1
10380 1
10381 2
10382 2
10384 1
10385 1
10386 1
10387 2
10388 3
10389 1
10390 2
10391 2
10392 3
10393 2
10394 3
10396 2
10397 1
10398 4
10400 2
10401 1
10402 2
10403 1
10404 1
10405 3
10406 2
10407 4
10408 1
10410 1
10411 2
10412 3
10413 2
10414 4
10415 2
10416 1
10417 2
10418 3
10419 3
10420 3
10421 1
10422 2
10423 3
10424 1
10425 3
10426 3
10427 3
10428 1
10429 3
10430 1
10431 2
10432 1
10434 1
10435 1
10437 2
10439 2
10440 2
10441 1
10443 2
10444 1
10445 2
10446 1
10447 1
10448 4
10449 2
10450 3
10451 4
10452 3
10453 2
10454 3
10455 1
10456 1
10457 2
10458 4
10459 1
10460 2
10461 1
10462 1
10463 1
10464 3
10466 3
10468 3
10469 2
10470 3
10471 2
10472 3
10473 5
10474 2
10475 1
10476 2
10477 1
10478 2
10479 2
10481 2
10483 2
10484 1
10485 3
10487 2
10488 1
10490 2
10491 3
10492 2
10493 2
10494 2
10495 4
10496 3
10497 5
10498 2
10499 1
10500 3
10501 4
10502 3
10503 2
10504 2
10505 4
10506 2
10507 1
10508 3
10510 1
10511 1
10512 3
10513 2
10514 3
10515 1
10516 3
10517 3
10518 2
10520 2
10521 1
10522 2
10523 2
10525 1
10526 2
10527 3
10528 2
10529 2
10530 2
10531 3
10532 3
10533 2
10534 2
10535 3
10536 1
10537 2
10538 2
10539 1
10540 2
10541 4
10542 3
10543 3
10544 2
10545 1
10546 1
10547 3
10548 3
10549 2
10550 1
10551 5
10552 2
10553 1
10554 1
10555 2
10556 2
10557 1
10558 2
10559 2
10561 2
10563 1
10564 2
10566 1
10567 2
10568 1
10569 1
10570 3
10571 2
10572 2
10573 4
10574 3
10575 3
10576 3
10577 1
10578 3
10579 3
10580 2
10581 1
10582 2
10584 3
10585 1
10586 2
10588 2
10590 2
10591 1
10592 3
10594 1
10595 3
10596 4
10597 3
10598 2
10599 1
10600 1
10601 2
10602 2
10603 1
10605 2
10609 1
10611 1
10613 1
10615 3
10617 6
10619 2
10620 2
10621 5
10623 3
10624 1
10625 4
10626 3
10627 1
10629 3
10630 2
10631 1
10632 3
10634 1
10635 1
10636 2
10638 1
10640 1
10642 2
10644 3
10646 3
10648 3
10649 1
10650 1
10651 2
10652 2
10654 1
10655 1
10656 3
10657 5
10658 3
10660 1
10661 1
10662 2
10663 2
10664 1
10665 1
10666 1
10667 2
10668 2
10669 3
10670 1
10671 1
10673 3
10674 2
10675 4
10676 3
10677 4
10678 1
10679 3
10680 2
10681 2
10682 3
10685 1
10686 2
10687 3
10688 1
10689 1
10690 1
10691 1
10693 1
10694 1
10695 4
10698 2
10699 3
10700 4
10701 2
10702 3
10703 1
10704 2
10705 3
10706 3
10708 3
10709 2
10710 1
10711 2
10712 1
10713 1
10714 3
10715 2
10716 2
10717 1
10718 2
10720 4
10722 2
10723 2
10724 3
10725 1
10726 3
10727 1
10729 3
10730 2
10731 2
10732 1
10733 1
10734 1
10735 3
10736 1
10737 1
10738 1
10739 1
10740 2
10741 5
10742 1
10743 1
10745 3
10746 2
10747 4
10748 1
10749 1
10751 4
10752 3
10753 2
10754 2
10755 2
10756 1
10757 1
10758 3
10759 3
10760 3
10761 1
10762 2
10763 1
10764 1
10765 2
10766 2
10767 1
10768 1
10770 3
10771 1
10772 3
10774 1
10775 1
10776 4
10777 2
10778 3
10779 2
10780 3
10781 2
10782 1
10783 2
10784 3
10785 2
10787 3
10788 1
10789 3
10790 1
10791 2
10792 2
10793 3
10795 3
10796 2
10798 4
10799 2
10800 3
10801 5
10802 2
10803 3
10804 3
10805 4
10806 2
10807 1
10808 2
10809 4
10811 1
10812 2
10814 3
10816 2
10817 1
10818 3
10819 2
10820 3
10821 2
10823 2
10824 3
10825 3
10826 4
10827 1
10828 1
10829 3
10830 6
10831 2
10832 3
10833 1
10834 2
10835 2
10836 3
10837 2
10838 2
10839 1
10840 1
10841 2
10842 1
10843 2
10844 2
10845 2
10846 2
10847 1
10848 4
10849 2
10850 3
10851 1
10852 2
10853 1
10854 2
10855 5
10856 1
10857 1
10858 2
10859 4
10860 2
10861 3
10862 1
10863 1
10865 2
10866 1
10867 2
10868 1
10869 1
10870 1
10871 2
10872 1
10873 2
10874 1
10875 2
10876 2
10877 2
10878 2
10879 4
10880 1
10881 4
10882 1
10883 4
10884 4
10885 3
10886 2
10887 2
10888 1
10890 2
10892 1
10894 2
10895 1
10896 2
10898 2
10899 1
10901 2
10902 2
10903 1
10904 5
10905 4
10906 2
10907 1
10908 4
10909 2
10910 2
10913 1
10914 2
10915 1
10917 1
10919 3
10920 1
10921 1
10922 2
10923 2
10924 1
10925 2
10926 1
10927 2
10928 2
10929 2
10930 2
10931 3
10932 2
10933 5
10934 1
10935 1
10937 3
10938 1
10939 1
10940 1
10942 1
10944 4
10945 1
10948 2
10949 2
10950 4
10951 1
10952 2
10953 1
10955 2
10956 2
10958 1
10959 2
10961 2
10962 4
10963 2
10964 3
10965 1
10966 2
10968 2
10969 1
10970 1
10971 2
10973 1
10974 2
10975 3
10976 4
10977 2
10978 1
10979 2
10980 2
10981 2
10982 1
10983 2
10984 3
10986 1
10987 3
10988 2
10989 2
10990 2
10993 1
10994 1
10995 2
10996 2
10997 1
10998 1
10999 2
11002 2
11003 1
11004 2
11005 3
11006 2
11007 3
11008 3
11009 3
11010 2
11011 2
11012 1
11013 3
11014 2
11015 1
11017 1
11018 2
11019 1
11020 2
11022 1
11023 2
11024 1
11026 1
11027 2
11028 2
11029 1
11030 2
11031 1
11032 1
11033 2
11034 4
11035 3
11037 1
11038 1
11040 2
11041 2
11043 3
11045 1
11046 1
11047 2
11048 1
11049 4
11051 3
11052 1
11053 3
11054 1
11055 1
11056 2
11057 1
11058 3
11059 3
11060 1
11061 2
11062 2
11063 1
11064 3
11065 1
11066 1
11067 2
11068 3
11070 1
11073 2
11074 3
11076 1
11078 3
11079 2
11080 3
11082 2
11084 3
11085 1
11086 3
11087 4
11088 4
11089 2
11090 2
11091 2
11092 2
11093 5
11094 1
11095 1
11096 2
11097 2
11098 3
11099 2
11100 2
11103 2
11104 3
11105 3
11106 1
11107 2
11108 3
11109 3
11110 2
11111 1
11112 3
11113 4
11114 2
11115 2
11117 2
11118 2
11119 1
11120 2
11121 2
11122 1
11123 3
11124 2
11125 3
11126 2
11127 2
11128 1
11129 1
11131 3
11132 2
11133 2
11134 4
11135 2
11136 5
11137 4
11138 2
11139 2
11140 2
11141 3
11142 2
11143 2
11144 2
11146 2
11147 3
11148 2
11149 1
11150 1
11151 1
11152 4
11153 1
11154 2
11156 4
11157 1
11158 3
11159 2
11161 1
11162 2
11163 2
11164 1
11165 3
11167 3
11168 2
11169 3
11170 2
11171 4
11172 1
11173 1
11174 1
11175 1
11176 2
11177 2
11178 1
11179 3
11180 1
11181 3
11182 3
11183 5
11185 2
11186 1
11187 4
11188 4
11190 2
11191 2
11192 3
11193 2
11194 3
11197 1
11198 2
11199 1
11200 2
11202 1
11203 2
11204 1
11206 1
11208 3
11209 1
11210 2
11211 2
11212 4
11213 2
11214 4
11215 3
11216 2
11217 4
11218 1
11219 1
11220 1
11221 4
11222 1
11223 3
11225 2
11226 3
11227 1
11228 1
11229 2
11230 1
11231 3
11232 2
11233 2
11234 2
11235 1
11236 1
11237 6
11239 2
11240 1
11241 3
11242 1
11246 1
11248 1
11250 3
11252 3
11253 1
11254 2
11255 2
11256 2
11257 2
11258 2
11259 2
11260 4
11261 3
11262 2
11263 1
11264 4
11265 4
11266 4
11268 2
11269 1
11270 3
11271 3
11272 2
11273 1
11276 1
11277 3
11278 2
11282 3
11283 3
11284 1
11285 1
11286 1
11287 1
11288 2
11291 4
11293 2
11294 1
11295 3
11296 2
11297 4
11298 2
11299 1
11300 1
11301 2
11302 1
11303 4
11304 1
11306 1
11307 3
11308 1
11309 3
11311 3
11312 1
11313 2
11314 2
11315 5
11316 3
11317 1
11318 3
11320 1
11321 1
11322 2
11324 3
11326 1
11328 1
11332 1
11334 1
11335 1
11336 1
11337 1
11338 3
11340 4
11342 3
11343 4
11344 3
11345 2
11346 1
11347 1
11348 1
11349 1
11350 1
11351 2
11353 2
11355 3
11356 1
11357 1
11359 1
11361 5
11362 1
11363 2
11365 3
11367 3
11368 3
11370 1
11371 1
11372 1
11373 1
11374 3
11375 2
11376 3
11378 1
11380 1
11381 3
11382 1
11383 2
11384 1
11385 3
11386 5
11387 3
11388 2
11390 1
11391 2
11392 4
11393 1
11394 4
11396 2
11397 3
11398 2
11399 1
11400 2
11401 3
11402 1
11403 1
11404 2
11406 3
11407 1
11408 1
11409 1
11410 1
11411 2
11412 3
11413 1
11414 1
11415 3
11416 2
11417 1
11418 3
11419 1
11420 2
11421 4
11422 2
11423 2
11424 2
11425 3
11426 2
11427 2
11428 2
11429 2
11430 1
11431 3
11432 1
11433 3
11434 1
11435 3
11436 1
11437 3
11438 2
11439 2
11440 4
11441 3
11442 1
11443 2
11444 2
11445 3
11446 2
11448 1
11450 1
11451 2
11452 1
11453 1
11454 1
11456 1
11457 1
11458 3
11459 1
11460 3
11461 1
11462 2
11463 1
11464 4
11465 2
11466 5
11467 1
11468 4
11469 3
11470 4
11471 3
11472 1
11474 1
11475 4
11476 1
11477 2
11478 1
11479 2
11481 3
11482 1
11483 1
11484 2
11486 2
11487 5
11489 3
11490 1
11491 4
11493 1
11494 1
11495 2
11496 1
11497 2
11498 2
11499 1
11500 4
11501 1
11502 1
11503 1
11504 2
11505 2
11506 2
11507 1
11509 1
11510 3
11511 1
11512 3
11513 1
11514 2
11515 3
11516 4
11518 5
11519 2
11520 3
11521 2
11522 2
11523 2
11524 3
11525 2
11526 1
11527 1
11528 1
11529 1
11530 2
11531 1
11532 1
11534 1
11536 1
11538 1
11540 1
11541 4
11542 1
11543 3
11544 3
11545 4
11547 4
11548 2
11549 3
11550 1
11551 1
11552 1
11553 4
11554 3
11556 1
11557 2
11558 1
11559 3
11560 1
11561 2
11562 1
11564 2
11565 3
11566 1
11567 3
11569 3
11570 3
11571 1
11572 4
11573 1
11574 2
11576 1
11579 2
11580 1
11581 1
11582 1
11583 1
11584 3
11585 1
11586 1
11587 2
11588 2
11590 5
11591 2
11592 1
11594 2
11595 1
11596 3
11597 2
11598 1
11599 2
11600 1
11601 3
11602 1
11603 3
11604 3
11605 2
11606 1
11607 1
11608 1
11610 2
11611 1
11613 3
11615 3
11616 1
11618 1
11619 2
11621 1
11623 2
11624 1
11625 1
11626 3
11627 1
11628 2
11630 3
11631 1
11632 1
11633 1
11634 2
11635 1
11637 1
11640 1
11641 1
11642 2
11643 2
11644 3
11645 1
11646 1
11648 3
11649 1
11650 3
11651 2
11652 1
11654 2
11655 1
11657 2
11659 1
11660 1
11662 2
11663 1
11665 2
11669 4
11670 4
11671 2
11672 2
11673 3
11674 2
11675 3
11676 1
11678 1
11679 1
11680 2
11681 1
11682 3
11683 1
11684 1
11686 1
11687 2
11688 3
11689 1
11690 2
11691 3
11693 3
11694 3
11695 2
11696 2
11697 1
11698 1
11699 1
11700 2
11702 1
11703 1
11704 3
11705 1
11706 1
11707 1
11708 2
11709 2
11711 1
11712 1
11713 2
11714 2
11715 1
11716 2
11717 2
11718 2
11719 3
11720 3
11721 1
11723 1
11724 2
11725 2
11726 4
11727 3
11728 2
11729 4
11731 2
11732 2
11733 3
11734 1
11735 2
11737 1
11739 3
11740 1
11741 1
11743 2
11744 2
11745 2
11746 1
11747 3
11748 3
11749 2
11750 3
11751 1
11752 1
11753 2
11754 4
11755 1
11756 2
11757 1
11758 1
11759 1
11760 3
11762 1
11763 1
11764 2
11765 1
11766 2
11768 2
11770 3
11771 2
11772 4
11773 4
11774 3
11775 2
11776 4
11777 1
11778 3
11779 3
11783 2
11784 1
11785 1
11786 1
11787 2
11789 1
11790 1
11791 2
11793 3
11794 2
11795 2
11796 1
11797 3
11798 2
11799 2
11800 1
11801 1
11802 2
11803 2
11804 3
11805 1
11806 2
11807 3
11808 2
11809 2
11810 1
11811 2
11812 1
11813 1
11814 2
11815 1
11816 2
11817 3
11818 2
11819 2
11820 2
11821 1
11822 4
11823 3
11824 1
11825 1
11826 1
11827 2
11828 1
11829 3
11830 1
11831 1
11832 3
11833 4
11834 2
11836 1
11837 2
11838 3
11839 1
11840 2
11841 1
11842 2
11843 1
11844 3
11845 1
11846 1
11847 2
11848 2
11849 2
11850 3
11851 3
11852 1
11853 3
11854 3
11855 1
11856 3
11857 2
11858 3
11859 1
11860 1
11861 4
11862 1
11863 2
11865 1
11867 1
11868 1
11869 3
11870 1
11871 2
11872 1
11873 3
11874 3
11875 1
11876 3
11877 3
11878 2
11879 2
11880 3
11881 1
11883 1
11884 1
11885 1
11886 1
11887 1
11888 1
11889 1
11890 2
11891 2
11892 3
11894 3
11896 1
11897 2
11898 3
11899 3
11900 2
11901 2
11902 2
11903 2
11904 1
11905 3
11906 1
11907 4
11908 2
11911 2
11912 2
11917 4
11918 1
11919 2
11921 1
11922 1
11923 6
11927 2
11928 1
11929 1
11930 1
11931 1
11932 2
11933 1
11934 2
11935 1
11936 4
11937 1
11938 2
11939 1
11940 1
11941 1
11942 1
11944 1
11946 3
11947 1
11948 3
11950 2
11951 2
11952 2
11953 2
11954 2
11955 1
11956 1
11957 2
11958 2
11959 3
11960 1
11962 1
11963 1
11964 1
11968 1
11969 1
11970 1
11971 1
11975 2
11976 1
11977 6
11978 1
11979 3
11980 2
11981 4
11982 2
11983 4
11984 3
11986 1
11988 1
11989 2
11990 2
11992 1
11993 1
11995 3
11996 1
11997 2
12000 2
12001 5
12002 4
12004 1
12006 2
12007 2
12008 2
12010 3
12012 1
12013 1
12014 3
12015 1
12016 1
12018 1
12020 3
12021 2
12022 2
12023 2
12024 3
12026 6
12027 1
12028 1
12029 1
12030 1
12031 3
12032 2
12033 2
12034 1
12035 2
12036 2
12037 3
12038 1
12041 1
12042 1
12043 3
12045 1
12047 3
12048 1
12049 2
12051 4
12053 3
12054 1
12055 1
12056 1
12057 2
12058 1
12059 1
12060 4
12061 3
12062 3
12063 1
12064 2
12065 1
12066 2
12067 2
12068 1
12070 1
12071 1
12072 2
12073 2
12074 2
12076 2
12078 3
12079 1
12080 5
12081 1
12082 2
12083 2
12084 2
12085 1
12086 1
12087 1
12089 1
12091 1
12092 1
12093 1
12095 1
12097 2
12098 2
12099 1
12100 2
12101 2
12102 2
12103 2
12104 3
12105 3
12106 3
12107 3
12108 1
12109 1
12110 4
12111 4
12113 2
12114 1
12115 1
12116 3
12117 1
12120 2
12121 3
12122 2
12123 1
12124 1
12125 2
12126 4
12127 4
12128 2
12129 1
12130 1
12131 3
12132 2
12134 1
12135 1
12136 2
12137 1
12138 2
12139 2
12140 3
12142 1
12143 2
12144 2
12145 3
12146 1
12148 1
12149 2
12150 4
12151 2
12152 3
12153 1
12154 4
12156 3
12157 3
12158 2
12159 1
12160 2
12161 3
12162 1
12163 2
12164 2
12165 3
12167 3
12168 1
12169 2
12173 1
12174 1
12175 1
12177 1
12178 1
12179 1
12180 1
12181 3
12182 1
12183 3
12185 2
12186 3
12187 3
12188 3
12189 3
12190 1
12191 1
12192 3
12193 2
12194 2
12196 3
12198 1
12199 1
12200 2
12201 1
12204 3
12205 2
12206 4
12207 1
12208 1
12210 4
12211 3
12212 1
12214 1
12216 2
12217 1
12219 1
12221 1
12223 1
12225 2
12226 2
12227 1
12228 2
12229 3
12230 1
12231 2
12232 1
12233 2
12234 2
12235 5
12236 1
12237 1
12238 1
12239 4
12240 2
12241 1
12243 3
12245 1
12246 2
12250 1
12251 2
12252 1
12254 2
12255 1
12257 1
12258 1
12260 1
12261 1
12263 1
12264 2
12265 2
12266 2
12267 1
12268 2
12270 4
12271 1
12272 2
12273 1
12274 1
12276 2
12278 2
12279 3
12280 1
12282 3
12283 2
12284 2
12285 2
12286 1
12288 1
12289 4
12290 2
12291 1
12293 1
12295 1
12296 1
12297 1
12299 1
12301 2
12302 1
12303 1
12304 1
12307 1
12308 1
12309 4
12310 3
12311 4
12312 1
12313 3
12314 2
12315 1
12316 2
12317 1
12318 1
12319 2
12320 1
12322 2
12324 1
12326 1
12327 1
12328 1
12329 2
12330 2
12332 2
12333 2
12334 3
12335 2
12336 2
12339 2
12340 2
12341 1
12343 1
12346 1
12347 1
12348 1
12349 2
12351 1
12353 2
12355 3
12356 2
12357 2
12358 2
12359 2
12360 1
12361 3
12362 1
12363 1
12364 3
12365 1
12366 1
12367 1
12368 3
12369 1
12370 2
12373 1
12376 2
12378 1
12379 1
12380 1
12381 1
12382 1
12384 1
12386 2
12388 2
12389 2
12390 2
12392 2
12393 2
12394 3
12395 2
12396 1
12399 2
12400 2
12401 1
12402 1
12403 1
12404 1
12405 2
12406 2
12407 1
12408 1
12409 2
12410 2
12411 3
12412 3
12413 1
12414 4
12415 4
12417 1
12418 1
12419 2
12423 1
12424 1
12425 3
12426 1
12427 1
12428 1
12429 2
12430 1
12431 1
12432 1
12433 4
12434 1
12435 1
12436 2
12437 3
12438 3
12439 2
12440 3
12441 1
12442 2
12443 3
12444 2
12446 4
12447 2
12448 2
12449 2
12452 2
12453 1
12454 3
12455 1
12456 2
12458 5
12459 1
12460 1
12461 1
12462 3
12464 1
12465 1
12467 1
12468 1
12469 3
12470 1
12471 3
12472 1
12473 3
12475 2
12476 2
12477 2
12478 1
12479 3
12480 1
12481 1
12482 1
12483 3
12484 2
12485 2
12487 1
12489 3
12490 2
12491 1
12492 1
12493 3
12494 2
12495 1
12496 1
12497 2
12498 1
12499 1
12500 3
12501 1
12502 2
12503 1
12504 1
12505 1
12506 1
12508 2
12509 1
12512 2
12513 1
12514 2
12515 3
12516 2
12517 1
12518 3
12519 2
12520 2
12521 1
12522 1
12523 2
12524 1
12525 1
12526 1
12527 3
12528 1
12529 1
12530 1
12531 1
12532 2
12533 2
12534 2
12536 3
12537 2
12538 3
12539 2
12540 1
12541 1
12543 2
12544 2
12546 1
12547 2
12549 1
12552 1
12554 1
12555 1
12556 3
12557 1
12558 2
12559 3
12560 1
12561 2
12562 3
12563 3
12565 1
12566 1
12567 3
12568 2
12570 1
12571 1
12572 2
12573 2
12574 1
12575 1
12576 2
12577 1
12578 2
12579 1
12580 1
12582 1
12584 2
12585 2
12586 1
12587 2
12588 2
12590 3
12592 1
12593 4
12597 3
12598 2
12599 2
12600 1
12603 4
12605 2
12606 1
12609 3
12610 1
12611 1
12614 1
12615 3
12616 3
12617 3
12618 3
12619 3
12620 1
12621 3
12622 3
12623 1
12624 1
12628 2
12630 1
12634 2
12636 2
12637 1
12639 1
12640 2
12641 1
12642 2
12643 2
12644 2
12645 2
12646 3
12647 1
12648 1
12649 1
12651 1
12653 1
12655 1
12657 3
12659 1
12661 1
12662 1
12663 3
12665 3
12666 1
12667 2
12668 2
12669 1
12670 1
12671 1
12672 1
12673 1
12676 3
12677 1
12678 1
12680 1
12682 2
12683 2
12686 1
12687 2
12688 4
12689 1
12690 1
12693 2
12694 2
12696 4
12698 1
12699 1
12700 4
12701 1
12702 2
12703 1
12704 1
12706 2
12707 1
12708 2
12709 1
12711 1
12712 3
12713 1
12714 2
12717 2
12718 2
12719 3
12720 2
12721 2
12722 1
12723 2
12724 1
12725 1
12726 1
12727 1
12728 1
12729 1
12730 1
12731 1
12732 1
12733 2
12734 1
12735 2
12736 1
12737 4
12739 2
12741 2
12742 2
12743 2
12744 1
12745 3
12746 3
12747 2
12748 2
12749 1
12750 3
12751 2
12752 1
12753 1
12755 1
12756 1
12757 1
12758 1
12759 1
12760 2
12761 1
12762 3
12764 1
12765 1
12766 5
12767 1
12768 2
12770 2
12771 2
12772 3
12773 2
12774 1
12776 1
12777 2
12778 1
12779 3
12781 2
12783 1
12784 2
12785 1
12786 2
12787 2
12789 4
12790 1
12791 3
12792 1
12793 2
12795 1
12796 2
12797 3
12799 2
12800 1
12801 1
12802 4
12803 1
12804 1
12806 1
12807 1
12808 1
12809 1
12811 2
12812 2
12813 1
12814 1
12816 1
12817 1
12818 2
12820 4
12821 1
12822 3
12824 3
12825 2
12826 3
12827 1
12828 1
12829 1
12831 2
12833 1
12834 1
12835 2
12836 3
12838 1
12840 3
12842 1
12843 2
12844 1
12845 3
12846 3
12847 3
12849 2
12850 2
12851 3
12853 1
12855 2
12856 1
12860 1
12861 1
12862 1
12863 2
12864 2
12865 2
12866 1
12867 3
12869 3
12871 2
12872 2
12873 1
12874 5
12875 2
12876 2
12878 1
12879 2
12880 2
12882 2
12885 1
12886 2
12887 1
12890 4
12892 4
12894 2
12896 1
12897 1
12900 1
12901 1
12903 4
12904 1
12905 4
12907 1
12908 1
12909 2
12911 2
12912 1
12914 1
12915 1
12917 4
12918 1
12919 2
12920 1
12921 3
12923 3
12924 1
12925 3
12926 1
12928 2
12929 3
12930 2
12932 1
12937 1
12938 1
12941 1
12944 1
12946 2
12947 1
12948 1
12949 2
12950 2
12951 1
12952 3
12954 3
12955 1
12956 1
12957 1
12958 1
12959 1
12961 1
12964 2
12965 1
12966 1
12968 1
12969 1
12970 1
12971 2
12972 1
12975 3
12976 1
12977 2
12984 2
12985 1
12988 1
12989 1
12990 1
12991 1
12993 3
12995 4
12996 2
12997 1
12998 2
12999 2
13000 1
13001 2
13002 1
13003 1
13004 1
13006 2
13008 3
13009 1
13010 1
13014 1
13015 1
13016 1
13018 1
13020 3
13021 2
13022 1
13023 1
13025 1
13026 1
13027 1
13028 1
13029 3
13030 1
13031 1
13032 2
13033 1
13034 1
13035 3
13038 2
13039 3
13041 3
13044 1
13045 2
13046 1
13047 3
13049 3
13050 3
13052 1
13053 2
13054 3
13055 2
13056 2
13059 1
13060 1
13062 2
13064 1
13066 1
13067 1
13068 2
13072 1
13073 1
13074 2
13075 1
13076 3
13077 1
13078 4
13079 2
13081 2
13082 2
13083 1
13084 1
13085 2
13086 1
13088 1
13089 1
13091 2
13093 2
13094 1
13095 1
13096 1
13097 2
13099 2
13100 1
13101 2
13103 1
13104 1
13106 2
13108 1
13109 1
13110 1
13111 2
13112 1
13113 2
13114 1
13115 1
13117 1
13119 3
13120 1
13121 1
13122 1
13123 2
13124 4
13125 2
13128 3
13129 3
13130 2
13131 1
13132 2
13133 1
13134 2
13135 2
13138 1
13139 1
13140 2
13142 2
13144 4
13146 1
13148 1
13150 1
13151 1
13152 1
13153 3
13154 1
13155 1
13156 3
13157 2
13158 2
13159 2
13160 1
13162 2
13163 3
13164 1
13165 1
13166 1
13167 3
13168 1
13169 2
13171 3
13173 3
13174 1
13175 2
13176 1
13177 2
13178 1
13179 3
13182 1
13183 1
13184 1
13189 1
13191 1
13192 1
13194 2
13195 1
13196 2
13198 4
13200 2
13201 1
13202 3
13203 1
13204 2
13206 3
13207 4
13208 1
13209 2
13210 1
13211 1
13212 2
13213 4
13214 1
13217 1
13218 1
13219 1
13220 1
13222 1
13223 1
13224 1
13225 2
13227 2
13229 3
13232 1
13235 1
13236 2
13238 4
13239 1
13241 1
13242 2
13244 1
13245 1
13247 1
13249 1
13250 2
13252 1
13253 2
13254 2
13256 3
13257 3
13258 1
13259 1
13260 1
13261 1
13263 1
13264 1
13274 1
13276 1
13279 3
13281 1
13282 1
13283 2
13285 5
13286 2
13288 1
13291 1
13292 3
13296 1
13297 3
13301 1
13302 1
13303 4
13304 3
13305 1
13307 2
13308 1
13310 2
13312 1
13314 1
13316 3
13317 1
13318 1
13322 3
13325 1
13326 1
13328 5
13329 1
13332 2
13333 2
13334 1
13335 2
13336 1
13337 1
13339 4
13340 1
13341 1
13342 2
13343 2
13345 1
13347 2
13351 1
13353 3
13356 1
13357 2
13358 1
13359 1
13361 1
13362 2
13363 1
13364 2
13365 1
13366 2
13368 2
13369 1
13370 1
13371 1
13372 1
13374 1
13375 1
13376 1
13379 1
13380 2
13381 1
13382 5
13384 1
13386 4
13387 1
13389 1
13393 1
13394 1
13395 1
13399 1
13400 1
13401 1
13403 2
13404 1
13405 1
13406 2
13407 3
13408 2
13409 1
13411 2
13412 3
13413 1
13416 1
13417 2
13418 2
13419 1
13421 1
13422 1
13423 2
13425 1
13426 1
13427 1
13428 2
13429 3
13430 1
13431 2
13432 2
13433 2
13436 2
13437 1
13440 1
13441 1
13442 2
13443 1
13446 3
13447 2
13448 2
13450 1
13451 1
13452 2
13454 2
13455 2
13456 2
13457 2
13458 3
13459 1
13460 3
13461 1
13462 1
13463 1
13464 2
13465 2
13466 1
13469 1
13471 2
13472 1
13473 1
13475 1
13477 2
13479 1
13482 2
13483 2
13484 1
13485 3
13486 3
13487 2
13488 1
13489 3
13490 1
13491 1
13494 2
13495 2
13496 1
13497 1
13498 1
13500 2
13501 1
13502 2
13504 1
13506 3
13507 1
13508 2
13509 1
13510 1
13511 3
13512 3
13513 1
13514 2
13515 1
13516 1
13521 2
13522 1
13523 1
13525 2
13526 1
13529 2
13531 3
13532 1
13533 2
13536 1
13537 2
13539 1
13540 1
13541 2
13542 1
13543 1
13544 1
13545 1
13546 1
13547 2
13548 1
13549 1
13550 1
13551 1
13552 1
13554 1
13555 1
13556 1
13558 1
13560 1
13561 1
13562 1
13564 1
13565 1
13568 1
13569 1
13570 1
13572 3
13574 1
13576 3
13578 1
13580 1
13584 1
13585 2
13586 1
13587 1
13589 1
13590 2
13591 4
13593 2
13594 1
13595 1
13599 1
13601 2
13603 2
13605 1
13606 1
13609 1
13611 2
13612 2
13613 1
13615 3
13616 2
13618 1
13621 1
13622 1
13623 1
13624 3
13626 1
13628 1
13630 3
13631 1
13632 2
13634 2
13636 1
13637 2
13640 2
13641 1
13645 2
13646 1
13647 1
13649 1
13650 1
13651 1
13655 3
13657 1
13659 1
13660 1
13661 2
13665 1
13666 1
13667 2
13668 1
13669 1
13670 2
13671 1
13673 1
13674 2
13675 1
13676 1
13677 1
13679 1
13680 1
13681 1
13684 1
13685 1
13686 1
13688 1
13689 1
13690 1
13691 2
13692 1
13694 2
13695 1
13696 2
13698 1
13702 1
13706 1
13707 1
13708 1
13709 1
13712 1
13713 2
13714 4
13715 2
13716 2
13717 2
13718 1
13719 1
13720 2
13721 2
13725 1
13727 2
13730 1
13731 1
13732 1
13733 1
13735 3
13736 1
13737 1
13738 1
13739 3
13740 1
13741 1
13742 1
13744 1
13745 2
13746 1
13748 3
13750 2
13752 1
13754 1
13756 1
13758 2
13759 1
13760 2
13761 1
13762 1
13763 1
13764 5
13766 1
13767 1
13768 2
13769 2
13770 1
13771 1
13773 2
13774 2
13775 3
13779 2
13781 2
13783 1
13785 2
13786 1
13789 2
13790 1
13791 2
13792 2
13793 1
13795 3
13796 1
13797 2
13798 2
13799 2
13800 1
13802 2
13803 1
13804 2
13805 1
13810 3
13811 1
13812 1
13814 2
13815 2
13816 1
13817 1
13818 3
13820 2
13821 2
13822 1
13827 1
13829 1
13830 1
13831 1
13833 2
13835 1
13836 1
13838 2
13839 2
13840 2
13841 1
13842 2
13843 1
13844 1
13845 1
13846 1
13847 1
13848 2
13849 3
13853 2
13858 2
13859 3
13860 1
13861 1
13863 1
13864 2
13865 3
13869 2
13874 1
13875 1
13877 2
13878 2
13880 2
13882 2
13884 1
13886 1
13888 3
13889 1
13890 1
13892 4
13893 1
13894 2
13895 2
13896 2
13898 1
13899 2
13900 1
13903 1
13905 2
13911 1
13912 1
13913 1
13917 1
13918 2
13919 1
13920 1
13921 3
13923 2
13924 3
13925 2
13926 1
13927 1
13930 1
13931 1
13932 1
13934 1
13936 2
13938 1
13939 1
13942 3
13943 2
13944 1
13948 2
13949 2
13951 1
13955 1
13957 1
13959 1
13963 1
13964 1
13965 1
13967 3
13968 1
13969 1
13972 2
13973 1
13974 1
13975 1
13977 1
13978 3
13983 1
13989 2
13990 1
13992 1
13995 1
13996 1
13998 2
14001 1
14002 3
14003 1
14004 2
14006 1
14011 1
14014 3
14016 1
14019 1
14020 1
14021 3
14022 2
14023 1
14024 1
14025 1
14026 1
14029 1
14039 3
14041 2
14042 1
14043 1
14045 2
14047 3
14048 2
14049 1
14050 1
14051 1
14052 3
14053 1
14054 1
14056 1
14057 1
14058 1
14062 2
14064 1
14065 1
14067 1
14068 4
14070 1
14072 3
14074 1
14077 1
14078 1
14079 2
14081 3
14084 1
14085 1
14086 1
14087 1
14089 1
14091 2
14092 1
14093 2
14094 2
14095 1
14097 2
14099 3
14101 1
14102 2
14103 1
14104 2
14105 1
14106 1
14107 1
14108 1
14114 1
14119 1
14122 2
14124 2
14126 1
14128 2
14130 1
14131 2
14132 1
14133 1
14134 1
14135 1
14137 2
14141 1
14142 2
14143 1
14145 1
14146 2
14147 2
14148 2
14149 1
14150 1
14152 2
14153 1
14155 1
14157 1
14166 1
14167 1
14168 1
14169 2
14170 1
14171 3
14172 1
14173 1
14175 2
14176 2
14177 2
14178 1
14180 2
14181 2
14182 2
14184 2
14185 1
14186 1
14187 1
14192 2
14194 1
14196 1
14197 1
14200 1
14202 1
14205 1
14207 3
14209 2
14211 2
14213 2
14214 1
14215 1
14220 1
14221 1
14223 1
14225 3
14227 1
14229 1
14230 1
14231 2
14232 2
14233 1
14235 1
14238 2
14240 1
14244 1
14250 2
14251 1
14252 1
14253 1
14254 1
14256 2
14258 1
14259 1
14260 1
14261 1
14262 1
14267 1
14270 2
14272 1
14275 2
14276 1
14277 1
14281 1
14287 1
14290 1
14291 1
14297 2
14298 1
14299 2
14300 1
14301 1
14303 1
14305 1
14306 1
14308 1
14310 3
14314 1
14316 1
14322 2
14323 1
14328 1
14329 1
14331 3
14334 1
14335 1
14337 1
14341 2
14343 1
14345 1
14347 1
14349 1
14351 2
14352 1
14353 3
14354 1
14355 1
14356 3
14357 1
14359 1
14360 1
14366 1
14368 1
14374 2
14376 1
14377 1
14378 2
14380 2
14381 1
14382 1
14383 2
14384 1
14385 1
14386 1
14387 1
14388 1
14389 1
14391 1
14395 1
14397 1
14399 1
14400 2
14403 2
14405 1
14406 1
14410 1
14411 1
14412 1
14414 1
14415 1
14417 1
14418 1
14420 1
14421 2
14424 1
14425 2
14426 1
14430 1
14432 2
14434 3
14435 1
14436 1
14439 1
14442 1
14444 1
14446 2
14449 1
14450 2
14454 1
14455 1
14457 2
14458 1
14459 1
14460 1
14461 2
14464 1
14465 1
14467 1
14468 1
14469 1
14471 1
14473 2
14475 3
14477 2
14479 2
14481 1
14483 1
14484 1
14486 2
14488 2
14489 1
14496 1
14497 1
14498 2
14500 3
14502 1
14504 4
14508 2
14509 1
14512 1
14513 1
14515 2
14517 2
14518 1
14519 2
14522 1
14524 1
14525 1
14527 2
14529 3
14531 1
14533 1
14534 1
14535 1
14540 2
14541 1
14544 1
14545 1
14547 1
14550 1
14551 1
14556 1
14558 2
14559 2
14560 1
14562 2
14564 1
14565 1
14574 1
14576 1
14578 3
14581 1
14582 1
14583 1
14587 2
14588 1
14594 1
14598 1
14603 1
14605 2
14606 1
14607 3
14609 2
14611 1
14612 1
14618 2
14624 2
14628 1
14630 3
14634 1
14635 1
14637 2
14641 2
14642 1
14643 1
14649 2
14655 2
14659 1
14660 1
14661 2
14662 1
14663 1
14664 1
14666 1
14667 1
14670 1
14672 1
14676 1
14678 1
14684 2
14686 1
14687 1
14688 1
14689 1
14691 1
14692 2
14695 1
14697 1
14701 1
14703 1
14707 1
14708 1
14709 2
14713 1
14714 1
14719 1
14720 1
14723 1
14725 1
14726 1
14727 1
14731 1
14732 1
14733 2
14734 1
14738 3
14739 1
14744 2
14748 1
14750 1
14752 1
14754 1
14756 1
14758 1
14759 1
14760 1
14761 1
14762 1
14763 1
14766 1
14767 2
14768 1
14770 1
14773 2
14776 1
14777 2
14779 1
14781 2
14784 1
14785 1
14787 3
14788 2
14791 2
14792 1
14793 1
14797 1
14802 1
14805 1
14806 2
14808 1
14810 2
14813 1
14814 1
14815 1
14816 3
14817 1
14820 2
14821 1
14822 1
14823 1
14827 1
14828 1
14831 1
14833 1
14834 1
14835 1
14839 1
14842 1
14844 1
14845 1
14846 1
14849 1
14852 1
14853 1
14857 1
14860 1
14862 2
14863 1
14864 1
14866 2
14867 2
14870 1
14871 1
14878 1
14882 1
14889 1
14891 2
14892 1
14893 1
14895 2
14896 1
14900 1
14905 1
14906 1
14907 1
14909 1
14911 2
14914 1
14917 2
14926 1
14930 1
14932 1
14934 1
14936 2
14938 1
14939 1
14942 1
14945 2
14947 1
14949 1
14950 1
14951 1
14956 1
14957 1
14961 1
14967 1
14970 1
14973 1
14976 2
14980 1
14982 1
14985 1
14988 1
14990 1
14992 1
14995 1
14996 1
14998 1
15009 1
15017 2
15019 1
15020 1
15023 1
15027 1
15029 1
15035 2
15037 1
15039 1
15041 1
15042 2
15050 1
15052 1
15054 1
15056 1
15060 2
15065 1
15066 2
15070 1
15071 2
15074 1
15075 1
15077 1
15080 1
15081 1
15083 1
15085 2
15094 1
15095 1
15096 1
15097 1
15099 1
15100 2
15103 1
15104 2
15106 1
15107 1
15108 1
15109 1
15110 1
15112 1
15114 1
15118 1
15120 2
15124 1
15125 1
15132 1
15133 1
15137 1
15139 1
15142 1
15143 1
15144 1
15147 1
15148 1
15149 1
15150 1
15151 1
15153 1
15154 1
15155 2
15161 2
15165 1
15167 1
15168 1
15171 1
15174 1
15179 1
15180 1
15184 2
15186 2
15190 2
15194 2
15195 1
15196 1
15198 3
15200 1
15201 1
15203 1
15215 2
15217 1
15223 1
15225 1
15226 1
15227 3
15233 1
15234 1
15238 2
15244 2
15245 1
15246 1
15248 1
15250 1
15251 1
15257 1
15259 1
15264 1
15269 2
15274 1
15277 1
15280 1
15281 1
15284 1
15293 1
15294 1
15304 1
15306 1
15316 1
15323 1
15324 1
15328 2
15331 1
15341 1
15344 1
15347 2
15349 1
15353 1
15354 1
15358 1
15360 1
15362 1
15364 1
15369 1
15370 1
15374 1
15378 1
15383 2
15385 1
15387 1
15389 1
15393 1
15395 1
15398 1
15399 1
15401 1
15403 1
15405 1
15407 1
15412 1
15414 1
15423 1
15424 1
15426 1
15427 1
15428 1
15430 1
15432 1
15436 1
15437 1
15445 1
15448 1
15450 1
15452 2
15454 1
15455 1
15457 1
15463 1
15470 1
15473 2
15474 1
15475 1
15477 1
15479 1
15482 1
15483 1
15484 1
15488 1
15492 1
15499 1
15501 1
15502 2
15504 1
15506 2
15511 1
15513 1
15517 1
15527 1
15528 1
15530 1
15531 1
15533 1
15535 2
15537 1
15542 1
15548 1
15553 2
15556 1
15558 1
15565 2
15571 1
15577 1
15582 1
15591 1
15596 1
15612 2
15618 1
15620 1
15631 1
15633 1
15636 1
15637 1
15643 1
15655 2
15658 1
15662 1
15666 1
15672 1
15674 1
15680 1
15687 1
15689 1
15695 1
15701 1
15705 1
15709 1
15710 1
15712 1
15715 1
15716 1
15721 1
15727 1
15734 1
15736 1
15738 1
15739 1
15741 1
15744 1
15752 1
15756 1
15757 1
15759 1
15762 1
15763 1
15777 1
15779 1
15781 1
15785 1
15786 1
15788 1
15790 3
15791 1
15794 1
15800 1
15802 1
15806 2
15810 1
15817 1
15819 3
15823 1
15829 1
15831 1
15833 1
15835 1
15837 2
15839 1
15840 1
15842 1
15845 1
15860 1
15862 1
15866 2
15873 1
15880 2
15883 1
15884 2
15885 1
15907 1
15909 2
15913 2
15920 2
15930 1
15932 1
15939 1
15945 1
15963 3
15967 1
15970 1
15988 1
15993 1
15999 1
16010 1
16013 1
16022 1
16028 1
16035 1
16040 1
16046 1
16060 1
16069 1
16075 1
16083 2
16089 2
16093 1
16112 2
16114 1
16118 2
16121 1
16122 1
16123 1
16126 1
16129 1
16143 1
16150 1
16155 1
16166 1
16168 1
16172 1
16173 1
16192 1
16197 1
16202 1
16211 1
16213 1
16219 1
16221 1
16240 1
16247 1
16251 1
16256 1
16272 1
16294 1
16297 1
16319 1
16341 1
16344 1
16362 1
16373 1
16387 1
16398 1
16401 1
16402 1
16410 1
16416 1
16427 1
16429 1
16430 1
16439 1
16441 1
16445 1
16457 1
16458 1
16463 1
16470 1
16476 2
16486 1
16488 1
16492 1
16500 1
16505 2
16517 1
16519 2
16529 1
16540 1
16546 1
16548 2
16559 1
16566 1
16571 1
16583 1
16595 1
16602 1
16630 1
16649 2
16685 1
16714 1
16718 1
16728 1
16747 1
16757 1
16765 1
16775 1
16794 1
16803 1
16804 1
16808 1
16812 1
16832 1
16837 1
16841 1
16848 1
16858 1
16886 1
16891 1
16933 1
16938 1
16976 1
17092 1
17096 1
17121 1
17125 1
17139 1
17168 1
17175 1
17186 1
17215 1
17222 1
17265 1
17269 1
17404 1
17433 1
17447 1
17476 1
17494 1
17523 1
17577 1
17731 1
17760 1
17778 1
17807 1
17821 1
17850 1
17861 1
17904 1
17951 1
End
