NMec = 95584
T = 15
P = 4
Profits not ignored
Valid tasks:                                                             3854
Solution time = 1.165e-04
Task data
    1  25  2796 -1
    3  25  3049 0
    5  20  1412 1
    6  17  1752 2
    7  23  2954 -1
   10  21  1404 -1
   10  29  3035 3
   11  16   876 -1
   13  26  1599 -1
   13  26  1019 -1
   16  25   897 -1
   16  31  1446 -1
   19  26  1161 -1
   20  26  1684 2
   22  37  2762 1
Best profit: 13694
All profits:
0 1
876 1
897 1
1019 1
1161 1
1404 1
1412 1
1446 1
1599 1
1684 1
1752 1
1773 1
1895 1
1916 1
2037 1
2058 1
2180 1
2280 1
2288 1
2301 1
2309 1
2322 1
2343 1
2423 1
2431 1
2465 1
2475 1
2496 1
2560 1
2565 1
2573 1
2581 1
2607 1
2618 1
2628 1
2649 1
2703 1
2760 1
2762 1
2771 1
2792 1
2796 1
2816 1
2845 1
2850 1
2858 1
2913 1
2934 1
2954 1
3003 1
3011 1
3035 1
3045 1
3049 1
3056 1
3077 1
3088 1
3096 1
3130 1
3156 1
3164 1
3177 1
3185 1
3198 1
3219 1
3283 1
3299 1
3307 1
3320 1
3328 1
3341 1
3351 1
3362 1
3372 1
3436 1
3441 1
3449 1
3457 1
3462 1
3470 1
3483 1
3494 1
3504 1
3515 1
3525 1
3579 1
3584 1
3592 1
3600 1
3626 1
3636 1
3638 1
3647 1
3657 1
3659 1
3668 1
3672 1
3692 1
3693 1
3713 1
3721 1
3726 1
3734 1
3742 1
3747 1
3755 1
3779 1
3781 1
3789 1
3810 1
3815 1
3830 1
3835 1
3851 1
3864 1
3869 1
3877 1
3879 1
3887 1
3900 1
3908 1
3911 1
3921 1
3923 1
3925 1
3932 2
3942 1
3946 1
3953 1
3957 1
3964 1
3972 1
3973 1
3977 1
3985 1
3993 1
4006 1
4011 1
4019 1
4022 1
4027 1
4030 1
4032 1
4040 1
4053 1
4054 1
4061 1
4064 1
4068 1
4074 1
4095 1
4107 1
4115 2
4149 1
4159 1
4164 1
4166 1
4172 1
4174 1
4175 1
4180 1
4183 1
4196 2
4200 1
4204 1
4206 1
4208 2
4210 1
4217 1
4227 1
4238 1
4242 1
4248 1
4249 1
4257 1
4262 1
4291 1
4302 1
4312 1
4317 1
4325 1
4333 1
4338 1
4346 1
4358 1
4359 1
4361 1
4366 1
4370 1
4380 1
4391 1
4395 1
4400 1
4415 1
4439 1
4444 1
4446 1
4447 1
4449 1
4453 1
4455 1
4457 1
4460 1
4461 1
4468 1
4476 1
4480 1
4481 2
4489 1
4495 1
4500 1
4502 1
4512 1
4514 1
4523 1
4533 1
4534 1
4535 1
4542 1
4544 1
4548 1
4553 1
4568 1
4569 1
4589 1
4597 1
4602 1
4610 1
4618 1
4623 1
4631 1
4634 1
4638 1
4648 1
4655 1
4657 1
4676 1
4678 1
4686 1
4687 1
4691 1
4695 1
4706 1
4711 1
4712 1
4719 1
4727 1
4729 1
4732 1
4733 1
4740 1
4745 1
4753 1
4755 1
4761 1
4763 1
4766 1
4774 1
4776 1
4784 1
4787 1
4797 1
4799 1
4801 1
4808 2
4818 1
4820 1
4822 1
4829 1
4833 1
4840 1
4848 1
4849 1
4853 1
4854 1
4861 1
4869 1
4870 1
4874 1
4882 1
4887 1
4895 1
4898 1
4903 1
4906 1
4908 1
4916 1
4919 1
4927 1
4929 1
4930 1
4937 1
4940 1
4942 1
4944 1
4951 1
4961 1
4965 1
4971 1
4976 1
4983 1
4991 2
4996 1
5004 1
5012 2
5025 1
5030 1
5035 1
5038 1
5040 1
5042 1
5046 1
5048 1
5050 1
5051 1
5056 1
5059 1
5061 1
5063 1
5069 1
5071 1
5072 2
5076 1
5080 1
5082 1
5084 2
5086 1
5093 2
5097 1
5103 1
5105 2
5107 1
5114 1
5118 1
5124 1
5125 1
5133 1
5134 1
5138 1
5139 1
5146 1
5154 1
5159 1
5167 1
5178 1
5183 1
5185 1
5188 1
5191 1
5193 2
5199 1
5201 1
5209 1
5214 1
5215 1
5219 1
5222 1
5225 1
5227 2
5229 1
5234 1
5235 1
5237 1
5242 1
5246 1
5255 1
5256 1
5258 1
5261 1
5263 1
5267 1
5268 1
5271 1
5276 2
5281 1
5291 1
5292 1
5297 1
5310 1
5312 1
5315 1
5320 1
5322 1
5323 1
5325 1
5327 1
5329 1
5331 1
5333 1
5335 1
5336 2
5337 1
5341 1
5343 1
5344 2
5346 1
5350 1
5352 1
5354 1
5356 1
5357 2
5358 1
5361 1
5365 1
5369 2
5371 1
5376 1
5377 2
5378 2
5380 1
5385 1
5388 1
5390 1
5392 1
5397 1
5399 1
5403 1
5409 1
5410 1
5411 1
5414 1
5418 1
5419 1
5423 1
5424 1
5429 1
5431 1
5434 1
5439 1
5444 1
5445 1
5450 1
5458 1
5463 1
5465 2
5466 1
5468 1
5472 1
5473 1
5476 1
5478 1
5480 1
5486 1
5494 1
5499 2
5500 1
5507 1
5510 1
5514 2
5519 2
5522 1
5524 1
5527 1
5531 2
5533 1
5535 1
5545 1
5552 1
5553 1
5554 1
5556 1
5558 1
5561 2
5563 1
5567 1
5571 1
5572 1
5576 1
5578 1
5582 1
5584 1
5587 1
5588 1
5592 1
5595 1
5600 1
5603 1
5605 1
5607 1
5608 1
5609 1
5610 1
5612 2
5614 1
5616 2
5618 1
5620 1
5621 1
5622 1
5626 1
5629 1
5630 1
5631 1
5637 1
5639 1
5641 1
5642 1
5646 1
5652 1
5653 1
5654 1
5656 1
5657 1
5660 1
5661 1
5663 1
5667 1
5673 1
5675 1
5677 1
5684 1
5694 1
5695 1
5696 1
5698 1
5703 1
5705 1
5706 1
5709 1
5714 2
5716 2
5724 1
5725 1
5729 1
5730 1
5737 1
5738 1
5745 1
5746 1
5748 1
5750 2
5752 1
5758 1
5763 1
5765 1
5770 1
5771 1
5773 1
5774 1
5779 1
5782 1
5784 1
5792 1
5795 1
5797 1
5799 2
5804 1
5806 1
5807 2
5809 1
5811 1
5812 1
5816 1
5818 1
5820 1
5827 1
5831 1
5839 1
5841 2
5845 1
5848 1
5850 1
5851 1
5852 1
5856 1
5858 1
5859 1
5861 1
5865 1
5867 2
5872 1
5873 1
5880 2
5884 1
5885 1
5888 2
5890 1
5892 2
5893 1
5894 1
5899 1
5901 1
5906 1
5907 1
5911 1
5914 1
5916 1
5918 1
5922 1
5924 1
5926 2
5932 1
5937 1
5939 1
5945 1
5946 1
5947 1
5948 1
5952 1
5957 1
5958 1
5960 2
5962 1
5965 1
5969 1
5973 1
5979 1
5981 2
5983 1
5989 1
5994 1
5999 1
6001 1
6003 1
6009 1
6010 1
6014 1
6015 1
6022 1
6030 1
6031 1
6038 1
6042 1
6043 1
6045 1
6046 1
6050 1
6052 1
6054 1
6059 1
6060 1
6061 1
6064 1
6067 1
6069 1
6075 1
6079 1
6080 1
6082 1
6084 2
6090 2
6091 1
6094 1
6095 1
6098 1
6099 1
6101 1
6103 2
6105 1
6110 1
6112 1
6113 1
6116 1
6118 1
6123 1
6124 2
6126 1
6131 2
6132 1
6133 1
6134 1
6137 2
6139 1
6141 1
6144 1
6145 1
6147 1
6152 2
6158 1
6165 1
6167 1
6168 1
6173 1
6179 1
6186 1
6191 1
6196 1
6198 1
6199 1
6201 1
6203 1
6205 1
6209 1
6211 1
6212 2
6213 1
6217 1
6219 1
6220 2
6224 1
6226 1
6228 1
6232 2
6233 2
6234 1
6237 2
6241 1
6245 2
6247 1
6252 1
6253 2
6254 2
6256 1
6258 1
6261 1
6266 2
6268 1
6273 1
6274 1
6275 1
6277 1
6279 1
6282 1
6285 1
6286 1
6287 1
6290 1
6294 1
6295 1
6299 1
6300 1
6305 1
6307 1
6311 1
6315 1
6316 1
6318 1
6321 1
6326 1
6332 1
6334 1
6339 1
6341 1
6342 1
6346 1
6348 1
6354 1
6355 1
6356 1
6362 1
6363 1
6369 1
6370 1
6375 1
6376 1
6377 1
6380 1
6386 1
6388 2
6390 2
6395 2
6396 1
6397 1
6398 1
6400 1
6403 1
6407 2
6409 1
6411 2
6416 1
6419 1
6421 1
6422 1
6424 1
6428 1
6429 1
6430 1
6432 1
6434 1
6437 2
6439 1
6443 1
6447 1
6448 1
6452 1
6453 1
6454 1
6455 1
6458 1
6460 1
6464 1
6468 1
6469 1
6471 1
6475 1
6476 1
6479 1
6481 1
6483 1
6484 1
6485 1
6486 1
6488 2
6490 1
6492 2
6494 1
6496 1
6497 1
6498 1
6502 1
6504 1
6505 1
6506 1
6509 2
6511 1
6513 1
6517 2
6518 1
6519 1
6522 1
6529 1
6530 1
6532 1
6533 1
6537 1
6538 2
6539 1
6541 1
6543 2
6546 1
6550 1
6551 2
6553 1
6554 1
6560 1
6564 1
6571 1
6572 1
6574 1
6575 1
6577 1
6579 1
6580 1
6582 1
6585 1
6590 2
6592 1
6597 1
6601 1
6605 1
6606 1
6611 1
6613 2
6614 1
6619 1
6621 1
6622 1
6624 1
6626 3
6627 1
6628 1
6631 2
6633 1
6635 1
6639 2
6641 2
6646 1
6647 2
6649 2
6655 1
6660 2
6661 1
6662 1
6665 1
6667 1
6668 1
6670 1
6671 1
6673 2
6675 3
6680 1
6682 1
6683 2
6685 1
6687 1
6688 1
6692 1
6694 2
6696 3
6701 1
6703 1
6704 2
6706 1
6707 1
6708 1
6709 1
6715 1
6717 2
6719 1
6721 1
6724 1
6726 1
6727 1
6728 2
6732 1
6733 1
6734 1
6735 2
6738 1
6739 1
6741 1
6742 1
6743 2
6747 1
6748 2
6749 1
6755 1
6756 2
6760 1
6761 1
6762 1
6764 2
6766 1
6768 2
6769 2
6770 1
6773 2
6775 1
6777 2
6781 2
6782 2
6783 1
6784 1
6789 3
6790 2
6791 1
6792 2
6794 1
6796 1
6798 1
6800 1
6802 2
6804 1
6807 1
6808 1
6813 1
6814 1
6815 2
6816 1
6818 2
6821 1
6822 1
6823 3
6824 1
6826 2
6828 2
6830 1
6831 1
6833 1
6834 1
6836 2
6838 1
6841 1
6845 1
6849 1
6850 1
6854 1
6855 1
6857 2
6859 1
6860 1
6862 1
6864 1
6865 1
6869 1
6870 2
6875 1
6877 3
6879 1
6884 1
6885 1
6886 2
6891 1
6896 1
6898 1
6899 1
6900 1
6903 1
6904 1
6906 1
6907 1
6911 3
6912 1
6913 1
6914 1
6918 2
6919 1
6921 1
6922 1
6926 3
6928 1
6930 1
6931 1
6934 1
6935 2
6936 1
6937 1
6939 1
6940 1
6942 1
6943 2
6945 2
6947 1
6949 1
6951 1
6955 1
6956 1
6957 1
6958 2
6960 3
6962 1
6965 1
6966 1
6967 1
6968 2
6970 2
6971 1
6972 1
6973 1
6975 1
6976 2
6977 2
6979 2
6981 3
6984 1
6986 1
6988 1
6989 1
6991 1
6992 1
6994 1
6999 1
7000 1
7002 2
7004 1
7006 1
7007 2
7008 1
7009 1
7010 1
7011 1
7012 1
7013 2
7015 1
7017 1
7018 1
7019 1
7020 2
7021 1
7022 1
7023 1
7024 1
7026 1
7028 3
7034 1
7041 1
7042 1
7044 1
7045 1
7046 1
7049 1
7053 2
7054 1
7055 1
7057 1
7058 1
7060 1
7061 1
7062 2
7064 1
7065 1
7067 1
7068 1
7069 1
7071 1
7072 1
7074 1
7075 1
7076 1
7079 2
7081 1
7087 2
7088 1
7089 1
7093 1
7095 1
7096 1
7098 1
7099 1
7100 1
7102 1
7103 2
7108 2
7109 1
7110 1
7113 3
7118 1
7120 1
7121 2
7123 1
7126 1
7128 2
7129 2
7130 1
7132 1
7134 2
7137 1
7142 3
7144 1
7149 1
7150 2
7153 1
7154 1
7155 1
7156 1
7157 1
7160 1
7162 3
7164 2
7166 1
7170 1
7171 1
7175 1
7176 1
7177 1
7181 1
7183 1
7184 1
7191 1
7194 1
7196 1
7198 1
7199 1
7201 1
7202 1
7203 1
7206 1
7207 1
7208 1
7209 1
7210 1
7211 3
7213 1
7215 3
7216 1
7217 1
7218 1
7219 1
7221 1
7222 1
7223 1
7224 1
7229 1
7230 1
7232 1
7235 1
7238 1
7240 1
7241 1
7242 1
7243 3
7245 3
7249 1
7251 2
7252 1
7253 1
7255 1
7256 2
7257 2
7262 2
7264 2
7266 2
7271 2
7272 1
7274 1
7276 1
7277 1
7279 1
7283 1
7284 1
7287 1
7291 1
7292 2
7295 1
7296 2
7297 2
7298 2
7300 1
7304 1
7305 1
7306 2
7308 1
7310 1
7311 1
7313 2
7315 2
7323 1
7324 1
7326 1
7328 1
7329 1
7330 2
7331 1
7334 1
7336 1
7337 1
7338 1
7340 1
7344 1
7347 1
7349 1
7351 2
7352 1
7357 1
7359 1
7360 1
7361 1
7362 1
7364 2
7366 1
7368 1
7369 1
7370 1
7372 1
7373 1
7374 1
7378 1
7380 1
7381 1
7382 1
7385 1
7387 1
7389 1
7393 3
7394 1
7395 1
7396 1
7398 2
7400 1
7401 1
7403 1
7405 1
7406 1
7407 1
7408 1
7409 1
7410 1
7411 1
7413 1
7414 2
7415 2
7417 1
7419 1
7422 1
7429 1
7430 2
7434 1
7435 1
7444 1
7447 1
7448 1
7449 2
7450 1
7451 1
7453 1
7454 1
7455 1
7456 1
7457 1
7458 1
7464 1
7466 2
7468 1
7473 1
7474 1
7479 1
7481 1
7482 1
7483 1
7484 1
7487 1
7488 2
7489 1
7490 1
7491 2
7492 1
7493 1
7494 1
7495 2
7496 2
7498 1
7500 1
7502 2
7503 1
7504 1
7506 1
7507 1
7509 1
7511 1
7515 2
7517 2
7522 1
7523 1
7525 3
7528 1
7529 1
7530 1
7535 1
7536 2
7537 1
7538 1
7546 1
7547 1
7549 2
7551 3
7556 1
7559 2
7561 1
7563 1
7564 1
7568 1
7569 1
7570 2
7572 1
7577 1
7580 1
7582 1
7583 2
7584 1
7588 1
7591 2
7593 1
7595 1
7597 1
7600 1
7602 2
7603 1
7604 2
7608 1
7609 1
7610 1
7611 1
7615 1
7616 1
7617 1
7618 1
7623 1
7625 1
7631 1
7632 2
7636 2
7637 1
7640 1
7641 1
7642 1
7644 2
7645 2
7646 1
7649 3
7651 1
7653 1
7657 2
7659 1
7660 1
7665 2
7666 1
7667 1
7668 1
7670 1
7673 1
7678 2
7681 1
7683 3
7687 1
7689 1
7690 1
7691 2
7692 1
7694 1
7698 1
7699 2
7702 1
7704 1
7706 1
7709 1
7713 1
7717 1
7721 1
7722 1
7726 1
7727 1
7730 1
7733 1
7735 1
7736 1
7738 1
7740 1
7741 1
7744 1
7745 1
7747 1
7751 1
7753 2
7755 1
7758 1
7761 1
7762 2
7764 1
7766 1
7768 1
7774 3
7775 1
7776 1
7778 1
7779 1
7782 1
7783 1
7787 3
7789 1
7790 1
7792 1
7794 1
7797 1
7798 1
7800 1
7802 2
7804 1
7807 1
7808 1
7810 1
7812 1
7813 1
7815 1
7816 1
7818 1
7821 2
7823 2
7831 2
7832 1
7834 2
7836 3
7838 1
7841 1
7842 1
7843 1
7844 2
7846 2
7848 1
7849 1
7851 1
7852 1
7855 2
7857 3
7859 1
7864 1
7867 1
7868 1
7869 1
7875 1
7876 1
7878 2
7880 1
7882 1
7883 1
7884 1
7885 1
7886 1
7887 1
7888 1
7889 2
7893 1
7895 1
7896 3
7897 1
7898 1
7900 1
7901 1
7902 1
7903 1
7904 2
7905 1
7908 1
7910 1
7916 1
7917 1
7918 1
7919 1
7921 2
7922 1
7929 2
7930 2
7931 1
7936 1
7937 1
7938 2
7940 1
7944 1
7945 2
7952 1
7953 1
7955 1
7963 2
7969 1
7971 1
7974 1
7976 1
7977 1
7979 2
7981 1
7984 1
7989 3
7991 1
7994 1
7996 1
7997 2
8000 1
8002 1
8004 1
8005 1
8008 1
8010 2
8011 1
8017 1
8018 3
8023 1
8025 2
8026 2
8029 1
8030 2
8031 1
8032 1
8033 1
8036 1
8038 3
8040 2
8043 1
8047 1
8051 1
8052 1
8053 1
8054 1
8059 2
8060 1
8061 1
8070 1
8072 1
8074 2
8075 1
8077 1
8079 1
8082 1
8083 1
8084 1
8085 1
8087 2
8089 1
8091 3
8093 2
8095 1
8097 1
8098 2
8099 1
8105 1
8106 2
8108 1
8111 1
8112 1
8114 1
8116 2
8117 1
8118 1
8119 3
8120 1
8121 2
8123 1
8125 1
8127 2
8131 2
8132 3
8133 2
8138 1
8139 2
8140 4
8142 1
8146 1
8147 2
8148 1
8150 1
8153 1
8154 2
8155 1
8159 1
8160 1
8163 1
8165 1
8167 1
8168 2
8169 1
8171 1
8172 2
8173 1
8174 3
8176 2
8180 1
8181 2
8182 1
8183 1
8184 1
8185 1
8186 1
8188 1
8189 1
8191 1
8193 1
8196 1
8201 1
8202 1
8205 1
8206 2
8207 1
8210 1
8212 1
8213 1
8214 1
8215 1
8216 1
8220 1
8225 1
8227 2
8228 2
8230 1
8234 1
8235 1
8236 1
8238 1
8240 1
8242 2
8244 1
8246 1
8248 1
8249 1
8250 1
8254 1
8256 1
8257 1
8258 1
8261 2
8262 2
8263 1
8264 1
8268 1
8269 3
8270 1
8271 1
8272 1
8274 1
8276 3
8277 1
8281 2
8283 1
8284 1
8285 1
8286 1
8289 2
8290 3
8291 2
8293 2
8296 1
8297 1
8298 2
8304 1
8305 1
8306 2
8307 1
8310 2
8311 1
8312 1
8315 2
8318 1
8320 1
8323 4
8325 2
8327 2
8329 1
8330 1
8331 2
8332 2
8333 1
8334 1
8338 1
8341 1
8342 1
8344 1
8346 2
8349 1
8350 1
8354 1
8355 1
8357 2
8359 1
8362 1
8363 1
8364 2
8365 1
8366 1
8367 2
8368 1
8369 1
8370 1
8371 2
8372 3
8374 1
8376 1
8378 3
8379 1
8380 2
8383 1
8384 1
8385 2
8387 1
8391 2
8392 1
8393 3
8396 1
8399 1
8401 3
8403 1
8404 2
8405 1
8406 1
8408 1
8410 1
8411 1
8412 3
8413 1
8414 1
8415 1
8416 1
8418 2
8419 1
8420 1
8422 1
8423 2
8425 2
8426 2
8427 3
8429 1
8434 1
8435 1
8437 1
8438 1
8439 1
8444 1
8445 1
8446 1
8448 1
8449 1
8452 1
8453 2
8454 1
8456 1
8457 1
8458 1
8459 2
8460 1
8463 1
8464 1
8465 1
8467 2
8468 2
8471 1
8473 1
8476 3
8478 2
8480 1
8484 1
8485 2
8486 1
8487 1
8491 1
8492 1
8494 1
8499 2
8500 1
8507 2
8508 2
8510 1
8512 3
8514 1
8515 1
8517 1
8518 1
8520 2
8521 1
8522 1
8525 3
8529 1
8532 1
8533 2
8534 1
8536 1
8541 2
8543 1
8544 1
8546 1
8548 1
8549 2
8554 3
8557 1
8559 3
8561 2
8562 1
8563 1
8566 3
8567 1
8568 2
8569 1
8570 2
8571 1
8574 1
8575 1
8576 1
8578 1
8580 2
8582 1
8584 1
8589 1
8591 1
8593 1
8595 1
8596 1
8598 1
8600 1
8602 1
8603 2
8605 1
8606 1
8607 2
8608 1
8610 2
8612 1
8613 1
8614 1
8616 1
8617 1
8618 1
8620 1
8621 2
8623 1
8627 1
8629 2
8631 1
8634 1
8638 1
8640 1
8642 2
8644 1
8646 1
8647 2
8649 1
8650 2
8651 1
8652 1
8654 2
8655 2
8656 1
8657 1
8661 2
8663 3
8665 2
8668 1
8669 1
8670 1
8673 1
8676 2
8678 2
8681 1
8683 1
8684 1
8686 1
8688 1
8689 1
8690 1
8691 2
8692 1
8694 1
8695 1
8697 1
8699 2
8702 1
8703 1
8706 1
8707 2
8708 1
8710 1
8712 3
8714 1
8717 1
8719 1
8720 2
8722 1
8724 1
8725 1
8727 1
8728 1
8731 1
8733 2
8735 1
8743 1
8744 1
8745 1
8749 1
8751 2
8753 1
8754 1
8756 1
8758 1
8759 1
8760 1
8761 2
8763 2
8764 1
8765 3
8771 1
8772 2
8773 1
8774 1
8776 1
8777 1
8778 1
8779 1
8780 1
8784 1
8785 1
8786 1
8787 1
8792 1
8793 1
8794 1
8795 1
8797 1
8798 1
8799 1
8800 1
8804 1
8805 3
8806 2
8807 1
8808 1
8812 2
8813 1
8814 2
8816 1
8819 1
8820 1
8821 2
8822 1
8828 1
8829 1
8834 2
8838 1
8839 2
8841 1
8842 2
8844 1
8846 3
8847 1
8848 2
8850 1
8852 1
8853 2
8855 2
8856 2
8857 1
8860 1
8861 2
8865 2
8867 1
8870 1
8872 1
8876 1
8878 2
8880 3
8885 1
8886 2
8887 1
8890 1
8893 2
8894 2
8895 1
8899 2
8900 1
8901 2
8902 2
8903 1
8906 2
8907 1
8908 1
8909 1
8912 1
8914 3
8916 2
8919 1
8923 1
8927 2
8929 2
8930 1
8933 1
8934 1
8935 1
8936 1
8937 1
8941 2
8942 1
8946 1
8948 1
8950 1
8951 1
8953 1
8955 1
8958 1
8959 1
8960 1
8961 2
8963 2
8965 1
8967 2
8971 1
8973 1
8974 2
8975 2
8981 1
8982 2
8987 1
8988 1
8990 1
8992 2
8993 1
8994 1
8995 3
8996 1
8997 2
8999 2
9000 1
9001 1
9003 1
9006 1
9007 2
9008 1
9009 2
9014 2
9015 2
9016 2
9018 1
9020 1
9023 1
9028 1
9029 1
9030 1
9033 1
9034 1
9035 1
9036 2
9038 1
9041 1
9043 1
9044 2
9045 1
9047 1
9048 3
9050 1
9052 1
9056 1
9057 1
9058 1
9059 1
9061 1
9067 1
9069 1
9077 2
9078 1
9080 1
9082 1
9083 1
9085 1
9087 1
9088 1
9089 1
9090 1
9091 1
9092 1
9094 1
9095 1
9096 1
9099 1
9101 1
9103 1
9104 1
9110 1
9114 1
9117 1
9118 1
9119 1
9125 1
9128 1
9129 1
9131 1
9132 1
9133 1
9137 1
9138 1
9139 1
9140 1
9142 1
9145 1
9148 1
9150 2
9152 2
9153 1
9157 2
9159 1
9162 1
9165 1
9166 1
9167 1
9169 2
9172 1
9173 1
9178 1
9180 1
9182 1
9183 1
9186 2
9187 1
9191 2
9194 1
9196 1
9199 3
9201 2
9205 1
9206 1
9207 1
9209 1
9210 1
9214 2
9222 1
9226 1
9230 1
9231 1
9233 2
9235 1
9238 1
9240 2
9241 1
9243 2
9245 1
9246 1
9247 1
9248 3
9250 1
9252 1
9254 2
9256 1
9259 1
9260 1
9267 2
9268 1
9271 1
9272 2
9273 1
9277 1
9279 1
9280 2
9281 2
9282 1
9284 1
9286 2
9287 1
9288 2
9291 1
9292 1
9294 2
9295 1
9299 1
9300 1
9301 1
9302 1
9305 2
9308 1
9313 1
9314 1
9321 1
9322 1
9324 1
9328 1
9329 2
9333 1
9335 1
9336 1
9340 1
9341 1
9343 1
9344 1
9347 1
9352 2
9354 1
9363 1
9367 2
9368 1
9375 1
9376 1
9381 1
9383 1
9384 1
9386 1
9388 2
9389 1
9390 1
9393 2
9395 1
9401 2
9403 1
9405 1
9408 1
9409 2
9410 1
9417 1
9419 1
9422 1
9424 1
9425 1
9427 1
9429 1
9430 2
9433 1
9435 3
9437 2
9438 1
9439 1
9442 1
9444 2
9445 1
9446 2
9447 1
9450 1
9452 1
9458 2
9460 1
9463 1
9465 1
9466 1
9467 1
9469 1
9471 2
9472 1
9474 1
9479 2
9481 1
9482 1
9483 1
9486 2
9488 1
9489 1
9490 2
9494 1
9496 1
9497 1
9503 1
9504 1
9505 2
9510 2
9516 1
9518 2
9520 1
9522 1
9523 1
9524 1
9525 1
9526 2
9527 1
9530 2
9531 2
9532 1
9533 1
9535 1
9537 1
9539 2
9541 2
9543 1
9544 2
9545 1
9551 2
9552 3
9554 1
9558 1
9560 1
9562 1
9564 1
9566 2
9567 1
9568 1
9569 1
9570 1
9575 1
9577 1
9580 1
9582 1
9583 1
9584 1
9585 1
9586 1
9588 1
9590 1
9593 1
9595 1
9596 1
9598 1
9600 1
9603 1
9607 1
9611 1
9612 1
9616 1
9619 1
9620 1
9621 1
9624 1
9625 1
9626 1
9627 1
9632 2
9634 1
9637 1
9639 2
9641 2
9646 1
9647 1
9648 2
9653 1
9655 1
9660 1
9661 1
9662 1
9663 1
9665 1
9666 1
9668 1
9673 3
9674 1
9675 1
9676 1
9680 2
9681 2
9682 2
9684 1
9688 2
9690 1
9692 1
9693 1
9696 1
9697 2
9698 1
9701 1
9705 2
9709 1
9710 1
9711 1
9714 1
9715 1
9717 1
9718 1
9719 1
9720 1
9722 4
9724 1
9727 1
9729 1
9730 1
9732 1
9733 1
9735 1
9737 1
9738 1
9741 1
9743 2
9746 1
9748 1
9754 1
9756 3
9761 1
9763 1
9768 1
9769 2
9770 1
9771 1
9774 1
9775 2
9777 3
9778 1
9779 1
9782 2
9783 1
9784 1
9785 1
9788 1
9790 3
9792 1
9795 1
9796 1
9799 1
9803 2
9804 2
9805 1
9806 1
9807 1
9808 1
9809 1
9811 1
9813 1
9815 1
9816 1
9817 2
9818 1
9819 1
9820 1
9822 1
9823 1
9827 1
9829 1
9830 1
9831 2
9833 1
9834 1
9837 2
9839 1
9841 1
9843 1
9850 1
9851 2
9858 1
9864 1
9865 1
9868 1
9870 1
9871 1
9872 1
9873 2
9875 2
9880 1
9883 1
9885 1
9888 1
9890 1
9891 2
9892 1
9894 1
9896 1
9899 2
9904 2
9906 1
9909 1
9911 1
9912 3
9914 1
9916 1
9917 1
9918 1
9920 1
9921 1
9924 2
9926 3
9928 1
9932 1
9933 1
9934 1
9935 2
9937 1
9943 1
9945 1
9946 1
9953 2
9954 1
9956 1
9958 1
9960 1
9961 2
9964 1
9965 1
9967 1
9968 1
9969 1
9970 1
9972 1
9973 2
9975 2
9978 1
9980 1
9983 1
9986 1
9990 1
9994 1
9995 1
9997 1
10004 1
10005 1
10007 2
10009 1
10011 1
10013 1
10014 1
10015 1
10016 1
10018 1
10019 1
10024 1
10026 2
10028 2
10033 2
10038 1
10039 1
10041 2
10045 1
10046 1
10048 1
10049 1
10053 1
10054 2
10056 1
10057 1
10058 1
10059 2
10060 1
10062 2
10067 2
10068 1
10070 1
10073 1
10075 3
10077 1
10083 1
10085 1
10086 1
10090 2
10092 1
10098 1
10100 1
10106 1
10107 1
10109 2
10111 1
10114 1
10119 1
10121 1
10122 1
10123 1
10124 1
10126 1
10128 1
10130 1
10131 1
10132 1
10135 1
10136 1
10143 2
10144 1
10148 2
10149 1
10155 2
10156 2
10157 2
10160 1
10162 2
10163 1
10164 1
10165 1
10167 1
10168 1
10169 1
10170 2
10171 1
10173 1
10175 1
10176 1
10177 1
10178 1
10181 1
10184 1
10189 1
10190 1
10192 1
10196 1
10197 2
10199 1
10203 1
10204 1
10205 1
10206 1
10209 1
10211 2
10212 1
10216 1
10217 1
10220 1
10226 1
10228 2
10231 1
10243 1
10244 1
10245 2
10246 1
10250 2
10252 1
10253 1
10254 1
10257 1
10258 2
10260 1
10262 1
10264 1
10265 1
10266 1
10268 1
10271 1
10277 1
10279 1
10284 2
10285 1
10286 1
10291 1
10292 2
10297 1
10300 1
10301 1
10306 1
10309 1
10311 1
10313 2
10314 1
10315 1
10318 1
10320 1
10321 1
10322 1
10323 1
10326 2
10328 1
10331 1
10336 1
10339 1
10343 1
10345 2
10347 1
10348 1
10350 1
10353 1
10355 1
10357 1
10359 1
10362 2
10364 1
10365 1
10366 2
10370 1
10379 1
10380 1
10384 1
10394 1
10396 1
10398 2
10399 1
10401 1
10402 1
10403 1
10406 1
10407 2
10408 1
10409 1
10411 2
10413 1
10417 1
10419 1
10421 1
10427 1
10428 1
10435 1
10440 1
10442 2
10443 1
10444 1
10445 2
10449 1
10450 1
10453 1
10458 1
10460 1
10469 1
10471 1
10479 2
10483 2
10484 2
10488 1
10492 1
10497 1
10498 1
10501 1
10502 1
10503 1
10506 1
10513 1
10515 1
10517 1
10524 2
10530 1
10536 1
10537 1
10538 1
10539 1
10541 1
10544 1
10549 2
10551 1
10552 1
10556 1
10560 1
10564 2
10566 1
10569 1
10574 1
10577 1
10585 1
10586 1
10590 1
10593 1
10594 1
10596 1
10598 4
10600 1
10603 1
10605 1
10606 1
10608 1
10611 1
10613 1
10619 2
10630 1
10632 2
10637 2
10644 1
10645 1
10646 1
10647 1
10650 1
10651 1
10655 1
10658 2
10659 1
10660 1
10664 1
10666 2
10671 1
10672 1
10679 2
10680 1
10681 1
10683 1
10684 1
10685 1
10691 1
10692 1
10693 2
10698 1
10699 1
10706 1
10707 1
10713 1
10722 1
10727 1
10741 1
10751 2
10756 1
10759 1
10764 1
10767 1
10772 1
10780 2
10785 1
10788 2
10790 1
10792 1
10793 1
10794 1
10800 1
10802 2
10813 1
10821 1
10822 1
10829 1
10832 1
10834 1
10836 1
10837 2
10841 1
10843 1
10845 1
10846 1
10849 1
10851 2
10859 1
10866 1
10871 1
10873 1
10880 1
10881 1
10883 1
10885 1
10887 1
10889 1
10894 2
10895 1
10902 2
10908 1
10909 1
10915 1
10916 1
10917 2
10922 1
10924 1
10925 1
10929 1
10930 2
10932 1
10934 1
10935 1
10936 1
10938 1
10943 1
10944 1
10946 1
10951 1
10966 1
10968 1
10976 1
10987 1
10990 1
10998 1
11004 1
11006 1
11011 1
11012 1
11016 1
11019 1
11020 1
11024 2
11025 1
11030 1
11031 2
11032 1
11033 1
11038 2
11039 1
11045 1
11046 1
11047 1
11051 1
11052 2
11053 1
11060 2
11066 1
11068 1
11072 1
11073 1
11074 1
11075 1
11077 1
11082 1
11085 2
11087 1
11092 1
11093 1
11104 1
11119 1
11121 1
11126 2
11128 1
11129 1
11133 1
11134 2
11140 1
11141 1
11142 1
11147 2
11153 1
11155 2
11158 1
11161 1
11166 1
11167 1
11168 1
11172 1
11173 1
11174 1
11180 1
11182 1
11185 1
11187 1
11188 1
11189 1
11196 1
11199 1
11207 1
11215 1
11221 2
11223 1
11226 1
11229 1
11235 1
11238 1
11240 1
11242 1
11246 1
11256 1
11269 1
11270 1
11274 1
11277 1
11279 1
11282 1
11283 1
11284 1
11287 2
11295 1
11303 1
11304 1
11311 1
11316 2
11318 1
11321 2
11324 1
11325 1
11328 1
11329 1
11330 1
11338 1
11345 1
11359 1
11360 1
11362 1
11364 1
11368 1
11370 1
11374 1
11378 1
11379 1
11382 1
11393 1
11400 1
11406 1
11409 1
11411 1
11414 1
11417 1
11419 1
11423 1
11425 2
11432 1
11440 2
11443 1
11445 1
11451 1
11453 1
11457 1
11461 1
11462 1
11465 1
11469 1
11474 3
11476 1
11479 1
11482 1
11487 1
11495 1
11506 1
11513 1
11515 1
11520 1
11521 1
11522 1
11523 1
11526 1
11527 1
11534 1
11535 1
11536 1
11540 1
11542 1
11547 1
11548 1
11555 1
11556 1
11557 1
11559 1
11560 1
11561 1
11567 2
11568 1
11569 1
11574 1
11575 1
11581 1
11582 1
11583 1
11596 1
11598 1
11600 1
11601 1
11604 1
11608 1
11609 1
11610 1
11615 1
11617 1
11618 1
11623 1
11627 1
11632 1
11640 1
11642 1
11656 1
11662 1
11664 2
11668 1
11670 1
11676 1
11678 2
11681 1
11689 1
11695 1
11696 1
11698 1
11703 1
11704 1
11708 1
11710 1
11712 1
11713 1
11717 1
11721 1
11722 1
11725 1
11727 1
11735 1
11749 1
11754 1
11757 1
11759 1
11762 1
11763 1
11768 1
11771 1
11776 1
11791 1
11793 1
11798 1
11800 1
11805 1
11806 1
11810 1
11812 1
11820 1
11834 1
11839 1
11844 1
11847 1
11849 1
11852 1
11853 1
11857 1
11861 1
11863 1
11907 1
11915 1
11921 1
11929 1
11934 1
11942 1
11944 1
11948 1
11949 1
11951 1
11953 1
11958 1
11961 1
11963 1
11968 1
11997 1
12002 2
12005 1
12010 2
12029 1
12034 1
12042 1
12043 1
12044 1
12048 1
12049 1
12056 1
12063 1
12083 1
12091 1
12097 1
12102 1
12105 1
12116 1
12155 1
12163 1
12187 1
12192 1
12197 1
12200 1
12201 1
12206 1
12214 1
12221 1
12235 1
12236 1
12244 1
12250 1
12258 1
12282 1
12287 1
12295 1
12301 1
12316 1
12382 1
12396 1
12423 1
12435 1
12437 1
12443 1
12474 1
12476 1
12484 1
12518 1
12540 1
12554 1
12557 1
12565 1
12571 1
12579 1
12593 1
12601 1
12635 1
12674 1
12676 1
12682 1
12688 1
12696 1
12715 1
12723 1
12729 1
12737 1
12810 1
12818 1
12824 1
12829 1
12837 1
12905 1
12910 1
12918 1
12919 1
12924 1
12932 1
12951 1
12959 1
12965 1
12973 1
13046 1
13054 1
13063 1
13068 1
13076 1
13077 1
13082 1
13090 1
13158 1
13163 1
13171 1
13204 1
13212 1
13299 1
13313 1
13352 1
13360 1
13394 1
13433 1
13441 1
13447 1
13455 1
13552 1
13591 1
13599 1
13605 1
13613 1
13686 1
13694 1
End
