NMec = 95584
T = 15
P = 3
Profits not ignored
Valid tasks:                                                            13708
Solution time = 2.094e-04
Task data
    1   9  1366 0
    2  10  1029 1
    3  38  6255 2
    4   5   182 -1
   10  22  3126 0
   11  15   560 -1
   11  30  2651 1
   12  15   585 -1
   12  19  1167 -1
   15  34  1765 -1
   17  23   510 -1
   26  35  1726 0
   28  35  1161 -1
   37  46  1170 0
   39  43   449 1
Best profit: 17772
All profits:
0 1
182 1
449 1
510 1
560 1
585 1
631 1
692 1
742 1
767 1
959 1
1009 1
1029 1
1034 1
1070 1
1095 1
1141 1
1145 1
1161 1
1167 1
1170 1
1191 1
1211 1
1216 1
1252 1
1277 1
1327 1
1343 1
1349 1
1352 1
1366 1
1478 1
1519 1
1539 1
1544 1
1548 1
1589 1
1594 1
1610 1
1614 1
1616 1
1619 1
1655 1
1660 1
1671 1
1677 1
1680 1
1701 1
1721 2
1726 2
1727 1
1730 1
1746 1
1752 1
1755 1
1765 1
1771 1
1776 1
1792 1
1796 1
1798 1
1801 1
1815 1
1837 1
1853 1
1859 1
1862 1
1876 1
1903 1
1908 1
1909 1
1912 1
1926 1
1928 1
1934 1
1937 1
1947 1
1951 1
1988 1
1997 1
2038 1
2058 1
2063 1
2099 1
2104 1
2108 1
2120 1
2124 1
2126 1
2129 1
2133 1
2170 2
2174 1
2175 1
2176 1
2179 1
2190 1
2195 1
2196 1
2199 1
2201 1
2204 1
2214 1
2220 1
2231 1
2236 1
2237 1
2240 1
2245 1
2256 1
2262 1
2265 1
2275 1
2281 1
2286 2
2302 1
2306 2
2308 1
2311 2
2312 1
2315 1
2325 2
2328 1
2331 1
2337 1
2350 1
2352 1
2356 1
2357 1
2358 1
2361 1
2372 1
2375 1
2377 1
2378 1
2381 1
2383 1
2386 1
2395 1
2396 1
2400 1
2413 1
2418 1
2419 1
2422 1
2436 1
2438 1
2444 1
2447 1
2457 1
2461 1
2468 1
2488 1
2493 1
2494 1
2497 1
2507 2
2510 1
2511 1
2513 1
2519 1
2527 1
2532 1
2533 1
2536 1
2548 1
2557 1
2573 1
2577 1
2582 1
2618 1
2623 1
2639 1
2643 1
2645 1
2648 1
2651 1
2680 1
2684 1
2685 1
2686 1
2689 1
2693 1
2700 1
2705 1
2706 1
2709 2
2711 1
2714 1
2715 1
2718 1
2724 1
2730 1
2735 1
2750 1
2755 3
2756 1
2759 1
2760 1
2761 1
2764 1
2774 1
2775 1
2777 1
2780 1
2781 1
2784 1
2786 1
2794 1
2796 1
2799 1
2805 1
2816 1
2821 2
2822 1
2825 1
2827 1
2830 1
2833 1
2835 1
2838 1
2841 1
2844 1
2847 1
2860 1
2862 1
2866 1
2867 1
2868 1
2871 2
2882 1
2885 1
2887 2
2888 2
2891 2
2893 2
2896 2
2897 1
2905 1
2906 1
2910 2
2913 1
2916 1
2917 1
2922 1
2926 1
2932 2
2935 1
2937 2
2938 1
2941 1
2942 1
2943 1
2946 1
2955 1
2956 1
2957 1
2959 1
2960 1
2962 1
2963 1
2966 1
2968 1
2976 2
2978 1
2980 1
2981 1
2982 1
2985 1
2998 1
3003 1
3004 1
3007 1
3017 1
3020 1
3021 1
3023 1
3026 1
3029 1
3037 1
3042 1
3043 1
3046 1
3053 1
3067 1
3069 1
3070 1
3073 1
3075 1
3078 1
3079 1
3087 2
3092 3
3093 1
3095 1
3096 1
3098 1
3100 1
3104 1
3108 1
3112 1
3114 1
3117 1
3118 1
3121 1
3126 1
3131 1
3133 1
3137 1
3142 1
3149 1
3155 1
3158 2
3161 1
3162 1
3164 1
3167 1
3199 1
3203 1
3204 1
3205 1
3208 1
3211 1
3219 1
3224 1
3225 1
3228 1
3230 1
3233 1
3236 1
3243 1
3245 1
3260 1
3265 2
3266 1
3269 2
3270 1
3271 1
3274 2
3275 1
3278 1
3282 1
3284 1
3285 1
3287 1
3290 1
3291 1
3294 2
3296 1
3300 1
3303 1
3304 1
3308 1
3309 1
3313 1
3315 2
3320 1
3331 1
3335 1
3336 1
3337 2
3340 3
3341 1
3342 1
3343 1
3344 1
3345 1
3346 1
3354 2
3357 1
3359 1
3360 1
3362 1
3365 1
3366 1
3371 1
3375 1
3379 1
3381 3
3384 1
3386 1
3387 1
3390 1
3393 1
3397 1
3398 1
3401 1
3403 1
3404 1
3406 2
3407 1
3412 1
3415 1
3418 1
3420 1
3423 1
3425 1
3426 1
3427 1
3429 1
3432 1
3436 1
3442 2
3445 1
3447 3
3448 1
3451 1
3452 1
3453 2
3456 2
3465 1
3466 1
3467 1
3469 1
3470 1
3472 2
3473 2
3476 2
3478 2
3481 1
3482 1
3486 3
3490 1
3491 2
3492 2
3495 2
3497 1
3498 1
3502 1
3511 1
3517 2
3518 1
3519 1
3520 1
3522 2
3523 1
3524 1
3526 1
3527 1
3528 1
3536 3
3539 1
3540 1
3541 2
3542 2
3544 1
3545 1
3547 1
3548 1
3553 1
3556 1
3557 1
3561 2
3562 1
3563 2
3565 1
3566 1
3567 1
3570 1
3575 1
3579 1
3580 2
3583 1
3585 1
3586 1
3588 1
3589 1
3597 1
3602 2
3603 1
3605 1
3606 1
3608 1
3610 1
3611 1
3614 1
3618 1
3622 1
3624 1
3627 1
3628 1
3629 1
3631 1
3635 1
3636 1
3638 1
3641 1
3647 1
3652 2
3654 1
3655 1
3658 1
3660 2
3663 1
3664 1
3668 2
3672 2
3673 1
3674 2
3677 3
3678 1
3680 2
3681 1
3685 1
3686 1
3691 1
3693 1
3694 1
3697 1
3699 1
3702 1
3703 1
3709 1
3711 1
3714 1
3715 1
3716 1
3718 2
3721 1
3722 1
3723 1
3724 1
3727 1
3734 1
3738 1
3740 1
3743 2
3744 1
3746 1
3747 1
3749 1
3752 1
3753 1
3757 1
3762 1
3764 1
3779 1
3784 2
3785 1
3788 1
3789 1
3790 1
3792 1
3793 1
3796 1
3803 1
3804 1
3806 1
3809 1
3810 1
3812 1
3813 1
3815 1
3818 2
3821 1
3823 1
3825 1
3828 1
3830 1
3834 1
3842 1
3845 1
3846 1
3847 1
3850 2
3851 1
3852 1
3854 2
3855 1
3856 1
3859 1
3860 1
3862 1
3863 1
3864 1
3867 2
3868 1
3869 1
3870 1
3872 1
3873 1
3875 1
3876 2
3879 1
3881 1
3885 2
3889 1
3891 2
3893 1
3894 1
3896 2
3897 1
3898 1
3900 2
3902 1
3903 1
3905 1
3914 1
3916 2
3917 1
3920 1
3921 1
3922 3
3925 3
3926 1
3927 1
3928 1
3930 1
3931 1
3935 2
3939 2
3940 1
3941 1
3942 1
3944 1
3945 1
3946 1
3947 1
3951 1
3955 1
3957 1
3960 1
3961 1
3963 1
3964 1
3966 3
3969 1
3971 1
3972 1
3975 1
3978 1
3982 1
3983 1
3985 1
3986 1
3988 2
3989 1
3991 2
3992 1
3994 1
3996 1
3997 1
4000 1
4001 1
4002 1
4003 1
4005 2
4007 1
4008 1
4010 1
4011 1
4012 1
4014 1
4017 1
4021 1
4027 2
4028 1
4029 1
4030 1
4032 3
4033 1
4034 1
4036 1
4037 1
4038 2
4041 1
4046 2
4049 1
4050 1
4051 3
4052 2
4054 2
4055 1
4057 2
4058 2
4063 2
4066 1
4067 1
4071 3
4072 1
4073 1
4075 1
4076 2
4077 1
4078 1
4080 2
4082 1
4083 1
4084 1
4085 1
4087 1
4090 1
4093 1
4096 2
4098 1
4099 1
4101 1
4102 2
4103 1
4104 2
4107 2
4108 1
4109 1
4112 1
4113 1
4116 1
4117 1
4121 4
4122 2
4123 1
4124 1
4125 1
4126 2
4127 2
4129 2
4130 1
4133 1
4135 1
4137 1
4139 1
4140 1
4141 1
4142 1
4143 2
4145 1
4146 2
4147 1
4148 2
4150 1
4151 1
4152 1
4155 1
4160 2
4162 1
4164 1
4165 2
4168 1
4170 2
4171 1
4173 1
4174 1
4178 1
4182 1
4183 1
4184 1
4187 3
4188 1
4190 2
4191 1
4193 1
4195 1
4196 2
4199 1
4201 1
4203 1
4204 1
4207 1
4209 1
4212 1
4213 1
4214 1
4220 1
4221 1
4223 1
4226 1
4228 1
4232 1
4233 2
4234 1
4236 1
4237 2
4239 1
4240 2
4245 2
4248 1
4253 3
4254 2
4257 2
4258 1
4259 2
4261 1
4262 3
4263 1
4265 2
4267 2
4270 1
4271 1
4272 1
4274 1
4275 1
4276 1
4278 1
4279 1
4282 1
4283 1
4284 1
4287 1
4288 1
4292 1
4293 1
4294 1
4296 1
4298 2
4299 1
4300 1
4301 1
4303 3
4304 1
4306 1
4307 1
4308 1
4309 1
4311 1
4312 1
4313 1
4316 1
4317 1
4319 1
4322 2
4323 1
4325 2
4328 2
4329 1
4331 1
4332 1
4334 1
4337 1
4338 1
4342 2
4344 1
4347 1
4349 1
4352 1
4364 1
4365 1
4366 1
4369 2
4370 1
4371 1
4372 2
4373 1
4374 1
4375 1
4377 2
4378 2
4381 1
4383 1
4386 1
4388 1
4389 1
4391 1
4394 1
4395 1
4397 1
4400 1
4403 2
4404 1
4406 2
4408 1
4410 2
4412 1
4413 1
4415 1
4416 1
4419 1
4422 1
4426 1
4427 2
4430 1
4431 1
4432 2
4435 3
4436 2
4437 1
4439 1
4440 1
4441 2
4443 1
4444 1
4445 2
4447 1
4449 2
4450 1
4451 1
4452 2
4453 1
4454 1
4455 1
4456 1
4457 1
4458 1
4461 2
4464 1
4465 1
4466 1
4469 1
4470 2
4471 1
4474 2
4475 1
4476 3
4478 1
4479 1
4480 1
4481 2
4482 2
4483 1
4485 2
4487 1
4488 1
4490 1
4492 1
4495 1
4498 1
4499 1
4500 1
4501 2
4502 1
4503 1
4504 1
4505 1
4506 1
4507 3
4510 2
4511 1
4512 1
4513 1
4515 2
4520 3
4521 2
4524 2
4525 1
4527 2
4529 1
4531 1
4532 1
4540 1
4542 2
4545 1
4546 1
4547 1
4548 2
4549 1
4551 3
4553 1
4554 1
4556 1
4557 1
4559 1
4560 1
4561 1
4563 1
4564 1
4565 1
4567 1
4568 1
4570 2
4571 1
4573 2
4574 1
4576 1
4577 1
4579 1
4581 1
4582 1
4585 1
4586 2
4588 2
4590 2
4592 2
4593 1
4594 1
4595 1
4596 1
4597 1
4598 1
4599 1
4602 1
4603 1
4604 1
4606 1
4608 1
4609 2
4611 1
4612 2
4613 1
4614 3
4617 3
4618 1
4619 1
4622 1
4623 2
4626 1
4627 1
4631 3
4632 2
4633 1
4634 1
4635 1
4636 3
4637 2
4639 3
4640 1
4642 1
4643 2
4645 1
4647 1
4648 2
4650 1
4651 1
4652 2
4653 3
4656 3
4657 1
4658 3
4660 1
4661 2
4662 2
4663 1
4664 1
4665 1
4667 1
4669 1
4670 2
4672 1
4674 1
4675 1
4678 1
4681 3
4682 1
4683 1
4684 1
4685 1
4686 1
4687 2
4688 1
4689 3
4692 1
4693 1
4694 1
4697 2
4701 1
4702 3
4703 3
4706 4
4707 2
4708 1
4709 2
4710 1
4711 2
4712 1
4714 2
4715 1
4720 2
4722 1
4723 1
4724 2
4725 1
4726 1
4727 1
4728 2
4730 1
4731 2
4732 1
4733 2
4736 1
4737 1
4740 1
4741 1
4742 1
4743 1
4745 2
4746 1
4747 3
4749 1
4750 3
4752 1
4753 1
4755 2
4756 1
4759 1
4763 2
4764 1
4767 1
4768 1
4769 1
4771 1
4772 3
4773 1
4775 2
4777 1
4778 1
4780 1
4781 2
4784 1
4785 1
4786 2
4788 1
4789 1
4791 1
4792 1
4793 1
4794 1
4796 1
4797 1
4798 1
4799 1
4802 1
4803 1
4805 1
4806 1
4808 2
4811 1
4813 3
4814 1
4817 1
4818 2
4819 2
4821 3
4822 2
4824 1
4825 2
4826 1
4827 2
4830 2
4832 1
4833 1
4834 1
4835 2
4838 3
4839 2
4840 1
4841 1
4842 2
4843 1
4844 3
4846 1
4847 4
4848 1
4850 1
4852 5
4853 1
4855 1
4856 1
4857 2
4858 1
4859 1
4860 1
4861 1
4863 2
4864 1
4865 1
4868 1
4869 1
4871 1
4872 1
4875 1
4876 1
4877 1
4878 1
4879 1
4881 2
4882 1
4883 2
4884 2
4885 2
4886 1
4887 1
4888 3
4889 1
4890 1
4891 2
4892 1
4893 1
4894 1
4896 1
4897 1
4898 1
4901 1
4902 2
4904 1
4905 1
4907 2
4908 1
4910 2
4913 2
4914 2
4916 1
4918 1
4919 1
4920 1
4922 1
4923 2
4924 1
4925 1
4926 1
4927 2
4929 2
4931 1
4932 2
4934 1
4937 2
4941 1
4945 1
4946 1
4949 1
4950 1
4951 2
4953 1
4954 2
4955 1
4956 1
4957 2
4959 2
4960 1
4962 2
4963 1
4964 1
4966 1
4968 1
4969 1
4970 1
4971 1
4973 1
4974 1
4976 3
4979 2
4980 1
4982 1
4984 1
4985 1
4986 1
4988 2
4989 1
4990 1
4991 1
4992 1
4993 1
4995 3
4997 1
4998 1
5000 1
5001 2
5002 1
5003 1
5004 1
5007 1
5008 1
5009 1
5010 1
5011 1
5012 2
5013 1
5015 1
5016 1
5017 2
5020 2
5021 2
5022 1
5023 1
5024 1
5025 1
5026 2
5028 1
5029 3
5030 3
5031 1
5032 1
5034 4
5035 2
5037 2
5038 1
5039 2
5040 1
5041 1
5042 1
5043 1
5046 2
5047 1
5050 1
5051 1
5052 2
5054 1
5055 1
5056 1
5057 1
5058 1
5059 2
5060 1
5061 3
5063 3
5064 1
5065 1
5066 2
5067 2
5068 1
5069 1
5070 2
5072 1
5073 2
5075 1
5077 1
5080 3
5081 1
5083 2
5084 1
5085 1
5086 2
5087 2
5088 1
5089 1
5091 1
5092 3
5095 1
5096 1
5097 1
5098 1
5100 2
5101 1
5102 2
5105 3
5106 1
5107 2
5108 1
5109 2
5110 1
5111 1
5112 2
5113 1
5114 1
5116 1
5119 2
5122 1
5123 1
5124 1
5125 1
5127 2
5130 2
5131 1
5132 1
5133 2
5136 2
5138 1
5139 1
5141 1
5142 1
5144 1
5146 2
5148 1
5149 1
5150 1
5151 1
5152 2
5153 1
5155 2
5156 1
5158 4
5159 1
5161 1
5162 2
5163 1
5164 2
5166 1
5168 2
5169 1
5170 1
5171 2
5172 2
5173 1
5174 1
5175 1
5177 2
5178 1
5179 1
5180 1
5181 1
5182 1
5183 1
5184 2
5187 1
5188 1
5189 1
5191 2
5192 1
5193 1
5194 2
5195 1
5196 1
5197 2
5198 1
5199 4
5202 2
5203 1
5204 1
5207 1
5208 2
5211 1
5212 4
5213 2
5216 3
5217 2
5218 2
5219 1
5220 1
5221 3
5222 1
5224 3
5225 1
5228 1
5230 2
5232 1
5233 2
5234 2
5235 1
5236 1
5237 2
5238 2
5241 3
5242 1
5243 3
5245 1
5246 2
5247 1
5248 1
5249 1
5250 1
5251 1
5252 2
5254 1
5255 2
5257 2
5259 1
5260 1
5262 3
5263 2
5265 1
5266 2
5267 1
5268 2
5269 2
5270 1
5271 1
5273 1
5274 3
5279 1
5282 3
5283 2
5284 1
5286 1
5287 3
5288 3
5289 1
5290 1
5291 4
5292 2
5293 2
5294 2
5296 4
5297 1
5299 1
5300 1
5301 3
5302 1
5304 1
5305 2
5306 2
5307 2
5308 1
5309 2
5310 1
5311 1
5312 2
5313 2
5315 1
5316 1
5317 1
5318 1
5321 2
5322 1
5323 1
5325 1
5326 1
5327 2
5328 1
5329 1
5330 2
5331 2
5332 3
5334 1
5335 3
5336 1
5337 2
5338 1
5340 3
5341 1
5344 2
5345 1
5346 1
5348 2
5349 1
5350 1
5351 2
5352 1
5353 1
5354 3
5356 1
5357 4
5358 1
5360 2
5362 3
5363 2
5365 1
5366 2
5367 1
5368 1
5369 1
5370 1
5371 2
5373 2
5374 1
5375 1
5376 1
5378 1
5379 1
5381 2
5382 1
5384 1
5386 1
5387 1
5388 1
5390 1
5391 1
5393 2
5394 2
5395 1
5396 1
5398 3
5399 1
5400 2
5401 2
5402 1
5403 2
5404 2
5406 4
5407 3
5410 1
5411 1
5412 3
5415 2
5417 2
5418 1
5419 1
5420 2
5423 3
5424 2
5425 2
5426 1
5428 3
5429 2
5431 1
5432 3
5433 1
5434 1
5435 2
5437 5
5439 1
5441 2
5442 2
5444 2
5445 2
5446 1
5447 1
5448 1
5449 1
5450 2
5451 2
5453 1
5454 1
5456 1
5457 1
5459 1
5460 1
5461 1
5462 1
5463 1
5464 2
5465 1
5466 1
5467 1
5468 2
5469 2
5470 3
5472 2
5473 2
5474 2
5475 1
5476 2
5478 3
5479 2
5480 1
5481 1
5482 1
5483 3
5484 1
5486 2
5487 2
5488 1
5489 2
5490 1
5492 2
5493 1
5495 2
5498 2
5499 2
5501 1
5503 2
5504 1
5505 2
5507 1
5508 2
5509 2
5510 1
5511 2
5512 2
5513 1
5514 2
5516 1
5517 2
5518 1
5519 2
5521 1
5522 3
5526 1
5529 1
5530 1
5531 1
5532 1
5533 1
5534 1
5535 1
5536 3
5538 2
5539 4
5540 1
5541 1
5542 2
5544 4
5545 1
5547 2
5548 2
5549 2
5550 1
5553 1
5554 1
5556 2
5557 1
5558 1
5561 2
5562 1
5564 2
5567 1
5568 1
5569 1
5570 1
5571 2
5573 3
5574 1
5575 1
5576 1
5577 2
5578 1
5580 3
5582 1
5583 3
5586 2
5587 1
5588 2
5589 2
5590 1
5592 1
5593 2
5594 1
5595 1
5596 1
5597 2
5598 1
5599 1
5601 1
5602 3
5605 1
5606 2
5607 2
5608 1
5610 2
5611 3
5612 1
5613 1
5614 2
5615 2
5617 3
5619 4
5620 1
5621 1
5622 1
5623 2
5624 1
5626 1
5627 2
5628 1
5629 1
5631 2
5632 2
5633 3
5635 1
5636 2
5637 2
5639 1
5640 2
5641 2
5642 1
5643 2
5644 1
5645 1
5646 3
5648 2
5649 1
5650 1
5651 2
5652 2
5653 1
5654 1
5656 1
5657 1
5658 2
5659 1
5660 1
5661 2
5662 2
5665 3
5666 1
5667 1
5668 3
5669 1
5670 1
5671 2
5672 2
5673 1
5674 2
5677 2
5679 1
5680 1
5681 2
5682 2
5683 1
5685 2
5686 1
5687 2
5688 1
5690 3
5691 2
5692 2
5693 1
5694 1
5695 1
5697 1
5698 1
5699 1
5701 1
5703 1
5704 2
5707 1
5708 1
5709 1
5710 1
5711 1
5712 2
5714 1
5715 1
5716 1
5717 1
5718 3
5720 1
5721 1
5722 1
5723 1
5724 1
5726 1
5728 1
5729 1
5730 1
5731 3
5732 1
5734 1
5735 1
5736 1
5737 1
5738 2
5740 2
5741 1
5743 3
5744 2
5746 1
5747 2
5749 2
5751 1
5753 3
5754 1
5755 2
5756 2
5757 1
5758 1
5759 2
5760 1
5762 2
5763 1
5764 1
5765 2
5766 1
5768 1
5769 2
5770 1
5771 1
5772 3
5773 1
5774 1
5775 1
5776 2
5777 2
5778 2
5779 2
5780 1
5781 1
5782 1
5783 1
5784 4
5788 1
5789 1
5792 2
5793 3
5794 1
5796 1
5797 4
5798 2
5799 1
5800 1
5801 3
5802 2
5803 2
5804 1
5806 4
5807 1
5809 3
5810 1
5811 2
5812 1
5813 1
5814 1
5815 3
5816 1
5817 2
5818 2
5819 3
5820 1
5821 1
5822 3
5823 3
5825 1
5826 1
5827 1
5828 3
5830 1
5831 2
5832 1
5833 1
5834 1
5835 2
5836 1
5837 2
5839 1
5840 2
5841 1
5842 3
5843 1
5844 1
5845 1
5847 3
5848 3
5849 1
5850 3
5851 2
5852 1
5853 2
5854 2
5855 2
5856 3
5859 2
5861 2
5863 1
5864 2
5866 1
5867 3
5868 2
5869 2
5870 1
5871 1
5872 3
5873 4
5874 1
5875 1
5876 3
5877 2
5878 1
5879 1
5881 5
5882 1
5884 1
5885 1
5886 4
5887 1
5889 1
5890 2
5891 2
5892 1
5893 1
5894 3
5895 1
5896 1
5897 1
5898 2
5900 2
5901 1
5903 1
5904 1
5906 2
5907 1
5908 2
5910 2
5911 2
5912 2
5913 2
5914 2
5915 1
5916 3
5917 4
5919 1
5920 3
5921 1
5922 2
5923 1
5925 3
5926 1
5927 1
5929 2
5930 1
5931 1
5933 2
5934 1
5935 2
5936 2
5938 2
5939 2
5941 1
5942 3
5945 2
5947 4
5948 1
5951 2
5952 2
5953 1
5954 2
5955 2
5956 2
5958 2
5959 2
5960 2
5961 2
5963 1
5964 2
5966 3
5967 1
5969 1
5970 1
5971 1
5972 1
5973 1
5974 1
5975 1
5978 2
5979 2
5980 3
5982 1
5983 3
5984 1
5985 1
5986 2
5987 1
5988 5
5989 2
5991 4
5992 1
5993 3
5994 1
5995 1
5996 1
5997 4
5998 1
5999 1
6000 1
6001 1
6002 2
6003 1
6004 1
6005 5
6008 3
6009 2
6010 1
6011 2
6013 4
6014 3
6016 1
6017 3
6018 2
6019 4
6020 1
6022 5
6023 1
6024 3
6026 2
6027 2
6028 1
6029 2
6030 3
6031 1
6032 4
6033 1
6035 2
6036 1
6037 1
6038 2
6039 2
6041 1
6042 2
6043 1
6044 1
6045 1
6046 1
6047 1
6048 3
6049 2
6050 1
6051 2
6052 2
6053 2
6054 2
6055 3
6057 2
6058 4
6059 2
6060 1
6061 1
6063 4
6064 2
6066 1
6067 1
6068 4
6069 1
6071 1
6072 2
6073 1
6074 1
6075 1
6076 1
6077 2
6078 1
6080 2
6081 2
6082 1
6083 2
6084 1
6085 1
6086 1
6087 1
6088 2
6089 1
6090 3
6092 2
6093 2
6094 2
6095 1
6096 2
6097 1
6098 3
6099 3
6101 1
6102 3
6103 1
6104 2
6106 1
6107 3
6108 1
6109 1
6111 1
6112 1
6114 1
6115 1
6116 2
6117 2
6118 1
6120 2
6121 3
6123 2
6124 2
6126 1
6127 2
6129 4
6130 1
6131 1
6132 1
6133 1
6134 2
6136 1
6137 3
6138 1
6139 1
6140 1
6141 2
6142 2
6143 2
6146 3
6147 1
6148 1
6149 2
6151 1
6152 1
6153 2
6154 1
6155 1
6156 2
6158 1
6159 1
6160 1
6161 1
6162 3
6163 1
6165 2
6167 1
6168 2
6169 2
6170 1
6171 3
6172 1
6173 2
6175 2
6177 2
6178 2
6179 2
6180 1
6181 1
6182 1
6183 1
6184 1
6187 5
6190 2
6191 3
6192 2
6193 3
6195 3
6196 4
6197 1
6198 1
6199 2
6200 3
6201 3
6202 2
6204 3
6205 2
6206 1
6207 1
6208 2
6209 1
6210 1
6211 1
6212 2
6213 3
6214 2
6216 1
6217 2
6218 3
6219 1
6220 1
6221 3
6222 2
6224 2
6225 1
6226 3
6227 1
6228 2
6229 1
6230 2
6231 3
6233 2
6234 2
6235 1
6236 1
6237 2
6238 1
6239 1
6240 2
6241 3
6242 1
6243 1
6244 1
6245 1
6246 2
6247 3
6248 1
6250 3
6251 1
6253 3
6254 1
6255 2
6256 1
6257 2
6258 1
6259 2
6262 1
6263 2
6264 1
6265 1
6266 2
6267 1
6268 2
6269 1
6270 2
6271 1
6272 3
6273 1
6274 1
6275 2
6276 1
6277 2
6278 1
6279 1
6280 2
6281 1
6282 1
6283 1
6284 2
6286 2
6287 1
6288 1
6289 2
6290 1
6291 1
6292 2
6293 1
6294 1
6296 1
6297 2
6298 1
6299 1
6300 1
6302 1
6303 3
6305 1
6307 1
6308 1
6309 1
6311 1
6312 1
6313 1
6314 1
6316 3
6317 1
6318 1
6319 3
6320 1
6321 1
6322 2
6323 2
6324 1
6325 3
6326 1
6328 3
6329 2
6330 2
6331 2
6332 2
6333 1
6334 1
6335 2
6336 1
6337 1
6338 3
6339 1
6340 1
6341 1
6342 2
6343 1
6344 2
6345 2
6347 1
6348 1
6349 1
6350 1
6351 1
6352 1
6353 2
6354 2
6355 1
6356 1
6357 2
6358 2
6359 2
6360 2
6361 2
6362 2
6363 2
6364 2
6365 2
6366 2
6367 1
6369 5
6371 1
6373 2
6374 2
6375 1
6376 1
6377 2
6378 3
6379 3
6381 1
6382 4
6383 3
6384 1
6385 1
6386 2
6387 2
6388 2
6389 1
6391 4
6392 1
6394 2
6395 3
6396 3
6397 1
6398 1
6399 1
6400 4
6401 2
6402 1
6403 2
6404 4
6405 1
6407 2
6408 3
6410 2
6411 1
6413 4
6415 2
6416 2
6417 1
6418 1
6419 1
6420 2
6421 1
6422 2
6423 2
6424 1
6425 1
6426 1
6427 3
6428 1
6429 4
6430 2
6432 3
6433 2
6435 4
6436 2
6437 2
6438 1
6439 2
6440 2
6441 2
6444 1
6446 3
6448 1
6449 2
6450 1
6451 1
6452 3
6453 2
6454 4
6455 1
6457 4
6458 3
6459 1
6460 1
6461 2
6462 2
6463 3
6464 1
6466 5
6467 1
6468 3
6469 1
6470 1
6471 4
6472 1
6473 2
6474 2
6475 1
6476 3
6477 1
6478 1
6479 3
6480 2
6481 1
6482 1
6483 1
6485 1
6486 1
6488 2
6489 1
6490 1
6491 2
6492 1
6493 2
6496 2
6497 3
6498 3
6499 2
6501 4
6502 2
6503 1
6504 1
6505 3
6506 1
6507 5
6508 1
6510 2
6511 1
6512 3
6513 1
6514 2
6515 3
6516 1
6517 1
6518 3
6519 2
6520 1
6521 2
6523 2
6524 4
6526 1
6527 3
6528 1
6529 2
6530 2
6532 4
6533 1
6534 2
6536 2
6537 2
6538 2
6539 1
6540 3
6541 1
6542 1
6543 2
6544 1
6545 2
6546 1
6547 2
6548 2
6549 2
6551 4
6552 1
6553 2
6554 1
6555 1
6556 1
6557 1
6558 2
6559 1
6560 1
6561 2
6562 1
6563 2
6564 2
6565 4
6567 2
6568 4
6569 1
6570 2
6571 2
6572 1
6573 6
6574 2
6576 3
6577 2
6578 5
6579 2
6581 1
6582 3
6583 1
6584 1
6585 1
6586 3
6587 2
6589 1
6590 3
6591 2
6592 1
6593 2
6595 3
6596 2
6597 1
6598 4
6599 1
6600 1
6602 4
6603 2
6604 3
6605 1
6606 1
6607 3
6608 1
6609 3
6611 3
6612 5
6614 2
6615 2
6616 1
6617 4
6618 2
6620 2
6621 2
6622 1
6623 1
6624 2
6626 1
6627 1
6628 2
6629 1
6630 1
6631 2
6633 2
6634 1
6635 1
6636 3
6637 2
6639 3
6640 4
6641 1
6642 2
6643 1
6644 2
6645 2
6646 2
6647 1
6648 4
6649 2
6650 3
6652 2
6653 3
6654 1
6655 1
6656 2
6657 1
6658 2
6659 2
6660 1
6661 1
6662 4
6663 1
6665 2
6666 2
6667 1
6668 2
6669 1
6670 2
6671 1
6672 2
6673 2
6674 1
6675 3
6677 1
6678 2
6679 3
6680 2
6681 2
6682 1
6683 4
6684 1
6685 1
6686 1
6687 3
6688 2
6689 3
6690 1
6691 1
6692 2
6693 1
6694 1
6696 2
6697 3
6699 1
6700 2
6701 2
6702 3
6703 2
6704 1
6705 3
6706 4
6708 2
6709 3
6710 1
6711 2
6712 1
6714 4
6715 2
6716 1
6717 1
6718 1
6719 2
6720 1
6721 1
6722 2
6723 2
6724 1
6726 1
6727 2
6728 2
6729 2
6731 2
6732 1
6733 1
6734 2
6735 1
6736 2
6737 1
6738 2
6739 1
6740 1
6741 3
6743 1
6744 2
6745 1
6747 4
6748 1
6749 1
6750 2
6751 1
6752 1
6753 3
6754 2
6755 2
6756 2
6757 2
6758 2
6759 1
6760 3
6761 1
6763 2
6764 1
6765 2
6766 1
6767 2
6768 2
6769 1
6772 4
6773 3
6775 1
6776 2
6777 2
6778 4
6780 3
6781 2
6782 2
6784 3
6785 2
6786 2
6787 2
6788 1
6789 2
6790 1
6791 2
6792 1
6793 2
6794 5
6796 1
6797 2
6798 3
6799 2
6800 1
6801 2
6802 2
6803 4
6806 3
6807 3
6809 1
6810 1
6811 3
6812 1
6813 3
6815 2
6816 1
6817 1
6818 2
6819 2
6820 1
6821 1
6822 2
6823 2
6824 1
6826 3
6827 1
6828 3
6829 2
6830 1
6831 2
6832 2
6833 1
6834 1
6835 3
6836 1
6837 1
6838 4
6840 3
6841 2
6842 2
6844 3
6845 1
6846 1
6847 2
6848 3
6849 2
6850 1
6851 2
6852 3
6853 2
6854 1
6855 1
6856 1
6857 2
6858 1
6859 1
6860 1
6862 2
6863 1
6864 2
6865 2
6866 1
6868 1
6869 2
6870 1
6871 1
6872 2
6873 1
6874 2
6875 1
6876 1
6877 2
6878 2
6879 3
6881 1
6882 1
6883 1
6884 3
6885 2
6886 1
6887 1
6888 3
6889 1
6890 2
6891 1
6892 1
6895 1
6896 1
6897 1
6898 2
6899 1
6901 2
6902 1
6903 1
6904 2
6905 3
6906 1
6907 1
6908 2
6909 1
6910 4
6911 1
6913 2
6914 3
6915 2
6916 1
6917 1
6918 1
6919 1
6920 2
6923 4
6924 1
6925 2
6926 1
6927 1
6929 3
6930 2
6932 1
6933 2
6934 1
6935 2
6936 1
6937 2
6938 2
6939 4
6940 1
6941 1
6942 2
6943 2
6944 1
6945 2
6946 2
6947 3
6948 1
6949 3
6950 2
6951 1
6952 1
6954 4
6955 1
6956 2
6958 2
6959 2
6960 2
6961 1
6962 2
6963 3
6964 4
6967 4
6968 3
6969 1
6970 1
6971 1
6972 1
6973 3
6974 1
6976 5
6977 1
6978 2
6979 1
6980 3
6981 3
6982 1
6983 3
6984 1
6985 3
6986 1
6987 1
6988 2
6989 5
6990 1
6992 1
6993 3
6995 2
6996 1
6997 1
6998 3
6999 1
7000 2
7001 2
7002 2
7003 1
7005 1
7006 1
7007 2
7008 2
7009 2
7010 1
7011 2
7012 3
7013 1
7014 2
7015 2
7016 1
7017 5
7018 2
7019 1
7020 4
7022 5
7023 2
7024 2
7025 1
7026 3
7027 2
7028 2
7029 1
7030 1
7031 3
7033 2
7034 4
7035 1
7036 1
7037 2
7038 2
7039 2
7040 2
7042 3
7043 2
7044 1
7045 1
7046 2
7047 3
7048 3
7051 5
7052 2
7053 3
7054 1
7055 1
7056 4
7057 2
7058 2
7059 2
7061 6
7063 1
7064 2
7065 1
7066 2
7067 1
7068 1
7070 2
7071 2
7072 1
7073 2
7074 1
7075 1
7076 1
7077 3
7078 3
7080 2
7081 2
7082 2
7083 3
7084 2
7086 4
7087 3
7088 2
7089 2
7090 2
7091 1
7092 3
7094 1
7095 2
7096 3
7097 3
7099 1
7100 1
7101 2
7102 1
7103 1
7105 2
7106 2
7107 1
7108 2
7109 1
7111 1
7112 3
7113 1
7114 2
7115 2
7116 1
7117 3
7119 3
7120 1
7121 3
7122 3
7123 1
7124 1
7125 3
7126 1
7127 3
7128 2
7129 1
7130 2
7131 3
7132 2
7133 2
7134 2
7136 3
7137 1
7138 2
7139 1
7140 1
7141 2
7143 2
7144 1
7145 1
7146 2
7147 1
7149 3
7150 4
7151 1
7152 2
7153 1
7154 2
7155 2
7156 2
7157 1
7158 7
7159 1
7160 2
7161 1
7162 1
7163 5
7164 1
7165 1
7166 2
7167 2
7168 1
7169 1
7170 1
7171 3
7172 4
7175 4
7176 2
7177 2
7178 3
7180 3
7181 1
7182 1
7183 4
7184 2
7185 2
7187 1
7188 2
7189 4
7190 1
7191 2
7192 1
7193 3
7194 3
7196 3
7197 2
7198 2
7199 2
7200 3
7201 1
7202 5
7203 1
7204 2
7205 1
7206 2
7207 1
7208 2
7209 3
7210 1
7212 2
7213 2
7214 2
7215 2
7216 3
7218 2
7219 3
7220 1
7221 2
7222 3
7224 3
7225 4
7227 2
7228 2
7229 3
7230 2
7231 1
7233 4
7234 3
7235 2
7237 2
7238 3
7239 2
7240 1
7241 1
7242 1
7243 4
7244 1
7245 1
7246 1
7247 4
7248 3
7250 2
7251 2
7252 2
7253 1
7255 3
7256 1
7257 2
7258 1
7259 2
7260 4
7262 2
7263 2
7264 3
7265 3
7266 2
7267 1
7268 4
7269 3
7270 2
7271 1
7272 2
7273 2
7274 2
7275 1
7276 2
7277 2
7278 2
7279 1
7282 3
7283 2
7284 2
7285 1
7286 2
7287 3
7288 2
7289 1
7290 3
7291 2
7293 1
7294 2
7295 1
7296 2
7297 2
7298 1
7299 3
7300 1
7301 3
7302 1
7303 1
7304 3
7306 1
7307 3
7308 2
7309 3
7311 1
7312 2
7313 4
7314 1
7315 1
7316 2
7317 1
7318 1
7319 1
7321 3
7322 1
7323 2
7325 2
7326 2
7327 1
7328 1
7329 1
7330 1
7332 4
7333 2
7334 1
7336 2
7337 1
7338 3
7339 2
7340 3
7341 1
7343 1
7345 3
7347 1
7348 3
7349 1
7350 1
7352 2
7353 2
7354 4
7357 5
7358 3
7359 3
7360 2
7361 2
7362 3
7363 4
7365 2
7366 3
7367 2
7369 1
7370 1
7371 3
7372 2
7373 1
7374 2
7375 2
7376 1
7377 1
7378 2
7379 3
7380 2
7382 3
7383 3
7384 3
7385 2
7386 1
7387 2
7388 4
7389 1
7391 3
7392 2
7393 1
7394 2
7395 1
7396 4
7397 1
7398 5
7400 3
7401 3
7403 1
7404 2
7405 2
7406 1
7407 2
7408 3
7409 1
7410 1
7411 3
7412 1
7413 1
7414 2
7415 1
7416 3
7417 2
7418 2
7419 1
7420 2
7422 1
7423 2
7424 3
7425 3
7426 1
7427 1
7429 4
7430 2
7432 1
7433 3
7434 2
7436 1
7437 2
7438 2
7439 2
7440 1
7442 3
7443 1
7444 2
7445 1
7446 1
7447 2
7448 2
7449 2
7450 2
7451 2
7453 1
7454 1
7455 1
7456 2
7457 2
7458 2
7459 1
7460 1
7461 1
7462 1
7464 4
7465 1
7466 2
7467 1
7468 2
7469 2
7470 2
7471 1
7472 1
7473 3
7475 2
7477 1
7478 1
7479 1
7480 1
7481 1
7482 1
7483 3
7484 1
7486 2
7487 1
7488 1
7489 3
7490 2
7491 2
7492 2
7493 2
7494 1
7495 4
7496 1
7497 2
7498 3
7499 2
7500 2
7501 1
7502 1
7503 4
7505 2
7506 1
7507 2
7508 3
7509 1
7510 2
7512 2
7514 2
7515 2
7517 1
7518 1
7519 2
7520 2
7521 1
7522 2
7523 2
7524 1
7525 1
7526 2
7527 3
7528 2
7529 1
7530 3
7531 1
7532 4
7533 1
7534 2
7535 2
7536 4
7537 2
7538 1
7539 3
7540 1
7541 3
7542 1
7543 3
7544 3
7545 3
7546 1
7547 1
7548 3
7549 3
7552 2
7553 3
7554 1
7555 1
7556 2
7557 2
7558 2
7559 1
7561 6
7562 3
7563 2
7564 1
7565 3
7566 3
7567 2
7568 2
7569 2
7570 2
7571 3
7573 1
7574 4
7575 1
7576 2
7577 1
7578 3
7580 4
7581 1
7582 3
7583 3
7585 1
7586 1
7587 3
7588 1
7590 3
7591 1
7592 2
7593 2
7594 2
7596 3
7597 2
7598 2
7599 3
7600 3
7601 1
7602 3
7603 1
7604 1
7605 3
7606 2
7607 6
7608 1
7609 1
7610 1
7611 2
7612 2
7613 1
7615 2
7616 3
7618 1
7619 2
7620 2
7621 3
7622 1
7624 4
7625 2
7626 1
7627 3
7629 2
7630 1
7631 2
7632 3
7633 3
7634 1
7635 1
7636 2
7637 2
7638 4
7639 1
7640 2
7641 3
7642 1
7643 3
7644 1
7646 4
7647 1
7649 2
7650 2
7651 2
7652 1
7653 2
7655 1
7657 1
7658 2
7659 1
7660 1
7661 1
7662 2
7663 1
7664 1
7665 1
7666 2
7667 1
7668 5
7669 1
7671 3
7673 3
7674 2
7675 2
7676 1
7677 4
7678 1
7679 2
7680 2
7681 2
7682 3
7683 1
7684 1
7685 4
7686 1
7687 2
7688 2
7689 1
7690 2
7691 1
7692 1
7693 2
7694 2
7695 1
7696 1
7697 2
7698 1
7699 3
7700 1
7701 2
7702 1
7703 1
7704 3
7705 1
7706 2
7707 1
7708 2
7709 2
7710 3
7712 4
7713 1
7714 4
7715 1
7716 1
7717 2
7718 3
7719 3
7720 1
7721 2
7722 1
7723 3
7724 2
7725 2
7726 2
7728 2
7729 1
7730 1
7731 4
7732 2
7733 1
7734 3
7735 5
7737 3
7738 2
7739 3
7740 3
7742 1
7743 6
7744 2
7745 3
7747 1
7748 5
7749 2
7750 1
7751 1
7752 1
7753 2
7754 1
7756 4
7757 3
7758 4
7760 2
7761 2
7762 2
7763 2
7764 1
7765 4
7766 1
7767 1
7768 2
7769 1
7770 3
7772 1
7773 3
7774 4
7775 1
7776 3
7777 1
7778 3
7779 3
7781 3
7782 4
7783 2
7784 3
7785 2
7786 1
7787 3
7788 1
7789 3
7790 1
7792 1
7793 1
7794 3
7795 1
7796 1
7797 2
7798 2
7799 1
7800 1
7801 3
7802 1
7803 3
7806 3
7807 4
7808 1
7809 3
7810 2
7811 2
7812 1
7813 1
7814 2
7815 3
7816 2
7817 1
7818 2
7819 2
7820 4
7822 2
7823 4
7824 1
7825 2
7826 1
7827 1
7828 3
7829 2
7831 1
7832 5
7833 2
7834 1
7835 2
7836 2
7837 1
7838 1
7840 3
7842 3
7843 1
7844 2
7845 2
7846 2
7847 2
7848 2
7849 3
7850 4
7852 1
7853 3
7854 1
7855 2
7857 3
7858 2
7859 2
7860 1
7862 1
7863 3
7864 2
7865 1
7866 1
7867 5
7868 1
7869 3
7870 1
7871 3
7872 3
7873 4
7874 1
7875 3
7876 3
7877 1
7878 1
7879 1
7880 1
7881 3
7882 2
7883 1
7884 1
7885 2
7886 1
7887 1
7888 1
7889 2
7890 1
7891 1
7892 2
7893 2
7894 2
7895 1
7896 1
7897 2
7898 3
7899 2
7901 2
7902 1
7903 1
7904 1
7905 1
7906 3
7907 1
7908 2
7910 2
7911 1
7913 3
7914 3
7915 2
7916 1
7917 4
7918 2
7919 3
7920 1
7921 2
7922 2
7924 2
7925 2
7926 2
7927 2
7928 1
7930 2
7931 1
7932 1
7933 2
7934 2
7935 1
7936 1
7937 2
7938 3
7939 5
7940 2
7942 3
7943 4
7944 2
7945 2
7946 1
7947 4
7948 3
7950 1
7952 5
7954 1
7955 2
7956 3
7957 2
7958 2
7959 2
7960 2
7961 3
7962 1
7963 2
7964 5
7965 1
7966 2
7967 2
7968 4
7969 1
7970 2
7971 1
7972 2
7973 2
7974 1
7976 4
7977 2
7978 3
7979 1
7980 1
7981 4
7982 2
7983 4
7985 3
7986 1
7987 1
7988 1
7989 3
7990 2
7991 2
7992 2
7993 2
7994 1
7996 2
7997 2
7998 2
7999 2
8001 2
8002 3
8003 2
8004 1
8005 3
8006 1
8007 3
8008 3
8009 1
8010 4
8011 2
8012 2
8013 2
8014 3
8015 1
8016 2
8017 1
8018 4
8019 1
8020 2
8022 2
8023 1
8024 2
8025 1
8026 1
8027 2
8028 1
8029 2
8030 1
8031 2
8032 1
8033 1
8034 1
8035 2
8036 2
8038 1
8039 2
8040 2
8041 1
8042 2
8043 1
8044 1
8045 2
8046 2
8047 2
8048 1
8049 5
8051 3
8052 1
8053 3
8054 2
8055 3
8056 2
8057 2
8058 3
8059 1
8060 1
8062 1
8063 2
8064 1
8065 1
8066 1
8067 1
8068 2
8069 1
8070 1
8071 3
8072 1
8073 1
8074 2
8075 3
8076 1
8077 1
8079 2
8080 4
8081 2
8082 1
8083 1
8084 2
8085 2
8086 1
8087 1
8088 3
8090 3
8092 2
8093 2
8095 3
8096 1
8097 1
8099 2
8100 3
8101 1
8102 2
8103 1
8104 2
8105 1
8106 1
8107 2
8108 3
8109 2
8110 2
8111 1
8112 1
8113 2
8114 2
8115 3
8116 1
8117 4
8118 1
8119 3
8120 2
8121 3
8122 1
8123 1
8124 3
8125 3
8126 3
8127 1
8128 1
8129 3
8130 3
8131 2
8134 5
8136 1
8137 2
8138 1
8139 2
8141 2
8142 2
8143 3
8144 2
8146 4
8147 1
8148 3
8149 1
8150 4
8151 2
8152 2
8153 2
8154 2
8155 2
8156 2
8158 2
8159 3
8160 3
8161 2
8162 1
8163 4
8164 1
8165 2
8167 2
8168 3
8169 1
8170 1
8172 3
8173 2
8175 1
8176 1
8177 1
8178 2
8179 2
8180 2
8181 3
8183 3
8184 3
8185 3
8186 1
8187 4
8188 1
8189 4
8190 2
8192 6
8193 1
8194 3
8195 2
8196 1
8197 2
8198 2
8199 1
8200 2
8201 2
8202 1
8203 1
8204 2
8205 2
8206 3
8207 2
8209 2
8210 1
8212 3
8213 2
8214 3
8215 1
8217 3
8218 3
8219 1
8220 1
8222 4
8223 3
8224 2
8225 2
8226 1
8227 2
8228 2
8229 1
8231 6
8232 1
8233 3
8234 1
8235 1
8236 1
8238 3
8239 1
8240 1
8241 2
8242 1
8243 2
8244 2
8245 3
8247 2
8248 2
8249 1
8250 3
8251 1
8252 2
8253 3
8255 1
8256 3
8257 2
8258 3
8259 1
8262 2
8263 1
8264 2
8266 3
8267 2
8268 1
8269 1
8270 1
8271 1
8272 2
8273 1
8274 1
8275 2
8276 1
8277 2
8278 1
8280 1
8281 2
8282 1
8283 1
8284 3
8285 1
8286 2
8287 1
8288 1
8289 3
8290 1
8291 3
8292 2
8293 2
8294 2
8295 3
8296 1
8297 4
8298 1
8299 3
8300 1
8301 2
8302 2
8303 2
8304 2
8305 1
8306 1
8307 2
8308 2
8310 1
8311 2
8312 1
8313 3
8316 3
8317 2
8318 2
8319 3
8320 2
8321 2
8322 2
8323 1
8324 3
8325 3
8326 1
8328 4
8329 1
8330 4
8332 1
8333 4
8334 1
8335 1
8336 2
8337 1
8338 4
8339 1
8341 2
8342 4
8343 2
8344 1
8345 1
8346 2
8347 2
8348 1
8350 4
8352 1
8354 2
8355 3
8356 1
8357 1
8358 1
8359 3
8361 2
8362 2
8363 5
8364 1
8365 1
8366 2
8367 3
8368 2
8369 2
8370 1
8371 1
8372 1
8373 1
8374 3
8375 1
8376 2
8377 1
8378 1
8379 2
8380 1
8381 2
8382 2
8383 3
8384 1
8385 2
8386 3
8387 1
8388 5
8389 2
8391 2
8392 4
8394 3
8395 3
8396 2
8397 1
8399 2
8400 2
8401 2
8404 3
8405 2
8406 1
8407 2
8408 3
8409 3
8410 1
8411 1
8412 1
8413 5
8414 2
8415 2
8416 1
8417 4
8418 2
8419 1
8420 2
8421 1
8422 2
8423 2
8425 4
8426 1
8427 5
8429 3
8430 4
8431 2
8432 3
8433 1
8434 3
8435 3
8436 1
8437 2
8438 2
8439 2
8440 2
8441 1
8443 2
8444 1
8445 2
8446 1
8447 2
8448 3
8449 2
8450 1
8451 1
8452 3
8453 3
8454 2
8455 2
8456 2
8457 3
8458 2
8459 1
8460 2
8461 1
8462 3
8463 1
8465 1
8466 2
8467 3
8468 1
8469 2
8470 1
8471 2
8472 1
8473 2
8474 3
8475 1
8476 1
8477 2
8478 2
8479 3
8480 2
8482 2
8483 2
8484 1
8485 1
8486 3
8487 1
8488 1
8489 1
8491 3
8492 2
8493 3
8495 2
8496 1
8497 1
8498 2
8499 3
8500 2
8501 1
8502 3
8503 1
8504 2
8506 2
8507 2
8508 1
8510 2
8511 1
8512 2
8513 1
8515 2
8517 2
8518 3
8519 1
8520 5
8521 1
8522 2
8523 2
8524 6
8526 1
8527 2
8528 3
8529 3
8530 2
8532 4
8533 2
8536 2
8537 4
8538 1
8539 1
8541 4
8542 1
8543 2
8544 2
8545 3
8546 2
8548 1
8549 4
8550 2
8552 2
8553 1
8554 2
8555 2
8556 1
8557 3
8558 1
8559 3
8561 4
8562 2
8563 3
8564 2
8565 1
8566 4
8567 2
8568 5
8570 4
8571 2
8572 1
8573 2
8574 3
8575 2
8576 1
8577 1
8578 3
8579 1
8580 2
8581 1
8583 2
8584 1
8585 2
8586 2
8588 1
8589 1
8590 4
8591 2
8592 2
8593 1
8594 2
8595 3
8596 1
8597 1
8598 2
8599 3
8600 3
8601 1
8603 3
8604 2
8605 3
8607 2
8609 4
8610 1
8611 2
8612 3
8613 1
8614 2
8616 2
8617 2
8618 2
8619 1
8621 2
8623 1
8625 3
8626 1
8627 2
8628 1
8629 2
8630 2
8631 3
8632 1
8633 1
8634 5
8635 2
8636 3
8637 1
8638 2
8639 2
8640 2
8641 2
8642 1
8643 1
8644 2
8645 1
8648 1
8649 2
8650 2
8651 2
8653 2
8654 1
8655 2
8656 3
8658 1
8659 2
8660 2
8661 2
8662 3
8663 1
8664 3
8665 2
8666 1
8667 2
8668 3
8669 1
8670 2
8671 1
8672 1
8673 5
8674 1
8675 3
8677 1
8678 2
8679 1
8680 3
8681 1
8682 2
8684 1
8687 2
8688 1
8689 2
8690 2
8691 1
8692 1
8693 3
8694 2
8695 1
8696 1
8697 3
8698 1
8699 3
8700 2
8702 5
8703 1
8704 3
8705 1
8706 5
8707 1
8708 1
8709 2
8710 1
8711 2
8712 2
8713 1
8714 3
8715 3
8716 2
8718 1
8719 3
8722 2
8723 3
8724 3
8725 1
8726 1
8727 2
8728 3
8729 1
8731 2
8732 3
8733 2
8734 1
8735 2
8736 1
8737 2
8738 2
8739 2
8741 4
8743 4
8744 2
8745 1
8746 2
8748 4
8749 1
8750 3
8752 3
8753 3
8754 1
8755 1
8757 3
8759 1
8760 3
8761 1
8762 3
8763 1
8764 1
8765 1
8766 4
8767 2
8768 3
8769 1
8770 1
8771 1
8772 3
8773 1
8774 3
8776 1
8777 5
8778 1
8779 1
8780 1
8782 4
8783 1
8785 3
8786 1
8787 4
8788 1
8790 1
8791 3
8792 1
8794 2
8795 1
8796 1
8797 1
8799 3
8800 1
8802 1
8803 3
8804 2
8805 2
8807 3
8808 2
8810 2
8811 2
8812 3
8813 3
8814 1
8816 3
8817 1
8818 1
8821 1
8822 1
8823 2
8827 1
8828 1
8829 1
8830 1
8831 1
8832 2
8834 1
8835 1
8836 1
8837 2
8838 4
8840 1
8841 2
8843 2
8844 2
8845 1
8846 2
8847 1
8848 2
8849 2
8850 1
8851 1
8852 1
8853 1
8854 1
8855 2
8856 1
8857 3
8858 1
8860 2
8861 1
8862 2
8863 1
8864 2
8865 1
8866 1
8867 1
8869 3
8871 2
8872 1
8873 3
8874 1
8875 2
8876 2
8878 2
8879 3
8880 1
8881 1
8882 3
8883 1
8884 4
8885 1
8886 2
8888 2
8889 2
8890 1
8892 2
8893 2
8894 2
8895 1
8896 3
8897 1
8898 5
8900 1
8901 3
8902 3
8903 1
8904 4
8905 2
8906 3
8907 1
8908 1
8909 3
8910 3
8911 1
8914 2
8915 3
8917 1
8918 2
8919 2
8920 1
8921 1
8922 1
8923 3
8924 1
8925 1
8926 2
8927 3
8928 4
8929 1
8930 1
8931 1
8932 1
8934 1
8935 5
8937 1
8939 2
8940 3
8941 2
8942 2
8943 2
8944 3
8945 2
8946 2
8947 1
8948 5
8949 1
8950 1
8951 2
8953 2
8954 2
8955 2
8956 1
8957 1
8959 3
8960 2
8961 1
8962 1
8964 3
8965 1
8966 2
8967 2
8968 2
8969 3
8970 2
8971 2
8972 1
8973 4
8974 1
8976 3
8977 3
8978 1
8979 2
8981 4
8982 1
8984 1
8985 3
8986 3
8987 1
8989 2
8990 4
8992 2
8993 4
8994 2
8995 3
8996 1
8997 1
8998 2
8999 3
9001 1
9002 1
9003 2
9004 1
9005 2
9006 1
9007 1
9008 1
9009 1
9010 4
9011 2
9012 3
9013 1
9014 2
9015 2
9016 2
9017 2
9018 1
9019 2
9020 4
9022 1
9023 1
9024 1
9025 1
9027 2
9028 2
9029 1
9030 3
9032 3
9033 2
9034 4
9035 1
9036 1
9037 3
9038 1
9039 4
9040 1
9041 2
9042 3
9043 3
9045 1
9046 2
9047 3
9048 1
9049 2
9051 3
9052 2
9053 2
9054 2
9055 2
9056 1
9058 1
9059 2
9060 2
9062 1
9064 2
9065 2
9066 1
9067 2
9068 1
9071 3
9072 1
9074 2
9075 1
9076 3
9078 4
9080 5
9082 1
9083 3
9084 3
9085 2
9086 2
9087 2
9088 2
9089 2
9090 2
9091 1
9092 2
9093 1
9096 1
9097 2
9098 1
9099 1
9100 3
9101 1
9102 1
9103 2
9104 2
9105 2
9106 2
9108 3
9109 5
9110 2
9111 1
9113 3
9114 2
9115 2
9117 5
9119 2
9121 1
9122 6
9123 1
9124 3
9125 1
9126 3
9127 3
9128 1
9129 2
9130 2
9131 3
9133 1
9134 2
9135 1
9136 1
9137 3
9138 1
9139 2
9140 2
9141 1
9142 4
9143 3
9144 3
9146 3
9147 1
9148 5
9149 1
9150 3
9151 3
9152 3
9153 3
9155 3
9156 1
9158 2
9159 2
9160 2
9161 2
9163 3
9164 1
9165 2
9166 1
9167 1
9168 3
9169 1
9171 2
9172 3
9173 2
9174 2
9175 3
9176 1
9177 4
9178 1
9179 1
9180 1
9181 4
9182 1
9183 3
9184 1
9185 1
9186 1
9187 2
9188 2
9189 1
9190 3
9191 1
9192 3
9193 1
9194 2
9196 1
9197 3
9198 1
9199 2
9201 2
9202 2
9203 1
9204 1
9206 2
9208 1
9209 2
9210 3
9211 1
9212 2
9213 1
9214 3
9215 2
9216 4
9217 1
9218 2
9219 4
9221 3
9223 3
9224 3
9225 2
9226 1
9227 1
9228 1
9229 2
9231 2
9232 1
9233 3
9234 2
9235 2
9236 2
9237 1
9238 2
9240 1
9241 3
9242 2
9243 1
9244 1
9246 1
9247 1
9248 1
9249 3
9251 1
9252 1
9253 3
9254 1
9256 2
9257 1
9258 3
9260 3
9262 4
9263 2
9265 2
9267 2
9268 1
9269 1
9270 1
9271 1
9272 2
9274 2
9275 2
9276 1
9278 2
9279 2
9280 2
9281 1
9282 2
9284 2
9285 2
9286 1
9287 4
9288 2
9290 1
9291 2
9292 2
9293 1
9295 3
9296 1
9297 3
9298 1
9299 2
9300 1
9301 2
9304 4
9306 2
9307 1
9308 1
9309 3
9311 1
9312 1
9313 4
9314 1
9316 2
9317 1
9318 2
9319 1
9320 2
9321 2
9322 4
9323 1
9324 3
9325 2
9326 3
9328 2
9329 1
9330 3
9331 2
9332 2
9333 3
9334 2
9335 1
9337 1
9338 1
9339 1
9342 3
9343 1
9345 1
9346 1
9347 4
9348 2
9350 3
9351 3
9353 3
9354 1
9355 3
9356 1
9357 3
9358 1
9359 4
9360 1
9362 1
9363 2
9364 2
9365 2
9367 3
9368 1
9369 1
9370 1
9371 1
9372 2
9373 2
9374 1
9375 1
9376 3
9377 1
9379 3
9381 1
9383 1
9384 3
9385 1
9386 1
9388 2
9389 1
9390 1
9392 4
9393 1
9394 2
9395 1
9396 1
9397 2
9399 1
9400 1
9401 2
9402 1
9403 2
9404 1
9405 1
9406 2
9408 2
9409 1
9410 1
9411 1
9413 2
9414 2
9415 2
9416 1
9417 1
9418 1
9419 2
9420 2
9422 1
9423 2
9424 1
9425 2
9426 1
9428 1
9429 1
9430 1
9431 1
9433 1
9434 1
9435 1
9436 1
9438 2
9439 1
9440 1
9442 2
9444 2
9445 3
9446 1
9447 1
9448 1
9449 1
9450 2
9451 1
9452 1
9454 3
9456 2
9457 1
9458 3
9459 1
9460 2
9461 3
9462 1
9463 2
9464 2
9465 1
9466 2
9467 1
9468 1
9469 3
9470 1
9471 1
9474 3
9475 1
9477 2
9478 1
9479 2
9480 2
9481 2
9482 1
9483 3
9484 1
9485 1
9486 3
9487 1
9488 2
9489 2
9490 1
9491 5
9492 1
9494 1
9495 3
9496 2
9498 1
9499 1
9500 4
9502 2
9503 3
9504 2
9505 1
9507 1
9508 4
9509 2
9511 1
9512 1
9513 2
9514 1
9515 2
9516 1
9517 1
9520 4
9521 2
9522 1
9524 3
9525 2
9526 1
9527 2
9528 1
9529 4
9530 1
9532 1
9533 3
9534 1
9535 1
9536 1
9537 2
9539 3
9540 1
9541 2
9542 2
9544 1
9545 1
9546 3
9547 1
9549 5
9550 1
9551 2
9552 1
9553 3
9555 3
9556 1
9557 1
9558 5
9559 2
9561 2
9562 2
9563 1
9564 2
9565 1
9566 3
9568 1
9570 2
9571 2
9572 1
9574 3
9575 3
9576 2
9578 3
9579 2
9580 1
9581 1
9583 3
9584 2
9585 1
9586 2
9588 3
9589 1
9590 3
9591 2
9592 3
9593 3
9595 3
9596 1
9597 6
9598 1
9599 4
9600 2
9601 2
9602 3
9604 1
9605 1
9607 2
9608 1
9609 2
9610 1
9611 1
9612 1
9613 1
9614 2
9615 2
9616 1
9617 2
9618 2
9619 2
9620 1
9621 1
9622 1
9623 2
9624 2
9625 1
9626 1
9627 3
9628 1
9630 2
9632 4
9633 1
9634 2
9636 4
9637 1
9638 1
9639 2
9640 2
9641 2
9642 1
9643 2
9644 1
9645 1
9646 1
9647 2
9648 1
9650 2
9652 3
9653 2
9654 1
9656 2
9657 1
9658 2
9659 2
9660 2
9661 2
9662 2
9663 4
9665 2
9666 1
9667 1
9668 3
9669 2
9670 1
9671 1
9672 1
9673 4
9674 1
9677 1
9678 2
9680 1
9681 1
9682 3
9683 1
9684 2
9685 3
9687 3
9688 1
9689 1
9690 4
9691 4
9693 2
9694 3
9696 1
9697 2
9698 2
9699 2
9700 1
9702 6
9703 1
9704 3
9706 1
9707 4
9708 2
9709 2
9711 3
9712 1
9713 1
9715 1
9716 3
9717 1
9718 1
9719 1
9720 1
9721 1
9722 2
9723 2
9724 3
9725 1
9727 3
9728 3
9729 4
9731 4
9732 1
9733 4
9734 2
9735 2
9736 2
9737 2
9738 1
9740 2
9741 4
9742 1
9743 1
9744 2
9745 1
9746 3
9747 1
9748 2
9750 2
9751 1
9752 1
9753 3
9754 1
9755 1
9756 1
9757 2
9758 1
9759 1
9760 2
9761 2
9762 2
9765 2
9766 3
9767 1
9768 2
9770 3
9771 1
9772 2
9773 3
9774 2
9775 4
9777 2
9779 5
9781 3
9782 2
9783 1
9784 2
9786 1
9788 1
9789 1
9791 3
9792 1
9794 1
9795 3
9796 3
9797 3
9798 1
9799 2
9800 2
9801 3
9802 1
9803 1
9804 1
9805 2
9806 2
9807 1
9808 1
9809 2
9811 2
9812 1
9814 3
9816 3
9817 1
9818 2
9819 1
9820 1
9821 2
9822 1
9823 2
9825 2
9826 2
9828 2
9829 1
9830 1
9831 1
9832 2
9833 1
9834 4
9835 2
9836 1
9838 1
9839 1
9840 3
9841 2
9842 1
9843 2
9844 1
9845 3
9848 1
9850 2
9851 1
9852 2
9855 1
9857 2
9858 1
9860 2
9861 1
9863 2
9864 1
9865 2
9867 3
9869 3
9870 1
9872 2
9873 3
9874 1
9875 1
9876 2
9877 2
9878 1
9879 1
9880 1
9881 1
9882 1
9883 1
9884 3
9885 1
9886 4
9889 3
9890 1
9891 1
9893 2
9894 3
9895 1
9896 1
9898 3
9899 2
9902 2
9903 1
9904 1
9905 1
9906 1
9907 3
9909 2
9910 1
9911 4
9913 3
9914 1
9915 3
9916 1
9918 3
9919 1
9920 2
9923 4
9924 1
9925 1
9927 3
9928 1
9929 2
9930 1
9932 3
9933 2
9935 3
9936 2
9937 2
9938 2
9939 2
9940 2
9941 2
9943 1
9944 2
9946 1
9948 2
9949 2
9950 1
9952 3
9955 1
9956 1
9957 4
9958 2
9961 1
9964 4
9966 2
9969 2
9970 2
9971 2
9973 3
9974 2
9975 1
9976 1
9977 2
9978 2
9979 1
9982 2
9983 2
9984 1
9988 1
9989 1
9991 1
9993 1
9995 1
9998 3
9999 1
10000 1
10001 1
10002 1
10004 1
10005 1
10007 2
10008 2
10010 2
10011 1
10012 1
10013 1
10014 1
10015 1
10016 1
10017 1
10018 1
10019 1
10021 1
10022 1
10023 2
10024 1
10025 1
10027 2
10028 1
10030 2
10032 1
10033 1
10034 3
10036 1
10037 1
10039 4
10040 1
10042 1
10043 2
10044 1
10045 1
10046 2
10047 1
10048 1
10049 2
10051 2
10053 1
10054 1
10055 1
10056 2
10058 1
10059 4
10060 1
10061 1
10062 1
10063 3
10064 1
10065 2
10066 1
10067 2
10068 4
10069 1
10070 1
10071 1
10072 2
10073 2
10074 1
10075 1
10076 4
10078 2
10080 2
10081 2
10082 1
10083 1
10084 2
10085 3
10088 2
10089 3
10090 1
10093 2
10094 1
10095 1
10096 1
10097 1
10099 1
10100 2
10101 2
10102 2
10103 1
10105 3
10107 3
10109 5
10110 1
10111 2
10112 2
10114 2
10115 2
10117 1
10118 3
10119 2
10120 1
10121 2
10122 2
10123 1
10125 1
10126 1
10127 2
10128 1
10130 1
10131 2
10132 1
10134 3
10135 1
10136 1
10137 1
10138 2
10139 2
10140 3
10142 1
10143 3
10144 2
10146 4
10148 3
10149 1
10151 5
10152 1
10153 4
10155 2
10156 3
10157 2
10158 1
10159 1
10160 3
10162 1
10163 1
10164 1
10165 2
10166 1
10169 2
10170 1
10171 3
10172 1
10173 3
10175 1
10176 2
10177 3
10178 2
10179 2
10180 3
10181 3
10182 3
10183 2
10184 1
10185 1
10187 1
10190 3
10192 1
10193 1
10194 1
10195 2
10197 2
10198 1
10199 1
10200 3
10201 1
10202 2
10203 2
10204 3
10206 2
10207 1
10208 1
10209 1
10210 2
10212 4
10214 1
10215 2
10216 2
10217 2
10218 2
10219 2
10221 3
10222 1
10223 1
10224 1
10225 1
10226 2
10228 2
10230 1
10232 1
10233 1
10235 1
10237 2
10238 1
10239 1
10240 1
10241 3
10243 2
10244 2
10245 3
10246 2
10247 1
10248 3
10249 1
10250 3
10251 2
10252 1
10253 1
10254 2
10255 1
10256 2
10258 2
10260 3
10262 2
10263 2
10264 1
10265 1
10266 1
10267 3
10269 1
10270 3
10271 1
10272 2
10275 2
10276 3
10278 2
10280 1
10281 1
10282 1
10283 3
10284 1
10285 2
10287 4
10289 4
10291 2
10292 3
10293 1
10294 3
10296 2
10297 2
10300 1
10301 4
10304 2
10305 1
10306 2
10307 2
10309 4
10310 1
10311 2
10312 2
10313 2
10314 2
10316 2
10317 1
10318 2
10319 1
10320 2
10321 2
10322 2
10324 1
10325 2
10326 4
10327 1
10328 1
10330 2
10331 2
10332 1
10333 3
10335 4
10336 1
10337 1
10338 3
10339 1
10340 1
10342 3
10343 1
10344 2
10345 2
10347 2
10348 1
10351 4
10352 1
10353 2
10354 1
10355 2
10356 1
10357 2
10358 2
10359 2
10360 3
10361 2
10362 2
10363 2
10364 2
10365 1
10367 2
10369 1
10371 1
10372 2
10374 1
10376 3
10377 3
10379 2
10380 2
10381 2
10382 2
10384 3
10385 2
10386 4
10388 3
10389 1
10390 2
10392 1
10393 1
10394 4
10395 1
10396 2
10397 1
10398 2
10399 2
10400 1
10401 2
10402 1
10403 2
10404 1
10405 2
10406 1
10407 1
10408 2
10410 1
10412 1
10413 2
10414 1
10415 2
10417 1
10418 1
10419 3
10420 1
10421 1
10423 3
10425 2
10426 1
10428 2
10430 2
10432 2
10433 2
10435 1
10437 2
10438 2
10442 2
10444 1
10445 2
10446 1
10448 1
10449 2
10450 1
10451 1
10452 1
10454 2
10456 1
10457 1
10458 3
10459 1
10460 1
10462 2
10465 1
10467 2
10468 1
10469 2
10471 1
10474 3
10476 2
10478 1
10479 3
10481 1
10483 5
10485 1
10486 1
10487 1
10488 3
10489 1
10491 2
10492 3
10493 2
10494 1
10495 2
10496 1
10498 1
10500 2
10502 1
10503 2
10504 1
10508 4
10509 2
10512 2
10513 1
10514 2
10516 1
10517 3
10518 3
10520 3
10521 1
10522 2
10524 1
10525 2
10526 1
10527 2
10529 2
10530 1
10531 1
10533 3
10534 2
10537 3
10538 2
10539 1
10540 1
10542 2
10543 2
10544 1
10547 1
10548 1
10549 3
10551 1
10553 1
10554 1
10556 2
10558 3
10562 1
10563 2
10564 1
10566 1
10567 1
10568 2
10569 1
10570 2
10571 1
10572 1
10574 1
10575 1
10576 2
10577 2
10580 2
10583 1
10584 1
10585 1
10586 1
10587 1
10589 1
10590 2
10592 1
10593 2
10594 1
10595 2
10597 1
10599 2
10600 1
10601 1
10602 1
10604 1
10605 2
10607 1
10608 1
10609 1
10610 1
10612 1
10614 1
10615 2
10618 1
10619 3
10620 2
10621 1
10622 2
10624 3
10626 2
10627 2
10628 3
10629 1
10630 2
10631 2
10632 2
10633 1
10634 1
10636 2
10638 1
10640 1
10641 2
10644 2
10645 1
10646 1
10647 1
10648 1
10649 2
10650 1
10651 1
10652 2
10653 2
10654 1
10655 1
10656 2
10658 1
10659 1
10661 6
10663 2
10665 4
10666 1
10667 2
10668 1
10669 1
10670 3
10671 1
10672 1
10673 1
10674 2
10675 1
10677 1
10679 1
10681 2
10682 2
10683 1
10685 2
10686 2
10687 2
10688 1
10690 4
10691 3
10692 2
10694 2
10695 1
10696 1
10697 2
10698 1
10699 1
10700 3
10702 2
10703 1
10704 1
10705 1
10707 2
10709 2
10710 1
10711 2
10712 2
10713 1
10716 4
10719 4
10720 2
10721 1
10722 1
10723 1
10724 1
10725 4
10726 1
10727 1
10729 2
10730 1
10731 3
10733 2
10734 1
10735 1
10736 3
10737 1
10738 2
10740 2
10741 1
10742 1
10744 1
10745 3
10746 2
10747 1
10750 2
10751 1
10753 2
10754 1
10755 1
10756 2
10758 5
10759 1
10760 3
10761 1
10762 3
10763 2
10765 1
10766 1
10767 2
10768 1
10769 2
10770 2
10772 2
10775 3
10776 1
10777 1
10779 2
10780 2
10781 1
10782 2
10784 1
10785 1
10786 2
10787 1
10788 1
10791 1
10793 1
10794 1
10795 1
10797 4
10800 2
10801 1
10802 2
10803 1
10804 3
10806 4
10808 2
10809 1
10810 2
10811 2
10812 1
10813 1
10814 1
10816 2
10818 1
10819 1
10820 1
10822 1
10823 2
10824 1
10825 1
10826 2
10827 1
10828 2
10829 2
10830 2
10831 1
10832 1
10833 1
10834 2
10835 2
10836 1
10837 1
10838 1
10841 2
10843 5
10845 2
10847 2
10848 2
10849 1
10850 1
10851 1
10852 3
10853 1
10854 2
10855 2
10857 3
10859 1
10860 1
10861 3
10863 3
10864 2
10865 1
10866 1
10867 1
10868 3
10869 4
10870 1
10872 3
10873 1
10874 4
10877 2
10878 1
10879 2
10881 1
10882 1
10884 1
10886 3
10887 3
10889 1
10890 1
10891 2
10892 1
10893 1
10894 4
10895 1
10897 1
10898 3
10899 1
10900 1
10901 1
10902 2
10903 3
10904 1
10905 2
10906 1
10907 3
10908 1
10909 1
10911 3
10912 1
10913 2
10915 2
10916 2
10917 1
10918 2
10919 1
10920 1
10922 1
10923 2
10924 1
10925 2
10927 2
10928 2
10929 2
10930 1
10932 2
10935 1
10936 3
10937 1
10938 1
10940 4
10941 1
10942 3
10943 1
10944 3
10945 2
10947 1
10949 3
10951 1
10952 2
10954 1
10956 1
10957 2
10958 2
10959 1
10961 3
10962 2
10963 1
10964 2
10965 1
10966 2
10967 2
10968 2
10969 2
10970 2
10975 2
10977 1
10978 1
10979 3
10981 1
10982 1
10983 1
10984 1
10986 3
10987 1
10988 2
10989 1
10991 1
10992 1
10993 3
10995 1
10996 1
10997 1
10998 2
11000 2
11001 2
11002 2
11004 1
11005 3
11006 1
11010 1
11011 1
11012 1
11013 1
11014 1
11018 2
11019 1
11022 1
11023 1
11024 1
11025 1
11026 1
11027 1
11028 1
11030 2
11034 1
11035 1
11037 1
11039 3
11041 1
11042 1
11043 2
11044 1
11045 1
11047 2
11048 2
11050 1
11051 2
11052 1
11053 1
11054 1
11056 2
11057 1
11059 2
11060 1
11061 1
11063 1
11064 1
11065 1
11066 1
11068 4
11069 1
11072 1
11073 2
11074 1
11076 3
11077 2
11079 1
11080 1
11081 2
11082 1
11083 1
11084 1
11085 3
11086 1
11087 1
11088 1
11089 1
11090 2
11093 3
11094 1
11095 1
11096 1
11097 2
11098 2
11099 2
11100 1
11101 1
11102 4
11103 1
11105 2
11107 4
11109 1
11110 2
11111 2
11112 2
11114 2
11116 1
11118 2
11119 2
11120 1
11122 1
11123 1
11125 1
11126 1
11127 1
11128 1
11130 1
11131 2
11132 2
11134 3
11136 3
11137 1
11139 2
11140 3
11141 2
11142 1
11143 1
11144 1
11145 1
11146 2
11148 1
11149 1
11150 1
11151 1
11152 1
11156 1
11159 1
11161 1
11162 1
11165 2
11168 2
11169 1
11171 2
11172 1
11173 1
11174 1
11175 2
11177 1
11178 2
11179 1
11180 2
11182 2
11183 1
11184 2
11186 1
11187 2
11189 1
11191 1
11192 1
11193 1
11194 1
11195 1
11196 1
11197 1
11200 3
11201 1
11204 1
11205 1
11206 2
11207 2
11208 1
11209 2
11210 1
11211 1
11212 2
11214 1
11216 1
11217 2
11219 1
11221 2
11224 1
11226 2
11228 1
11229 3
11230 1
11231 2
11233 2
11234 2
11235 2
11237 2
11239 2
11241 2
11243 3
11244 1
11245 1
11246 3
11247 2
11248 1
11250 3
11251 1
11252 1
11253 1
11254 1
11255 3
11256 1
11257 1
11258 1
11259 1
11260 1
11263 1
11265 2
11266 1
11267 1
11268 2
11270 2
11271 1
11272 3
11273 1
11275 2
11276 1
11277 2
11278 1
11279 3
11280 2
11281 2
11282 1
11283 1
11284 3
11285 2
11287 1
11289 4
11290 1
11291 1
11292 2
11293 1
11294 1
11296 1
11297 1
11298 1
11301 3
11302 1
11304 2
11305 2
11306 1
11307 2
11309 2
11310 2
11312 2
11313 1
11314 3
11316 3
11318 5
11319 1
11321 2
11322 1
11323 4
11324 1
11325 1
11326 1
11327 1
11328 2
11330 2
11332 1
11335 2
11336 1
11338 2
11339 1
11340 2
11341 2
11342 2
11343 3
11344 1
11346 1
11347 2
11348 1
11349 1
11351 2
11352 1
11353 2
11354 1
11355 1
11360 3
11361 1
11362 2
11364 2
11365 2
11367 2
11368 1
11369 1
11371 1
11373 2
11374 2
11376 1
11377 1
11378 2
11379 2
11380 1
11382 2
11384 1
11385 2
11386 1
11387 1
11388 2
11389 2
11391 1
11393 1
11394 1
11396 1
11398 1
11399 1
11401 1
11403 1
11404 1
11405 1
11406 1
11407 1
11408 1
11409 1
11410 2
11411 1
11413 3
11414 1
11415 2
11416 1
11417 2
11419 3
11421 2
11423 2
11424 1
11425 2
11426 2
11427 1
11428 2
11429 1
11430 1
11432 1
11433 2
11434 1
11435 1
11436 1
11437 2
11439 2
11442 3
11444 1
11446 2
11447 1
11448 2
11449 1
11450 3
11451 1
11452 1
11453 1
11454 3
11455 1
11457 2
11459 2
11461 1
11462 2
11463 1
11466 1
11467 3
11468 1
11471 3
11472 1
11473 1
11474 1
11475 1
11476 2
11477 1
11479 3
11480 1
11481 1
11485 1
11486 1
11487 2
11488 2
11489 1
11491 2
11492 1
11493 1
11494 1
11496 3
11497 1
11498 1
11500 2
11501 2
11502 1
11503 1
11505 3
11506 1
11507 1
11508 1
11509 1
11510 2
11512 2
11514 2
11515 1
11517 3
11518 1
11520 1
11521 2
11522 2
11523 2
11524 2
11525 2
11526 1
11528 1
11529 1
11530 1
11531 1
11533 1
11534 1
11535 1
11537 2
11538 1
11541 1
11542 3
11543 1
11544 1
11545 1
11546 2
11547 4
11548 1
11549 3
11551 4
11554 1
11555 1
11556 3
11558 1
11559 1
11560 2
11561 2
11562 1
11563 1
11564 1
11565 1
11566 2
11567 1
11568 2
11569 1
11570 1
11571 1
11572 1
11573 1
11574 1
11576 2
11577 1
11578 2
11580 1
11581 1
11582 1
11583 1
11584 1
11585 2
11586 2
11587 1
11589 1
11590 1
11591 2
11593 1
11595 3
11598 1
11599 1
11601 1
11603 2
11605 1
11606 1
11607 1
11608 1
11609 1
11611 1
11612 2
11615 2
11617 2
11619 1
11620 1
11621 2
11622 1
11624 2
11626 2
11628 2
11629 1
11630 1
11632 1
11633 1
11636 1
11637 1
11639 1
11641 1
11642 1
11644 2
11646 2
11649 3
11650 1
11651 1
11653 3
11655 2
11656 1
11658 2
11659 1
11661 3
11662 2
11663 2
11665 1
11666 1
11667 1
11670 1
11672 1
11675 2
11678 3
11679 1
11681 1
11682 1
11683 3
11684 2
11686 1
11687 1
11688 2
11690 3
11692 4
11694 1
11696 2
11697 2
11699 3
11700 2
11701 1
11702 1
11703 1
11704 2
11705 1
11706 1
11708 1
11709 1
11710 1
11712 1
11714 1
11715 1
11717 2
11718 1
11719 2
11721 1
11723 1
11724 2
11726 1
11727 2
11728 1
11729 2
11730 1
11731 1
11733 3
11734 1
11736 1
11738 4
11740 1
11741 1
11742 1
11743 1
11747 2
11750 2
11751 1
11753 1
11754 2
11755 1
11756 2
11758 1
11759 1
11760 3
11762 1
11763 2
11765 2
11766 1
11767 1
11768 1
11769 1
11772 1
11773 1
11774 1
11775 1
11776 1
11777 2
11779 1
11780 1
11781 1
11784 1
11785 2
11787 1
11788 1
11789 3
11790 1
11791 3
11792 1
11793 1
11794 2
11796 1
11797 2
11798 1
11799 3
11801 1
11802 2
11803 1
11804 2
11808 1
11809 1
11810 1
11811 2
11814 1
11815 1
11816 2
11817 1
11819 1
11822 2
11823 1
11824 1
11826 3
11828 3
11829 1
11831 2
11833 2
11835 4
11837 2
11838 1
11840 1
11841 1
11842 1
11843 1
11844 1
11845 2
11847 1
11848 2
11849 1
11851 1
11852 2
11853 2
11854 1
11856 1
11857 2
11858 1
11860 1
11861 2
11862 1
11863 1
11864 1
11865 1
11866 1
11868 1
11870 3
11872 3
11874 3
11875 1
11877 1
11878 1
11879 1
11881 1
11882 2
11883 1
11884 1
11886 3
11888 2
11890 1
11891 2
11892 1
11894 1
11895 2
11896 1
11897 2
11898 1
11899 2
11900 1
11901 2
11903 2
11905 1
11906 2
11907 1
11908 2
11909 1
11911 1
11914 1
11915 1
11916 2
11917 1
11920 2
11923 2
11924 1
11925 1
11926 1
11928 2
11929 2
11930 1
11932 1
11933 1
11934 1
11936 2
11937 1
11938 1
11940 2
11942 2
11943 1
11945 2
11946 1
11947 1
11950 1
11952 1
11954 1
11956 1
11958 1
11959 1
11961 1
11963 1
11965 1
11966 1
11967 3
11969 1
11970 1
11971 2
11972 1
11973 2
11974 1
11978 1
11979 1
11980 1
11981 1
11984 1
11986 3
11987 1
11989 1
11990 1
11991 1
11992 1
11993 1
11995 1
11996 2
11997 1
11998 3
11999 1
12002 1
12004 2
12008 2
12010 1
12011 2
12012 1
12013 1
12015 2
12017 2
12018 2
12019 1
12020 1
12021 1
12022 2
12023 1
12024 1
12025 1
12026 1
12027 4
12029 1
12030 2
12031 2
12032 1
12033 2
12034 2
12035 2
12036 1
12037 1
12038 1
12039 2
12040 1
12044 1
12047 2
12048 1
12051 1
12052 3
12053 1
12054 1
12055 1
12056 2
12057 2
12058 1
12059 1
12061 2
12064 3
12066 2
12068 1
12070 2
12071 1
12072 1
12073 2
12075 1
12076 1
12077 2
12078 1
12079 1
12080 1
12081 1
12082 1
12083 2
12085 1
12086 2
12088 1
12089 1
12090 2
12091 1
12093 1
12095 2
12096 1
12097 1
12098 1
12099 1
12100 1
12102 2
12103 1
12105 2
12106 1
12107 1
12108 1
12110 3
12111 2
12112 2
12114 2
12115 1
12116 1
12119 1
12121 1
12122 2
12124 2
12125 1
12126 1
12127 2
12128 2
12129 1
12130 1
12131 2
12132 1
12133 1
12134 1
12136 3
12138 1
12139 1
12140 2
12141 2
12145 1
12146 1
12147 1
12148 1
12149 3
12151 1
12153 1
12154 1
12156 1
12158 1
12159 1
12161 2
12163 3
12165 1
12166 2
12167 1
12168 1
12170 1
12171 2
12172 2
12175 3
12176 1
12177 1
12180 1
12182 1
12184 1
12185 1
12188 1
12189 1
12191 1
12193 1
12194 1
12196 1
12200 3
12202 2
12204 1
12207 1
12208 1
12209 4
12211 1
12212 1
12214 2
12215 1
12218 1
12219 1
12221 2
12222 1
12225 1
12226 1
12227 1
12229 2
12234 2
12235 2
12237 1
12238 2
12240 1
12243 2
12244 1
12246 4
12248 3
12250 1
12251 1
12252 1
12253 2
12257 1
12259 1
12260 3
12263 3
12264 1
12265 1
12266 2
12268 3
12269 1
12270 1
12271 1
12272 3
12273 1
12274 1
12275 2
12277 3
12279 1
12282 2
12284 3
12286 1
12287 1
12289 1
12290 1
12291 1
12292 1
12293 1
12294 2
12295 1
12296 1
12297 2
12298 1
12300 1
12301 2
12302 2
12303 1
12306 2
12307 2
12309 1
12310 2
12311 1
12312 2
12313 1
12315 1
12316 1
12318 1
12319 1
12320 1
12321 1
12322 1
12323 1
12326 1
12328 1
12331 1
12332 1
12333 1
12335 2
12336 2
12338 1
12339 1
12340 1
12341 1
12343 1
12345 3
12347 2
12348 2
12349 1
12350 1
12352 1
12353 1
12354 2
12356 1
12357 3
12358 1
12359 1
12361 1
12362 1
12363 1
12364 1
12366 1
12367 2
12370 1
12371 2
12372 1
12373 1
12375 1
12376 1
12377 1
12378 1
12381 1
12382 2
12384 1
12387 1
12389 2
12391 2
12392 1
12394 1
12396 2
12401 1
12403 1
12404 2
12407 1
12408 2
12409 1
12411 2
12413 1
12414 1
12416 2
12417 3
12418 1
12420 1
12426 1
12427 1
12428 2
12430 1
12433 2
12435 2
12436 1
12438 2
12442 3
12445 2
12446 1
12447 1
12448 2
12450 3
12451 2
12452 1
12453 1
12454 2
12455 1
12456 1
12457 1
12459 2
12460 1
12461 1
12462 1
12464 1
12466 1
12467 1
12468 2
12471 2
12472 1
12473 2
12475 1
12476 2
12477 2
12479 3
12480 1
12481 1
12482 1
12483 1
12484 2
12486 2
12488 2
12489 2
12493 1
12494 1
12496 1
12497 1
12498 1
12500 1
12501 1
12502 2
12503 1
12505 2
12506 1
12508 3
12510 1
12512 2
12513 1
12514 1
12521 1
12522 1
12525 1
12528 1
12529 1
12530 2
12531 1
12532 2
12534 1
12535 1
12537 1
12538 1
12539 2
12544 2
12545 1
12546 1
12547 1
12548 1
12549 2
12552 1
12554 1
12555 1
12557 1
12558 1
12559 1
12563 1
12564 1
12569 1
12571 2
12573 1
12574 2
12575 1
12576 1
12577 1
12578 1
12580 2
12583 2
12585 2
12586 1
12587 1
12589 2
12590 2
12593 1
12594 1
12595 1
12596 1
12597 1
12598 1
12599 1
12600 2
12603 2
12605 1
12607 1
12609 2
12610 1
12612 2
12613 1
12614 1
12615 2
12616 1
12617 1
12618 1
12619 1
12620 3
12621 1
12624 4
12626 1
12629 1
12631 1
12632 2
12633 1
12634 1
12636 1
12637 2
12638 2
12640 1
12641 2
12642 1
12643 1
12646 2
12649 2
12650 2
12651 2
12655 2
12656 1
12657 1
12658 2
12659 1
12661 1
12663 2
12666 1
12668 2
12670 2
12671 2
12675 3
12676 1
12678 1
12680 1
12682 1
12684 3
12685 1
12687 2
12690 2
12691 1
12692 1
12693 1
12694 2
12695 2
12696 1
12701 1
12704 1
12707 1
12708 1
12709 1
12710 1
12712 4
12713 1
12714 1
12715 1
12717 2
12718 1
12719 2
12721 4
12723 1
12726 3
12728 1
12729 1
12731 3
12733 1
12735 1
12738 1
12739 1
12740 1
12741 1
12743 1
12744 1
12745 1
12746 2
12747 1
12748 1
12751 1
12752 1
12754 1
12756 4
12760 1
12761 1
12762 1
12765 2
12767 1
12769 1
12770 1
12771 1
12773 1
12776 1
12778 1
12779 1
12781 1
12782 2
12785 3
12787 3
12789 1
12791 1
12792 1
12794 2
12796 1
12797 1
12802 1
12803 1
12806 2
12807 1
12808 1
12810 1
12811 1
12812 1
12813 1
12814 1
12816 2
12819 1
12820 2
12822 1
12823 2
12825 1
12826 1
12828 3
12831 2
12832 1
12833 2
12836 1
12837 1
12838 1
12842 1
12845 3
12846 1
12848 1
12851 1
12852 1
12853 3
12857 3
12858 1
12860 2
12862 2
12866 3
12867 2
12869 1
12870 1
12871 1
12872 2
12875 1
12876 1
12877 1
12878 1
12879 1
12882 1
12884 1
12885 1
12887 1
12891 2
12894 2
12897 2
12899 3
12900 1
12901 1
12903 3
12904 1
12905 1
12908 2
12910 1
12911 1
12913 2
12917 2
12920 2
12921 1
12922 1
12923 1
12924 1
12926 2
12927 1
12928 1
12929 1
12930 1
12933 1
12935 1
12936 1
12937 1
12938 3
12942 1
12943 2
12946 1
12947 1
12951 1
12952 2
12954 1
12955 1
12957 2
12958 1
12959 1
12960 1
12961 3
12963 1
12964 1
12969 3
12971 1
12972 1
12974 1
12977 1
12978 1
12979 1
12981 1
12983 1
12986 1
12987 1
12989 1
12993 1
12994 1
12996 3
12998 2
13003 1
13005 1
13007 1
13008 1
13010 2
13012 1
13013 1
13015 2
13018 2
13019 1
13022 1
13023 1
13024 1
13027 2
13031 1
13032 1
13033 2
13035 2
13039 1
13040 1
13042 1
13044 2
13047 1
13048 1
13049 3
13052 2
13054 2
13056 2
13058 3
13061 2
13062 1
13064 1
13065 1
13066 2
13067 1
13068 2
13069 1
13073 1
13075 1
13078 1
13079 1
13081 2
13084 1
13085 1
13086 1
13087 1
13090 2
13093 2
13095 2
13099 2
13100 1
13104 2
13106 1
13107 1
13108 1
13112 1
13113 1
13115 1
13117 1
13120 1
13124 2
13129 1
13131 1
13133 1
13134 1
13136 1
13139 2
13140 1
13141 1
13143 2
13145 1
13150 1
13151 1
13153 1
13156 1
13157 1
13159 1
13160 1
13161 1
13162 1
13163 1
13165 2
13168 2
13169 1
13170 1
13175 1
13178 2
13180 2
13182 1
13185 1
13187 1
13188 2
13189 1
13190 1
13192 2
13193 1
13194 2
13195 1
13196 1
13197 2
13200 1
13201 2
13202 1
13203 1
13205 2
13206 1
13207 1
13211 1
13214 2
13215 1
13217 1
13218 1
13219 1
13222 2
13223 1
13225 1
13227 1
13228 1
13231 3
13234 1
13236 3
13238 1
13240 2
13241 1
13243 2
13250 2
13251 1
13256 2
13257 1
13260 1
13261 1
13263 1
13264 1
13266 1
13267 1
13272 2
13273 1
13275 3
13277 3
13280 1
13281 1
13282 1
13286 1
13289 1
13291 1
13292 1
13294 2
13295 2
13297 2
13298 1
13299 1
13300 1
13301 1
13302 1
13303 1
13306 3
13308 1
13311 2
13316 1
13319 1
13320 1
13321 2
13324 1
13326 1
13327 1
13328 1
13331 1
13333 2
13336 2
13338 1
13341 1
13345 2
13346 1
13347 2
13350 1
13352 2
13355 1
13361 1
13362 1
13363 1
13369 1
13370 2
13372 2
13375 1
13376 1
13377 1
13378 1
13379 1
13384 1
13385 1
13386 1
13387 1
13388 1
13389 1
13391 1
13392 1
13395 1
13396 1
13398 1
13401 1
13404 1
13405 1
13407 1
13409 1
13410 1
13413 2
13416 1
13418 3
13420 1
13421 1
13423 1
13427 1
13430 2
13432 1
13433 2
13435 1
13436 1
13438 2
13443 1
13444 1
13445 2
13447 1
13449 1
13452 1
13454 1
13456 1
13457 1
13459 2
13461 1
13462 1
13464 2
13467 1
13468 1
13471 1
13473 1
13476 2
13477 1
13479 1
13480 1
13481 1
13482 2
13483 1
13484 1
13485 1
13488 1
13489 1
13493 1
13496 1
13497 1
13498 1
13501 1
13502 1
13503 2
13505 1
13506 2
13507 1
13508 1
13510 2
13515 3
13517 2
13518 2
13520 1
13522 1
13523 1
13524 1
13527 2
13528 1
13529 1
13531 1
13532 1
13533 1
13534 1
13537 2
13541 2
13542 2
13543 2
13545 1
13554 1
13557 1
13559 1
13561 1
13562 1
13566 1
13568 1
13573 1
13578 2
13580 1
13587 2
13588 1
13598 1
13600 1
13603 1
13609 1
13612 3
13614 2
13615 1
13617 2
13618 1
13620 1
13626 1
13627 1
13629 1
13631 1
13632 1
13634 2
13637 1
13638 2
13640 1
13641 1
13642 1
13643 2
13646 1
13649 1
13650 1
13651 1
13655 1
13656 1
13659 1
13660 1
13663 2
13664 1
13666 1
13667 1
13671 1
13672 1
13673 2
13678 1
13680 1
13682 1
13685 1
13689 1
13692 2
13698 1
13699 2
13700 1
13705 1
13706 1
13709 1
13713 1
13715 1
13716 1
13722 1
13724 2
13725 1
13728 1
13738 1
13741 1
13743 1
13744 1
13746 1
13747 1
13748 1
13750 2
13752 1
13753 1
13755 2
13757 1
13758 1
13760 2
13770 2
13773 1
13774 1
13775 1
13777 1
13780 1
13782 1
13783 1
13785 3
13787 1
13790 1
13794 2
13796 2
13799 2
13801 1
13802 1
13804 1
13807 1
13808 1
13810 1
13811 1
13812 1
13816 3
13819 1
13820 1
13821 2
13822 1
13824 1
13825 1
13826 1
13833 1
13836 1
13837 1
13838 1
13840 1
13841 1
13845 2
13847 1
13852 1
13854 1
13855 2
13857 1
13860 1
13862 1
13864 1
13865 1
13866 1
13871 1
13874 1
13879 1
13880 1
13882 3
13884 1
13887 1
13891 1
13893 1
13896 2
13898 1
13901 2
13905 1
13908 1
13910 1
13913 1
13915 1
13926 2
13928 1
13930 1
13932 1
13934 1
13935 1
13937 1
13940 2
13946 1
13948 1
13951 1
13952 1
13955 2
13957 1
13964 1
13967 2
13969 1
13971 1
13972 1
13976 1
13978 1
13980 1
13981 1
13983 1
13986 2
13989 1
13990 2
13992 2
13993 1
13994 1
13998 3
14003 1
14006 1
14007 1
14008 1
14012 1
14015 1
14016 1
14017 1
14018 1
14022 1
14023 1
14027 2
14029 1
14032 1
14036 2
14037 1
14039 1
14041 1
14042 1
14047 1
14048 1
14052 1
14061 2
14062 1
14064 2
14066 1
14069 1
14073 1
14075 1
14078 1
14080 1
14081 1
14083 3
14087 3
14089 1
14090 1
14092 1
14097 2
14104 1
14107 1
14108 2
14112 1
14113 1
14122 4
14127 1
14130 1
14131 1
14142 1
14144 1
14147 1
14148 1
14153 1
14173 1
14174 1
14177 1
14180 2
14192 1
14194 2
14197 1
14199 1
14202 1
14203 1
14205 1
14207 1
14209 1
14217 1
14219 3
14222 1
14223 1
14224 1
14226 1
14228 1
14231 1
14232 1
14234 1
14236 1
14238 2
14245 1
14248 1
14251 1
14256 1
14257 1
14260 1
14263 1
14265 3
14269 1
14270 1
14271 1
14274 1
14285 1
14290 1
14294 1
14301 1
14304 2
14306 1
14309 1
14313 1
14315 1
14320 1
14323 1
14326 1
14329 1
14330 1
14331 1
14335 2
14340 1
14345 1
14350 2
14355 1
14357 1
14359 1
14362 2
14363 1
14364 1
14367 1
14375 1
14376 2
14381 1
14384 2
14385 1
14389 2
14392 1
14397 1
14401 3
14404 1
14406 1
14410 1
14413 1
14420 2
14427 2
14434 1
14438 1
14442 1
14445 1
14447 3
14456 1
14459 1
14461 1
14464 1
14465 1
14467 2
14472 1
14473 1
14478 1
14481 1
14488 1
14490 1
14491 1
14497 1
14506 1
14508 1
14511 1
14513 1
14517 1
14522 1
14532 2
14533 1
14536 1
14539 1
14545 1
14546 2
14549 1
14553 1
14556 1
14557 1
14558 1
14559 1
14562 1
14568 1
14571 2
14572 1
14574 1
14579 1
14583 1
14591 1
14593 1
14597 2
14602 1
14605 1
14617 1
14622 1
14629 2
14641 1
14643 2
14646 2
14649 1
14652 1
14654 1
14655 1
14663 1
14666 1
14667 1
14668 1
14669 1
14671 1
14672 1
14673 1
14677 1
14680 1
14685 1
14687 2
14688 1
14690 1
14692 1
14694 1
14702 2
14704 1
14707 1
14711 1
14712 1
14713 1
14715 1
14727 1
14729 1
14738 1
14741 1
14750 1
14757 1
14775 1
14779 1
14782 1
14784 2
14787 2
14799 1
14801 1
14804 2
14810 1
14811 1
14812 1
14816 1
14825 2
14830 1
14833 1
14834 1
14841 1
14843 1
14850 2
14853 1
14855 1
14859 1
14862 1
14869 2
14876 2
14883 1
14886 1
14894 1
14895 1
14908 1
14911 1
14913 1
14916 1
14920 1
14922 1
14927 1
14928 1
14944 1
14955 1
14957 1
14966 1
14969 2
14977 1
14982 1
14983 1
14986 1
14992 1
14994 1
14998 1
15007 1
15008 1
15017 1
15021 1
15023 1
15025 1
15027 1
15032 1
15046 1
15052 1
15054 1
15066 1
15071 1
15095 1
15098 1
15104 1
15110 1
15112 1
15116 1
15118 1
15121 1
15124 1
15137 1
15139 1
15141 1
15151 2
15153 1
15156 1
15159 1
15160 1
15162 1
15164 1
15173 1
15176 1
15177 1
15178 1
15182 1
15187 1
15190 1
15199 1
15202 1
15206 1
15209 1
15223 1
15231 1
15232 1
15234 1
15236 2
15248 2
15250 1
15253 2
15257 1
15259 1
15267 2
15274 1
15292 2
15306 1
15314 1
15335 1
15344 1
15360 1
15364 2
15369 1
15377 1
15389 1
15392 1
15393 1
15408 1
15418 2
15426 1
15432 1
15435 1
15441 1
15474 1
15476 1
15496 1
15501 1
15520 1
15537 1
15546 1
15559 1
15562 1
15571 1
15573 1
15574 1
15588 1
15590 1
15597 1
15608 1
15622 1
15626 1
15631 1
15634 1
15651 1
15658 1
15672 1
15681 1
15683 1
15697 1
15702 1
15706 1
15716 2
15719 1
15723 1
15729 1
15733 1
15741 1
15742 1
15744 1
15755 1
15758 1
15763 1
15767 1
15813 2
15816 1
15830 1
15833 1
15838 1
15839 1
15841 1
15857 1
15872 1
15874 1
15899 1
15911 1
15945 1
15957 1
15971 1
15986 1
15995 1
16011 1
16020 1
16023 1
16037 1
16039 1
16046 1
16056 1
16081 1
16083 1
16139 1
16153 2
16168 1
16178 1
16182 1
16191 1
16193 1
16207 1
16216 1
16265 1
16279 1
16282 1
16288 1
16294 1
16321 1
16323 1
16343 1
16348 1
16360 1
16393 1
16406 1
16418 1
16420 1
16437 1
16476 1
16505 1
16530 1
16588 1
16602 2
16743 1
16758 1
16792 1
16842 1
16867 1
16886 1
16903 1
16925 1
16928 1
17000 1
17207 1
17323 1
17352 1
17377 1
17449 1
17772 1
End
