NMec = 95584
T = 15
P = 5
Profits not ignored
Valid tasks:                                                             6694
Solution time = 1.656e-04
Task data
    0  21  1941 -1
    1  18  2627 0
    3  14  2071 1
    3  16  2042 2
    3  24  2916 3
    4  22  4569 4
    4  24  1898 -1
    6  13   583 -1
    8  24  1988 -1
   10  13   608 -1
   10  18  1306 -1
   11  18   895 -1
   11  28  1614 -1
   13  18   686 -1
   18  27  1738 1
Best profit: 15963
All profits:
0 1
583 1
608 1
686 1
895 1
1191 1
1269 1
1294 1
1306 1
1478 1
1503 1
1581 1
1614 1
1738 1
1877 1
1889 1
1898 1
1914 1
1941 1
1988 1
1992 1
2042 1
2071 1
2086 1
2164 1
2189 1
2197 1
2201 1
2222 1
2300 1
2321 1
2346 1
2424 1
2481 1
2497 1
2506 1
2509 1
2524 1
2549 1
2571 1
2575 1
2584 1
2596 1
2600 1
2625 1
2627 2
2633 1
2650 1
2654 1
2674 1
2679 1
2728 1
2757 1
2772 1
2784 1
2793 1
2805 1
2809 1
2836 1
2883 2
2887 1
2908 1
2916 1
2920 1
2929 1
2937 1
2966 1
3007 1
3032 1
3044 1
3089 1
3092 1
3117 1
3132 1
3167 1
3179 1
3183 1
3192 1
3195 1
3204 1
3210 2
3216 1
3233 1
3235 2
3241 1
3247 1
3257 1
3262 1
3282 1
3294 1
3311 1
3313 1
3319 1
3336 1
3340 1
3348 1
3352 1
3365 1
3376 1
3377 1
3392 1
3401 1
3419 1
3444 1
3466 1
3470 1
3479 1
3491 2
3495 1
3499 1
3503 1
3512 1
3520 1
3522 2
3524 1
3528 1
3545 1
3549 1
3555 1
3569 1
3574 1
3602 2
3606 1
3615 1
3623 1
3627 1
3636 1
3652 2
3656 1
3679 1
3685 1
3700 1
3726 1
3730 1
3775 1
3778 1
3780 1
3787 1
3803 1
3809 1
3811 1
3812 1
3815 1
3818 2
3824 1
3830 1
3839 1
3855 1
3865 1
3877 1
3886 1
3890 1
3896 1
3902 2
3919 1
3921 1
3927 1
3929 1
3931 1
3933 2
3935 1
3939 1
3940 1
3948 1
3956 1
3960 2
3969 1
3980 1
3983 1
3984 1
3985 1
4012 1
4027 1
4030 1
4034 1
4038 1
4059 1
4062 1
4063 1
4074 1
4078 1
4087 1
4095 1
4099 1
4105 2
4107 1
4111 1
4113 1
4120 1
4128 1
4130 2
4138 1
4142 1
4152 1
4157 1
4163 1
4177 1
4185 2
4189 2
4198 1
4206 1
4208 1
4210 2
4214 1
4219 1
4222 1
4231 1
4235 2
4239 1
4241 2
4243 1
4244 1
4247 1
4260 1
4262 1
4264 1
4268 1
4272 1
4287 1
4288 1
4293 1
4309 1
4313 1
4322 1
4334 1
4338 1
4342 1
4363 1
4365 2
4371 1
4386 1
4388 1
4392 1
4394 1
4395 1
4398 1
4407 1
4412 1
4417 1
4419 1
4422 1
4423 1
4438 1
4447 1
4450 1
4466 1
4469 1
4473 1
4485 1
4494 1
4495 1
4497 2
4498 1
4501 1
4504 1
4510 1
4512 1
4516 2
4522 1
4523 1
4525 2
4530 1
4531 1
4537 1
4539 1
4541 2
4543 1
4547 1
4548 1
4551 1
4552 1
4563 1
4566 1
4568 2
4569 1
4572 1
4574 1
4577 1
4580 1
4588 1
4591 1
4595 1
4613 1
4615 2
4617 1
4619 1
4620 1
4621 2
4625 1
4626 1
4638 1
4642 2
4646 2
4654 1
4655 1
4658 1
4667 1
4669 2
4670 1
4671 1
4675 1
4682 1
4696 1
4698 2
4703 1
4704 1
4707 1
4713 2
4716 1
4721 1
4725 1
4734 1
4745 1
4746 1
4750 1
4760 1
4772 1
4781 2
4785 1
4791 1
4793 2
4797 2
4799 1
4805 1
4806 1
4814 2
4816 1
4818 1
4824 3
4826 1
4827 1
4828 2
4830 2
4835 1
4843 1
4847 1
4849 2
4851 1
4855 2
4857 1
4861 1
4864 1
4870 1
4871 1
4875 1
4876 1
4878 1
4880 1
4896 1
4904 1
4905 1
4907 1
4908 2
4917 1
4921 1
4925 2
4927 1
4929 1
4930 1
4933 1
4942 1
4948 2
4950 1
4954 2
4958 2
4962 1
4971 1
4973 2
4979 1
4985 1
4987 1
4990 1
4991 1
4995 1
5000 1
5002 1
5006 1
5008 1
5015 1
5020 1
5030 1
5032 1
5033 1
5049 1
5051 1
5058 1
5074 1
5077 1
5078 1
5080 2
5081 1
5084 1
5086 1
5093 1
5103 1
5105 2
5108 2
5109 1
5113 1
5114 1
5115 1
5117 1
5120 1
5124 2
5130 1
5131 1
5133 2
5134 1
5136 2
5138 1
5139 1
5145 1
5151 1
5152 1
5155 1
5157 1
5159 1
5160 1
5163 1
5171 1
5174 1
5176 1
5177 1
5180 1
5182 1
5183 1
5188 1
5192 1
5198 2
5202 1
5203 1
5204 1
5208 1
5209 1
5211 1
5216 1
5217 1
5221 1
5223 2
5225 1
5227 1
5229 2
5233 1
5234 1
5235 1
5237 2
5238 1
5241 1
5246 1
5250 2
5252 2
5254 2
5255 1
5258 1
5260 2
5262 1
5263 1
5266 2
5275 1
5277 2
5281 2
5283 1
5287 1
5289 1
5290 1
5293 1
5299 1
5301 1
5304 1
5306 2
5307 1
5312 1
5317 1
5318 1
5324 1
5328 1
5333 1
5336 1
5340 2
5342 1
5344 1
5353 1
5355 1
5361 1
5364 1
5365 1
5368 1
5380 1
5382 1
5384 1
5389 2
5390 1
5393 1
5394 1
5397 1
5399 1
5401 1
5407 2
5411 2
5413 1
5418 1
5419 1
5420 2
5422 1
5423 1
5425 1
5426 1
5432 3
5434 1
5436 2
5438 1
5440 1
5443 1
5444 1
5447 1
5453 1
5458 1
5461 1
5463 2
5464 1
5465 1
5467 1
5469 1
5472 1
5479 1
5483 1
5486 1
5487 1
5490 1
5491 2
5500 2
5504 1
5508 1
5510 3
5512 2
5513 1
5514 1
5515 1
5516 3
5521 1
5525 1
5533 2
5535 1
5537 2
5541 3
5543 3
5545 1
5547 2
5549 1
5550 2
5553 1
5554 1
5556 2
5562 2
5564 2
5566 2
5568 1
5570 2
5574 1
5577 1
5583 1
5590 1
5591 1
5593 3
5594 1
5595 1
5597 1
5598 1
5599 1
5603 1
5611 1
5615 1
5616 1
5624 1
5626 1
5628 1
5634 1
5640 2
5641 1
5644 2
5648 1
5657 1
5659 1
5667 1
5669 1
5671 2
5673 2
5676 1
5677 1
5678 1
5686 1
5688 2
5694 2
5698 1
5700 1
5701 1
5707 1
5709 1
5713 1
5716 2
5718 1
5719 2
5721 2
5722 1
5723 1
5725 1
5727 1
5728 1
5742 1
5744 2
5750 1
5752 1
5753 1
5756 1
5759 1
5760 1
5763 1
5765 1
5766 1
5768 1
5771 1
5772 1
5775 1
5791 1
5794 1
5797 1
5799 2
5800 2
5801 1
5803 2
5806 2
5810 1
5812 1
5816 1
5817 1
5818 1
5819 1
5820 1
5822 1
5824 1
5825 1
5827 1
5829 1
5831 2
5833 1
5836 1
5837 2
5838 1
5843 3
5845 2
5846 1
5849 2
5851 1
5853 1
5854 1
5857 1
5858 2
5860 2
5862 1
5863 1
5866 1
5868 2
5872 1
5874 2
5875 1
5876 1
5878 1
5880 1
5881 1
5882 1
5883 1
5884 1
5886 1
5889 2
5890 1
5895 1
5897 1
5901 2
5907 1
5909 1
5910 1
5915 1
5919 1
5921 2
5923 2
5925 1
5926 1
5927 2
5928 1
5932 1
5936 2
5938 1
5944 2
5946 1
5948 3
5952 1
5957 1
5960 1
5961 1
5963 1
5967 1
5969 1
5971 1
5972 1
5973 2
5975 2
5977 1
5979 2
5981 1
5990 1
5992 1
5998 1
6000 1
6002 2
6003 2
6004 2
6005 1
6006 1
6008 1
6009 1
6010 1
6011 1
6015 1
6019 1
6022 1
6026 2
6027 1
6028 2
6031 1
6033 1
6036 1
6040 1
6046 1
6047 1
6048 1
6050 1
6051 1
6052 1
6054 1
6055 1
6061 1
6069 1
6071 1
6072 1
6075 1
6080 1
6083 2
6087 2
6093 2
6095 1
6097 1
6098 1
6099 2
6101 1
6104 1
6105 1
6106 1
6108 2
6109 1
6111 1
6112 1
6116 1
6118 3
6120 1
6122 1
6124 1
6126 3
6129 1
6130 3
6132 1
6133 2
6136 1
6137 1
6139 2
6141 1
6145 2
6147 2
6149 2
6150 1
6151 3
6153 1
6155 2
6157 1
6158 1
6160 1
6161 1
6162 1
6163 1
6166 1
6170 1
6172 2
6173 1
6176 3
6177 1
6178 1
6180 1
6182 2
6183 1
6184 1
6185 1
6186 1
6188 1
6191 1
6194 1
6196 1
6198 1
6199 1
6201 2
6202 1
6205 1
6207 1
6209 1
6210 1
6211 1
6213 1
6219 1
6223 2
6227 2
6229 3
6231 2
6232 1
6233 1
6234 1
6235 2
6236 1
6239 1
6240 1
6242 1
6248 1
6250 2
6252 2
6254 2
6256 3
6260 2
6261 1
6263 2
6264 1
6268 1
6269 1
6275 1
6277 2
6279 3
6281 2
6283 2
6285 1
6286 1
6289 1
6290 1
6292 1
6293 1
6296 1
6301 1
6302 1
6304 1
6306 2
6307 1
6308 1
6310 2
6312 2
6314 1
6315 1
6317 1
6318 1
6321 1
6326 1
6327 1
6329 1
6330 1
6333 1
6335 2
6336 1
6339 1
6348 1
6351 1
6353 2
6355 1
6357 1
6358 1
6359 1
6360 1
6364 2
6376 1
6380 2
6382 1
6383 1
6384 1
6386 2
6393 1
6395 2
6399 1
6402 1
6405 2
6407 4
6408 1
6409 1
6410 1
6411 2
6413 1
6414 2
6419 1
6420 1
6426 1
6428 1
6430 1
6434 1
6435 1
6436 3
6437 1
6438 3
6439 2
6440 1
6441 1
6442 2
6444 1
6445 2
6446 1
6449 1
6451 2
6454 1
6457 1
6458 1
6459 1
6461 2
6463 1
6464 1
6465 2
6466 2
6467 1
6469 1
6471 1
6472 1
6478 1
6480 1
6482 1
6483 2
6484 1
6485 1
6486 1
6488 1
6489 2
6490 1
6492 2
6493 1
6494 1
6498 1
6504 2
6509 1
6510 2
6511 1
6513 2
6515 1
6517 1
6518 2
6519 2
6521 1
6522 1
6523 1
6527 1
6529 3
6531 2
6535 2
6536 1
6537 1
6539 2
6540 2
6543 2
6544 2
6546 1
6552 2
6554 2
6556 3
6557 1
6558 2
6560 1
6561 1
6562 3
6564 1
6565 1
6566 2
6567 2
6568 3
6569 1
6572 2
6573 1
6575 1
6579 1
6581 1
6583 3
6585 1
6587 4
6589 1
6593 1
6594 1
6595 1
6596 2
6599 1
6601 1
6602 1
6605 1
6607 1
6608 1
6609 1
6610 2
6611 2
6612 2
6613 1
6614 2
6616 2
6618 1
6619 1
6622 1
6623 1
6630 1
6634 2
6637 1
6639 1
6640 1
6642 1
6643 1
6644 1
6645 1
6646 2
6648 1
6654 1
6655 1
6657 2
6659 1
6661 1
6662 1
6663 2
6665 1
6667 1
6670 1
6684 1
6686 2
6688 2
6689 1
6690 1
6691 2
6692 2
6694 1
6695 1
6696 2
6697 1
6700 1
6701 1
6703 1
6709 1
6713 2
6714 1
6717 1
6719 1
6722 3
6724 1
6725 1
6726 2
6728 2
6729 1
6731 1
6732 1
6733 1
6734 3
6738 2
6740 3
6744 1
6745 1
6746 2
6747 2
6749 1
6753 2
6755 2
6757 1
6758 1
6759 1
6765 1
6766 1
6767 1
6768 1
6769 2
6770 1
6771 2
6773 1
6774 1
6776 1
6778 1
6779 1
6781 1
6784 1
6787 1
6788 1
6790 1
6791 1
6792 1
6793 1
6794 1
6796 2
6802 1
6804 1
6805 1
6806 2
6812 3
6814 1
6815 1
6816 3
6817 1
6818 3
6819 1
6821 1
6822 1
6823 2
6825 1
6827 1
6831 1
6833 1
6835 2
6837 3
6839 1
6841 1
6843 3
6845 1
6846 2
6847 2
6848 1
6849 3
6851 1
6852 2
6855 1
6856 2
6858 2
6860 1
6862 3
6864 2
6866 3
6868 2
6869 2
6870 2
6871 2
6872 2
6874 2
6876 2
6877 1
6883 1
6885 1
6887 1
6889 2
6890 1
6891 2
6893 1
6895 3
6896 1
6897 2
6898 1
6899 3
6900 1
6901 2
6903 1
6906 1
6909 1
6912 1
6913 1
6914 1
6915 2
6917 1
6918 2
6920 2
6921 1
6922 1
6926 1
6928 1
6930 1
6931 1
6932 1
6936 2
6938 1
6940 1
6941 1
6942 1
6943 1
6946 2
6947 1
6949 2
6950 2
6954 1
6956 1
6959 1
6961 2
6963 1
6965 1
6967 1
6969 1
6972 1
6973 1
6975 2
6976 1
6978 2
6979 2
6984 1
6988 1
6990 3
6992 2
6993 1
6996 2
6998 1
7000 1
7001 1
7003 2
7004 1
7011 1
7013 1
7015 3
7018 1
7019 2
7021 4
7022 1
7025 1
7027 2
7028 1
7029 1
7032 1
7033 1
7034 2
7036 1
7037 1
7039 1
7042 1
7044 3
7046 3
7049 1
7050 2
7054 1
7055 1
7056 1
7057 1
7058 1
7061 1
7062 1
7065 1
7066 2
7068 1
7071 1
7072 1
7073 1
7074 2
7075 2
7077 1
7078 1
7079 1
7080 1
7081 1
7086 1
7091 1
7093 3
7096 2
7100 2
7101 2
7102 1
7103 1
7104 1
7105 2
7106 1
7112 1
7114 1
7118 2
7119 1
7120 1
7121 2
7122 3
7124 3
7125 1
7126 1
7127 2
7128 1
7129 1
7130 1
7131 1
7133 1
7135 2
7137 1
7139 2
7140 1
7143 1
7144 1
7145 2
7147 2
7148 1
7149 2
7150 2
7151 3
7152 1
7153 1
7155 1
7156 1
7157 3
7158 2
7159 1
7160 1
7162 1
7163 1
7164 3
7165 1
7166 1
7168 1
7169 1
7170 3
7172 1
7174 2
7175 2
7176 2
7178 3
7179 2
7180 1
7181 1
7182 1
7184 1
7185 1
7187 1
7188 1
7190 1
7191 2
7193 1
7194 1
7195 1
7196 3
7197 1
7199 2
7201 2
7202 2
7203 1
7204 3
7205 2
7207 3
7209 1
7210 1
7215 1
7216 1
7217 1
7218 1
7219 1
7221 1
7222 2
7223 1
7224 1
7225 2
7226 1
7228 1
7229 2
7230 1
7234 1
7238 2
7240 2
7242 2
7243 1
7244 1
7245 1
7246 1
7247 1
7248 4
7250 2
7251 1
7252 1
7253 2
7254 3
7258 1
7259 1
7263 1
7265 2
7269 3
7271 2
7273 2
7275 2
7277 1
7279 2
7280 1
7281 3
7282 1
7283 1
7285 2
7287 1
7288 1
7292 2
7294 2
7296 1
7297 1
7298 1
7300 2
7302 2
7304 2
7305 2
7306 1
7308 3
7309 1
7311 1
7312 1
7314 1
7317 1
7321 1
7323 3
7325 1
7326 1
7328 1
7329 1
7330 2
7331 2
7332 1
7333 1
7334 1
7335 1
7336 1
7337 1
7338 1
7339 1
7341 1
7342 1
7343 1
7348 2
7349 1
7352 1
7353 1
7354 2
7359 1
7360 1
7361 1
7362 1
7363 1
7364 1
7366 1
7367 1
7370 1
7372 1
7373 1
7374 1
7377 1
7378 2
7379 1
7382 2
7384 1
7385 1
7386 1
7388 1
7389 2
7395 1
7399 1
7401 1
7405 1
7406 1
7407 1
7408 3
7410 1
7411 2
7412 1
7413 2
7414 3
7415 1
7417 1
7420 2
7424 1
7426 3
7428 1
7431 1
7432 4
7433 1
7435 1
7438 1
7439 2
7441 3
7443 1
7445 2
7447 1
7449 1
7451 3
7452 2
7453 2
7454 2
7455 2
7456 1
7457 5
7459 1
7460 1
7462 2
7463 1
7464 1
7465 1
7466 1
7467 1
7468 2
7472 1
7474 2
7476 1
7477 1
7478 2
7479 1
7480 1
7482 4
7484 2
7485 1
7486 1
7488 2
7489 2
7490 1
7491 3
7492 1
7493 1
7494 1
7495 1
7496 1
7497 2
7498 2
7501 1
7502 1
7503 2
7504 2
7505 1
7506 1
7507 2
7509 2
7511 2
7513 1
7514 1
7515 1
7523 1
7524 1
7529 2
7531 2
7532 2
7533 2
7534 1
7535 4
7536 1
7537 2
7538 2
7540 1
7541 2
7542 2
7544 2
7546 1
7548 1
7552 3
7554 1
7555 1
7556 2
7557 2
7558 4
7560 1
7562 3
7565 1
7567 1
7569 2
7571 2
7574 1
7575 2
7576 1
7577 1
7579 1
7581 4
7583 2
7584 1
7585 4
7587 3
7589 2
7591 1
7592 2
7595 1
7596 1
7598 3
7600 1
7601 1
7604 1
7606 1
7610 1
7612 3
7613 1
7614 3
7616 2
7617 1
7618 2
7619 2
7620 1
7621 1
7622 1
7623 1
7624 1
7625 1
7627 2
7629 1
7632 1
7635 3
7636 1
7637 1
7639 1
7641 2
7642 1
7645 1
7647 1
7648 1
7650 1
7654 1
7657 2
7658 1
7659 2
7660 1
7661 2
7662 1
7663 1
7664 1
7665 1
7666 2
7668 1
7670 1
7674 1
7676 1
7682 2
7685 1
7686 2
7688 1
7695 1
7697 2
7699 1
7701 4
7704 1
7705 1
7707 2
7709 2
7710 1
7711 1
7713 3
7715 2
7716 1
7719 1
7720 1
7722 1
7728 1
7730 1
7732 2
7734 1
7735 1
7736 1
7738 1
7740 4
7741 3
7742 3
7743 1
7744 3
7746 1
7747 2
7748 1
7749 1
7751 1
7752 1
7753 1
7755 1
7757 1
7758 1
7760 2
7761 2
7763 2
7764 2
7765 3
7766 2
7767 1
7770 1
7771 2
7772 1
7773 1
7774 1
7777 1
7778 1
7779 2
7780 1
7782 1
7784 2
7785 1
7786 2
7787 2
7788 1
7789 1
7790 2
7791 1
7792 2
7793 1
7794 1
7795 1
7796 1
7798 1
7799 2
7801 1
7802 1
7804 2
7807 2
7809 1
7810 2
7812 1
7813 1
7815 1
7816 1
7817 1
7819 2
7821 2
7823 1
7824 2
7825 3
7826 1
7827 1
7830 1
7831 3
7833 1
7835 1
7836 2
7837 2
7839 1
7841 2
7842 2
7843 2
7844 1
7845 2
7846 3
7848 1
7849 1
7850 2
7851 1
7854 1
7856 3
7858 1
7860 2
7861 1
7862 1
7863 1
7864 4
7865 1
7866 1
7867 1
7868 3
7869 1
7870 2
7871 2
7873 2
7874 2
7875 1
7877 3
7878 1
7879 2
7880 1
7882 1
7883 1
7885 3
7887 2
7888 1
7889 4
7890 1
7891 1
7893 3
7895 1
7896 1
7898 1
7900 2
7901 1
7902 2
7904 2
7905 1
7906 1
7907 1
7908 2
7909 1
7910 2
7911 1
7914 3
7915 1
7916 2
7917 1
7918 1
7920 3
7921 1
7922 1
7924 2
7925 1
7926 1
7928 1
7929 1
7931 2
7932 1
7933 1
7934 2
7936 1
7937 1
7939 2
7940 1
7943 2
7944 1
7945 2
7946 2
7947 1
7948 1
7949 2
7951 2
7952 1
7955 1
7957 1
7961 2
7963 2
7965 2
7967 3
7968 1
7969 3
7970 1
7971 1
7972 1
7974 1
7978 1
7980 1
7986 1
7988 2
7990 3
7991 1
7992 2
7993 1
7994 3
7996 1
7998 2
7999 1
8002 1
8003 1
8007 1
8009 2
8013 1
8015 2
8016 1
8017 1
8019 2
8021 3
8023 1
8024 3
8028 2
8030 1
8031 1
8034 3
8035 1
8036 1
8039 1
8040 2
8042 1
8045 1
8046 3
8047 2
8048 2
8049 3
8050 3
8052 3
8053 1
8055 1
8059 2
8060 2
8061 1
8064 1
8065 1
8067 1
8068 2
8070 1
8071 2
8072 1
8073 2
8074 2
8075 1
8076 1
8077 1
8078 1
8079 1
8080 1
8081 1
8082 1
8086 1
8088 1
8089 1
8090 1
8091 2
8092 1
8093 2
8094 1
8096 2
8097 2
8098 1
8099 2
8102 1
8103 1
8104 1
8107 1
8108 1
8111 1
8113 1
8114 3
8117 1
8118 3
8119 1
8120 1
8121 1
8124 3
8125 2
8127 3
8129 1
8131 1
8132 1
8133 2
8135 1
8137 2
8138 1
8139 2
8140 1
8142 1
8143 4
8145 2
8148 2
8149 2
8150 2
8151 2
8152 2
8153 1
8154 2
8157 1
8158 1
8160 1
8162 1
8164 2
8166 2
8168 4
8170 2
8171 2
8172 2
8173 1
8174 2
8175 2
8176 3
8177 3
8178 1
8179 2
8180 1
8181 2
8182 2
8183 1
8184 1
8187 1
8189 1
8191 2
8192 1
8193 3
8195 1
8196 1
8197 4
8199 2
8201 2
8202 1
8203 2
8204 2
8205 2
8207 1
8208 1
8209 1
8210 2
8212 1
8215 1
8216 1
8217 1
8218 2
8220 3
8221 3
8222 3
8223 1
8224 2
8225 1
8226 1
8227 1
8228 2
8230 2
8231 1
8232 1
8233 2
8234 1
8238 1
8240 1
8242 2
8243 1
8244 1
8247 1
8248 1
8249 1
8251 3
8252 1
8253 2
8254 1
8255 2
8256 2
8257 1
8258 1
8259 1
8260 1
8265 1
8267 3
8269 2
8271 3
8274 1
8275 1
8276 1
8277 2
8278 2
8280 1
8281 2
8282 1
8284 1
8292 1
8294 2
8295 1
8296 2
8298 3
8299 1
8300 3
8302 1
8303 1
8304 1
8305 3
8306 2
8307 1
8310 2
8311 1
8313 1
8317 2
8321 4
8323 3
8325 2
8327 1
8332 1
8334 3
8335 1
8336 3
8339 1
8340 1
8342 1
8343 1
8344 1
8345 1
8346 1
8347 1
8348 4
8349 2
8350 2
8352 2
8354 3
8355 1
8356 1
8357 1
8359 1
8360 2
8361 1
8363 1
8368 1
8369 1
8372 2
8375 1
8377 2
8378 1
8379 1
8380 2
8381 2
8382 1
8383 2
8384 1
8385 1
8386 1
8387 2
8388 1
8390 1
8392 1
8393 1
8395 2
8397 1
8399 2
8400 1
8401 1
8402 2
8406 1
8407 1
8408 2
8416 1
8419 1
8420 1
8422 1
8424 4
8426 4
8427 2
8428 1
8429 2
8430 2
8431 1
8432 2
8433 1
8434 1
8435 1
8437 2
8439 1
8441 1
8445 1
8446 1
8447 1
8449 1
8451 3
8452 2
8453 1
8454 1
8455 1
8456 1
8457 1
8458 1
8459 2
8460 3
8461 1
8462 1
8463 2
8464 1
8465 1
8466 3
8469 1
8470 3
8471 2
8472 3
8476 2
8477 1
8478 3
8480 3
8481 2
8483 1
8484 2
8485 3
8486 1
8487 1
8488 1
8490 2
8491 1
8493 2
8495 1
8496 1
8497 1
8498 1
8499 2
8500 1
8502 2
8503 1
8504 1
8505 2
8506 1
8507 3
8508 2
8509 5
8510 2
8512 1
8513 2
8514 1
8515 1
8516 1
8517 2
8519 1
8520 1
8522 1
8524 1
8525 2
8526 1
8527 1
8528 2
8529 2
8530 1
8531 1
8532 2
8534 1
8535 1
8537 1
8538 1
8540 1
8542 2
8543 1
8544 2
8546 1
8548 1
8549 1
8550 3
8552 2
8553 2
8554 3
8555 3
8556 2
8559 2
8560 2
8561 2
8563 2
8564 1
8565 1
8571 2
8573 2
8575 4
8577 1
8579 1
8581 2
8582 1
8583 1
8584 2
8585 1
8586 1
8587 3
8588 1
8589 1
8590 2
8593 1
8594 2
8596 2
8598 2
8599 1
8600 2
8602 3
8603 1
8604 3
8606 2
8607 2
8608 2
8610 3
8614 1
8615 1
8623 1
8625 2
8627 2
8628 1
8629 4
8631 2
8632 2
8633 3
8634 1
8635 2
8637 3
8638 3
8639 1
8641 1
8643 2
8644 2
8649 1
8650 1
8651 1
8653 1
8654 1
8655 1
8656 2
8658 2
8660 2
8663 1
8664 1
8666 1
8667 1
8668 1
8669 2
8670 1
8672 1
8674 2
8675 1
8676 2
8678 1
8680 2
8681 2
8682 1
8684 2
8685 1
8687 1
8688 3
8689 1
8691 1
8694 1
8697 1
8699 2
8705 1
8707 2
8710 2
8711 1
8713 1
8714 1
8716 3
8717 2
8719 1
8721 1
8722 1
8726 1
8728 3
8732 2
8734 3
8735 2
8736 1
8738 2
8741 2
8743 1
8745 1
8746 1
8747 3
8749 1
8753 3
8754 2
8756 1
8757 1
8758 2
8759 5
8760 1
8763 1
8764 2
8765 1
8766 1
8767 2
8768 1
8770 2
8771 1
8772 1
8773 1
8774 2
8775 1
8776 1
8777 1
8778 2
8779 2
8782 1
8783 1
8784 3
8787 1
8788 3
8789 1
8790 1
8791 1
8792 1
8793 2
8794 1
8795 1
8796 1
8797 2
8799 2
8800 2
8801 1
8802 1
8803 1
8804 2
8805 1
8806 1
8807 1
8808 1
8810 3
8811 2
8812 2
8813 4
8815 1
8816 1
8817 2
8818 1
8824 1
8825 1
8826 1
8829 1
8830 1
8831 2
8832 1
8833 1
8834 2
8835 1
8836 1
8837 3
8838 2
8839 2
8840 1
8841 1
8842 2
8843 2
8844 1
8847 1
8848 2
8850 1
8852 1
8854 2
8856 2
8857 2
8858 1
8859 2
8860 3
8861 1
8862 3
8863 1
8864 2
8867 2
8868 1
8871 1
8873 2
8877 3
8878 1
8879 2
8881 1
8882 1
8883 2
8885 2
8886 1
8887 2
8888 2
8889 3
8890 1
8891 4
8893 1
8894 1
8895 2
8896 1
8897 1
8900 1
8902 2
8903 1
8904 1
8906 1
8907 1
8908 2
8910 1
8911 1
8913 2
8914 2
8916 3
8917 2
8918 2
8919 1
8920 3
8922 1
8925 1
8926 1
8927 1
8928 1
8929 1
8931 2
8932 1
8933 1
8934 2
8935 1
8937 3
8938 1
8939 1
8940 2
8941 1
8942 3
8943 2
8944 1
8945 2
8947 1
8952 1
8953 1
8954 1
8956 2
8957 2
8960 2
8961 1
8962 2
8963 2
8964 2
8967 2
8968 1
8970 1
8972 1
8974 1
8975 1
8976 1
8977 1
8978 2
8980 1
8981 1
8982 1
8983 1
8985 1
8986 2
8987 1
8988 1
8989 1
8991 2
8992 2
8996 1
8999 1
9001 1
9003 3
9007 4
9009 1
9011 1
9015 1
9016 1
9017 1
9018 1
9019 1
9020 1
9021 2
9022 2
9024 1
9025 1
9030 1
9032 2
9034 2
9035 1
9036 1
9037 1
9038 1
9040 1
9042 2
9043 2
9044 1
9046 3
9047 1
9049 1
9052 1
9053 1
9054 1
9055 3
9057 1
9061 3
9062 1
9063 3
9064 1
9065 2
9066 2
9067 2
9068 2
9070 1
9071 1
9072 1
9073 1
9076 2
9077 1
9078 1
9079 1
9080 1
9081 2
9082 1
9085 2
9086 3
9088 1
9090 1
9091 2
9092 3
9094 2
9096 1
9097 1
9098 2
9099 2
9100 2
9101 1
9102 1
9104 1
9105 2
9106 1
9107 1
9108 2
9110 3
9111 1
9112 2
9115 1
9116 2
9117 2
9119 1
9120 2
9121 2
9122 1
9123 1
9125 1
9126 1
9127 2
9129 1
9132 1
9133 1
9135 1
9137 3
9138 1
9139 1
9140 1
9141 1
9143 2
9144 1
9145 4
9146 3
9147 1
9148 2
9149 2
9150 1
9151 2
9152 2
9156 1
9157 1
9158 2
9160 1
9162 1
9163 1
9164 2
9166 3
9167 1
9168 1
9169 1
9170 3
9171 1
9172 1
9173 1
9175 1
9176 1
9177 1
9179 3
9181 2
9182 1
9183 1
9184 2
9185 1
9186 1
9187 1
9188 1
9189 3
9190 2
9191 2
9192 1
9193 1
9194 2
9195 6
9197 1
9198 1
9199 2
9200 2
9202 1
9204 1
9205 1
9206 3
9207 1
9210 2
9211 2
9212 2
9214 1
9215 2
9216 2
9217 1
9220 2
9221 1
9222 2
9223 2
9224 2
9226 3
9227 2
9228 2
9229 2
9230 1
9231 1
9233 1
9234 1
9235 2
9236 2
9238 2
9240 1
9241 3
9242 1
9243 1
9244 1
9245 2
9246 2
9247 1
9249 3
9251 2
9252 1
9253 1
9258 1
9261 1
9262 1
9264 2
9265 1
9267 3
9269 2
9270 2
9271 2
9272 2
9273 3
9274 1
9275 1
9276 2
9278 1
9280 2
9282 1
9284 2
9285 1
9289 1
9290 4
9292 1
9294 2
9295 1
9296 3
9300 2
9303 1
9305 1
9309 2
9311 2
9313 2
9314 1
9315 2
9317 1
9319 4
9321 1
9323 4
9324 1
9325 2
9326 1
9327 2
9329 1
9330 2
9336 2
9341 1
9342 1
9344 1
9348 1
9349 1
9350 3
9351 1
9352 3
9354 3
9355 2
9356 2
9357 1
9358 1
9360 1
9361 1
9362 2
9363 1
9365 1
9366 1
9367 2
9368 1
9370 1
9373 3
9374 2
9375 2
9379 2
9380 2
9382 1
9383 1
9385 1
9386 1
9387 1
9388 1
9393 3
9394 1
9395 2
9396 1
9397 2
9398 2
9399 3
9400 1
9403 2
9404 2
9405 1
9406 1
9408 1
9409 1
9414 1
9416 1
9418 2
9420 3
9423 1
9424 2
9426 2
9427 1
9429 2
9430 1
9432 1
9433 3
9434 1
9435 2
9437 1
9439 1
9440 1
9442 1
9444 1
9445 4
9447 2
9449 1
9450 1
9451 1
9452 1
9453 2
9454 1
9455 1
9456 1
9457 1
9460 1
9465 1
9470 3
9472 2
9473 2
9474 2
9476 3
9477 2
9478 3
9479 2
9480 1
9481 1
9482 1
9483 3
9484 1
9485 1
9486 1
9487 1
9489 1
9490 1
9493 2
9494 2
9495 1
9496 2
9498 2
9499 4
9501 1
9502 1
9503 3
9505 1
9508 1
9509 1
9510 2
9511 1
9512 3
9515 1
9516 1
9517 2
9518 1
9519 1
9520 1
9522 2
9523 3
9524 2
9525 2
9526 1
9527 2
9528 2
9530 3
9531 1
9532 1
9533 2
9534 1
9535 1
9536 1
9537 1
9538 1
9539 1
9540 1
9542 2
9545 1
9548 1
9550 1
9553 2
9554 1
9555 2
9556 1
9557 1
9559 3
9560 1
9561 1
9562 2
9563 1
9564 1
9565 1
9566 1
9568 1
9569 1
9571 1
9573 2
9574 1
9576 1
9577 3
9578 1
9579 2
9580 1
9581 1
9583 2
9584 2
9586 1
9588 1
9589 1
9598 1
9599 2
9600 2
9601 1
9602 4
9603 1
9604 1
9606 2
9607 1
9608 2
9609 1
9611 2
9612 2
9613 2
9615 1
9616 1
9617 1
9618 1
9620 1
9623 2
9625 1
9627 2
9628 1
9631 1
9633 1
9636 1
9638 3
9640 2
9642 2
9643 1
9644 1
9645 1
9646 2
9647 1
9649 2
9652 1
9654 1
9655 1
9656 3
9658 1
9660 1
9662 2
9663 2
9664 1
9666 1
9669 2
9671 1
9672 1
9674 2
9675 1
9677 2
9681 2
9682 2
9683 2
9684 2
9685 1
9686 1
9687 2
9689 2
9690 1
9692 1
9693 2
9699 1
9700 1
9701 2
9702 2
9703 2
9705 2
9706 2
9707 2
9708 1
9712 1
9714 1
9718 1
9720 1
9721 1
9722 1
9724 1
9726 1
9728 3
9729 2
9730 2
9731 1
9732 2
9734 1
9737 1
9739 1
9741 2
9743 1
9745 1
9747 1
9749 1
9751 1
9752 1
9753 2
9754 1
9757 1
9759 1
9760 1
9761 1
9762 3
9765 1
9766 1
9767 2
9768 1
9771 1
9772 3
9773 1
9774 1
9776 1
9777 1
9778 2
9780 2
9782 2
9783 1
9784 3
9785 2
9786 2
9787 3
9788 1
9790 2
9791 1
9792 2
9796 1
9797 1
9798 2
9799 1
9802 1
9803 1
9804 1
9805 2
9806 2
9807 2
9808 1
9809 2
9810 1
9811 2
9812 1
9813 1
9814 2
9815 2
9816 1
9817 1
9818 1
9819 3
9820 1
9821 2
9822 1
9823 1
9826 1
9827 1
9828 1
9829 2
9830 1
9831 3
9832 1
9834 2
9835 2
9836 1
9837 1
9841 1
9842 1
9843 1
9844 1
9845 1
9846 3
9848 1
9849 1
9850 2
9851 1
9852 3
9855 1
9856 3
9857 1
9858 1
9861 1
9862 1
9863 2
9865 3
9866 1
9867 1
9868 1
9870 2
9873 2
9875 3
9876 1
9877 2
9880 1
9881 3
9885 1
9886 2
9887 1
9888 2
9889 1
9890 1
9891 1
9892 2
9893 1
9895 1
9896 1
9897 1
9898 1
9900 1
9902 1
9904 2
9905 1
9906 3
9908 2
9909 2
9910 2
9911 1
9912 1
9913 1
9914 1
9915 1
9917 2
9919 2
9920 1
9922 1
9924 1
9927 1
9929 2
9930 1
9931 3
9933 2
9934 1
9935 4
9939 2
9940 1
9943 1
9944 1
9946 1
9948 2
9949 1
9950 2
9951 1
9953 2
9955 1
9956 1
9958 3
9959 1
9960 3
9962 1
9963 1
9964 1
9965 1
9966 2
9970 1
9971 2
9972 1
9976 3
9978 1
9980 1
9981 1
9982 2
9987 2
9988 1
9989 3
9990 2
9991 2
9992 1
9993 2
9994 1
9995 2
9996 1
10001 2
10005 2
10007 2
10009 4
10012 2
10013 2
10014 1
10016 1
10018 1
10019 1
10022 1
10030 1
10032 1
10034 2
10036 3
10037 1
10038 4
10040 2
10041 1
10042 1
10043 1
10049 2
10055 3
10056 1
10059 2
10060 2
10061 3
10065 1
10066 1
10068 2
10069 2
10072 1
10073 2
10074 1
10077 1
10079 3
10080 2
10081 1
10082 1
10083 1
10084 1
10085 3
10086 2
10090 2
10091 1
10092 2
10093 1
10094 2
10095 1
10097 1
10098 1
10101 1
10102 1
10103 1
10104 1
10106 1
10107 1
10109 1
10110 2
10112 3
10114 1
10115 2
10116 2
10117 1
10118 2
10119 2
10120 1
10122 2
10123 3
10125 2
10126 1
10128 1
10131 1
10132 1
10133 2
10134 1
10135 1
10137 1
10138 1
10139 3
10140 2
10143 1
10144 1
10145 1
10146 1
10150 1
10151 1
10152 1
10154 1
10156 1
10157 1
10158 1
10159 1
10160 1
10162 4
10163 2
10164 3
10165 1
10166 1
10168 1
10169 3
10170 1
10172 1
10175 2
10179 1
10180 1
10181 1
10183 1
10184 1
10185 2
10187 1
10189 1
10190 1
10191 1
10192 1
10193 2
10194 1
10195 1
10197 2
10198 2
10199 1
10201 1
10203 1
10204 2
10208 2
10209 2
10210 1
10212 2
10213 2
10215 1
10216 1
10217 1
10218 3
10219 2
10222 2
10223 1
10224 1
10226 1
10228 2
10233 1
10236 1
10237 2
10238 1
10239 1
10240 2
10241 2
10242 2
10244 1
10245 1
10246 2
10247 4
10248 1
10251 2
10252 1
10253 1
10255 1
10258 1
10259 1
10262 1
10263 2
10264 1
10265 1
10266 1
10267 1
10269 1
10270 1
10273 1
10275 1
10276 2
10277 1
10278 1
10280 1
10282 1
10284 1
10285 1
10287 1
10288 2
10290 2
10291 2
10292 1
10293 2
10294 2
10295 1
10296 1
10297 2
10298 2
10301 1
10302 1
10309 1
10313 2
10319 1
10320 1
10321 1
10322 3
10323 1
10324 1
10325 1
10326 1
10327 1
10328 1
10331 1
10334 1
10336 1
10337 1
10338 1
10340 1
10341 1
10342 2
10344 1
10345 1
10348 2
10357 1
10361 1
10363 2
10365 1
10366 1
10367 2
10368 2
10369 3
10370 2
10372 2
10373 1
10375 1
10376 2
10378 1
10381 2
10382 1
10387 2
10388 2
10391 1
10392 1
10393 1
10394 1
10396 1
10398 2
10400 2
10401 1
10402 1
10404 1
10405 1
10406 2
10407 2
10411 1
10412 3
10413 1
10414 1
10416 1
10418 1
10419 1
10420 1
10421 1
10422 1
10423 2
10426 2
10427 2
10429 2
10431 1
10435 1
10437 2
10440 1
10441 1
10443 1
10445 1
10447 1
10448 2
10449 1
10450 2
10451 2
10452 1
10453 1
10454 1
10455 1
10458 2
10459 1
10460 1
10464 1
10466 3
10468 1
10470 3
10472 1
10473 2
10478 1
10479 1
10481 1
10483 1
10484 1
10485 1
10487 1
10488 1
10490 2
10491 2
10492 2
10495 1
10496 3
10497 3
10501 2
10502 2
10505 2
10506 1
10507 1
10508 1
10511 1
10512 1
10513 2
10514 1
10515 1
10516 2
10517 3
10521 1
10525 1
10526 2
10527 1
10528 1
10529 1
10530 2
10531 2
10532 1
10534 1
10535 2
10536 1
10537 1
10538 2
10539 1
10540 2
10541 1
10542 2
10543 1
10544 2
10545 1
10546 1
10548 2
10549 1
10550 1
10551 2
10555 1
10556 1
10561 1
10563 1
10564 1
10567 1
10568 1
10569 1
10570 1
10571 2
10572 1
10573 3
10574 2
10575 2
10577 1
10578 1
10579 2
10580 2
10582 1
10584 1
10585 1
10586 2
10591 1
10592 2
10595 1
10596 2
10597 1
10598 1
10599 1
10600 1
10602 2
10605 2
10609 1
10611 1
10615 3
10617 3
10620 1
10621 2
10623 1
10625 2
10626 1
10627 1
10629 3
10630 1
10631 1
10632 1
10634 1
10640 1
10646 2
10648 1
10649 1
10652 2
10654 1
10656 2
10657 1
10658 3
10662 1
10664 1
10665 1
10669 2
10670 1
10674 1
10675 3
10676 1
10677 3
10678 1
10679 1
10680 1
10681 1
10682 1
10687 1
10688 1
10689 1
10690 1
10695 4
10699 2
10700 2
10701 1
10702 1
10705 2
10706 1
10708 3
10710 1
10712 1
10714 1
10715 1
10716 1
10718 2
10720 3
10724 2
10725 1
10726 1
10729 1
10730 1
10731 1
10732 1
10735 2
10737 1
10739 1
10741 1
10742 1
10745 2
10747 2
10749 1
10751 1
10753 1
10754 1
10755 2
10757 1
10759 2
10760 1
10762 1
10765 1
10767 1
10770 1
10772 1
10774 1
10775 1
10776 1
10778 3
10779 1
10780 2
10782 1
10784 1
10785 1
10789 1
10791 1
10792 1
10793 1
10795 1
10796 2
10798 3
10800 2
10801 2
10802 1
10803 1
10804 2
10805 2
10809 2
10811 1
10814 2
10816 1
10818 1
10819 2
10820 1
10821 2
10823 2
10824 1
10825 2
10826 1
10829 2
10830 2
10832 3
10833 1
10834 1
10836 1
10837 1
10838 2
10843 1
10844 1
10845 1
10846 1
10848 3
10850 2
10852 2
10854 1
10855 2
10857 1
10858 2
10859 2
10861 2
10862 1
10863 1
10867 1
10868 1
10870 1
10873 1
10875 2
10876 1
10879 3
10881 3
10883 3
10884 1
10885 1
10886 2
10887 1
10888 1
10894 1
10895 1
10898 1
10899 1
10901 1
10902 1
10904 4
10905 1
10906 1
10908 1
10910 1
10913 1
10914 1
10915 1
10917 1
10919 1
10920 1
10922 2
10923 1
10924 1
10926 1
10927 1
10928 1
10929 1
10930 1
10932 1
10933 3
10935 1
10937 2
10942 1
10944 1
10945 1
10948 1
10949 2
10951 1
10953 1
10958 1
10959 1
10961 1
10962 2
10964 3
10966 2
10968 1
10973 1
10974 1
10976 3
10978 1
10979 2
10982 1
10983 1
10984 2
10987 1
10988 1
10989 2
10996 2
10997 1
11002 1
11003 1
11004 1
11005 3
11007 3
11008 2
11010 1
11011 1
11013 2
11014 1
11018 1
11020 1
11022 1
11023 1
11026 1
11027 1
11028 1
11030 1
11032 1
11033 1
11034 1
11035 1
11040 1
11041 1
11043 2
11047 1
11049 1
11051 2
11052 1
11053 1
11054 1
11057 1
11058 1
11059 1
11061 1
11062 2
11064 1
11067 1
11068 1
11073 1
11074 1
11079 1
11080 1
11082 2
11086 3
11087 2
11088 2
11089 1
11090 1
11091 1
11093 1
11097 1
11098 2
11100 2
11103 1
11104 1
11105 2
11106 1
11108 2
11109 1
11111 1
11112 1
11113 1
11118 1
11120 1
11121 1
11123 2
11125 2
11126 1
11127 1
11129 1
11131 3
11132 1
11133 1
11134 1
11135 1
11136 3
11137 3
11140 1
11141 2
11142 1
11143 1
11146 1
11147 1
11148 1
11152 3
11154 1
11156 3
11158 2
11162 1
11163 1
11164 1
11165 3
11167 1
11168 1
11169 1
11170 2
11171 1
11172 1
11175 1
11176 1
11177 1
11178 1
11179 1
11181 1
11183 3
11185 1
11187 2
11188 2
11190 1
11191 1
11193 1
11194 1
11203 1
11206 1
11208 2
11210 1
11211 1
11212 2
11214 1
11215 2
11216 1
11217 1
11219 1
11221 3
11222 1
11225 1
11226 2
11230 1
11231 2
11232 2
11233 1
11234 1
11236 1
11237 2
11241 1
11248 1
11250 3
11253 1
11254 1
11255 2
11257 1
11259 1
11260 1
11261 2
11262 1
11264 1
11265 2
11266 2
11268 2
11269 1
11270 1
11271 1
11272 1
11273 1
11276 1
11278 1
11286 1
11291 3
11293 1
11294 1
11295 1
11297 4
11298 1
11300 1
11303 1
11304 1
11309 3
11311 2
11314 1
11315 4
11316 2
11322 1
11324 1
11328 1
11334 1
11337 1
11338 2
11340 4
11344 2
11345 1
11351 2
11356 1
11359 1
11361 1
11362 1
11363 1
11365 1
11370 1
11371 1
11374 1
11375 2
11376 1
11381 2
11384 1
11385 1
11387 3
11392 1
11394 4
11398 1
11401 1
11406 2
11412 2
11414 1
11415 2
11416 1
11418 3
11419 1
11420 1
11421 1
11424 2
11425 1
11427 1
11429 1
11430 1
11431 1
11435 2
11437 1
11438 1
11439 1
11440 2
11441 3
11443 1
11444 1
11445 2
11452 1
11453 1
11454 1
11458 2
11459 1
11460 1
11462 1
11464 2
11465 1
11466 2
11467 1
11468 2
11470 2
11471 1
11472 1
11475 1
11477 1
11481 1
11483 1
11484 1
11487 1
11489 1
11491 1
11495 1
11497 1
11499 1
11500 1
11501 1
11505 2
11506 1
11509 1
11510 1
11514 2
11515 1
11516 1
11518 2
11519 2
11520 2
11523 1
11524 1
11528 1
11530 2
11534 1
11538 1
11541 1
11542 1
11543 2
11544 2
11545 2
11548 2
11549 2
11552 1
11553 2
11554 1
11557 2
11559 2
11560 1
11561 1
11565 1
11567 1
11570 1
11573 1
11574 1
11580 1
11581 1
11582 1
11584 3
11586 1
11588 2
11590 1
11596 1
11597 1
11598 1
11599 1
11602 1
11603 2
11604 1
11605 1
11606 1
11608 1
11611 1
11613 2
11615 1
11618 1
11623 2
11624 1
11625 1
11627 1
11628 1
11631 1
11633 1
11635 1
11642 1
11643 2
11644 1
11646 1
11648 1
11649 1
11650 1
11652 1
11660 1
11662 1
11665 1
11670 1
11671 2
11672 1
11674 1
11678 1
11682 1
11683 1
11687 1
11689 1
11690 1
11691 1
11693 2
11695 1
11696 1
11702 1
11703 1
11704 1
11708 2
11714 2
11718 1
11719 1
11720 1
11721 1
11724 1
11725 2
11726 3
11727 1
11728 2
11729 1
11732 1
11733 2
11739 2
11743 1
11744 1
11747 2
11748 1
11749 1
11750 2
11751 1
11753 1
11754 1
11756 1
11757 1
11760 1
11762 1
11768 2
11770 1
11772 2
11773 2
11775 1
11776 2
11778 1
11779 1
11785 1
11787 1
11791 1
11793 2
11794 1
11797 1
11798 2
11803 1
11804 1
11807 2
11809 1
11811 1
11815 1
11816 1
11817 2
11818 1
11819 1
11822 2
11823 2
11827 1
11828 1
11829 1
11832 2
11833 1
11834 1
11838 1
11840 1
11841 1
11842 1
11844 1
11846 1
11847 1
11848 1
11850 3
11851 1
11852 1
11854 1
11856 1
11857 1
11858 1
11860 1
11861 2
11863 1
11865 1
11869 1
11870 1
11871 2
11872 1
11873 1
11875 1
11876 1
11877 2
11881 1
11886 1
11888 1
11889 1
11890 1
11892 2
11894 2
11897 1
11898 1
11900 2
11901 1
11902 1
11904 1
11906 1
11907 3
11912 1
11917 2
11918 1
11919 1
11923 2
11929 1
11930 1
11931 1
11932 1
11933 1
11935 1
11936 2
11941 1
11947 1
11948 1
11950 2
11951 2
11954 1
11955 1
11960 1
11971 1
11976 1
11977 2
11979 3
11980 2
11982 1
11984 1
11990 1
11995 1
11997 2
12001 2
12002 1
12007 1
12008 1
12010 3
12014 2
12016 1
12020 1
12022 1
12023 1
12026 3
12028 1
12031 1
12032 1
12033 2
12034 1
12035 1
12036 1
12037 1
12051 2
12053 1
12057 2
12059 1
12060 2
12061 1
12062 1
12064 1
12065 1
12066 1
12074 1
12076 1
12080 3
12082 1
12093 1
12098 1
12100 2
12101 1
12103 1
12104 2
12105 1
12106 2
12107 1
12111 2
12113 1
12116 1
12121 1
12123 1
12125 1
12126 1
12127 1
12131 1
12134 1
12136 1
12138 1
12140 2
12143 1
12144 1
12145 1
12149 1
12150 2
12152 1
12154 3
12158 1
12159 1
12160 1
12161 1
12164 1
12165 1
12167 1
12169 1
12178 1
12179 1
12181 2
12183 3
12187 1
12188 2
12189 1
12190 1
12191 1
12193 1
12194 1
12196 2
12201 1
12204 2
12206 2
12208 1
12216 1
12217 1
12219 1
12225 1
12226 1
12228 1
12230 1
12233 1
12234 1
12235 2
12237 1
12239 2
12243 1
12245 1
12251 1
12255 1
12263 1
12264 1
12266 1
12268 2
12270 1
12272 1
12274 1
12278 1
12279 1
12280 1
12282 2
12284 2
12289 1
12299 1
12303 1
12307 1
12309 3
12310 1
12311 2
12312 1
12313 1
12315 1
12317 1
12318 1
12320 1
12322 1
12329 1
12334 2
12335 1
12340 1
12341 1
12343 1
12346 1
12349 1
12353 1
12355 1
12358 1
12361 1
12363 1
12364 1
12368 1
12369 1
12378 1
12388 1
12390 2
12392 1
12393 1
12400 1
12402 1
12407 1
12408 1
12410 1
12412 2
12415 2
12425 1
12427 1
12431 1
12433 3
12437 1
12438 1
12439 1
12442 1
12444 1
12446 1
12447 1
12448 1
12454 1
12456 1
12458 3
12462 1
12467 1
12469 1
12470 1
12471 1
12473 1
12476 1
12477 1
12479 1
12480 1
12483 1
12485 2
12487 1
12489 1
12491 1
12493 1
12498 1
12505 1
12508 1
12512 1
12514 1
12516 1
12517 1
12520 1
12521 1
12523 1
12527 1
12532 1
12534 2
12536 2
12538 1
12541 1
12547 1
12552 1
12556 1
12557 1
12559 2
12561 1
12563 2
12567 1
12568 1
12570 1
12571 1
12576 1
12586 1
12588 2
12590 2
12593 1
12599 2
12600 1
12606 1
12611 1
12615 1
12617 2
12618 1
12619 2
12621 2
12624 1
12630 1
12636 1
12637 1
12642 2
12646 1
12649 1
12653 1
12661 1
12666 1
12667 1
12677 1
12683 1
12689 1
12696 3
12700 1
12708 1
12714 1
12717 1
12720 2
12721 1
12726 1
12731 1
12735 1
12737 1
12739 2
12742 1
12743 1
12745 1
12746 1
12750 1
12751 1
12756 1
12760 1
12762 1
12764 1
12766 1
12768 1
12771 1
12772 1
12773 1
12774 1
12778 1
12779 1
12785 1
12786 1
12789 1
12791 1
12793 1
12796 1
12797 1
12799 1
12800 1
12803 1
12811 1
12818 1
12820 1
12821 1
12822 1
12825 2
12828 1
12835 1
12836 1
12840 2
12843 1
12846 2
12847 1
12850 1
12861 1
12863 1
12864 1
12865 1
12869 2
12872 1
12874 2
12875 2
12878 1
12879 1
12886 1
12890 2
12894 1
12901 1
12903 2
12904 1
12905 1
12907 1
12908 1
12915 1
12917 1
12919 1
12921 1
12923 1
12925 1
12926 1
12929 1
12938 1
12944 1
12946 1
12948 1
12950 1
12954 1
12964 2
12968 1
12969 1
12985 1
12991 1
12993 2
12995 1
12997 1
13004 1
13008 1
13010 1
13016 1
13023 1
13028 1
13029 1
13032 1
13035 1
13039 1
13041 1
13047 2
13049 1
13053 1
13054 1
13062 1
13068 1
13072 1
13077 1
13078 2
13082 1
13083 1
13094 1
13097 1
13100 1
13106 1
13109 1
13111 1
13112 1
13119 2
13124 1
13125 1
13129 1
13130 1
13144 2
13152 1
13153 1
13154 1
13156 1
13158 1
13159 1
13162 1
13163 1
13167 2
13173 2
13177 1
13179 1
13183 1
13191 1
13192 1
13196 2
13198 1
13202 2
13206 2
13207 1
13208 1
13209 1
13210 1
13212 1
13213 1
13227 1
13235 1
13238 1
13239 1
13250 1
13252 1
13253 1
13256 1
13257 2
13276 1
13281 1
13282 1
13286 2
13292 1
13297 1
13303 1
13305 1
13312 1
13316 1
13318 1
13328 1
13335 1
13336 1
13340 1
13343 1
13353 1
13356 1
13359 1
13361 1
13366 1
13381 1
13382 1
13386 1
13395 1
13403 1
13406 1
13408 1
13413 1
13428 1
13433 1
13442 1
13446 1
13456 1
13457 1
13460 1
13462 1
13464 1
13466 1
13471 1
13482 1
13485 2
13486 1
13487 1
13489 1
13491 1
13494 1
13495 1
13496 1
13500 1
13511 1
13514 1
13516 1
13523 1
13525 1
13529 1
13539 1
13541 1
13547 1
13554 1
13560 1
13565 1
13570 1
13572 1
13576 1
13584 1
13586 1
13589 1
13594 1
13601 1
13603 1
13613 1
13624 2
13630 1
13632 1
13645 1
13650 1
13655 1
13667 2
13670 1
13679 1
13692 1
13714 2
13717 1
13733 1
13735 1
13739 1
13746 1
13748 1
13760 1
13764 1
13768 1
13769 1
13771 1
13774 1
13775 1
13789 1
13791 1
13797 1
13798 1
13800 1
13802 1
13803 1
13812 1
13814 1
13818 1
13831 1
13836 1
13838 1
13841 1
13843 1
13849 2
13859 1
13861 1
13865 1
13878 2
13888 1
13890 1
13892 3
13896 1
13919 1
13921 3
13925 1
13932 1
13939 1
13942 1
13944 1
13951 1
13968 1
13975 1
13998 1
14022 2
14041 1
14047 1
14052 1
14058 1
14072 1
14081 1
14087 1
14095 1
14101 1
14124 1
14130 1
14142 1
14148 1
14171 1
14176 1
14177 1
14180 1
14185 1
14205 1
14209 1
14214 1
14223 1
14225 1
14231 1
14252 1
14259 1
14270 1
14299 1
14306 1
14331 1
14349 1
14353 1
14356 1
14374 1
14399 1
14421 1
14446 1
14469 1
14475 1
14488 1
14498 1
14500 1
14504 1
14512 1
14517 1
14529 1
14531 1
14541 1
14559 1
14560 1
14578 2
14588 1
14607 2
14642 1
14661 1
14777 1
14787 1
14806 1
14815 1
14816 1
14820 1
14844 1
14849 1
14862 1
14867 1
14891 1
14896 1
14905 1
14934 1
14945 1
14950 1
14988 1
15035 1
15104 1
15133 1
15151 1
15180 1
15194 1
15198 1
15223 1
15227 1
15234 1
15277 1
15324 1
15506 1
15535 1
15790 1
15819 1
15833 1
15862 1
15880 1
15909 1
15963 1
End
