NMec = 95584
T = 15
P = 8
Profits not ignored
Valid tasks:                                                            25777
Solution time = 5.363e-04
Task data
    0  21  1941 0
    1  18  2627 1
    3  14  2071 2
    3  16  2042 3
    3  24  2916 4
    4  22  4569 5
    4  24  1898 6
    6  13   583 -1
    8  24  1988 7
   10  13   608 -1
   10  18  1306 -1
   11  18   895 -1
   11  28  1614 -1
   13  18   686 -1
   18  27  1738 2
Best profit: 21790
All profits:
0 1
583 1
608 1
686 1
895 1
1191 1
1269 1
1294 1
1306 1
1478 1
1503 1
1581 1
1614 1
1738 1
1877 1
1889 1
1898 1
1914 1
1941 1
1988 1
1992 1
2042 1
2071 1
2086 1
2164 1
2189 1
2197 1
2201 1
2222 1
2300 1
2321 1
2346 1
2424 1
2481 1
2497 1
2506 1
2509 1
2524 1
2549 1
2571 1
2575 1
2584 1
2596 1
2600 1
2625 1
2627 2
2633 1
2650 1
2654 1
2674 1
2679 1
2728 1
2757 1
2772 1
2784 1
2793 1
2805 1
2809 1
2836 1
2883 2
2887 1
2908 1
2916 1
2920 1
2929 1
2937 1
2966 1
3007 1
3032 1
3044 1
3089 1
3092 1
3117 1
3132 1
3167 1
3179 1
3183 1
3192 1
3195 1
3204 1
3210 2
3216 1
3233 1
3235 2
3241 1
3247 1
3257 1
3262 1
3282 1
3294 1
3311 1
3313 1
3319 1
3336 1
3340 1
3348 1
3352 1
3365 1
3376 1
3377 1
3392 1
3401 1
3419 1
3444 1
3466 1
3470 1
3479 1
3491 2
3495 1
3499 1
3503 1
3512 1
3520 1
3522 2
3524 1
3528 1
3545 1
3549 1
3555 1
3569 1
3574 1
3602 2
3606 1
3615 1
3623 1
3627 1
3636 1
3652 2
3656 1
3679 1
3685 1
3700 1
3726 1
3730 1
3775 1
3778 1
3780 1
3787 1
3803 1
3809 1
3811 1
3812 1
3815 1
3818 2
3824 1
3830 1
3839 1
3855 1
3865 1
3877 1
3886 1
3890 1
3896 1
3902 2
3919 1
3921 1
3927 1
3929 1
3931 1
3933 2
3935 1
3939 1
3940 1
3948 1
3956 1
3960 2
3969 1
3980 1
3983 1
3984 1
3985 1
4012 1
4027 1
4030 1
4034 1
4038 1
4059 1
4062 1
4063 1
4074 1
4078 1
4087 1
4095 1
4099 1
4105 2
4107 1
4111 1
4113 1
4120 1
4128 1
4130 2
4138 1
4142 1
4152 1
4157 1
4163 1
4177 1
4185 2
4189 2
4198 1
4206 1
4208 1
4210 2
4214 1
4219 1
4222 1
4231 1
4235 2
4239 1
4241 2
4243 1
4244 1
4247 1
4260 1
4262 1
4264 1
4268 1
4272 1
4287 1
4288 1
4293 1
4309 1
4313 1
4322 1
4334 1
4338 1
4342 1
4363 1
4365 2
4371 1
4386 1
4388 1
4392 1
4394 1
4395 1
4398 1
4407 1
4412 1
4417 1
4419 1
4422 1
4423 1
4438 1
4447 1
4450 1
4466 1
4469 1
4473 1
4485 1
4494 1
4495 1
4497 2
4498 1
4501 1
4504 1
4510 1
4512 1
4516 2
4522 1
4523 1
4525 2
4530 1
4531 1
4537 1
4539 1
4541 2
4543 1
4547 1
4548 1
4551 1
4552 1
4563 1
4566 1
4568 2
4569 1
4572 1
4574 1
4577 1
4580 1
4588 1
4591 1
4595 1
4613 1
4615 2
4617 1
4619 1
4620 1
4621 2
4625 1
4626 1
4638 1
4642 2
4646 2
4654 1
4655 1
4658 1
4667 1
4669 2
4670 1
4671 1
4675 1
4682 1
4696 1
4698 2
4703 1
4704 1
4707 1
4713 2
4716 1
4721 1
4725 1
4734 1
4745 1
4746 1
4750 1
4760 1
4772 1
4781 2
4785 1
4791 1
4793 2
4797 2
4799 1
4805 1
4806 1
4814 2
4816 1
4818 1
4824 3
4826 1
4827 1
4828 2
4830 2
4835 1
4843 1
4847 1
4849 2
4851 1
4855 2
4857 1
4861 1
4864 1
4870 1
4871 1
4875 1
4876 1
4878 1
4880 1
4896 1
4904 1
4905 1
4907 1
4908 2
4917 1
4921 1
4925 2
4927 1
4929 1
4930 1
4933 1
4942 1
4948 2
4950 1
4954 2
4958 2
4962 1
4971 1
4973 2
4979 1
4985 1
4987 1
4990 1
4991 1
4995 1
5000 1
5002 1
5006 1
5008 1
5015 1
5020 1
5030 1
5032 1
5033 1
5049 1
5051 1
5058 1
5074 1
5077 1
5078 1
5080 2
5081 1
5084 1
5086 1
5093 1
5103 1
5105 2
5108 2
5109 1
5113 1
5114 1
5115 1
5117 1
5120 1
5124 2
5130 1
5131 1
5133 2
5134 1
5136 2
5138 1
5139 1
5145 1
5151 1
5152 1
5155 1
5157 1
5159 1
5160 1
5163 1
5171 1
5174 1
5176 1
5177 1
5180 1
5182 1
5183 1
5188 1
5192 1
5198 2
5202 1
5203 1
5204 1
5208 1
5209 1
5211 1
5216 1
5217 1
5221 1
5223 2
5225 1
5227 1
5229 2
5233 1
5234 1
5235 1
5237 2
5238 1
5241 1
5246 1
5250 2
5252 2
5254 2
5255 1
5258 1
5260 2
5262 1
5263 1
5266 2
5275 1
5277 2
5281 2
5283 1
5287 1
5289 1
5290 1
5293 1
5299 1
5301 1
5304 1
5306 2
5307 1
5312 1
5317 1
5318 1
5324 1
5328 1
5333 1
5336 1
5340 2
5342 1
5344 1
5353 1
5355 1
5361 1
5364 1
5365 1
5368 1
5380 1
5382 1
5384 1
5389 2
5390 1
5393 1
5394 1
5397 1
5399 1
5401 1
5407 2
5411 2
5413 1
5418 1
5419 1
5420 2
5422 1
5423 1
5425 1
5426 1
5432 3
5434 1
5436 2
5438 1
5440 1
5443 1
5444 1
5447 1
5453 1
5458 1
5461 1
5463 2
5464 1
5465 1
5467 1
5469 1
5472 1
5479 1
5483 1
5486 1
5487 1
5490 1
5491 2
5500 2
5504 1
5508 1
5510 3
5512 2
5513 1
5514 1
5515 1
5516 3
5521 1
5525 1
5533 2
5535 1
5537 2
5541 3
5543 3
5545 1
5547 2
5549 1
5550 2
5553 1
5554 1
5556 2
5562 2
5564 2
5566 2
5568 1
5570 2
5574 1
5577 1
5583 1
5590 1
5591 1
5593 3
5594 1
5595 1
5597 1
5598 1
5599 1
5603 1
5611 1
5615 1
5616 1
5624 1
5626 1
5628 1
5634 1
5640 2
5641 1
5644 2
5648 1
5657 1
5659 1
5667 1
5669 1
5671 2
5673 2
5676 1
5677 1
5678 1
5686 1
5688 2
5692 1
5694 2
5698 1
5700 1
5701 1
5707 1
5709 1
5713 1
5716 2
5718 1
5719 2
5721 2
5722 1
5723 1
5725 1
5727 1
5728 1
5742 1
5744 2
5750 1
5752 1
5753 1
5756 1
5759 1
5760 1
5763 1
5765 1
5766 1
5768 1
5771 1
5772 1
5775 1
5791 1
5794 1
5797 1
5799 2
5800 2
5801 1
5803 2
5806 2
5810 1
5812 1
5816 1
5817 1
5818 1
5819 1
5820 1
5822 1
5824 1
5825 1
5827 1
5829 1
5831 2
5833 1
5836 1
5837 2
5838 1
5843 3
5845 2
5846 1
5849 2
5851 1
5853 1
5854 1
5857 1
5858 2
5860 2
5862 1
5863 1
5866 1
5868 2
5872 1
5874 2
5875 1
5876 1
5878 1
5880 1
5881 1
5882 1
5883 1
5884 1
5886 1
5889 2
5890 1
5895 1
5897 1
5901 2
5907 1
5909 1
5910 1
5915 1
5919 1
5921 2
5923 2
5925 1
5926 1
5927 2
5928 1
5932 1
5936 2
5938 1
5944 2
5946 1
5948 3
5952 1
5957 1
5960 1
5961 1
5963 1
5967 1
5969 1
5971 1
5972 1
5973 2
5975 2
5976 1
5977 1
5979 2
5981 1
5990 1
5992 1
5998 1
6000 1
6002 2
6003 2
6004 2
6005 1
6006 1
6008 1
6009 1
6010 1
6011 1
6015 1
6019 2
6022 1
6026 2
6027 1
6028 2
6031 1
6033 1
6036 1
6040 1
6046 1
6047 1
6048 1
6050 1
6051 1
6052 1
6054 1
6055 1
6061 1
6066 1
6069 1
6071 1
6072 1
6075 1
6080 1
6083 2
6087 2
6093 2
6095 1
6097 1
6098 1
6099 2
6101 1
6104 1
6105 1
6106 1
6108 2
6109 1
6111 1
6112 1
6116 1
6118 3
6120 2
6122 1
6124 1
6126 3
6129 1
6130 3
6132 1
6133 2
6136 1
6137 1
6139 2
6141 1
6145 2
6147 2
6149 3
6150 1
6151 3
6153 1
6155 2
6157 1
6158 1
6160 1
6161 1
6162 1
6163 1
6166 1
6170 1
6172 2
6173 1
6176 3
6177 1
6178 1
6180 1
6182 2
6183 1
6184 1
6185 1
6186 1
6188 1
6191 1
6194 1
6196 1
6198 1
6199 1
6201 2
6202 1
6205 1
6207 1
6209 1
6210 1
6211 1
6213 1
6219 1
6223 2
6227 2
6229 3
6231 2
6232 1
6233 1
6234 1
6235 2
6236 1
6239 1
6240 1
6242 1
6248 1
6250 2
6252 2
6254 2
6256 3
6260 2
6261 1
6263 2
6264 1
6268 1
6269 1
6275 1
6277 2
6279 3
6281 2
6283 2
6284 1
6285 1
6286 1
6289 1
6290 1
6292 1
6293 1
6296 1
6301 1
6302 1
6304 1
6306 2
6307 1
6308 1
6310 2
6312 2
6314 1
6315 1
6317 1
6318 1
6321 1
6326 1
6327 2
6329 1
6330 1
6333 1
6335 2
6336 1
6339 1
6348 1
6351 1
6353 2
6355 1
6357 1
6358 1
6359 1
6360 1
6364 2
6374 1
6376 1
6380 2
6382 1
6383 1
6384 1
6386 2
6393 1
6395 2
6399 1
6402 1
6405 2
6407 4
6408 1
6409 1
6410 1
6411 2
6413 1
6414 2
6419 1
6420 1
6426 1
6428 2
6430 1
6434 1
6435 1
6436 3
6437 1
6438 3
6439 2
6440 1
6441 1
6442 2
6444 1
6445 2
6446 1
6449 1
6451 2
6454 1
6457 2
6458 1
6459 1
6461 2
6463 1
6464 1
6465 2
6466 2
6467 1
6469 1
6471 1
6472 1
6478 1
6480 1
6482 1
6483 2
6484 1
6485 1
6486 1
6488 1
6489 2
6490 1
6492 2
6493 1
6494 1
6498 1
6504 2
6509 1
6510 2
6511 1
6513 2
6515 1
6517 1
6518 2
6519 2
6521 1
6522 1
6523 1
6527 1
6529 3
6531 2
6535 2
6536 1
6537 1
6539 2
6540 2
6543 2
6544 2
6546 1
6552 2
6554 2
6556 3
6557 1
6558 2
6560 1
6561 1
6562 3
6564 1
6565 1
6566 2
6567 2
6568 3
6569 1
6572 2
6573 1
6575 1
6579 1
6581 1
6583 3
6585 1
6587 4
6589 1
6593 1
6594 1
6595 1
6596 2
6599 1
6601 1
6602 1
6605 1
6607 1
6608 1
6609 1
6610 2
6611 3
6612 2
6613 1
6614 2
6616 2
6618 1
6619 1
6622 1
6623 1
6630 1
6634 2
6637 1
6639 1
6640 1
6642 1
6643 1
6644 1
6645 1
6646 2
6648 1
6654 1
6655 1
6657 2
6658 1
6659 1
6661 1
6662 1
6663 2
6665 1
6667 1
6670 1
6684 1
6686 2
6688 2
6689 1
6690 1
6691 2
6692 2
6694 1
6695 2
6696 2
6697 1
6700 1
6701 2
6703 1
6705 1
6709 1
6712 1
6713 2
6714 1
6717 1
6719 1
6722 3
6724 1
6725 1
6726 2
6728 2
6729 1
6731 1
6732 1
6733 1
6734 3
6738 3
6740 3
6741 1
6744 1
6745 1
6746 2
6747 2
6749 1
6753 2
6755 3
6757 1
6758 1
6759 1
6765 1
6766 1
6767 1
6768 1
6769 2
6770 1
6771 2
6773 1
6774 1
6776 1
6778 1
6779 1
6781 1
6784 2
6785 1
6787 1
6788 1
6790 1
6791 1
6792 1
6793 1
6794 1
6796 2
6802 2
6804 1
6805 1
6806 2
6812 3
6814 1
6815 1
6816 3
6817 1
6818 3
6819 1
6821 1
6822 1
6823 2
6825 1
6827 1
6831 2
6833 1
6835 2
6837 3
6839 2
6841 1
6843 3
6845 1
6846 2
6847 2
6848 1
6849 3
6851 1
6852 2
6855 1
6856 2
6858 2
6860 1
6862 3
6864 2
6866 3
6868 3
6869 2
6870 2
6871 2
6872 2
6874 2
6876 2
6877 1
6883 1
6885 2
6887 1
6889 2
6890 1
6891 2
6893 1
6895 3
6896 1
6897 2
6898 1
6899 3
6900 1
6901 2
6903 1
6904 1
6906 1
6909 1
6912 1
6913 1
6914 1
6915 2
6917 1
6918 2
6920 2
6921 1
6922 1
6926 1
6928 1
6930 1
6931 1
6932 1
6936 2
6938 1
6940 1
6941 1
6942 1
6943 1
6946 2
6947 2
6949 2
6950 2
6954 1
6956 1
6959 1
6961 2
6963 1
6965 1
6967 1
6969 1
6972 1
6973 1
6975 2
6976 1
6978 2
6979 2
6982 1
6984 1
6988 1
6990 3
6992 2
6993 1
6994 2
6996 2
6998 1
7000 1
7001 1
7003 2
7004 1
7007 1
7011 1
7013 2
7015 3
7018 1
7019 2
7021 4
7022 2
7025 2
7027 2
7028 1
7029 1
7032 1
7033 1
7034 2
7036 1
7037 1
7039 1
7042 1
7044 3
7046 3
7048 1
7049 1
7050 3
7054 1
7055 1
7056 1
7057 1
7058 1
7061 1
7062 1
7065 1
7066 2
7068 1
7069 1
7071 1
7072 2
7073 1
7074 2
7075 2
7077 2
7078 1
7079 1
7080 1
7081 1
7086 1
7091 1
7093 3
7096 2
7097 1
7100 2
7101 2
7102 1
7103 1
7104 1
7105 2
7106 1
7112 2
7114 1
7118 2
7119 1
7120 1
7121 2
7122 3
7123 1
7124 3
7125 1
7126 2
7127 2
7128 1
7129 1
7130 1
7131 1
7133 1
7135 2
7137 1
7139 2
7140 1
7143 1
7144 1
7145 2
7147 2
7148 1
7149 2
7150 2
7151 4
7152 2
7153 1
7155 2
7156 1
7157 3
7158 2
7159 1
7160 1
7162 1
7163 1
7164 3
7165 1
7166 2
7168 1
7169 1
7170 3
7172 1
7174 2
7175 2
7176 2
7178 3
7179 2
7180 2
7181 1
7182 1
7184 1
7185 1
7187 1
7188 1
7190 1
7191 2
7193 1
7194 1
7195 2
7196 3
7197 1
7199 2
7201 2
7202 2
7203 1
7204 3
7205 2
7207 3
7209 1
7210 1
7213 1
7215 1
7216 1
7217 1
7218 1
7219 1
7221 1
7222 2
7223 1
7224 1
7225 2
7226 1
7228 1
7229 2
7230 1
7231 1
7234 1
7238 2
7240 2
7242 3
7243 1
7244 1
7245 1
7246 1
7247 1
7248 4
7250 2
7251 1
7252 1
7253 2
7254 3
7258 1
7259 1
7263 1
7265 2
7269 3
7271 2
7273 2
7275 2
7277 1
7278 1
7279 2
7280 1
7281 3
7282 1
7283 1
7285 2
7287 1
7288 1
7292 2
7294 2
7296 2
7297 2
7298 1
7300 2
7302 3
7304 2
7305 2
7306 1
7308 3
7309 2
7311 1
7312 1
7314 1
7317 1
7321 2
7323 3
7325 1
7326 1
7328 1
7329 1
7330 3
7331 2
7332 2
7333 1
7334 2
7335 1
7336 1
7337 1
7338 1
7339 1
7340 1
7341 1
7342 1
7343 1
7348 2
7349 1
7352 1
7353 1
7354 2
7356 1
7359 1
7360 1
7361 2
7362 1
7363 1
7364 1
7366 1
7367 1
7370 1
7372 1
7373 1
7374 1
7375 1
7377 2
7378 2
7379 1
7381 1
7382 2
7384 1
7385 1
7386 1
7387 1
7388 1
7389 2
7395 1
7399 2
7401 1
7404 1
7405 1
7406 1
7407 1
7408 3
7410 2
7411 2
7412 1
7413 2
7414 3
7415 1
7417 1
7420 3
7422 1
7424 3
7426 3
7428 1
7430 1
7431 2
7432 4
7433 1
7435 2
7438 1
7439 3
7441 4
7443 1
7445 2
7447 1
7449 1
7451 4
7452 2
7453 3
7454 2
7455 2
7456 1
7457 5
7459 1
7460 2
7462 2
7463 1
7464 2
7465 1
7466 1
7467 1
7468 2
7470 1
7472 1
7474 3
7476 1
7477 1
7478 3
7479 1
7480 1
7482 5
7484 2
7485 1
7486 1
7488 2
7489 2
7490 1
7491 3
7492 1
7493 1
7494 1
7495 1
7496 1
7497 2
7498 2
7500 1
7501 1
7502 1
7503 3
7504 2
7505 2
7506 1
7507 3
7509 2
7511 2
7513 1
7514 1
7515 1
7521 1
7523 1
7524 1
7525 1
7529 3
7531 2
7532 2
7533 2
7534 1
7535 4
7536 1
7537 2
7538 2
7539 1
7540 1
7541 2
7542 2
7544 2
7546 1
7548 1
7550 1
7552 3
7554 2
7555 1
7556 2
7557 2
7558 4
7560 1
7562 3
7565 1
7567 1
7569 2
7571 2
7574 1
7575 2
7576 1
7577 1
7579 1
7581 4
7583 3
7584 1
7585 4
7586 2
7587 3
7589 2
7590 1
7591 1
7592 2
7595 1
7596 1
7598 3
7600 1
7601 1
7604 2
7606 1
7608 1
7610 1
7612 3
7613 1
7614 3
7616 2
7617 2
7618 2
7619 2
7620 1
7621 1
7622 1
7623 1
7624 1
7625 1
7627 2
7629 3
7632 1
7633 2
7635 3
7636 1
7637 1
7639 1
7640 1
7641 2
7642 2
7645 1
7647 1
7648 1
7650 1
7654 1
7657 2
7658 1
7659 2
7660 1
7661 2
7662 1
7663 1
7664 2
7665 1
7666 2
7668 1
7669 1
7670 1
7674 1
7676 2
7680 1
7682 2
7683 1
7685 1
7686 2
7688 1
7689 1
7695 1
7697 2
7699 1
7701 4
7704 2
7705 1
7707 3
7708 1
7709 2
7710 1
7711 2
7712 1
7713 4
7714 1
7715 2
7716 1
7718 1
7719 1
7720 1
7722 1
7728 1
7730 3
7732 3
7734 2
7735 1
7736 2
7738 1
7740 4
7741 3
7742 3
7743 2
7744 3
7746 1
7747 3
7748 1
7749 1
7751 2
7752 1
7753 1
7755 1
7757 2
7758 2
7759 2
7760 2
7761 3
7763 3
7764 2
7765 3
7766 2
7767 1
7770 1
7771 2
7772 2
7773 1
7774 1
7777 1
7778 1
7779 2
7780 1
7782 1
7784 2
7785 1
7786 3
7787 3
7788 1
7789 1
7790 3
7791 1
7792 2
7793 1
7794 1
7795 1
7796 1
7798 2
7799 2
7801 1
7802 1
7804 3
7805 1
7807 2
7808 1
7809 1
7810 2
7812 1
7813 2
7815 2
7816 1
7817 1
7819 2
7821 2
7823 1
7824 2
7825 3
7826 1
7827 1
7830 1
7831 3
7833 2
7834 1
7835 1
7836 2
7837 3
7839 1
7841 2
7842 2
7843 2
7844 1
7845 2
7846 3
7848 2
7849 1
7850 2
7851 1
7852 1
7854 1
7856 3
7858 2
7860 2
7861 1
7862 2
7863 1
7864 4
7865 1
7866 1
7867 1
7868 3
7869 1
7870 2
7871 2
7873 2
7874 2
7875 1
7877 4
7878 1
7879 2
7880 1
7881 1
7882 1
7883 1
7885 3
7887 3
7888 2
7889 4
7890 1
7891 2
7893 3
7895 1
7896 1
7898 1
7900 2
7901 1
7902 2
7904 2
7905 1
7906 1
7907 1
7908 2
7909 1
7910 2
7911 1
7913 1
7914 3
7915 1
7916 3
7917 3
7918 1
7920 3
7921 1
7922 2
7924 2
7925 1
7926 1
7928 1
7929 1
7931 3
7932 1
7933 1
7934 2
7936 1
7937 1
7939 2
7940 1
7943 2
7944 1
7945 2
7946 2
7947 1
7948 1
7949 2
7950 1
7951 2
7952 1
7955 1
7957 1
7960 1
7961 2
7963 2
7964 1
7965 2
7967 4
7968 1
7969 3
7970 1
7971 1
7972 1
7974 1
7978 2
7980 1
7986 1
7988 2
7990 3
7991 2
7992 2
7993 1
7994 3
7995 1
7996 2
7997 2
7998 2
7999 1
8000 1
8002 1
8003 1
8007 3
8009 2
8013 1
8014 1
8015 2
8016 3
8017 1
8018 1
8019 2
8020 1
8021 3
8022 1
8023 1
8024 3
8025 1
8028 3
8030 1
8031 1
8034 3
8035 1
8036 1
8038 1
8039 1
8040 4
8042 1
8043 1
8045 2
8046 3
8047 3
8048 2
8049 3
8050 3
8051 1
8052 3
8053 2
8055 1
8057 1
8059 3
8060 2
8061 3
8063 1
8064 1
8065 2
8067 1
8068 2
8070 2
8071 2
8072 1
8073 2
8074 3
8075 2
8076 1
8077 1
8078 1
8079 1
8080 2
8081 1
8082 1
8085 1
8086 2
8087 1
8088 1
8089 1
8090 3
8091 2
8092 2
8093 2
8094 2
8096 2
8097 3
8098 1
8099 3
8100 1
8102 1
8103 1
8104 1
8106 1
8107 1
8108 2
8110 1
8111 1
8112 1
8113 1
8114 3
8117 2
8118 4
8119 1
8120 1
8121 2
8123 1
8124 3
8125 2
8127 3
8129 2
8131 1
8132 1
8133 2
8135 2
8137 4
8138 1
8139 3
8140 2
8141 2
8142 1
8143 5
8145 2
8146 1
8148 2
8149 2
8150 2
8151 2
8152 2
8153 1
8154 3
8157 1
8158 2
8160 3
8162 1
8164 4
8166 3
8168 5
8170 4
8171 2
8172 3
8173 1
8174 2
8175 3
8176 3
8177 3
8178 1
8179 2
8180 2
8181 2
8182 2
8183 2
8184 1
8187 2
8189 3
8191 3
8192 1
8193 4
8195 2
8196 1
8197 5
8199 2
8200 1
8201 3
8202 1
8203 2
8204 2
8205 2
8206 1
8207 1
8208 1
8209 1
8210 2
8212 1
8215 1
8216 1
8217 1
8218 3
8219 1
8220 3
8221 3
8222 3
8223 1
8224 3
8225 3
8226 2
8227 2
8228 2
8230 2
8231 1
8232 1
8233 2
8234 1
8237 1
8238 1
8240 1
8242 2
8243 2
8244 2
8247 1
8248 2
8249 2
8251 3
8252 1
8253 2
8254 1
8255 2
8256 2
8257 1
8258 1
8259 1
8260 1
8262 1
8265 2
8267 3
8268 1
8269 2
8271 3
8272 1
8273 1
8274 1
8275 1
8276 1
8277 2
8278 2
8280 1
8281 2
8282 1
8284 3
8290 1
8292 1
8294 2
8295 1
8296 3
8298 3
8299 1
8300 3
8302 2
8303 2
8304 1
8305 4
8306 2
8307 1
8309 2
8310 2
8311 1
8313 1
8315 3
8317 2
8319 1
8321 4
8323 3
8324 1
8325 2
8326 1
8327 4
8328 1
8332 1
8334 3
8335 1
8336 3
8338 1
8339 1
8340 2
8342 1
8343 2
8344 1
8345 1
8346 2
8347 1
8348 5
8349 3
8350 3
8352 4
8354 3
8355 2
8356 1
8357 1
8359 1
8360 2
8361 1
8363 2
8367 1
8368 1
8369 3
8371 1
8372 2
8374 1
8375 1
8377 2
8378 2
8379 2
8380 2
8381 3
8382 1
8383 2
8384 1
8385 1
8386 1
8387 3
8388 1
8390 2
8392 2
8393 2
8395 3
8396 1
8397 1
8398 2
8399 3
8400 1
8401 1
8402 3
8406 2
8407 2
8408 2
8410 1
8416 2
8418 1
8419 1
8420 1
8422 1
8424 4
8425 1
8426 4
8427 3
8428 3
8429 2
8430 3
8431 1
8432 2
8433 3
8434 1
8435 2
8437 2
8439 2
8441 2
8443 1
8444 1
8445 2
8446 1
8447 2
8449 2
8450 1
8451 3
8452 2
8453 3
8454 2
8455 1
8456 2
8457 3
8458 1
8459 2
8460 3
8461 1
8462 1
8463 2
8464 2
8465 1
8466 3
8468 1
8469 1
8470 4
8471 2
8472 4
8473 1
8476 4
8477 1
8478 4
8479 1
8480 3
8481 3
8482 2
8483 1
8484 3
8485 4
8486 1
8487 2
8488 1
8490 2
8491 1
8493 3
8495 1
8496 1
8497 2
8498 1
8499 3
8500 1
8501 1
8502 2
8503 2
8504 1
8505 2
8506 1
8507 3
8508 3
8509 5
8510 3
8511 2
8512 1
8513 3
8514 2
8515 1
8516 2
8517 2
8519 1
8520 1
8522 2
8523 1
8524 1
8525 2
8526 1
8527 1
8528 3
8529 2
8530 1
8531 2
8532 3
8534 2
8535 1
8536 1
8537 1
8538 1
8540 2
8542 2
8543 1
8544 2
8546 2
8548 1
8549 1
8550 3
8551 1
8552 3
8553 2
8554 4
8555 3
8556 2
8557 2
8559 2
8560 3
8561 2
8563 3
8564 1
8565 1
8569 1
8571 3
8573 2
8575 5
8577 2
8579 1
8581 2
8582 1
8583 1
8584 2
8585 1
8586 2
8587 3
8588 1
8589 1
8590 2
8592 1
8593 1
8594 2
8596 2
8598 3
8599 3
8600 3
8602 3
8603 2
8604 4
8606 3
8607 2
8608 3
8610 3
8611 2
8614 2
8615 1
8617 2
8623 2
8625 2
8627 2
8628 1
8629 5
8630 1
8631 2
8632 4
8633 3
8634 1
8635 3
8636 3
8637 3
8638 3
8639 1
8641 1
8642 2
8643 2
8644 2
8646 1
8647 1
8649 1
8650 1
8651 1
8653 3
8654 2
8655 2
8656 2
8658 3
8660 3
8663 1
8664 1
8665 1
8666 1
8667 1
8668 1
8669 2
8670 1
8672 1
8674 2
8675 1
8676 3
8677 1
8678 1
8679 2
8680 2
8681 2
8682 4
8683 1
8684 2
8685 2
8686 1
8687 2
8688 3
8689 1
8690 1
8691 1
8693 1
8694 2
8696 1
8697 1
8699 2
8700 1
8701 1
8702 1
8705 1
8707 3
8710 3
8711 1
8712 1
8713 1
8714 3
8715 1
8716 3
8717 2
8719 2
8720 2
8721 1
8722 2
8725 1
8726 4
8728 3
8729 1
8731 1
8732 4
8733 2
8734 3
8735 3
8736 2
8737 2
8738 2
8739 1
8741 3
8743 3
8745 3
8746 1
8747 4
8749 1
8751 1
8753 3
8754 2
8755 1
8756 2
8757 2
8758 2
8759 5
8760 3
8761 1
8762 2
8763 2
8764 3
8765 2
8766 3
8767 2
8768 2
8770 2
8771 1
8772 4
8773 1
8774 3
8775 1
8776 4
8777 1
8778 2
8779 2
8780 3
8782 2
8783 2
8784 4
8785 1
8786 1
8787 1
8788 4
8789 2
8790 2
8791 1
8792 1
8793 3
8794 1
8795 2
8796 1
8797 3
8799 3
8800 2
8801 1
8802 1
8803 2
8804 3
8805 3
8806 1
8807 2
8808 1
8809 3
8810 4
8811 3
8812 2
8813 4
8815 3
8816 2
8817 2
8818 2
8819 1
8820 1
8821 1
8823 1
8824 1
8825 1
8826 3
8827 1
8828 1
8829 2
8830 1
8831 2
8832 1
8833 1
8834 2
8835 2
8836 2
8837 3
8838 3
8839 2
8840 2
8841 2
8842 2
8843 2
8844 2
8845 1
8846 1
8847 1
8848 2
8850 3
8852 2
8854 3
8856 3
8857 2
8858 3
8859 3
8860 3
8861 2
8862 4
8863 2
8864 3
8865 1
8866 1
8867 2
8868 1
8871 1
8873 3
8875 1
8877 3
8878 1
8879 3
8881 1
8882 1
8883 4
8885 3
8886 1
8887 4
8888 3
8889 4
8890 2
8891 4
8892 2
8893 2
8894 2
8895 2
8896 1
8897 1
8898 1
8900 1
8902 2
8903 1
8904 3
8906 3
8907 1
8908 3
8910 3
8911 2
8912 1
8913 2
8914 2
8916 3
8917 2
8918 3
8919 4
8920 3
8922 1
8923 2
8925 2
8926 1
8927 1
8928 1
8929 2
8931 3
8932 1
8933 2
8934 2
8935 4
8937 4
8938 1
8939 1
8940 2
8941 2
8942 4
8943 2
8944 3
8945 2
8946 1
8947 1
8948 2
8951 1
8952 1
8953 1
8954 2
8955 1
8956 2
8957 2
8960 2
8961 1
8962 3
8963 3
8964 2
8966 2
8967 2
8968 2
8969 1
8970 2
8971 1
8972 1
8973 1
8974 1
8975 2
8976 1
8977 1
8978 2
8980 2
8981 1
8982 2
8983 1
8984 1
8985 2
8986 2
8987 1
8988 2
8989 2
8991 4
8992 2
8995 1
8996 1
8998 1
8999 1
9001 2
9002 1
9003 4
9007 4
9009 3
9010 2
9011 1
9013 3
9014 1
9015 2
9016 2
9017 1
9018 2
9019 1
9020 3
9021 2
9022 3
9024 2
9025 1
9026 1
9027 1
9028 1
9030 1
9032 3
9034 5
9035 2
9036 3
9037 1
9038 4
9040 2
9041 1
9042 2
9043 2
9044 1
9045 2
9046 4
9047 2
9049 4
9052 1
9053 3
9054 1
9055 4
9057 1
9059 1
9060 1
9061 4
9062 1
9063 5
9064 3
9065 4
9066 3
9067 4
9068 3
9069 2
9070 2
9071 2
9072 2
9073 1
9074 2
9076 3
9077 1
9078 3
9079 1
9080 1
9081 2
9082 1
9084 1
9085 2
9086 3
9088 4
9089 1
9090 1
9091 2
9092 7
9093 3
9094 3
9096 3
9097 1
9098 3
9099 3
9100 2
9101 1
9102 1
9103 1
9104 1
9105 3
9106 1
9107 2
9108 2
9110 4
9111 2
9112 2
9113 2
9114 1
9115 3
9116 3
9117 4
9118 1
9119 3
9120 2
9121 4
9122 1
9123 2
9125 2
9126 1
9127 2
9128 1
9129 1
9131 1
9132 1
9133 1
9135 2
9136 1
9137 4
9138 2
9139 3
9140 2
9141 1
9142 2
9143 4
9144 1
9145 4
9146 5
9147 2
9148 3
9149 2
9150 2
9151 2
9152 3
9154 2
9155 1
9156 2
9157 1
9158 3
9160 2
9162 3
9163 2
9164 3
9166 4
9167 3
9168 2
9169 2
9170 4
9171 3
9172 2
9173 2
9175 1
9176 2
9177 2
9179 4
9181 2
9182 1
9183 4
9184 2
9185 2
9186 1
9187 1
9188 1
9189 4
9190 3
9191 3
9192 2
9193 4
9194 3
9195 7
9196 1
9197 2
9198 2
9199 3
9200 3
9201 1
9202 2
9204 1
9205 1
9206 4
9207 1
9208 1
9210 3
9211 2
9212 4
9214 2
9215 2
9216 3
9217 1
9218 2
9219 1
9220 3
9221 2
9222 3
9223 2
9224 2
9226 3
9227 2
9228 2
9229 2
9230 2
9231 1
9232 1
9233 2
9234 1
9235 2
9236 2
9237 3
9238 4
9239 2
9240 2
9241 4
9242 1
9243 4
9244 1
9245 3
9246 3
9247 1
9249 4
9250 1
9251 2
9252 2
9253 1
9255 1
9257 1
9258 1
9259 1
9261 2
9262 1
9263 1
9264 2
9265 1
9267 4
9268 1
9269 2
9270 2
9271 3
9272 2
9273 5
9274 1
9275 2
9276 2
9277 1
9278 1
9280 3
9282 2
9284 3
9285 2
9286 1
9288 1
9289 1
9290 5
9292 2
9293 1
9294 2
9295 1
9296 4
9297 2
9299 1
9300 2
9302 2
9303 1
9305 1
9309 2
9311 3
9313 2
9314 1
9315 4
9317 1
9318 3
9319 4
9320 1
9321 3
9322 3
9323 4
9324 3
9325 2
9326 1
9327 3
9328 2
9329 2
9330 4
9336 3
9339 1
9340 2
9341 1
9342 3
9344 2
9346 2
9347 1
9348 1
9349 3
9350 3
9351 3
9352 3
9353 2
9354 3
9355 5
9356 3
9357 1
9358 2
9360 1
9361 3
9362 2
9363 2
9365 3
9366 2
9367 4
9368 2
9370 1
9371 2
9372 3
9373 4
9374 3
9375 2
9376 3
9377 1
9378 1
9379 2
9380 5
9381 1
9382 3
9383 2
9384 1
9385 2
9386 1
9387 1
9388 1
9392 2
9393 3
9394 2
9395 2
9396 3
9397 2
9398 3
9399 3
9400 2
9401 3
9402 2
9403 3
9404 2
9405 4
9406 1
9407 1
9408 2
9409 2
9410 1
9411 1
9412 2
9413 1
9414 2
9415 1
9416 1
9418 3
9419 2
9420 4
9421 2
9423 3
9424 2
9425 1
9426 2
9427 3
9429 3
9430 2
9431 2
9432 1
9433 4
9434 1
9435 2
9437 1
9438 1
9439 4
9440 1
9441 2
9442 2
9443 2
9444 2
9445 6
9446 2
9447 2
9448 2
9449 2
9450 4
9451 2
9452 2
9453 2
9454 2
9455 2
9456 4
9457 1
9458 2
9459 1
9460 3
9462 3
9464 1
9465 1
9466 3
9468 2
9470 6
9472 4
9473 2
9474 5
9475 1
9476 3
9477 3
9478 3
9479 4
9480 1
9481 3
9482 3
9483 4
9484 1
9485 4
9486 1
9487 2
9488 1
9489 2
9490 1
9491 3
9493 4
9494 2
9495 4
9496 3
9497 3
9498 2
9499 7
9501 3
9502 3
9503 5
9504 1
9505 1
9506 1
9508 1
9509 1
9510 3
9511 1
9512 4
9514 1
9515 1
9516 2
9517 2
9518 2
9519 1
9520 2
9521 1
9522 3
9523 3
9524 5
9525 3
9526 3
9527 5
9528 5
9529 1
9530 3
9531 3
9532 1
9533 3
9534 2
9535 1
9536 2
9537 1
9538 1
9539 3
9540 2
9542 2
9543 1
9544 1
9545 4
9546 2
9547 1
9548 2
9549 2
9550 2
9551 1
9553 3
9554 1
9555 2
9556 1
9557 3
9558 1
9559 3
9560 2
9561 1
9562 2
9563 2
9564 2
9565 2
9566 1
9568 1
9569 2
9570 1
9571 3
9572 1
9573 3
9574 3
9575 3
9576 1
9577 4
9578 2
9579 2
9580 2
9581 2
9582 1
9583 3
9584 2
9586 3
9588 1
9589 1
9590 1
9592 1
9594 1
9596 1
9598 1
9599 2
9600 3
9601 1
9602 4
9603 1
9604 3
9605 3
9606 3
9607 2
9608 2
9609 2
9610 1
9611 4
9612 2
9613 2
9615 2
9616 1
9617 4
9618 1
9619 1
9620 1
9621 3
9623 4
9625 1
9626 1
9627 3
9628 3
9629 4
9630 3
9631 1
9632 1
9633 1
9634 1
9636 1
9638 4
9640 3
9642 4
9643 1
9644 1
9645 2
9646 2
9647 1
9648 3
9649 3
9650 2
9651 1
9652 2
9653 1
9654 5
9655 3
9656 3
9657 2
9658 1
9659 2
9660 3
9661 3
9662 2
9663 3
9664 1
9665 1
9666 1
9669 4
9671 4
9672 1
9673 2
9674 2
9675 3
9677 3
9678 1
9681 2
9682 2
9683 3
9684 4
9685 2
9686 1
9687 2
9688 3
9689 3
9690 2
9692 1
9693 3
9694 1
9695 1
9696 2
9698 1
9699 3
9700 4
9701 3
9702 4
9703 2
9704 3
9705 3
9706 3
9707 3
9708 3
9710 1
9711 1
9712 2
9713 2
9714 1
9716 1
9718 2
9720 2
9721 1
9722 2
9723 1
9724 2
9725 1
9726 1
9727 1
9728 5
9729 3
9730 3
9731 3
9732 4
9733 2
9734 2
9735 3
9737 2
9738 1
9739 3
9740 1
9741 2
9743 3
9745 3
9746 2
9747 3
9748 1
9749 4
9750 1
9751 4
9752 2
9753 4
9754 4
9755 2
9756 2
9757 2
9758 2
9759 2
9760 2
9761 1
9762 4
9763 1
9764 1
9765 1
9766 3
9767 2
9768 2
9771 1
9772 5
9773 1
9774 4
9775 2
9776 2
9777 2
9778 8
9779 1
9780 3
9781 1
9782 4
9783 3
9784 5
9785 4
9786 4
9787 4
9788 1
9789 3
9790 3
9791 3
9792 2
9793 2
9794 1
9795 1
9796 1
9797 2
9798 2
9799 3
9801 3
9802 2
9803 4
9804 1
9805 4
9806 3
9807 4
9808 2
9809 2
9810 1
9811 3
9812 3
9813 3
9814 3
9815 4
9816 1
9817 1
9818 3
9819 3
9820 2
9821 2
9822 2
9823 3
9824 2
9825 1
9826 2
9827 1
9828 3
9829 5
9830 2
9831 4
9832 5
9833 1
9834 4
9835 3
9836 2
9837 3
9838 2
9840 1
9841 2
9842 1
9843 1
9844 2
9845 1
9846 4
9847 1
9848 2
9849 2
9850 2
9851 1
9852 4
9853 1
9854 1
9855 2
9856 4
9857 3
9858 3
9859 2
9861 3
9862 2
9863 3
9865 4
9866 2
9867 3
9868 1
9869 3
9870 2
9872 2
9873 3
9875 5
9876 2
9877 3
9878 2
9879 3
9880 1
9881 5
9883 1
9884 1
9885 1
9886 2
9887 1
9888 3
9889 1
9890 2
9891 1
9892 4
9893 1
9894 1
9895 1
9896 3
9897 1
9898 4
9900 1
9902 4
9904 3
9905 3
9906 4
9907 1
9908 4
9909 2
9910 4
9911 1
9912 3
9913 3
9914 1
9915 1
9916 2
9917 2
9919 5
9920 1
9921 2
9922 1
9923 2
9924 1
9925 1
9927 3
9929 4
9930 1
9931 5
9932 2
9933 2
9934 2
9935 6
9936 1
9937 3
9938 4
9939 3
9940 1
9941 2
9943 1
9944 3
9946 1
9948 4
9949 2
9950 4
9951 1
9953 2
9955 2
9956 3
9957 3
9958 4
9959 4
9960 3
9961 1
9962 4
9963 3
9964 3
9965 1
9966 4
9968 1
9969 1
9970 1
9971 2
9972 1
9973 1
9975 2
9976 3
9977 1
9978 1
9980 2
9981 3
9982 3
9983 1
9984 1
9985 1
9986 2
9987 3
9988 5
9989 3
9990 2
9991 4
9992 2
9993 3
9994 2
9995 2
9996 1
9997 2
10000 1
10001 3
10002 2
10003 2
10004 1
10005 3
10006 2
10007 2
10008 1
10009 4
10010 1
10011 2
10012 3
10013 3
10014 1
10015 1
10016 5
10017 1
10018 1
10019 1
10020 1
10021 1
10022 4
10026 1
10027 1
10028 3
10030 1
10031 1
10032 2
10033 2
10034 4
10035 3
10036 3
10037 3
10038 6
10039 2
10040 5
10041 5
10042 2
10043 2
10044 1
10045 1
10047 3
10048 1
10049 4
10051 2
10052 1
10053 3
10055 3
10056 1
10057 1
10058 3
10059 4
10060 2
10061 3
10062 4
10063 1
10064 2
10065 4
10066 5
10067 2
10068 4
10069 2
10070 3
10071 1
10072 2
10073 2
10074 3
10076 2
10077 1
10078 5
10079 3
10080 4
10081 3
10082 4
10083 1
10084 4
10085 4
10086 3
10087 3
10088 1
10089 2
10090 4
10091 4
10092 3
10093 2
10094 3
10095 5
10096 1
10097 1
10098 1
10099 3
10101 4
10102 2
10103 1
10104 1
10105 3
10106 3
10107 4
10109 3
10110 3
10111 3
10112 4
10113 2
10114 1
10115 2
10116 5
10117 3
10118 4
10119 4
10120 3
10121 3
10122 3
10123 4
10124 2
10125 3
10126 1
10127 1
10128 3
10129 1
10130 3
10131 4
10132 3
10133 3
10134 2
10135 2
10136 3
10137 2
10138 3
10139 3
10140 3
10141 3
10142 3
10143 1
10144 2
10145 2
10146 3
10147 1
10148 2
10149 1
10150 1
10151 1
10152 2
10153 1
10154 2
10156 4
10157 1
10158 3
10159 2
10160 4
10161 1
10162 5
10163 4
10164 4
10165 4
10166 4
10167 3
10168 4
10169 4
10170 2
10171 2
10172 1
10173 2
10174 1
10175 2
10177 1
10179 4
10180 1
10181 3
10182 1
10183 2
10184 2
10185 7
10187 2
10188 1
10189 4
10190 1
10191 3
10192 2
10193 2
10194 3
10195 3
10196 3
10197 2
10198 3
10199 1
10200 2
10201 2
10202 1
10203 1
10204 2
10206 3
10208 5
10209 2
10210 5
10211 1
10212 4
10213 5
10214 4
10215 1
10216 3
10217 2
10218 3
10219 4
10220 2
10221 3
10222 3
10223 2
10224 2
10225 5
10226 1
10228 2
10231 3
10233 1
10235 2
10236 1
10237 4
10238 1
10239 4
10240 2
10241 3
10242 2
10243 4
10244 2
10245 3
10246 6
10247 4
10248 4
10249 1
10250 3
10251 3
10252 3
10253 1
10254 1
10255 1
10256 2
10257 2
10258 2
10259 1
10260 1
10261 1
10262 2
10263 3
10264 3
10265 1
10266 2
10267 3
10268 3
10269 3
10270 3
10272 2
10273 1
10274 1
10275 2
10276 2
10277 2
10278 1
10279 1
10280 1
10281 1
10282 1
10283 1
10284 2
10285 2
10286 2
10287 1
10288 3
10289 2
10290 4
10291 4
10292 2
10293 4
10294 2
10295 3
10296 3
10297 3
10298 3
10299 1
10300 1
10301 2
10302 1
10303 1
10304 2
10305 1
10307 1
10308 1
10309 3
10310 1
10311 2
10313 4
10314 1
10315 3
10316 1
10319 1
10320 2
10321 1
10322 4
10323 1
10324 4
10325 1
10326 3
10327 1
10328 4
10329 1
10330 2
10331 2
10332 1
10333 1
10334 2
10335 1
10336 4
10337 3
10338 3
10339 1
10340 5
10341 2
10342 4
10343 2
10344 1
10345 2
10346 2
10347 2
10348 3
10349 3
10351 3
10352 1
10355 4
10357 4
10359 2
10360 1
10361 3
10363 2
10365 2
10366 2
10367 6
10368 4
10369 6
10370 5
10371 2
10372 2
10373 3
10374 4
10375 2
10376 4
10378 3
10379 1
10380 3
10381 2
10382 3
10384 2
10385 2
10386 4
10387 2
10388 4
10389 1
10390 4
10391 3
10392 3
10393 2
10394 5
10395 1
10396 2
10397 2
10398 6
10399 1
10400 2
10401 1
10402 2
10403 1
10404 1
10405 3
10406 2
10407 4
10408 1
10409 1
10410 1
10411 3
10412 3
10413 3
10414 5
10415 2
10416 2
10417 3
10418 3
10419 4
10420 4
10421 3
10422 2
10423 5
10424 1
10425 3
10426 3
10427 3
10428 1
10429 4
10430 1
10431 3
10432 2
10434 2
10435 2
10437 3
10438 1
10439 2
10440 4
10441 2
10442 1
10443 2
10444 2
10445 3
10446 1
10447 1
10448 4
10449 3
10450 3
10451 4
10452 5
10453 2
10454 3
10455 2
10456 1
10457 2
10458 5
10459 1
10460 3
10461 2
10462 1
10463 1
10464 5
10466 4
10467 1
10468 3
10469 3
10470 4
10471 2
10472 4
10473 6
10474 2
10475 3
10476 2
10477 2
10478 2
10479 2
10481 3
10483 2
10484 1
10485 4
10487 3
10488 1
10489 1
10490 2
10491 3
10492 2
10493 2
10494 2
10495 4
10496 4
10497 5
10498 3
10499 3
10500 3
10501 5
10502 4
10503 2
10504 4
10505 4
10506 3
10507 1
10508 3
10510 2
10511 1
10512 4
10513 2
10514 4
10515 2
10516 3
10517 3
10518 4
10520 3
10521 2
10522 2
10523 2
10524 2
10525 1
10526 2
10527 4
10528 2
10529 2
10530 2
10531 3
10532 3
10533 3
10534 2
10535 3
10536 1
10537 2
10538 2
10539 2
10540 3
10541 4
10542 3
10543 4
10544 3
10545 3
10546 1
10547 4
10548 3
10549 4
10550 1
10551 5
10552 3
10553 1
10554 1
10555 3
10556 3
10557 1
10558 4
10559 2
10561 2
10563 1
10564 3
10565 1
10566 1
10567 2
10568 1
10569 1
10570 3
10571 2
10572 2
10573 4
10574 4
10575 3
10576 3
10577 2
10578 3
10579 3
10580 3
10581 1
10582 2
10583 1
10584 3
10585 2
10586 2
10588 3
10590 2
10591 2
10592 3
10594 3
10595 3
10596 5
10597 3
10598 2
10599 3
10600 1
10601 2
10602 3
10603 1
10605 4
10609 1
10611 2
10613 1
10615 3
10617 7
10618 1
10619 2
10620 3
10621 5
10623 5
10624 4
10625 4
10626 3
10627 2
10628 1
10629 3
10630 4
10631 1
10632 3
10634 3
10635 2
10636 2
10638 1
10640 1
10641 2
10642 3
10643 1
10644 3
10645 1
10646 4
10648 5
10649 2
10650 2
10651 2
10652 3
10653 1
10654 1
10655 2
10656 3
10657 5
10658 3
10659 1
10660 1
10661 2
10662 2
10663 3
10664 1
10665 1
10666 1
10667 4
10668 2
10669 3
10670 3
10671 1
10672 1
10673 5
10674 5
10675 5
10676 3
10677 5
10678 4
10679 4
10680 3
10681 2
10682 4
10684 2
10685 1
10686 3
10687 3
10688 3
10689 2
10690 1
10691 1
10692 1
10693 1
10694 1
10695 4
10697 1
10698 2
10699 3
10700 4
10701 3
10702 5
10703 3
10704 2
10705 3
10706 4
10707 3
10708 4
10709 2
10710 1
10711 2
10712 1
10713 3
10714 4
10715 2
10716 2
10717 2
10718 3
10719 1
10720 5
10721 2
10722 2
10723 2
10724 6
10725 2
10726 4
10727 3
10729 4
10730 2
10731 3
10732 1
10733 2
10734 1
10735 4
10736 2
10737 1
10738 1
10739 2
10740 2
10741 5
10742 1
10743 1
10744 1
10745 4
10746 2
10747 4
10748 3
10749 2
10750 2
10751 5
10752 4
10753 3
10754 3
10755 2
10756 4
10757 2
10758 3
10759 3
10760 4
10761 2
10762 4
10763 1
10764 4
10765 2
10766 2
10767 2
10768 4
10770 4
10771 2
10772 3
10773 1
10774 3
10775 1
10776 5
10777 3
10778 4
10779 2
10780 3
10781 4
10782 1
10783 3
10784 3
10785 4
10787 5
10788 1
10789 3
10790 1
10791 4
10792 2
10793 5
10795 3
10796 2
10797 3
10798 4
10799 3
10800 3
10801 5
10802 4
10803 5
10804 5
10805 5
10806 3
10807 3
10808 4
10809 4
10810 1
10811 1
10812 2
10814 5
10816 4
10817 1
10818 4
10819 2
10820 3
10821 2
10822 1
10823 2
10824 4
10825 3
10826 5
10827 2
10828 2
10829 4
10830 7
10831 3
10832 4
10833 4
10834 3
10835 3
10836 3
10837 2
10838 2
10839 2
10840 1
10841 2
10842 1
10843 2
10844 2
10845 3
10846 3
10847 3
10848 4
10849 3
10850 3
10851 4
10852 4
10853 3
10854 3
10855 5
10856 1
10857 2
10858 2
10859 5
10860 3
10861 3
10862 1
10863 1
10864 1
10865 2
10866 2
10867 2
10868 1
10869 1
10870 2
10871 3
10872 1
10873 2
10874 1
10875 3
10876 3
10877 3
10878 3
10879 4
10880 2
10881 5
10882 2
10883 5
10884 4
10885 3
10886 3
10887 3
10888 1
10889 1
10890 2
10892 3
10894 3
10895 1
10896 3
10898 3
10899 2
10900 1
10901 2
10902 2
10903 1
10904 5
10905 4
10906 3
10907 3
10908 4
10909 2
10910 2
10911 3
10912 1
10913 2
10914 2
10915 1
10916 1
10917 2
10919 3
10920 1
10921 2
10922 2
10923 4
10924 1
10925 3
10926 1
10927 2
10928 2
10929 4
10930 3
10931 3
10932 5
10933 5
10934 3
10935 2
10936 3
10937 3
10938 2
10939 1
10940 1
10942 2
10943 1
10944 5
10945 1
10948 2
10949 2
10950 5
10951 2
10952 2
10953 2
10954 3
10955 2
10956 3
10957 1
10958 1
10959 3
10960 1
10961 4
10962 4
10963 4
10964 3
10965 3
10966 2
10967 2
10968 2
10969 2
10970 1
10971 2
10973 2
10974 2
10975 5
10976 5
10977 5
10978 1
10979 4
10980 2
10981 3
10982 2
10983 2
10984 3
10986 3
10987 3
10988 2
10989 2
10990 6
10991 1
10993 1
10994 3
10995 2
10996 4
10997 2
10998 1
10999 2
11001 1
11002 3
11003 1
11004 2
11005 4
11006 5
11007 3
11008 5
11009 3
11010 3
11011 3
11012 2
11013 4
11014 3
11015 3
11016 1
11017 2
11018 2
11019 3
11020 2
11022 3
11023 3
11024 2
11025 1
11026 3
11027 2
11028 3
11029 2
11030 2
11031 1
11032 1
11033 4
11034 6
11035 4
11037 4
11038 1
11039 1
11040 3
11041 3
11043 4
11044 1
11045 2
11046 1
11047 2
11048 1
11049 4
11051 4
11052 3
11053 5
11054 2
11055 4
11056 4
11057 3
11058 4
11059 4
11060 4
11061 2
11062 4
11063 1
11064 4
11065 1
11066 3
11067 2
11068 4
11069 1
11070 2
11072 1
11073 2
11074 4
11076 3
11077 1
11078 3
11079 2
11080 7
11081 2
11082 3
11083 1
11084 6
11085 1
11086 4
11087 5
11088 5
11089 3
11090 2
11091 5
11092 2
11093 6
11094 1
11095 3
11096 3
11097 3
11098 3
11099 3
11100 2
11101 1
11103 4
11104 3
11105 5
11106 2
11107 4
11108 4
11109 6
11110 3
11111 3
11112 4
11113 5
11114 3
11115 2
11116 2
11117 3
11118 3
11119 1
11120 4
11121 2
11122 1
11123 3
11124 3
11125 3
11126 3
11127 2
11128 1
11129 1
11130 2
11131 4
11132 2
11133 2
11134 6
11135 5
11136 6
11137 5
11138 5
11139 3
11140 4
11141 6
11142 3
11143 4
11144 2
11146 2
11147 4
11148 2
11149 2
11150 2
11151 1
11152 4
11153 2
11154 2
11155 1
11156 4
11157 2
11158 4
11159 5
11160 1
11161 2
11162 2
11163 4
11164 2
11165 4
11167 4
11168 2
11169 3
11170 2
11171 5
11172 1
11173 2
11174 1
11175 1
11176 2
11177 2
11178 3
11179 4
11180 2
11181 5
11182 4
11183 5
11184 3
11185 3
11186 2
11187 5
11188 5
11189 1
11190 3
11191 2
11192 3
11193 2
11194 4
11196 1
11197 1
11198 3
11199 1
11200 4
11202 2
11203 2
11204 3
11206 2
11208 4
11209 2
11210 3
11211 2
11212 4
11213 3
11214 4
11215 3
11216 2
11217 4
11218 2
11219 3
11220 1
11221 4
11222 1
11223 3
11225 5
11226 4
11227 3
11228 1
11229 3
11230 1
11231 6
11232 2
11233 4
11234 3
11235 2
11236 1
11237 7
11238 2
11239 2
11240 3
11241 4
11242 2
11243 2
11244 2
11246 1
11248 1
11250 4
11252 3
11253 1
11254 3
11255 2
11256 4
11257 2
11258 2
11259 4
11260 4
11261 4
11262 4
11263 3
11264 5
11265 6
11266 4
11268 3
11269 3
11270 4
11271 4
11272 2
11273 1
11274 1
11276 1
11277 3
11278 2
11279 1
11280 1
11281 2
11282 3
11283 5
11284 1
11285 3
11286 1
11287 3
11288 2
11290 1
11291 4
11292 1
11293 2
11294 2
11295 3
11296 2
11297 5
11298 2
11299 1
11300 1
11301 2
11302 1
11303 6
11304 1
11306 2
11307 4
11308 2
11309 6
11310 2
11311 3
11312 3
11313 3
11314 4
11315 5
11316 4
11317 2
11318 4
11319 1
11320 1
11321 2
11322 3
11323 1
11324 4
11326 2
11327 1
11328 2
11330 1
11332 2
11334 3
11335 1
11336 1
11337 2
11338 3
11339 2
11340 4
11341 2
11342 4
11343 6
11344 5
11345 2
11346 3
11347 2
11348 2
11349 3
11350 1
11351 3
11353 4
11354 1
11355 4
11356 2
11357 2
11359 4
11360 3
11361 6
11362 2
11363 3
11364 3
11365 3
11366 2
11367 3
11368 6
11369 1
11370 4
11371 2
11372 4
11373 2
11374 3
11375 2
11376 3
11378 1
11380 3
11381 3
11382 2
11383 2
11384 2
11385 3
11386 6
11387 4
11388 3
11389 3
11390 2
11391 4
11392 6
11393 4
11394 4
11395 3
11396 2
11397 6
11398 3
11399 4
11400 4
11401 5
11402 1
11403 3
11404 2
11406 3
11407 3
11408 2
11409 3
11410 2
11411 3
11412 3
11413 4
11414 1
11415 5
11416 3
11417 2
11418 4
11419 2
11420 3
11421 4
11422 5
11423 2
11424 4
11425 3
11426 5
11427 4
11428 2
11429 3
11430 1
11431 3
11432 3
11433 3
11434 3
11435 3
11436 3
11437 5
11438 5
11439 3
11440 4
11441 3
11442 4
11443 5
11444 4
11445 4
11446 3
11447 3
11448 2
11449 1
11450 2
11451 3
11452 2
11453 2
11454 3
11455 1
11456 2
11457 1
11458 3
11459 1
11460 4
11461 1
11462 4
11463 2
11464 4
11465 3
11466 5
11467 3
11468 5
11469 5
11470 5
11471 4
11472 2
11473 3
11474 1
11475 5
11476 2
11477 3
11478 1
11479 3
11480 1
11481 4
11482 1
11483 2
11484 3
11485 2
11486 3
11487 7
11488 1
11489 5
11490 3
11491 6
11492 2
11493 2
11494 2
11495 2
11496 1
11497 2
11498 3
11499 1
11500 5
11501 1
11502 3
11503 1
11504 3
11505 2
11506 3
11507 1
11509 1
11510 4
11511 1
11512 6
11513 2
11514 4
11515 5
11516 8
11517 1
11518 5
11519 4
11520 4
11521 4
11522 3
11523 2
11524 3
11525 3
11526 1
11527 5
11528 1
11529 1
11530 3
11531 2
11532 1
11533 3
11534 1
11535 1
11536 1
11537 3
11538 1
11539 2
11540 1
11541 5
11542 1
11543 4
11544 3
11545 7
11546 3
11547 4
11548 3
11549 3
11550 2
11551 2
11552 5
11553 4
11554 3
11556 1
11557 2
11558 4
11559 3
11560 2
11561 2
11562 3
11563 2
11564 3
11565 3
11566 1
11567 4
11568 1
11569 6
11570 6
11571 3
11572 4
11573 2
11574 2
11575 1
11576 2
11578 1
11579 2
11580 1
11581 2
11582 2
11583 1
11584 3
11585 1
11586 1
11587 2
11588 2
11589 1
11590 5
11591 3
11592 2
11593 1
11594 3
11595 3
11596 4
11597 3
11598 4
11599 3
11600 2
11601 4
11602 3
11603 3
11604 3
11605 3
11606 2
11607 2
11608 1
11609 1
11610 3
11611 2
11612 1
11613 3
11614 1
11615 4
11616 3
11617 3
11618 2
11619 3
11621 1
11622 1
11623 2
11624 1
11625 2
11626 4
11627 1
11628 3
11629 1
11630 5
11631 2
11632 1
11633 1
11634 2
11635 2
11636 3
11637 2
11638 1
11640 2
11641 3
11642 5
11643 4
11644 3
11645 3
11646 2
11647 3
11648 5
11649 3
11650 3
11651 4
11652 2
11653 2
11654 3
11655 2
11657 4
11659 3
11660 1
11661 3
11662 2
11663 3
11665 3
11666 1
11667 1
11669 4
11670 4
11671 3
11672 5
11673 4
11674 3
11675 3
11676 7
11678 2
11679 2
11680 4
11681 2
11682 5
11683 1
11684 3
11686 2
11687 3
11688 6
11689 1
11690 4
11691 4
11692 4
11693 4
11694 4
11695 4
11696 5
11697 3
11698 2
11699 4
11700 3
11701 3
11702 2
11703 2
11704 4
11705 3
11706 1
11707 1
11708 2
11709 3
11711 2
11712 1
11713 4
11714 2
11715 3
11716 3
11717 2
11718 2
11719 6
11720 6
11721 4
11722 1
11723 3
11724 3
11725 5
11726 7
11727 4
11728 2
11729 4
11730 3
11731 4
11732 4
11733 3
11734 2
11735 4
11736 1
11737 2
11738 1
11739 3
11740 2
11741 2
11742 4
11743 3
11744 5
11745 3
11746 3
11747 3
11748 4
11749 3
11750 4
11751 2
11752 2
11753 2
11754 6
11755 3
11756 3
11757 1
11758 1
11759 2
11760 4
11761 1
11762 2
11763 1
11764 4
11765 2
11766 5
11767 2
11768 2
11769 1
11770 6
11771 3
11772 5
11773 7
11774 5
11775 4
11776 5
11777 4
11778 4
11779 6
11780 1
11781 2
11782 2
11783 2
11784 1
11785 2
11786 1
11787 4
11789 3
11790 2
11791 3
11793 4
11794 3
11795 4
11796 3
11797 3
11798 3
11799 4
11800 4
11801 2
11802 3
11803 4
11804 4
11805 2
11806 4
11807 3
11808 4
11809 3
11810 4
11811 3
11812 1
11813 1
11814 4
11815 1
11816 4
11817 5
11818 3
11819 3
11820 7
11821 2
11822 6
11823 4
11824 3
11825 3
11826 3
11827 4
11828 2
11829 5
11830 1
11831 1
11832 3
11833 6
11834 3
11835 2
11836 1
11837 3
11838 3
11839 4
11840 2
11841 1
11842 2
11843 2
11844 3
11845 4
11846 2
11847 4
11848 3
11849 5
11850 3
11851 4
11852 1
11853 4
11854 5
11855 2
11856 3
11857 5
11858 3
11859 1
11860 4
11861 4
11862 3
11863 2
11864 3
11865 3
11866 2
11867 2
11868 2
11869 3
11870 4
11871 3
11872 2
11873 4
11874 3
11875 1
11876 4
11877 3
11878 4
11879 4
11880 4
11881 1
11882 1
11883 1
11884 2
11885 2
11886 3
11887 1
11888 1
11889 2
11890 4
11891 3
11892 3
11894 4
11895 1
11896 2
11897 2
11898 4
11899 4
11900 5
11901 4
11902 2
11903 4
11904 3
11905 4
11906 1
11907 5
11908 2
11909 2
11911 4
11912 2
11914 1
11915 1
11917 6
11918 2
11919 3
11920 1
11921 1
11922 1
11923 8
11924 1
11925 2
11926 3
11927 3
11928 1
11929 4
11930 2
11931 1
11932 4
11933 1
11934 3
11935 1
11936 5
11937 1
11938 5
11939 1
11940 2
11941 1
11942 2
11943 1
11944 3
11945 1
11946 4
11947 2
11948 4
11949 1
11950 5
11951 5
11952 4
11953 2
11954 4
11955 2
11956 2
11957 4
11958 2
11959 3
11960 1
11961 1
11962 1
11963 5
11964 1
11965 2
11968 2
11969 5
11970 1
11971 2
11973 2
11974 1
11975 3
11976 3
11977 6
11978 2
11979 5
11980 5
11981 6
11982 5
11983 6
11984 4
11985 1
11986 2
11988 3
11989 3
11990 4
11991 1
11992 2
11993 3
11994 3
11995 3
11996 1
11997 2
11998 1
11999 3
12000 4
12001 5
12002 4
12003 2
12004 4
12005 3
12006 3
12007 4
12008 6
12009 3
12010 5
12011 1
12012 3
12013 1
12014 3
12015 2
12016 1
12017 1
12018 1
12019 3
12020 4
12021 3
12022 3
12023 3
12024 3
12025 1
12026 7
12027 2
12028 4
12029 5
12030 3
12031 4
12032 4
12033 4
12034 3
12035 4
12036 3
12037 5
12038 1
12039 2
12040 1
12041 2
12042 2
12043 4
12044 1
12045 2
12046 2
12047 5
12048 2
12049 2
12050 1
12051 5
12052 2
12053 5
12054 4
12055 2
12056 2
12057 3
12058 5
12059 3
12060 5
12061 3
12062 5
12063 2
12064 4
12065 2
12066 5
12067 2
12068 3
12069 2
12070 3
12071 2
12072 5
12073 3
12074 4
12075 1
12076 4
12077 2
12078 5
12079 3
12080 5
12081 2
12082 4
12083 7
12084 3
12085 2
12086 2
12087 5
12089 4
12090 1
12091 1
12092 1
12093 4
12094 1
12095 4
12097 4
12098 3
12099 5
12100 2
12101 4
12102 2
12103 2
12104 6
12105 4
12106 5
12107 5
12108 5
12109 4
12110 6
12111 5
12112 4
12113 3
12114 3
12115 2
12116 3
12117 1
12118 3
12119 1
12120 4
12121 3
12122 4
12123 3
12124 4
12125 2
12126 7
12127 4
12128 4
12129 4
12130 3
12131 3
12132 4
12133 2
12134 2
12135 3
12136 4
12137 4
12138 3
12139 2
12140 3
12141 3
12142 1
12143 3
12144 2
12145 3
12146 2
12147 2
12148 2
12149 4
12150 4
12151 4
12152 5
12153 4
12154 7
12155 5
12156 4
12157 4
12158 2
12159 3
12160 3
12161 6
12162 3
12163 2
12164 2
12165 4
12166 3
12167 4
12168 1
12169 2
12170 1
12172 3
12173 4
12174 1
12175 2
12176 1
12177 3
12178 3
12179 2
12180 2
12181 3
12182 2
12183 4
12184 3
12185 2
12186 4
12187 5
12188 4
12189 5
12190 3
12191 2
12192 3
12193 3
12194 2
12196 4
12198 5
12199 2
12200 3
12201 2
12202 4
12204 5
12205 2
12206 4
12207 3
12208 3
12209 3
12210 5
12211 5
12212 2
12213 4
12214 1
12215 1
12216 2
12217 1
12218 1
12219 2
12221 1
12223 2
12225 3
12226 2
12227 3
12228 2
12229 3
12230 1
12231 5
12232 2
12233 4
12234 5
12235 5
12236 3
12237 4
12238 5
12239 5
12240 4
12241 1
12242 1
12243 3
12244 3
12245 2
12246 3
12249 1
12250 3
12251 2
12252 3
12253 1
12254 2
12255 3
12256 5
12257 2
12258 3
12260 1
12261 1
12262 2
12263 2
12264 2
12265 5
12266 2
12267 4
12268 2
12269 2
12270 4
12271 3
12272 2
12273 2
12274 1
12276 3
12277 3
12278 3
12279 4
12280 2
12281 4
12282 5
12283 4
12284 4
12285 2
12286 2
12287 4
12288 4
12289 4
12290 4
12291 1
12292 4
12293 2
12294 1
12295 1
12296 6
12297 1
12298 2
12299 3
12300 1
12301 3
12302 1
12303 2
12304 1
12305 1
12307 1
12308 3
12309 4
12310 4
12311 5
12312 4
12313 3
12314 3
12315 3
12316 4
12317 4
12318 2
12319 3
12320 2
12321 3
12322 2
12323 2
12324 1
12325 1
12326 2
12327 4
12328 4
12329 4
12330 3
12331 1
12332 4
12333 3
12334 5
12335 4
12336 2
12337 3
12338 1
12339 4
12340 4
12341 2
12343 4
12345 1
12346 2
12347 2
12348 1
12349 3
12350 1
12351 1
12352 1
12353 2
12354 1
12355 7
12356 4
12357 4
12358 4
12359 4
12360 2
12361 5
12362 6
12363 1
12364 5
12365 2
12366 4
12367 2
12368 4
12369 1
12370 5
12371 1
12372 3
12373 3
12374 3
12375 1
12376 4
12377 1
12378 3
12379 3
12380 3
12381 3
12382 5
12383 1
12384 3
12385 1
12386 5
12387 1
12388 3
12389 2
12390 4
12391 2
12392 2
12393 5
12394 3
12395 4
12396 1
12397 3
12398 1
12399 5
12400 2
12401 4
12402 3
12403 3
12404 1
12405 5
12406 3
12407 3
12408 3
12409 4
12410 4
12411 6
12412 6
12413 4
12414 5
12415 6
12416 4
12417 4
12418 4
12419 3
12420 2
12421 1
12422 3
12423 1
12424 1
12425 3
12426 3
12427 2
12428 3
12429 2
12430 3
12431 2
12432 2
12433 4
12434 2
12435 2
12436 3
12437 4
12438 4
12439 4
12440 8
12441 4
12442 4
12443 4
12444 4
12445 3
12446 5
12447 3
12448 2
12449 4
12450 2
12451 1
12452 3
12453 3
12454 3
12455 3
12456 5
12457 2
12458 5
12459 4
12460 3
12461 4
12462 6
12463 2
12464 3
12465 5
12467 2
12468 2
12469 4
12470 1
12471 3
12472 1
12473 6
12474 2
12475 2
12476 2
12477 2
12478 1
12479 4
12480 1
12481 2
12482 3
12483 4
12484 3
12485 4
12486 3
12487 3
12488 3
12489 4
12490 4
12491 3
12492 3
12493 5
12494 4
12495 2
12496 3
12497 3
12498 2
12499 3
12500 6
12501 1
12502 4
12503 2
12504 1
12505 2
12506 5
12508 4
12509 2
12510 1
12511 1
12512 3
12513 1
12514 2
12515 6
12516 3
12517 2
12518 3
12519 5
12520 3
12521 4
12522 2
12523 4
12524 1
12525 3
12526 2
12527 3
12528 1
12529 3
12530 1
12531 3
12532 2
12533 4
12534 2
12535 3
12536 4
12537 4
12538 3
12539 4
12540 4
12541 1
12542 2
12543 5
12544 4
12545 2
12546 6
12547 3
12548 1
12549 1
12550 1
12552 3
12554 2
12555 1
12556 4
12557 1
12558 4
12559 3
12560 2
12561 3
12562 4
12563 3
12564 4
12565 5
12566 4
12567 4
12568 3
12569 1
12570 2
12571 5
12572 2
12573 4
12574 1
12575 3
12576 5
12577 3
12578 2
12579 1
12580 1
12582 2
12583 3
12584 3
12585 6
12586 1
12587 4
12588 2
12589 5
12590 4
12591 3
12592 1
12593 5
12594 1
12597 4
12598 3
12599 2
12600 3
12602 1
12603 4
12604 3
12605 2
12606 1
12607 1
12608 1
12609 6
12610 1
12611 2
12612 3
12613 1
12614 3
12615 5
12616 5
12617 3
12618 6
12619 4
12620 4
12621 4
12622 5
12623 2
12624 3
12625 1
12626 1
12627 2
12628 3
12629 2
12630 4
12632 2
12634 3
12636 3
12637 2
12638 1
12639 3
12640 3
12641 2
12642 2
12643 5
12644 4
12645 4
12646 3
12647 3
12648 2
12649 5
12650 1
12651 3
12653 1
12654 2
12655 4
12656 1
12657 3
12659 4
12660 1
12661 5
12662 3
12663 5
12664 1
12665 6
12666 4
12667 5
12668 5
12669 3
12670 4
12671 1
12672 4
12673 1
12674 4
12675 1
12676 4
12677 2
12678 2
12679 1
12680 2
12681 1
12682 4
12683 2
12685 1
12686 2
12687 3
12688 6
12689 3
12690 4
12691 3
12692 4
12693 4
12694 6
12695 2
12696 4
12697 3
12698 3
12699 4
12700 4
12701 5
12702 3
12703 4
12704 2
12705 4
12706 4
12707 3
12708 3
12709 4
12710 2
12711 2
12712 5
12713 2
12714 3
12715 4
12717 5
12718 4
12719 5
12720 3
12721 3
12722 4
12723 4
12724 4
12725 1
12726 3
12727 2
12728 6
12729 4
12730 2
12731 2
12732 3
12733 4
12734 4
12735 3
12736 1
12737 5
12738 2
12739 5
12740 2
12741 3
12742 3
12743 4
12744 6
12745 6
12746 5
12747 4
12748 6
12749 4
12750 5
12751 4
12752 3
12753 3
12754 1
12755 3
12756 3
12757 4
12758 3
12759 1
12760 4
12761 1
12762 5
12763 1
12764 3
12765 2
12766 6
12767 2
12768 4
12769 3
12770 3
12771 4
12772 5
12773 5
12774 2
12775 4
12776 2
12777 4
12778 1
12779 4
12780 1
12781 4
12782 2
12783 3
12784 2
12785 4
12786 2
12787 4
12788 2
12789 5
12790 4
12791 5
12792 4
12793 6
12794 4
12795 5
12796 4
12797 5
12798 2
12799 2
12800 3
12801 2
12802 5
12803 1
12804 3
12806 4
12807 2
12808 3
12809 1
12810 1
12811 2
12812 6
12813 2
12814 3
12815 1
12816 2
12817 2
12818 7
12819 2
12820 5
12821 3
12822 6
12823 3
12824 4
12825 3
12826 4
12827 4
12828 2
12829 4
12831 4
12832 1
12833 4
12834 2
12835 5
12836 3
12837 3
12838 1
12839 2
12840 3
12841 3
12842 2
12843 4
12844 1
12845 5
12846 4
12847 7
12848 4
12849 3
12850 3
12851 5
12852 3
12853 3
12854 3
12855 3
12856 1
12858 2
12859 1
12860 3
12861 1
12862 2
12863 2
12864 4
12865 3
12866 3
12867 3
12868 1
12869 4
12870 2
12871 4
12872 6
12873 6
12874 6
12875 5
12876 4
12877 2
12878 5
12879 5
12880 3
12882 2
12884 3
12885 3
12886 2
12887 1
12888 1
12890 4
12891 3
12892 4
12893 2
12894 2
12895 2
12896 5
12897 5
12898 1
12899 1
12900 2
12901 3
12902 2
12903 4
12904 2
12905 4
12906 1
12907 3
12908 2
12909 3
12910 1
12911 3
12912 2
12913 1
12914 1
12915 2
12916 2
12917 6
12918 3
12919 4
12920 3
12921 5
12922 2
12923 4
12924 3
12925 4
12926 3
12927 2
12928 2
12929 3
12930 2
12931 2
12932 5
12935 1
12936 2
12937 2
12938 5
12940 2
12941 1
12942 2
12943 1
12944 2
12946 2
12947 4
12948 3
12949 4
12950 4
12951 3
12952 3
12953 2
12954 4
12955 3
12956 4
12957 4
12958 1
12959 2
12960 1
12961 2
12962 1
12963 4
12964 4
12965 4
12966 1
12967 3
12968 2
12969 4
12970 1
12971 3
12972 2
12973 1
12974 3
12975 6
12976 4
12977 2
12978 5
12979 2
12980 1
12981 2
12982 4
12984 3
12985 2
12986 3
12987 1
12988 2
12989 1
12990 2
12991 1
12992 2
12993 4
12994 5
12995 4
12996 5
12997 5
12998 3
12999 4
13000 3
13001 5
13002 3
13003 4
13004 2
13005 2
13006 3
13007 3
13008 4
13009 3
13010 2
13011 3
13012 1
13013 1
13014 2
13015 4
13016 2
13017 3
13018 3
13019 2
13020 3
13021 6
13022 4
13023 4
13025 5
13026 3
13027 2
13028 2
13029 4
13030 2
13031 1
13032 6
13033 3
13034 3
13035 5
13036 2
13037 2
13038 4
13039 4
13040 2
13041 6
13042 1
13043 1
13044 3
13045 4
13046 4
13047 6
13048 3
13049 3
13050 6
13051 3
13052 4
13053 3
13054 5
13055 3
13056 5
13057 3
13058 2
13059 2
13060 2
13061 2
13062 4
13064 3
13065 2
13066 3
13067 1
13068 4
13069 1
13070 2
13071 1
13072 4
13073 1
13074 2
13075 3
13076 6
13077 4
13078 5
13079 7
13080 3
13081 5
13082 6
13083 3
13084 4
13085 5
13086 1
13087 2
13088 2
13089 3
13090 1
13091 4
13092 1
13093 3
13094 2
13095 3
13096 2
13097 4
13098 3
13099 4
13100 5
13101 6
13102 3
13103 2
13104 3
13105 3
13106 4
13107 1
13108 3
13109 2
13110 3
13111 3
13112 4
13113 2
13114 2
13115 2
13116 2
13117 1
13118 1
13119 3
13120 3
13121 2
13122 4
13123 4
13124 6
13125 3
13126 5
13127 3
13128 5
13129 7
13130 5
13131 4
13132 4
13133 2
13134 2
13135 7
13136 1
13137 2
13138 3
13139 4
13140 3
13141 4
13142 2
13144 5
13145 2
13146 2
13147 3
13148 2
13149 1
13150 2
13151 4
13152 1
13153 4
13154 3
13155 4
13156 4
13157 3
13158 3
13159 6
13160 4
13161 2
13162 4
13163 3
13164 3
13165 2
13166 3
13167 5
13168 4
13169 3
13170 2
13171 3
13172 3
13173 4
13174 3
13175 4
13176 2
13177 3
13178 3
13179 5
13180 4
13181 3
13182 3
13183 4
13184 3
13185 4
13186 3
13188 1
13189 1
13190 1
13191 2
13192 3
13193 1
13194 2
13195 2
13196 2
13197 1
13198 5
13199 1
13200 3
13201 5
13202 4
13203 2
13204 3
13205 5
13206 5
13207 6
13208 2
13209 3
13210 2
13211 4
13212 3
13213 5
13214 2
13215 2
13217 2
13218 2
13219 2
13220 2
13221 1
13222 3
13223 3
13224 4
13225 4
13226 2
13227 3
13228 2
13229 6
13230 1
13231 1
13232 3
13234 1
13235 1
13236 2
13238 5
13239 1
13240 2
13241 1
13242 4
13244 5
13245 2
13246 1
13247 2
13248 3
13249 2
13250 5
13251 3
13252 4
13253 5
13254 4
13255 2
13256 4
13257 5
13258 2
13259 5
13260 1
13261 2
13262 2
13263 3
13264 1
13265 4
13267 1
13268 1
13269 2
13270 1
13271 5
13273 2
13274 1
13275 4
13276 2
13279 4
13280 1
13281 2
13282 2
13283 6
13284 5
13285 6
13286 4
13287 1
13288 3
13289 2
13290 4
13291 2
13292 3
13294 2
13295 3
13296 4
13297 3
13298 3
13300 3
13301 5
13302 5
13303 4
13304 5
13305 3
13306 3
13307 5
13308 4
13309 3
13310 4
13311 2
13312 3
13313 2
13314 4
13315 1
13316 4
13317 1
13318 1
13319 1
13320 1
13321 1
13322 3
13323 1
13324 1
13325 3
13326 2
13327 3
13328 5
13329 4
13330 4
13331 3
13332 3
13333 5
13334 3
13335 5
13336 4
13337 3
13338 2
13339 5
13340 3
13341 5
13342 3
13343 4
13344 1
13345 5
13347 3
13348 2
13349 4
13350 2
13351 3
13352 1
13353 5
13354 3
13355 2
13356 3
13357 3
13358 3
13359 2
13360 3
13361 1
13362 4
13363 3
13364 4
13365 2
13366 4
13367 2
13368 7
13369 2
13370 2
13371 1
13372 2
13373 2
13374 6
13375 2
13376 3
13377 2
13378 4
13379 4
13380 6
13381 1
13382 5
13383 3
13384 4
13385 6
13386 5
13387 4
13388 4
13389 6
13390 2
13391 3
13392 2
13393 3
13394 1
13395 4
13396 1
13397 3
13398 1
13399 2
13400 1
13401 4
13403 4
13404 3
13405 3
13406 2
13407 4
13408 3
13409 3
13410 5
13411 4
13412 5
13413 2
13414 7
13415 2
13416 4
13417 4
13418 4
13419 3
13420 4
13421 2
13422 3
13423 3
13424 1
13425 3
13426 3
13427 3
13428 7
13429 4
13430 5
13431 5
13432 5
13433 4
13434 5
13435 2
13436 3
13437 3
13438 1
13439 4
13440 2
13441 2
13442 3
13443 6
13444 1
13445 2
13446 3
13447 3
13448 3
13449 1
13450 1
13451 3
13452 4
13453 3
13454 4
13455 3
13456 5
13457 7
13458 6
13459 4
13460 3
13461 4
13462 4
13463 6
13464 3
13465 3
13466 2
13467 3
13468 5
13469 2
13470 2
13471 4
13472 2
13473 3
13474 3
13475 4
13476 1
13477 3
13478 1
13479 4
13480 4
13481 2
13482 4
13483 3
13484 2
13485 3
13486 5
13487 4
13488 5
13489 3
13490 3
13491 1
13492 4
13493 3
13494 4
13495 2
13496 1
13497 1
13498 3
13499 2
13500 4
13501 1
13502 3
13503 1
13504 6
13505 2
13506 5
13507 1
13508 5
13509 2
13510 5
13511 6
13512 5
13513 5
13514 2
13515 4
13516 1
13517 4
13518 1
13519 2
13520 1
13521 3
13522 1
13523 2
13525 2
13526 1
13527 1
13528 1
13529 3
13531 5
13532 3
13533 6
13534 2
13535 3
13536 2
13537 5
13538 1
13539 4
13540 4
13541 4
13542 3
13543 1
13544 2
13545 1
13546 5
13547 2
13548 3
13549 2
13550 1
13551 2
13552 4
13553 1
13554 2
13555 3
13556 2
13557 3
13558 7
13559 2
13560 5
13561 1
13562 3
13564 4
13565 2
13566 1
13567 3
13568 1
13569 2
13570 2
13571 4
13572 4
13573 2
13574 1
13576 3
13577 3
13578 3
13579 2
13580 1
13582 3
13583 5
13584 3
13585 3
13586 3
13587 3
13588 2
13589 6
13590 3
13591 6
13592 2
13593 3
13594 3
13595 4
13596 2
13597 1
13598 3
13599 1
13600 2
13601 3
13602 3
13603 5
13604 1
13605 3
13606 1
13607 3
13608 1
13609 2
13610 1
13611 3
13612 2
13613 3
13614 3
13615 4
13616 4
13617 3
13618 5
13619 1
13620 1
13621 2
13622 3
13623 3
13624 5
13625 1
13626 1
13627 1
13628 2
13629 4
13630 4
13631 1
13632 4
13633 3
13634 4
13635 2
13636 4
13637 4
13638 4
13639 1
13640 4
13641 2
13642 3
13643 4
13645 4
13646 2
13647 3
13649 3
13650 2
13651 1
13652 2
13653 1
13654 1
13655 4
13656 1
13657 4
13658 2
13659 1
13660 2
13661 8
13662 4
13663 2
13664 3
13665 3
13666 2
13667 6
13668 4
13669 1
13670 4
13671 2
13672 5
13673 2
13674 4
13675 2
13676 5
13677 2
13678 2
13679 2
13680 3
13681 2
13682 2
13683 3
13684 4
13685 3
13686 4
13687 2
13688 3
13689 2
13690 4
13691 3
13692 4
13693 2
13694 3
13695 3
13696 3
13697 4
13698 1
13699 2
13700 1
13701 4
13702 1
13703 3
13704 1
13705 2
13706 2
13707 5
13708 3
13709 3
13711 3
13712 4
13713 3
13714 6
13715 6
13716 4
13717 4
13718 6
13719 4
13720 6
13721 5
13722 2
13723 3
13724 3
13725 2
13726 1
13727 3
13728 2
13729 1
13730 3
13731 3
13732 4
13733 2
13734 1
13735 4
13736 4
13737 4
13738 3
13739 4
13740 5
13741 4
13742 5
13743 3
13744 3
13745 4
13746 5
13747 3
13748 4
13749 1
13750 4
13751 3
13752 4
13753 1
13754 2
13755 3
13756 1
13757 2
13758 4
13759 3
13760 3
13761 5
13762 5
13763 4
13764 7
13765 3
13766 4
13767 5
13768 5
13769 4
13770 4
13771 4
13773 3
13774 4
13775 6
13776 2
13777 2
13778 1
13779 3
13780 1
13781 4
13782 1
13783 2
13784 1
13785 4
13786 3
13787 3
13788 3
13789 3
13790 3
13791 4
13792 4
13793 2
13794 3
13795 4
13796 4
13797 4
13798 5
13799 3
13800 3
13801 2
13802 4
13803 2
13804 2
13805 2
13806 5
13807 2
13808 4
13809 1
13810 5
13811 2
13812 4
13813 1
13814 4
13815 4
13816 2
13817 3
13818 4
13819 2
13820 4
13821 8
13822 2
13823 1
13824 2
13825 4
13826 1
13827 3
13828 1
13829 1
13830 2
13831 2
13832 1
13833 3
13835 3
13836 3
13837 3
13838 2
13839 4
13840 3
13841 3
13842 6
13843 2
13844 4
13845 4
13846 4
13847 2
13848 4
13849 5
13850 3
13851 1
13852 2
13853 4
13854 2
13855 1
13856 1
13857 1
13858 3
13859 4
13860 3
13861 3
13862 1
13863 1
13864 5
13865 4
13866 4
13867 4
13868 3
13869 2
13870 2
13871 3
13872 1
13873 2
13874 1
13875 3
13876 1
13877 3
13878 3
13879 4
13880 3
13881 2
13882 2
13883 1
13884 3
13885 1
13886 2
13887 4
13888 3
13889 3
13890 3
13891 6
13892 6
13893 5
13894 2
13895 3
13896 3
13897 3
13898 2
13899 5
13900 3
13902 1
13903 2
13904 3
13905 3
13906 2
13908 1
13909 2
13910 3
13911 4
13912 1
13913 2
13914 1
13915 3
13916 1
13917 1
13918 4
13919 1
13920 3
13921 4
13922 4
13923 2
13924 7
13925 4
13926 2
13927 3
13928 1
13929 1
13930 4
13931 2
13932 2
13933 1
13934 3
13935 1
13936 5
13937 1
13938 2
13939 2
13940 3
13941 3
13942 5
13943 3
13944 2
13945 5
13946 2
13947 3
13948 2
13949 6
13950 3
13951 6
13953 2
13954 1
13955 1
13956 1
13957 2
13959 1
13960 1
13961 3
13962 1
13963 2
13964 1
13965 4
13967 4
13968 2
13969 5
13970 5
13971 4
13972 5
13973 2
13974 5
13975 2
13976 4
13977 2
13978 6
13979 1
13980 3
13981 1
13982 3
13983 2
13984 3
13985 1
13987 1
13988 3
13989 3
13990 4
13992 3
13993 2
13994 5
13995 3
13996 4
13997 1
13998 3
13999 3
14000 3
14001 2
14002 4
14003 4
14004 2
14005 3
14006 1
14007 4
14008 3
14009 3
14010 2
14011 3
14012 2
14013 2
14014 5
14015 3
14016 1
14017 3
14018 1
14019 6
14020 3
14021 4
14022 4
14023 3
14024 6
14025 6
14026 4
14027 3
14028 4
14029 3
14030 4
14031 3
14032 1
14033 1
14034 3
14035 3
14036 2
14037 2
14038 1
14039 6
14040 2
14041 4
14042 1
14043 4
14044 1
14045 3
14046 3
14047 4
14048 5
14049 3
14050 5
14051 4
14052 6
14053 4
14054 6
14055 3
14056 3
14057 3
14058 2
14059 3
14060 3
14061 1
14062 4
14063 3
14064 4
14065 4
14066 4
14067 2
14068 7
14069 1
14070 4
14071 4
14072 6
14073 3
14074 2
14075 4
14076 1
14077 3
14078 3
14079 4
14081 5
14082 1
14083 2
14084 2
14085 3
14086 1
14087 4
14088 1
14089 3
14090 2
14091 3
14092 2
14093 6
14094 4
14095 5
14096 4
14097 6
14098 3
14099 3
14100 4
14101 1
14102 6
14103 4
14104 4
14105 2
14106 3
14107 2
14108 6
14109 2
14110 2
14111 1
14112 2
14113 2
14114 7
14115 2
14116 3
14117 1
14118 4
14119 3
14120 4
14122 3
14123 1
14124 4
14125 3
14126 3
14127 2
14128 3
14129 4
14130 2
14131 4
14132 2
14133 4
14134 2
14135 3
14137 5
14138 1
14139 3
14140 3
14141 4
14142 3
14143 5
14144 2
14145 3
14146 3
14147 4
14148 4
14149 5
14150 4
14151 3
14152 4
14153 4
14154 4
14155 3
14156 2
14157 3
14158 1
14159 1
14160 2
14161 1
14162 1
14163 1
14165 1
14166 3
14167 1
14168 4
14169 3
14170 2
14171 3
14172 4
14173 3
14174 4
14175 5
14176 4
14177 3
14178 5
14179 3
14180 6
14181 5
14182 3
14184 3
14185 3
14186 4
14187 3
14188 2
14190 2
14191 2
14192 4
14193 2
14194 3
14195 1
14196 2
14197 6
14198 5
14199 6
14200 1
14201 1
14202 1
14203 4
14205 1
14206 1
14207 4
14208 1
14209 3
14211 5
14212 1
14213 2
14214 2
14215 1
14217 4
14218 1
14219 3
14220 2
14221 2
14222 1
14223 6
14224 2
14225 4
14226 3
14227 2
14228 4
14229 4
14230 3
14231 4
14232 4
14233 2
14234 3
14235 2
14236 1
14237 2
14238 5
14240 4
14241 1
14242 2
14244 4
14246 2
14248 1
14250 3
14251 1
14252 2
14253 6
14254 2
14255 2
14256 2
14257 4
14258 4
14259 4
14260 2
14261 1
14262 2
14263 2
14264 2
14265 2
14267 2
14268 2
14269 4
14270 3
14271 4
14272 1
14273 2
14274 1
14275 5
14276 3
14277 5
14278 3
14279 1
14280 2
14281 5
14282 3
14283 1
14284 4
14285 1
14287 2
14288 2
14289 1
14290 2
14291 1
14292 1
14293 1
14294 1
14296 3
14297 4
14298 3
14299 4
14300 3
14301 3
14302 4
14303 4
14304 3
14305 2
14306 3
14307 3
14308 3
14309 2
14310 3
14311 3
14312 2
14313 3
14314 4
14315 3
14316 3
14317 2
14318 3
14319 2
14320 3
14321 2
14322 4
14323 5
14324 2
14325 3
14326 1
14327 4
14328 2
14329 3
14331 5
14332 2
14333 1
14334 2
14335 3
14336 2
14337 2
14338 3
14340 2
14341 4
14342 3
14343 4
14344 3
14345 2
14346 1
14347 7
14348 2
14349 3
14350 3
14351 4
14352 4
14353 7
14354 5
14355 3
14356 6
14357 2
14358 5
14359 4
14360 4
14361 2
14362 3
14363 1
14364 1
14365 1
14366 2
14367 2
14368 3
14370 3
14371 2
14372 3
14373 1
14374 3
14375 1
14376 3
14377 3
14378 3
14379 2
14380 3
14381 6
14382 4
14383 4
14384 3
14385 3
14386 2
14387 4
14388 1
14389 3
14390 1
14391 4
14392 1
14393 3
14394 2
14395 2
14396 1
14397 5
14398 4
14399 3
14400 5
14401 5
14402 3
14403 7
14404 3
14405 3
14406 5
14407 3
14408 2
14409 1
14410 3
14411 1
14412 2
14413 1
14414 3
14415 2
14416 2
14417 2
14418 3
14420 3
14421 3
14422 2
14423 2
14424 2
14425 3
14426 5
14427 3
14428 4
14429 2
14430 4
14431 3
14432 6
14433 2
14434 5
14435 4
14436 4
14437 4
14438 3
14439 1
14440 1
14441 5
14442 2
14443 3
14444 3
14445 2
14446 3
14447 4
14448 3
14449 2
14450 5
14451 1
14452 2
14453 2
14454 1
14455 2
14456 3
14457 5
14458 1
14459 3
14460 4
14461 6
14462 3
14463 2
14464 3
14465 3
14466 1
14467 4
14468 2
14469 2
14470 1
14471 3
14472 1
14473 3
14474 3
14475 4
14476 3
14477 4
14478 1
14479 4
14480 3
14481 5
14482 3
14483 4
14484 3
14485 4
14486 5
14487 3
14488 6
14489 2
14490 2
14492 2
14493 1
14494 2
14495 1
14496 3
14497 1
14498 4
14500 5
14501 2
14502 1
14503 2
14504 6
14505 2
14506 4
14507 6
14508 3
14509 1
14510 2
14511 3
14512 2
14513 3
14514 1
14515 3
14516 1
14517 5
14518 2
14519 4
14520 1
14521 2
14522 1
14523 2
14524 2
14525 4
14526 4
14527 3
14528 3
14529 3
14530 3
14531 4
14532 3
14533 4
14534 2
14535 4
14536 1
14538 1
14539 1
14540 2
14541 2
14542 2
14544 4
14545 2
14546 2
14547 1
14550 5
14551 2
14552 2
14553 2
14554 2
14555 2
14556 2
14557 3
14558 3
14559 4
14560 3
14561 4
14562 3
14563 3
14564 3
14565 5
14566 2
14567 1
14569 1
14570 2
14571 3
14572 1
14573 3
14574 1
14575 2
14576 1
14577 3
14578 3
14579 2
14580 2
14581 2
14582 2
14583 1
14584 1
14585 5
14586 5
14587 2
14588 2
14589 2
14590 4
14591 3
14592 2
14594 1
14595 1
14596 1
14597 3
14598 3
14600 2
14602 3
14603 4
14604 4
14605 2
14606 4
14607 5
14608 4
14609 6
14610 5
14611 4
14612 2
14613 2
14614 1
14615 2
14616 3
14617 2
14618 3
14619 1
14620 2
14622 3
14623 1
14624 2
14626 1
14627 3
14628 3
14629 3
14630 3
14631 5
14632 2
14633 3
14634 4
14635 6
14636 2
14637 5
14638 1
14639 3
14640 2
14641 3
14642 2
14643 3
14644 1
14645 3
14646 2
14647 4
14648 2
14649 4
14650 1
14651 4
14653 3
14654 1
14655 4
14656 4
14657 1
14658 2
14659 3
14660 5
14661 3
14662 3
14663 2
14664 6
14665 2
14666 2
14667 1
14668 3
14669 2
14670 6
14671 1
14672 1
14673 1
14674 3
14675 2
14676 5
14678 3
14680 5
14681 2
14682 2
14683 1
14684 2
14685 4
14686 4
14687 5
14688 4
14689 5
14690 3
14691 4
14692 4
14693 3
14694 2
14695 4
14696 1
14697 3
14698 2
14699 3
14700 2
14701 3
14702 1
14703 3
14705 4
14706 2
14707 4
14708 1
14709 4
14710 4
14711 3
14712 3
14713 3
14714 3
14715 2
14716 5
14717 2
14718 2
14719 1
14720 4
14721 1
14722 3
14723 2
14724 3
14725 4
14726 2
14727 3
14728 1
14729 3
14730 3
14731 3
14732 4
14733 4
14734 6
14735 4
14736 4
14737 3
14738 6
14739 3
14740 2
14741 3
14742 2
14743 3
14744 2
14745 4
14746 1
14747 2
14748 3
14749 4
14750 3
14751 1
14752 2
14753 4
14754 6
14755 2
14756 2
14757 1
14758 4
14759 4
14760 4
14761 3
14762 1
14763 5
14764 4
14765 4
14766 1
14767 4
14768 2
14769 2
14770 6
14771 2
14772 2
14773 4
14774 2
14775 3
14776 4
14777 5
14778 2
14779 4
14780 1
14781 5
14782 3
14783 4
14784 3
14785 3
14786 1
14787 3
14788 6
14789 4
14790 4
14791 3
14792 4
14793 2
14794 6
14795 3
14796 2
14797 1
14799 1
14800 4
14801 1
14802 2
14803 1
14804 2
14805 1
14806 5
14807 1
14808 4
14809 1
14810 4
14811 1
14812 4
14813 3
14814 5
14815 5
14816 4
14817 6
14818 1
14819 5
14820 4
14821 4
14822 1
14823 4
14825 3
14826 1
14827 3
14828 2
14831 3
14832 1
14833 4
14834 2
14835 3
14836 2
14837 4
14838 4
14839 5
14841 2
14842 3
14843 3
14844 2
14845 1
14846 2
14848 3
14849 1
14850 2
14852 3
14853 2
14854 3
14855 2
14856 1
14857 1
14858 2
14859 2
14860 5
14861 2
14862 5
14863 2
14864 5
14865 1
14866 5
14867 5
14868 3
14869 1
14870 3
14871 1
14872 1
14873 6
14874 1
14875 1
14877 2
14878 3
14879 4
14880 1
14882 2
14884 3
14885 4
14888 1
14889 4
14890 1
14891 4
14892 2
14893 5
14895 4
14896 1
14897 6
14898 3
14899 3
14900 2
14902 1
14903 1
14904 2
14905 4
14906 4
14907 3
14908 1
14909 4
14910 2
14911 4
14912 1
14913 1
14914 2
14915 3
14916 4
14917 5
14918 4
14919 1
14920 4
14921 2
14922 2
14923 1
14924 4
14926 3
14927 1
14928 2
14930 2
14932 1
14933 1
14934 2
14935 2
14936 6
14937 2
14938 4
14939 5
14940 2
14942 3
14943 4
14944 2
14945 5
14946 1
14947 3
14949 4
14950 2
14951 3
14952 1
14953 3
14954 1
14955 2
14956 2
14957 3
14958 1
14959 3
14960 2
14961 3
14962 2
14963 5
14964 3
14965 1
14966 1
14967 6
14968 1
14969 1
14970 2
14971 1
14972 1
14973 2
14974 3
14976 5
14977 1
14978 1
14979 1
14980 4
14981 1
14982 5
14983 3
14984 1
14985 3
14986 3
14987 2
14988 5
14989 3
14990 3
14991 2
14992 4
14993 3
14994 3
14995 2
14996 3
14997 2
14998 3
14999 3
15000 3
15001 2
15003 3
15004 1
15005 1
15006 1
15007 2
15008 2
15009 4
15010 1
15011 2
15013 3
15014 2
15015 1
15017 5
15018 3
15019 2
15020 5
15021 4
15022 3
15023 4
15024 2
15025 2
15026 3
15027 3
15028 2
15029 3
15030 3
15031 1
15032 2
15033 4
15034 1
15035 3
15036 3
15037 3
15038 3
15039 4
15040 3
15041 4
15042 8
15043 3
15044 3
15045 2
15046 3
15047 2
15048 2
15049 1
15050 3
15051 1
15052 3
15053 2
15054 4
15055 1
15056 2
15057 2
15058 1
15059 1
15060 3
15061 1
15062 2
15063 3
15064 3
15065 4
15066 4
15067 4
15068 5
15069 3
15070 4
15071 6
15072 3
15073 4
15074 2
15075 2
15076 3
15077 5
15078 1
15079 3
15080 2
15081 4
15082 1
15083 5
15084 1
15085 3
15086 1
15087 4
15088 2
15089 4
15090 1
15091 2
15092 2
15093 2
15094 2
15095 1
15096 5
15097 2
15098 3
15099 1
15100 5
15101 3
15102 3
15103 3
15104 3
15105 1
15106 4
15107 1
15108 3
15109 3
15110 3
15111 1
15112 5
15114 3
15115 2
15116 4
15117 2
15118 4
15120 6
15121 4
15122 2
15123 4
15124 3
15125 4
15126 4
15127 6
15128 1
15129 1
15130 1
15131 1
15132 1
15133 3
15134 1
15135 1
15136 1
15137 1
15139 3
15141 1
15142 3
15143 4
15144 2
15145 3
15146 2
15147 3
15148 3
15149 3
15150 4
15151 2
15152 3
15153 3
15154 4
15155 4
15156 2
15157 1
15158 1
15159 2
15160 1
15161 3
15162 1
15163 3
15164 1
15165 3
15166 4
15167 2
15168 3
15169 2
15170 3
15171 3
15172 3
15173 1
15174 3
15177 1
15178 1
15179 1
15180 2
15181 3
15182 1
15183 2
15184 2
15185 1
15186 6
15187 1
15188 1
15189 2
15190 4
15191 1
15192 4
15193 3
15194 5
15195 4
15196 2
15197 2
15198 3
15199 4
15200 3
15201 4
15202 1
15203 3
15204 2
15205 3
15206 3
15209 2
15210 1
15211 3
15212 3
15213 2
15215 4
15216 1
15217 5
15218 1
15219 1
15220 2
15221 1
15222 1
15223 1
15224 3
15225 2
15226 5
15227 3
15228 2
15229 1
15230 3
15231 1
15232 3
15233 1
15234 1
15236 3
15237 1
15238 3
15239 2
15240 1
15241 1
15242 4
15243 3
15244 5
15245 3
15246 3
15247 3
15248 4
15249 3
15250 2
15251 5
15253 3
15255 3
15256 1
15257 2
15259 2
15261 1
15263 1
15264 1
15266 1
15267 1
15268 1
15269 4
15270 2
15271 5
15272 5
15273 3
15274 2
15275 3
15276 2
15277 3
15278 3
15280 4
15281 1
15282 3
15283 2
15284 5
15286 2
15288 1
15289 2
15290 3
15291 1
15292 2
15293 3
15294 2
15295 4
15296 4
15297 1
15298 3
15299 1
15300 2
15301 1
15302 2
15303 1
15304 2
15305 3
15306 1
15307 2
15308 1
15309 4
15310 3
15312 1
15313 1
15314 1
15315 3
15316 3
15317 3
15318 1
15319 2
15320 3
15321 5
15322 2
15323 2
15324 2
15325 4
15326 4
15327 5
15328 4
15329 4
15330 4
15331 4
15332 2
15333 3
15334 2
15335 2
15336 2
15337 2
15338 1
15339 2
15341 3
15342 1
15343 2
15344 1
15345 4
15346 3
15347 3
15348 1
15349 2
15350 4
15351 2
15352 3
15353 3
15354 4
15355 3
15356 6
15357 1
15358 4
15359 2
15360 4
15361 2
15362 5
15363 1
15364 3
15365 1
15366 2
15367 2
15368 3
15369 2
15370 4
15371 3
15372 4
15373 4
15374 5
15375 4
15376 3
15377 2
15378 4
15379 1
15380 2
15381 3
15383 4
15384 2
15385 4
15387 3
15388 1
15389 3
15390 1
15391 1
15392 1
15393 4
15395 5
15396 2
15397 2
15398 3
15399 7
15400 3
15401 2
15402 2
15403 3
15404 5
15405 3
15406 3
15407 1
15408 3
15409 3
15410 5
15411 2
15412 3
15413 2
15414 3
15415 2
15416 4
15417 1
15418 3
15419 1
15420 3
15421 2
15422 3
15423 2
15424 5
15425 1
15426 2
15427 2
15428 4
15429 4
15430 2
15431 3
15432 1
15433 2
15434 2
15435 5
15436 2
15437 2
15438 1
15439 4
15440 2
15441 2
15442 1
15443 2
15444 1
15445 4
15446 2
15447 3
15448 2
15449 2
15450 3
15451 3
15452 4
15453 5
15454 3
15455 2
15456 4
15457 1
15458 3
15459 2
15460 2
15461 3
15462 2
15463 3
15464 1
15465 1
15467 1
15468 1
15469 1
15470 3
15471 1
15472 2
15473 3
15474 5
15475 3
15476 3
15477 3
15478 4
15479 2
15480 3
15481 3
15482 4
15483 3
15484 1
15486 1
15487 2
15488 3
15489 3
15490 2
15491 1
15492 3
15493 3
15494 3
15496 2
15497 1
15498 3
15499 6
15500 4
15501 6
15502 3
15503 2
15504 2
15505 4
15506 3
15507 3
15508 1
15509 2
15511 1
15512 1
15513 5
15514 2
15517 2
15518 1
15519 5
15520 1
15521 1
15523 3
15524 2
15525 4
15526 2
15527 1
15528 3
15529 2
15530 4
15531 3
15532 3
15533 1
15534 3
15535 2
15536 4
15537 1
15538 3
15539 1
15540 2
15542 2
15543 1
15544 5
15545 1
15546 3
15548 3
15550 3
15552 1
15553 3
15554 1
15555 3
15556 3
15557 2
15558 1
15559 6
15560 1
15561 1
15562 1
15563 2
15564 1
15565 4
15567 1
15568 1
15570 1
15571 4
15573 2
15574 2
15575 2
15577 4
15578 2
15579 4
15580 1
15581 2
15582 3
15583 4
15584 3
15585 1
15586 1
15587 1
15588 2
15590 1
15591 3
15592 3
15593 1
15595 1
15596 2
15597 2
15598 2
15599 1
15600 1
15602 4
15603 4
15604 4
15605 1
15606 3
15608 3
15609 3
15610 1
15611 1
15612 3
15613 2
15614 2
15615 2
15616 2
15617 2
15618 3
15619 1
15620 3
15621 1
15622 3
15623 1
15624 2
15625 4
15626 2
15627 2
15628 3
15629 3
15631 3
15633 5
15634 2
15635 3
15636 1
15637 4
15638 2
15639 2
15640 1
15642 1
15643 4
15644 2
15645 3
15646 1
15647 2
15648 2
15649 5
15650 1
15651 1
15652 1
15653 4
15654 1
15655 3
15656 3
15657 3
15658 3
15659 2
15660 4
15661 1
15662 7
15663 2
15664 2
15665 2
15666 3
15668 3
15669 1
15670 1
15671 1
15672 4
15673 2
15674 4
15675 1
15676 2
15677 2
15678 3
15679 3
15680 3
15681 2
15682 4
15683 4
15684 1
15685 2
15686 3
15687 4
15688 2
15689 3
15691 2
15692 2
15693 3
15695 2
15696 1
15697 1
15698 1
15699 2
15700 2
15701 2
15702 1
15703 5
15704 2
15705 4
15706 3
15707 3
15708 4
15709 5
15710 3
15711 2
15712 5
15713 1
15715 2
15716 5
15717 2
15718 4
15719 1
15720 1
15721 1
15722 3
15723 2
15724 1
15726 2
15727 3
15728 5
15729 1
15730 2
15731 1
15732 2
15733 2
15734 3
15735 1
15736 4
15737 3
15738 4
15739 2
15740 4
15741 2
15742 2
15743 1
15744 1
15745 2
15746 1
15747 4
15748 2
15749 1
15750 3
15751 3
15752 3
15753 3
15755 2
15756 4
15757 3
15758 2
15759 3
15760 1
15761 3
15762 5
15763 5
15764 1
15765 2
15766 3
15767 3
15769 4
15770 1
15771 2
15773 3
15775 1
15776 1
15777 3
15778 3
15779 2
15780 1
15781 3
15782 3
15783 4
15784 2
15785 3
15786 4
15787 3
15788 4
15789 2
15790 5
15791 3
15792 3
15794 5
15795 2
15796 2
15798 3
15800 4
15801 2
15802 4
15803 2
15804 1
15806 7
15807 3
15808 2
15809 4
15810 4
15811 1
15812 3
15813 4
15815 1
15816 1
15817 2
15819 4
15820 1
15821 3
15823 3
15825 4
15827 2
15828 3
15829 2
15830 1
15831 4
15832 2
15833 3
15834 4
15835 3
15836 1
15837 3
15838 2
15839 2
15840 4
15841 3
15842 2
15844 1
15845 2
15846 3
15847 1
15848 2
15850 1
15851 1
15852 5
15853 1
15854 2
15856 4
15857 1
15860 1
15861 1
15862 1
15863 3
15864 1
15865 3
15866 3
15867 3
15868 1
15869 1
15870 1
15871 1
15872 3
15873 1
15875 2
15876 1
15877 2
15878 2
15879 1
15880 3
15881 4
15882 2
15883 2
15884 3
15885 2
15886 3
15887 3
15888 3
15889 1
15890 2
15891 3
15892 4
15893 1
15895 2
15897 1
15899 1
15900 1
15901 1
15903 2
15904 1
15906 2
15907 1
15908 1
15909 2
15910 4
15911 3
15912 5
15913 5
15914 1
15915 3
15916 1
15917 2
15918 3
15919 2
15920 3
15921 1
15922 1
15923 1
15924 4
15926 1
15928 2
15929 2
15930 4
15931 2
15932 2
15933 1
15934 1
15935 4
15936 3
15937 5
15938 1
15939 2
15941 4
15942 1
15943 2
15945 3
15946 1
15947 1
15949 3
15950 1
15951 2
15952 1
15953 1
15955 5
15956 1
15957 3
15958 2
15959 1
15960 2
15961 4
15962 2
15963 3
15964 3
15965 1
15966 7
15967 4
15968 2
15969 2
15970 6
15971 1
15972 3
15975 1
15976 2
15978 3
15980 3
15982 4
15984 2
15985 1
15986 1
15987 1
15988 2
15989 2
15990 2
15991 5
15992 2
15993 4
15994 1
15995 5
15996 3
15997 2
15998 2
15999 1
16000 1
16001 3
16002 1
16003 2
16004 1
16005 2
16006 2
16007 4
16008 1
16009 3
16010 1
16011 3
16012 2
16013 5
16014 3
16015 2
16016 3
16017 2
16018 2
16019 2
16020 3
16021 1
16022 2
16024 1
16025 1
16026 2
16027 1
16028 2
16029 1
16030 1
16031 3
16032 2
16033 1
16034 2
16035 3
16036 3
16037 2
16038 3
16039 3
16040 4
16042 2
16043 2
16044 4
16045 4
16046 3
16047 1
16048 3
16049 3
16050 3
16051 2
16053 2
16054 2
16055 3
16056 5
16057 2
16058 2
16059 1
16060 5
16061 3
16062 2
16063 1
16064 1
16065 2
16066 2
16067 3
16069 3
16070 1
16071 3
16072 2
16073 3
16074 2
16075 3
16076 1
16078 2
16079 3
16080 1
16081 4
16082 3
16083 4
16084 2
16085 6
16086 2
16087 3
16089 4
16090 5
16091 4
16092 2
16093 3
16094 3
16095 1
16096 6
16097 2
16098 1
16099 2
16100 2
16101 1
16102 2
16104 1
16106 1
16108 2
16109 2
16110 4
16111 1
16112 3
16113 1
16114 6
16115 3
16116 2
16117 2
16118 3
16119 2
16120 1
16121 5
16122 3
16123 3
16125 2
16126 1
16127 4
16128 1
16129 4
16131 1
16132 1
16133 3
16134 2
16135 2
16136 3
16137 1
16138 3
16139 6
16140 4
16141 2
16143 2
16144 1
16145 1
16146 1
16147 1
16148 2
16150 2
16152 1
16154 1
16155 1
16156 2
16158 3
16159 1
16160 2
16161 2
16162 1
16163 1
16164 4
16165 2
16166 2
16167 1
16168 3
16169 3
16170 3
16171 1
16172 2
16173 3
16174 2
16175 4
16176 2
16179 5
16180 1
16181 2
16183 1
16184 1
16185 1
16186 2
16187 2
16188 1
16189 1
16190 1
16191 1
16192 1
16194 2
16195 3
16197 3
16198 1
16199 5
16200 3
16201 2
16202 1
16203 1
16204 1
16205 3
16208 1
16210 1
16211 3
16212 3
16213 2
16214 1
16216 2
16217 4
16218 4
16219 3
16220 3
16221 1
16222 3
16223 3
16224 2
16225 1
16226 4
16228 2
16230 3
16232 1
16236 1
16238 2
16239 2
16240 2
16241 3
16242 3
16243 2
16244 2
16245 5
16247 2
16248 2
16249 3
16251 4
16253 3
16254 1
16255 3
16256 2
16257 4
16259 3
16261 1
16262 1
16263 2
16264 2
16265 3
16266 1
16267 1
16268 1
16269 3
16270 2
16271 1
16272 2
16273 2
16274 2
16276 1
16278 3
16279 1
16280 2
16282 4
16283 1
16284 3
16285 1
16286 1
16288 3
16289 1
16290 3
16291 1
16292 2
16293 1
16294 3
16295 3
16296 2
16297 2
16298 3
16299 2
16300 3
16301 4
16302 2
16303 2
16304 2
16305 1
16306 1
16308 1
16309 2
16311 2
16313 2
16314 1
16315 2
16317 1
16318 1
16319 3
16320 1
16321 2
16322 1
16323 5
16324 2
16325 2
16326 1
16327 1
16328 1
16329 2
16330 1
16331 1
16332 2
16333 2
16334 1
16335 3
16336 1
16338 2
16339 3
16340 2
16341 4
16342 3
16343 3
16344 5
16345 2
16346 3
16347 3
16348 5
16349 1
16350 1
16351 1
16352 2
16354 1
16355 1
16356 2
16357 1
16358 2
16359 1
16360 1
16361 1
16362 3
16363 1
16364 2
16365 3
16366 2
16367 2
16368 3
16369 4
16370 3
16371 2
16372 3
16373 5
16374 2
16375 4
16376 1
16377 3
16378 2
16379 3
16381 1
16383 3
16384 1
16385 2
16386 2
16387 3
16388 1
16389 5
16391 4
16392 1
16393 2
16394 3
16395 2
16396 1
16397 1
16398 6
16399 1
16400 1
16401 2
16402 6
16403 1
16404 3
16405 1
16406 3
16408 3
16409 1
16410 1
16412 2
16413 1
16414 3
16415 1
16416 3
16417 1
16418 3
16419 1
16420 2
16421 1
16422 4
16423 3
16424 3
16425 2
16426 4
16427 4
16428 1
16429 4
16430 2
16431 2
16433 2
16434 1
16435 1
16436 1
16437 2
16438 1
16439 2
16441 2
16442 2
16443 1
16444 1
16445 4
16447 3
16448 5
16449 3
16451 1
16452 1
16453 2
16454 2
16455 1
16456 2
16457 1
16458 2
16459 2
16460 2
16462 1
16463 3
16464 1
16465 2
16466 1
16467 3
16468 2
16469 2
16470 2
16471 2
16472 2
16473 3
16474 3
16476 5
16477 1
16478 1
16480 1
16481 1
16483 2
16484 1
16485 1
16486 2
16487 2
16488 3
16489 1
16491 1
16492 6
16494 1
16495 2
16496 3
16498 1
16499 1
16500 1
16501 3
16502 2
16503 2
16505 5
16506 2
16507 5
16508 1
16509 1
16511 2
16512 1
16513 2
16514 1
16515 2
16517 3
16519 4
16520 2
16521 3
16522 1
16523 2
16525 1
16526 3
16527 2
16528 3
16529 1
16530 2
16531 1
16532 5
16534 1
16538 4
16539 1
16540 1
16542 1
16543 1
16544 2
16545 1
16546 3
16547 1
16548 3
16549 2
16550 4
16551 3
16552 2
16553 3
16554 1
16555 1
16557 3
16559 3
16561 2
16563 2
16565 1
16566 1
16568 1
16569 1
16570 1
16571 3
16572 1
16573 2
16574 3
16575 3
16576 2
16577 3
16578 1
16579 1
16580 1
16581 1
16582 1
16583 1
16584 2
16586 3
16588 2
16590 3
16592 2
16593 1
16595 1
16596 1
16597 2
16598 3
16599 1
16600 2
16601 2
16602 2
16603 1
16604 2
16605 3
16606 2
16607 1
16608 1
16609 1
16610 1
16611 3
16612 1
16613 1
16615 1
16616 2
16617 2
16618 1
16621 1
16622 3
16623 3
16625 1
16626 1
16627 3
16628 2
16629 3
16630 2
16631 4
16633 3
16634 1
16635 2
16636 2
16637 2
16638 1
16639 1
16640 1
16641 2
16643 2
16645 1
16646 2
16647 3
16648 2
16649 3
16650 1
16651 3
16652 5
16653 2
16654 2
16655 2
16656 4
16657 1
16658 3
16660 1
16662 2
16664 3
16665 1
16666 3
16668 3
16670 2
16672 1
16673 2
16674 3
16675 3
16676 3
16677 3
16678 3
16679 2
16680 3
16681 3
16682 1
16683 3
16684 1
16685 3
16687 2
16689 3
16690 1
16691 3
16692 1
16693 2
16694 1
16695 5
16697 3
16698 1
16699 3
16701 4
16702 1
16703 1
16704 1
16705 3
16706 4
16708 2
16709 1
16710 2
16711 2
16712 3
16714 3
16715 1
16716 2
16717 1
16718 4
16719 1
16720 3
16721 2
16722 1
16723 1
16724 3
16725 1
16726 4
16728 2
16729 2
16730 4
16731 4
16732 2
16733 1
16734 3
16735 2
16736 2
16737 2
16738 1
16739 1
16741 3
16742 2
16743 1
16744 1
16746 2
16747 2
16748 1
16749 2
16751 2
16752 1
16753 3
16755 3
16756 3
16757 1
16758 4
16759 2
16760 2
16761 2
16762 2
16763 1
16764 1
16765 2
16766 1
16767 1
16768 3
16769 2
16771 2
16773 2
16774 1
16775 3
16776 3
16777 1
16778 2
16779 3
16780 4
16781 2
16782 2
16783 1
16784 2
16785 1
16789 1
16790 1
16791 1
16793 1
16794 2
16795 2
16796 3
16797 1
16798 2
16800 3
16801 1
16802 2
16803 3
16804 3
16805 2
16806 2
16807 2
16808 4
16809 5
16810 1
16811 1
16812 2
16813 1
16814 2
16815 4
16816 1
16819 3
16820 1
16821 2
16822 1
16823 1
16825 4
16826 1
16827 2
16829 1
16830 1
16831 2
16832 2
16833 1
16834 4
16836 2
16837 1
16838 3
16839 1
16840 3
16841 2
16844 1
16846 2
16847 2
16848 2
16850 2
16852 3
16854 1
16855 1
16856 2
16857 2
16858 4
16859 4
16861 3
16862 2
16863 2
16864 1
16865 4
16869 1
16871 1
16877 2
16879 1
16880 1
16881 2
16883 2
16884 1
16885 2
16886 3
16887 2
16888 2
16890 1
16891 1
16892 2
16894 3
16897 1
16898 2
16899 1
16900 1
16901 1
16902 1
16903 1
16904 2
16905 1
16906 3
16908 2
16909 1
16910 1
16912 2
16915 1
16916 1
16917 1
16918 2
16921 1
16923 1
16924 4
16925 1
16926 2
16927 2
16928 1
16929 1
16930 3
16931 2
16933 3
16934 1
16935 4
16937 2
16938 1
16939 3
16940 1
16941 3
16942 1
16943 1
16945 1
16947 1
16948 1
16949 3
16950 1
16951 1
16953 1
16954 1
16955 3
16958 2
16959 2
16960 2
16961 1
16962 3
16964 4
16966 1
16967 1
16968 3
16970 3
16972 2
16974 2
16976 2
16977 2
16978 3
16979 2
16980 2
16981 3
16982 3
16983 3
16984 3
16985 2
16986 1
16987 2
16988 2
16989 2
16991 1
16993 1
16995 2
16997 1
16999 1
17001 2
17003 1
17004 1
17005 2
17006 1
17007 3
17008 2
17009 4
17010 3
17011 2
17012 1
17013 3
17014 2
17015 1
17016 1
17018 4
17019 1
17020 1
17021 2
17022 2
17024 3
17025 1
17026 1
17027 1
17028 2
17029 1
17030 3
17031 2
17032 1
17033 2
17034 2
17036 1
17037 2
17038 2
17039 1
17040 1
17041 1
17042 3
17043 2
17044 1
17045 1
17047 1
17048 2
17050 2
17051 2
17052 1
17053 2
17054 1
17055 1
17056 1
17057 3
17058 1
17059 3
17060 1
17061 2
17062 3
17063 3
17064 2
17065 3
17066 1
17067 2
17068 4
17069 2
17071 2
17073 1
17074 1
17075 2
17077 1
17079 1
17080 1
17083 1
17084 4
17085 2
17086 1
17087 1
17088 4
17089 1
17090 2
17091 2
17092 4
17093 1
17094 2
17096 4
17097 2
17098 2
17100 2
17102 3
17103 1
17104 2
17106 2
17107 1
17108 4
17109 2
17111 2
17112 3
17113 3
17114 2
17115 3
17116 1
17117 1
17121 2
17122 1
17123 2
17125 3
17127 4
17130 1
17131 3
17133 3
17134 1
17135 2
17136 2
17137 1
17139 2
17140 2
17141 1
17142 4
17143 1
17144 2
17145 2
17146 3
17147 1
17148 1
17149 1
17150 1
17151 1
17152 2
17153 1
17154 3
17156 2
17158 3
17160 1
17162 1
17166 1
17167 3
17168 1
17169 2
17171 2
17172 1
17173 2
17174 1
17175 1
17177 1
17178 2
17179 1
17181 1
17182 1
17183 1
17184 1
17185 1
17186 2
17187 2
17189 2
17190 1
17191 2
17192 2
17193 2
17194 1
17196 1
17197 1
17198 1
17199 1
17201 1
17203 1
17205 1
17207 1
17208 1
17210 2
17212 2
17213 2
17214 3
17215 2
17216 1
17218 2
17219 1
17220 1
17221 1
17222 1
17224 1
17225 2
17226 2
17228 1
17230 2
17231 1
17232 3
17233 1
17234 2
17236 4
17237 2
17238 1
17239 3
17241 1
17243 3
17245 2
17247 2
17251 3
17257 5
17258 1
17259 1
17260 1
17261 3
17262 2
17263 2
17265 1
17266 2
17268 4
17269 3
17270 2
17271 1
17272 4
17274 2
17276 3
17280 1
17282 2
17284 1
17286 2
17287 2
17288 2
17290 1
17291 2
17293 3
17294 1
17295 1
17297 5
17298 1
17299 1
17300 1
17301 2
17303 3
17305 1
17308 1
17309 2
17311 2
17312 1
17313 1
17314 1
17315 3
17316 3
17317 3
17319 2
17320 1
17322 3
17323 1
17324 1
17326 3
17328 1
17329 1
17330 1
17333 1
17334 2
17335 1
17336 2
17337 1
17338 1
17340 3
17341 3
17342 1
17344 2
17345 1
17346 3
17347 1
17348 1
17349 1
17350 2
17351 3
17352 3
17353 1
17354 2
17355 1
17357 1
17358 2
17359 1
17360 1
17361 1
17362 2
17363 2
17364 1
17365 2
17366 3
17369 2
17370 1
17371 3
17372 1
17373 2
17375 3
17376 2
17377 3
17380 1
17381 3
17383 3
17386 1
17387 4
17388 1
17389 1
17390 1
17391 3
17392 2
17393 2
17394 1
17395 3
17396 1
17397 1
17398 3
17400 3
17401 2
17402 2
17404 4
17406 2
17410 1
17411 1
17412 3
17414 2
17415 2
17416 4
17417 3
17418 2
17419 1
17420 4
17423 2
17424 3
17425 1
17429 3
17430 1
17431 2
17433 2
17434 1
17435 3
17437 1
17438 1
17439 1
17440 1
17441 4
17442 3
17443 2
17444 2
17445 2
17447 3
17448 2
17449 2
17450 1
17451 1
17454 3
17455 1
17456 1
17460 3
17461 1
17462 1
17465 1
17466 4
17467 1
17469 1
17470 1
17471 2
17472 1
17474 1
17476 2
17477 1
17478 1
17479 2
17480 2
17481 1
17482 1
17485 2
17488 1
17489 1
17490 1
17491 2
17494 4
17495 1
17496 2
17497 1
17498 1
17499 1
17500 1
17501 2
17502 1
17505 1
17507 2
17509 1
17513 1
17514 1
17516 2
17518 2
17519 2
17520 3
17521 1
17523 2
17524 1
17525 3
17526 2
17527 1
17532 2
17533 1
17534 2
17538 2
17541 2
17543 1
17544 4
17545 3
17546 1
17547 2
17548 1
17550 2
17551 2
17553 2
17555 2
17557 1
17559 2
17561 2
17563 2
17566 2
17569 2
17570 1
17572 2
17574 2
17575 1
17576 1
17577 2
17578 1
17580 3
17584 3
17586 2
17588 1
17590 2
17592 1
17594 1
17598 1
17599 1
17601 2
17603 3
17604 2
17605 1
17606 1
17607 1
17609 1
17610 1
17613 2
17615 2
17616 1
17619 1
17620 1
17621 2
17623 2
17624 2
17625 2
17626 1
17627 1
17628 1
17629 1
17630 1
17633 1
17634 1
17635 1
17636 1
17638 1
17641 1
17642 1
17644 2
17645 1
17646 1
17647 1
17648 1
17649 1
17650 3
17651 1
17652 1
17653 2
17654 2
17656 1
17657 1
17658 2
17659 2
17660 1
17662 1
17664 2
17667 2
17668 1
17669 2
17670 2
17671 1
17674 1
17675 2
17676 1
17677 2
17679 3
17680 1
17681 3
17683 2
17685 1
17687 1
17688 1
17689 2
17691 2
17693 3
17695 1
17696 2
17697 1
17698 2
17699 2
17700 2
17701 1
17702 1
17703 1
17704 6
17705 1
17706 1
17707 2
17708 3
17710 2
17714 1
17716 1
17718 1
17719 1
17720 1
17722 1
17723 1
17724 2
17725 1
17726 2
17727 2
17728 3
17729 2
17730 1
17731 3
17732 1
17733 3
17734 1
17735 1
17736 2
17737 2
17739 2
17742 1
17743 2
17744 1
17745 1
17747 3
17748 1
17749 2
17750 2
17751 2
17752 1
17753 1
17754 2
17755 1
17757 1
17758 1
17759 1
17760 1
17762 1
17764 1
17766 1
17769 2
17770 1
17771 1
17772 1
17774 2
17775 1
17776 1
17777 1
17778 3
17780 2
17781 1
17782 3
17783 2
17784 1
17786 2
17787 1
17788 1
17789 1
17792 1
17793 1
17794 3
17797 1
17798 2
17799 1
17804 1
17805 1
17807 2
17809 2
17811 3
17813 2
17817 1
17819 1
17821 3
17822 2
17823 2
17825 2
17827 2
17828 4
17829 1
17830 1
17831 1
17832 2
17833 1
17834 3
17837 1
17840 2
17842 1
17844 1
17848 1
17850 1
17852 3
17853 4
17854 2
17855 1
17856 1
17859 2
17861 3
17863 1
17865 3
17867 1
17871 2
17872 1
17873 1
17875 1
17876 1
17877 3
17878 2
17882 1
17886 1
17888 1
17890 1
17892 1
17896 2
17899 1
17900 1
17901 1
17902 1
17904 1
17905 1
17907 3
17908 2
17909 1
17910 1
17911 2
17912 1
17913 1
17917 1
17918 1
17919 1
17922 1
17924 1
17925 1
17929 1
17931 1
17932 1
17933 2
17935 1
17936 2
17937 2
17938 1
17939 1
17942 1
17943 2
17946 1
17948 1
17949 1
17951 2
17954 3
17955 3
17956 1
17957 1
17958 3
17960 1
17961 1
17962 1
17964 1
17966 1
17968 1
17970 1
17972 1
17976 1
17978 1
17979 2
17980 2
17981 1
17983 3
17985 3
17986 1
17987 3
17989 2
17991 3
17993 1
17994 1
17995 1
17997 3
17999 1
18001 2
18003 2
18005 1
18007 1
18008 3
18010 2
18012 3
18014 2
18016 3
18018 1
18020 3
18022 2
18023 1
18024 1
18026 3
18027 1
18028 1
18030 1
18031 1
18032 3
18033 1
18034 2
18036 2
18037 2
18038 1
18039 2
18040 1
18041 2
18043 1
18044 1
18049 1
18051 2
18052 1
18053 1
18055 2
18057 1
18059 2
18061 2
18062 1
18063 2
18064 1
18067 1
18068 1
18069 1
18070 2
18071 1
18072 1
18073 1
18074 1
18075 1
18077 3
18079 1
18080 2
18081 3
18082 1
18084 1
18086 2
18088 1
18090 1
18097 1
18098 1
18099 1
18100 2
18101 1
18102 3
18104 1
18105 1
18106 3
18108 1
18109 1
18110 3
18111 2
18114 1
18115 2
18116 1
18117 2
18119 1
18121 2
18124 1
18126 1
18127 3
18129 2
18131 2
18133 2
18135 1
18136 2
18138 1
18140 2
18142 2
18143 1
18146 1
18152 2
18153 1
18154 2
18155 1
18158 2
18160 3
18161 2
18162 1
18164 3
18167 2
18171 1
18180 2
18183 1
18185 2
18186 1
18189 1
18190 1
18192 1
18194 1
18196 1
18197 1
18198 1
18200 1
18202 1
18205 1
18207 1
18209 1
18211 1
18214 1
18215 1
18219 1
18221 1
18223 1
18225 1
18227 1
18230 1
18232 1
18233 1
18236 1
18237 1
18239 3
18241 1
18243 2
18244 2
18245 2
18250 1
18260 1
18261 1
18262 1
18263 1
18264 2
18266 1
18268 1
18270 2
18272 1
18274 1
18276 1
18280 1
18281 1
18282 1
18283 1
18284 1
18285 1
18286 1
18287 1
18288 1
18289 2
18290 1
18291 1
18293 1
18297 1
18299 2
18303 1
18305 1
18306 1
18309 1
18310 1
18311 2
18312 1
18313 1
18314 1
18315 2
18316 1
18318 1
18319 1
18320 2
18322 1
18324 1
18326 1
18328 2
18330 1
18334 1
18335 1
18336 1
18339 1
18340 2
18342 1
18343 2
18344 1
18345 1
18346 1
18347 1
18351 1
18354 1
18357 1
18359 1
18361 2
18363 2
18364 1
18365 2
18366 1
18367 1
18368 1
18369 2
18371 1
18372 1
18375 1
18377 1
18379 1
18383 1
18384 1
18386 2
18388 1
18389 3
18390 4
18393 1
18394 3
18398 1
18404 2
18406 1
18408 2
18410 1
18411 1
18412 1
18413 2
18414 1
18415 2
18416 1
18417 2
18418 2
18419 2
18421 1
18422 1
18423 1
18427 1
18429 2
18433 3
18435 1
18436 1
18437 2
18441 1
18442 1
18444 3
18446 2
18447 1
18448 3
18450 1
18454 1
18455 1
18456 1
18458 1
18460 1
18462 2
18464 1
18466 1
18467 1
18468 1
18469 3
18472 2
18473 2
18479 1
18480 1
18481 1
18484 1
18487 1
18491 2
18493 1
18494 1
18497 1
18498 1
18500 1
18502 1
18507 1
18509 1
18511 1
18512 1
18513 1
18514 1
18516 2
18519 1
18520 1
18527 1
18528 1
18531 1
18534 2
18536 1
18538 2
18540 1
18541 1
18545 1
18547 3
18549 1
18551 1
18553 1
18557 1
18559 2
18563 3
18564 1
18570 1
18571 1
18572 2
18574 1
18578 2
18584 1
18588 1
18589 1
18590 2
18592 1
18593 1
18594 1
18595 2
18597 1
18599 2
18603 1
18607 1
18609 1
18617 1
18618 1
18619 1
18621 1
18624 2
18626 1
18628 1
18630 1
18632 2
18636 1
18637 1
18638 1
18641 1
18642 1
18644 1
18646 1
18647 1
18653 1
18654 1
18655 1
18656 1
18659 1
18661 1
18662 1
18664 1
18667 2
18671 1
18672 1
18673 3
18675 1
18677 2
18678 1
18679 1
18683 1
18685 1
18687 1
18689 1
18692 1
18693 1
18694 1
18696 1
18697 1
18698 1
18699 1
18700 1
18702 3
18706 3
18708 1
18710 2
18714 1
18716 2
18717 1
18718 1
18719 1
18720 2
18721 1
18722 2
18725 1
18726 1
18727 1
18731 1
18735 1
18737 2
18739 2
18741 1
18743 1
18745 2
18746 1
18747 1
18749 2
18750 2
18751 1
18753 1
18756 3
18757 1
18760 1
18762 2
18763 1
18767 1
18768 2
18770 1
18772 1
18775 1
18780 1
18781 1
18782 1
18786 1
18788 1
18789 1
18792 1
18795 1
18796 1
18797 1
18799 1
18800 3
18803 2
18805 1
18806 1
18817 1
18822 1
18824 1
18827 1
18828 1
18829 2
18835 1
18836 1
18840 2
18846 3
18847 1
18850 2
18852 1
18853 1
18859 1
18865 1
18868 1
18871 2
18874 1
18876 1
18878 1
18879 1
18882 1
18883 2
18890 1
18896 1
18905 1
18907 1
18911 1
18913 1
18919 1
18922 1
18925 2
18930 1
18936 1
18942 1
18946 1
18948 1
18950 1
18951 1
18954 1
18959 1
18960 1
18966 1
18968 1
18969 1
18971 1
18972 1
18979 1
18981 1
18983 1
18985 1
18989 1
18995 1
18997 1
18998 1
19000 2
19001 1
19003 1
19004 1
19006 2
19009 1
19010 1
19012 1
19014 1
19025 2
19026 1
19028 1
19029 2
19032 1
19033 1
19035 1
19037 1
19038 1
19039 1
19041 1
19043 1
19047 1
19049 2
19052 1
19054 2
19055 1
19057 1
19064 1
19066 1
19072 1
19075 1
19076 1
19080 1
19083 1
19084 2
19086 1
19087 1
19089 1
19090 1
19092 1
19095 1
19101 1
19103 1
19104 1
19108 1
19111 1
19113 2
19115 1
19119 1
19127 1
19130 2
19132 1
19133 1
19134 1
19136 1
19139 1
19142 1
19144 1
19154 1
19155 3
19156 1
19158 1
19163 1
19167 3
19173 2
19177 1
19179 1
19180 1
19186 1
19192 1
19198 2
19209 1
19210 1
19214 1
19217 1
19220 1
19233 1
19234 1
19238 1
19239 1
19245 1
19256 1
19257 2
19263 1
19264 1
19276 1
19281 1
19282 1
19285 1
19287 1
19289 1
19291 1
19293 2
19299 1
19307 1
19310 1
19312 2
19314 1
19316 1
19318 2
19322 2
19324 1
19328 1
19336 1
19339 1
19341 2
19343 1
19345 1
19347 1
19353 1
19359 1
19361 1
19364 1
19365 1
19370 1
19372 1
19374 1
19376 1
19382 1
19383 1
19388 1
19390 1
19392 2
19395 1
19396 1
19397 1
19402 1
19407 1
19408 1
19412 1
19417 1
19419 1
19421 2
19423 1
19425 1
19429 1
19431 1
19435 1
19437 1
19439 1
19442 2
19444 1
19454 1
19457 1
19460 1
19462 1
19464 1
19466 2
19468 1
19475 2
19482 1
19485 2
19486 1
19487 1
19491 1
19515 1
19518 1
19522 1
19532 1
19560 1
19565 2
19566 1
19569 1
19591 1
19595 1
19601 1
19605 1
19620 1
19624 1
19630 1
19634 1
19645 1
19648 1
19649 1
19667 1
19674 1
19677 1
19678 1
19684 1
19692 1
19695 1
19696 1
19710 1
19719 1
19721 1
19723 2
19724 1
19725 1
19731 1
19735 1
19739 1
19746 1
19748 1
19750 1
19752 2
19764 1
19768 1
19769 1
19770 1
19771 1
19774 1
19775 1
19778 1
19793 1
19799 1
19802 1
19806 1
19813 1
19818 1
19840 1
19842 1
19849 2
19853 2
19865 1
19874 1
19892 1
19896 2
19899 1
19928 1
19932 1
19943 1
19953 1
19957 1
19961 1
19975 1
19979 1
19982 1
20000 1
20004 1
20008 1
20012 1
20018 1
20022 1
20029 1
20031 1
20041 1
20043 1
20047 1
20051 1
20052 1
20058 2
20060 1
20062 1
20072 1
20078 1
20083 1
20095 1
20101 1
20105 1
20107 1
20121 1
20126 1
20142 1
20148 1
20150 1
20152 1
20161 1
20173 1
20180 1
20185 1
20204 1
20240 1
20251 1
20269 1
20287 1
20302 1
20316 1
20327 1
20330 1
20331 1
20356 1
20359 1
20370 1
20385 1
20405 1
20410 1
20413 1
20432 1
20434 1
20457 1
20460 1
20469 1
20475 1
20488 2
20500 1
20535 1
20578 1
20614 1
20643 1
20651 1
20680 1
20697 1
20698 1
20727 1
20741 1
20744 1
20770 1
20777 1
20781 1
20787 1
20824 1
20871 1
21025 1
21054 1
21108 1
21155 1
21198 1
21333 1
21362 1
21416 1
21463 1
21506 1
21790 1
End
