NMec = 95584
T = 15
P = 1
Profits not ignored
Valid tasks:                                                             2520
Solution time = 5.965e-05
Task data
    6   9   531 0
   28  36  1029 0
   29  46  2731 -1
   38  50  1886 -1
   42  58  2481 0
   68  70   722 0
   76  80   585 -1
   77  91  2589 0
  101 109  1565 0
  106 111   530 -1
  116 126  1604 0
  124 133  1119 -1
  132 137   539 -1
  133 143   801 0
  136 138   272 -1
Best profit: 11322
All profits:
0 1
272 1
530 1
531 1
539 1
585 1
722 1
801 1
802 1
803 1
857 1
994 1
1029 1
1061 1
1069 1
1070 1
1115 1
1116 1
1119 1
1124 1
1252 1
1253 1
1261 1
1301 1
1307 1
1331 1
1332 1
1333 1
1386 1
1387 1
1388 1
1391 1
1523 1
1524 1
1525 1
1559 1
1560 1
1565 1
1568 1
1579 1
1600 1
1604 1
1614 1
1646 1
1649 1
1650 1
1654 1
1655 1
1704 1
1751 1
1783 1
1791 1
1792 1
1830 1
1831 1
1832 1
1837 2
1838 1
1841 1
1846 1
1862 1
1876 1
1886 2
1916 1
1917 1
1918 1
1921 1
1922 1
1976 1
2023 1
2053 1
2054 1
2055 1
2090 1
2096 1
2098 1
2099 1
2104 1
2108 1
2109 1
2110 1
2113 1
2134 1
2135 1
2143 1
2144 1
2145 1
2148 1
2150 1
2153 1
2158 1
2180 1
2185 1
2189 1
2234 1
2235 1
2281 1
2282 1
2287 1
2290 1
2322 1
2326 1
2336 1
2360 1
2361 1
2362 1
2366 1
2368 2
2371 1
2372 1
2376 1
2377 1
2405 1
2406 1
2407 1
2415 1
2416 2
2417 2
2420 1
2422 1
2425 1
2426 1
2447 1
2452 1
2461 1
2471 1
2481 1
2506 1
2507 1
2552 1
2553 1
2554 1
2559 1
2584 1
2589 1
2594 1
2598 1
2608 2
2629 1
2633 1
2635 1
2638 1
2639 1
2640 1
2643 1
2644 1
2665 1
2673 1
2674 1
2675 1
2678 1
2679 1
2681 1
2683 1
2684 2
2687 1
2688 1
2689 2
2698 1
2719 1
2720 1
2728 1
2731 1
2733 1
2743 1
2753 1
2765 1
2812 1
2818 1
2820 1
2821 1
2826 1
2856 1
2857 1
2861 1
2865 1
2866 2
2867 1
2870 1
2872 1
2875 1
2880 1
2891 1
2897 1
2902 1
2905 1
2907 1
2911 1
2915 1
2935 1
2936 1
2937 1
2945 1
2946 1
2947 2
2950 1
2951 2
2953 1
2955 1
2956 3
2957 1
2990 1
2991 1
2992 1
3001 1
3002 1
3003 1
3005 2
3010 1
3011 1
3012 1
3020 1
3037 1
3066 1
3082 1
3083 1
3084 1
3088 1
3090 1
3119 1
3120 1
3125 1
3127 1
3128 2
3129 1
3133 1
3137 1
3138 2
3139 2
3142 1
3144 1
3147 1
3163 1
3164 1
3169 2
3172 1
3174 1
3179 1
3183 1
3187 1
3193 1
3203 1
3204 1
3209 1
3214 1
3215 1
3217 1
3218 2
3219 1
3220 1
3228 1
3229 1
3250 1
3258 1
3259 1
3261 1
3262 1
3263 1
3264 1
3269 1
3270 1
3272 1
3273 1
3274 1
3277 1
3282 1
3283 1
3284 1
3311 1
3316 2
3338 1
3351 1
3355 1
3357 1
3387 1
3390 1
3391 1
3392 1
3395 2
3396 1
3397 2
3400 1
3401 1
3403 1
3405 1
3406 2
3409 1
3410 1
3411 2
3434 1
3435 1
3436 1
3441 2
3442 1
3445 1
3446 1
3450 1
3451 2
3453 1
3454 1
3455 1
3465 1
3466 1
3475 1
3476 1
3481 1
3482 1
3486 1
3487 2
3490 2
3500 1
3510 1
3520 1
3521 1
3522 1
3532 2
3533 1
3534 1
3535 2
3536 2
3540 1
3541 2
3542 1
3550 1
3551 1
3583 1
3588 2
3590 1
3596 1
3597 1
3600 1
3605 1
3613 1
3618 1
3619 1
3627 1
3637 1
3650 1
3657 1
3658 2
3659 2
3664 1
3667 1
3668 1
3669 2
3672 1
3673 2
3675 1
3677 1
3678 2
3694 1
3700 1
3702 1
3703 1
3708 2
3710 1
3712 1
3713 2
3714 1
3716 1
3717 1
3718 2
3723 2
3724 1
3725 1
3727 2
3732 1
3733 1
3734 1
3742 1
3748 2
3749 1
3754 1
3757 1
3759 1
3762 1
3772 1
3782 1
3788 1
3789 1
3792 1
3794 1
3800 2
3801 1
3802 1
3803 1
3804 1
3807 1
3808 1
3812 1
3813 1
3814 1
3841 1
3842 1
3846 1
3847 2
3850 2
3855 2
3862 1
3867 1
3868 1
3869 1
3872 1
3885 1
3886 1
3890 1
3891 1
3894 1
3901 1
3909 1
3920 1
3921 1
3922 1
3926 2
3931 1
3936 1
3937 1
3939 1
3940 2
3941 1
3942 1
3964 1
3965 1
3966 1
3970 1
3972 2
3976 1
3980 3
3981 1
3982 2
3983 1
3984 2
3985 3
3986 1
3990 1
3991 1
3992 1
3994 1
3995 1
3996 1
3999 1
4004 1
4005 1
4006 1
4019 1
4020 2
4021 2
4026 1
4029 1
4030 1
4031 1
4034 1
4036 1
4038 1
4039 1
4040 1
4041 1
4046 1
4049 1
4051 1
4060 1
4062 1
4063 1
4064 1
4066 2
4071 1
4072 1
4075 1
4081 1
4085 1
4095 1
4112 1
4113 1
4114 1
4117 2
4118 1
4119 2
4120 1
4121 1
4122 1
4127 1
4130 1
4131 1
4135 1
4136 1
4148 1
4149 1
4154 1
4156 1
4157 2
4158 1
4163 1
4167 1
4168 1
4173 2
4176 1
4185 1
4188 1
4189 1
4193 1
4198 2
4203 1
4204 1
4208 1
4209 1
4212 2
4222 1
4232 1
4233 1
4238 1
4239 2
4242 1
4243 1
4244 2
4246 1
4247 1
4248 1
4249 1
4252 1
4254 3
4255 1
4256 1
4257 2
4258 2
4262 1
4263 2
4264 1
4272 1
4273 1
4279 1
4285 1
4287 1
4288 1
4291 1
4292 1
4293 2
4296 1
4298 1
4301 1
4302 1
4303 1
4306 1
4308 1
4310 1
4311 1
4312 2
4313 1
4318 2
4319 1
4322 1
4327 1
4331 1
4333 1
4335 1
4338 1
4340 1
4343 1
4347 1
4357 1
4367 1
4372 1
4377 1
4380 2
4381 2
4385 1
4386 2
4392 1
4393 1
4397 1
4398 1
4399 1
4402 1
4403 1
4416 1
4419 1
4420 1
4421 1
4422 1
4424 1
4425 1
4426 1
4430 2
4432 1
4435 2
4438 1
4439 1
4440 2
4445 1
4451 1
4457 1
4465 1
4470 3
4471 1
4475 1
4476 1
4479 1
4480 1
4484 1
4494 1
4495 1
4501 1
4504 1
4510 1
4511 3
4514 1
4515 1
4516 2
4519 1
4521 1
4522 2
4523 1
4524 1
4525 1
4526 1
4529 1
4530 1
4534 1
4535 1
4536 1
4549 1
4550 1
4551 2
4555 1
4557 1
4559 1
4560 1
4561 1
4564 1
4565 1
4567 1
4568 2
4569 2
4570 3
4571 1
4572 1
4575 1
4577 2
4579 1
4580 1
4584 1
4585 1
4589 1
4590 1
4591 1
4593 1
4594 1
4605 1
4606 1
4607 1
4612 1
4614 1
4615 1
4616 1
4619 1
4624 1
4625 1
4626 1
4629 1
4631 1
4634 1
4642 1
4643 1
4644 1
4647 1
4648 2
4649 1
4651 1
4652 1
4653 1
4661 1
4666 1
4670 1
4679 1
4685 1
4686 1
4687 2
4688 2
4692 1
4693 1
4694 1
4698 1
4702 2
4704 2
4706 1
4707 3
4712 1
4715 1
4716 1
4723 1
4724 1
4729 1
4732 1
4737 2
4741 1
4742 2
4743 2
4747 1
4748 1
4751 1
4752 2
4753 1
4756 1
4758 1
4761 1
4762 1
4763 1
4768 1
4769 1
4771 1
4773 1
4777 1
4783 2
4784 1
4785 1
4786 1
4788 2
4791 1
4793 1
4794 1
4797 1
4803 1
4807 1
4817 1
4818 1
4821 1
4822 1
4823 1
4824 1
4827 1
4829 1
4831 1
4832 1
4833 1
4835 1
4836 1
4837 2
4839 2
4840 1
4841 2
4842 3
4843 2
4844 1
4847 1
4849 2
4852 1
4853 1
4857 1
4858 1
4865 1
4866 1
4870 1
4871 1
4874 1
4876 2
4877 1
4878 1
4879 1
4881 1
4886 1
4887 1
4888 1
4891 1
4896 1
4897 1
4898 1
4901 1
4903 1
4907 1
4911 2
4915 1
4916 1
4920 2
4923 1
4928 1
4933 1
4942 1
4949 1
4950 1
4951 1
4955 2
4957 1
4960 1
4961 2
4965 1
4966 2
4968 1
4969 1
4970 1
4971 1
4974 1
4976 1
4987 1
4988 1
4994 1
4995 1
4996 1
4999 1
5001 2
5005 1
5006 1
5007 1
5009 2
5010 1
5011 1
5013 1
5014 2
5015 2
5018 1
5019 1
5020 1
5023 1
5024 1
5025 1
5028 1
5030 1
5033 1
5034 1
5035 1
5040 1
5041 1
5049 1
5050 1
5053 1
5055 3
5057 1
5058 1
5060 1
5065 2
5069 1
5070 1
5075 1
5079 1
5080 1
5086 1
5089 1
5090 1
5095 1
5097 1
5099 2
5100 1
5101 2
5102 1
5103 1
5104 1
5106 1
5107 1
5108 1
5110 1
5114 2
5115 1
5116 1
5119 1
5120 1
5121 1
5124 1
5125 1
5136 2
5137 1
5138 1
5141 1
5142 1
5143 1
5144 1
5145 1
5146 1
5148 1
5149 1
5150 1
5153 1
5154 1
5155 2
5156 1
5157 1
5159 1
5160 1
5162 1
5164 1
5165 2
5170 1
5173 1
5178 1
5179 1
5183 2
5187 1
5192 2
5197 1
5200 1
5201 1
5202 1
5209 1
5214 1
5217 1
5218 1
5222 1
5223 1
5224 1
5232 1
5233 2
5237 2
5238 2
5241 1
5243 1
5246 1
5254 1
5262 1
5263 1
5267 1
5268 2
5271 1
5272 1
5273 3
5276 1
5277 2
5278 1
5279 1
5281 2
5282 1
5283 2
5286 1
5287 1
5289 1
5290 1
5291 1
5292 3
5293 1
5297 1
5299 1
5301 1
5302 1
5307 1
5314 1
5315 1
5320 2
5321 1
5322 2
5327 2
5328 1
5329 1
5336 1
5337 2
5338 1
5341 1
5342 1
5346 1
5347 2
5348 1
5351 1
5352 1
5353 1
5356 1
5362 1
5366 1
5367 1
5368 1
5369 1
5370 1
5371 1
5372 1
5373 2
5374 1
5375 1
5376 1
5378 1
5383 1
5386 1
5388 1
5392 1
5396 1
5401 1
5404 1
5405 1
5406 1
5407 2
5408 1
5409 1
5410 1
5412 1
5415 2
5416 1
5417 1
5418 1
5420 1
5421 1
5422 1
5426 1
5427 2
5428 1
5429 1
5431 1
5432 2
5434 1
5437 2
5438 1
5445 1
5446 1
5450 1
5451 2
5454 1
5455 1
5459 3
5469 1
5471 1
5472 1
5473 1
5474 1
5480 1
5486 2
5491 1
5494 1
5496 1
5499 1
5504 1
5505 2
5513 1
5518 1
5524 1
5525 1
5526 1
5530 1
5536 1
5539 1
5540 2
5543 1
5544 2
5545 3
5546 1
5549 1
5550 1
5551 1
5553 1
5554 1
5555 1
5557 1
5558 1
5559 2
5561 1
5563 1
5564 2
5565 1
5569 1
5571 1
5580 1
5584 1
5586 2
5587 1
5588 2
5589 1
5592 1
5594 2
5596 2
5598 1
5599 2
5600 2
5601 1
5603 1
5604 1
5606 1
5608 1
5609 2
5610 1
5613 1
5614 1
5618 1
5619 1
5620 1
5623 1
5625 1
5628 1
5633 1
5634 1
5635 1
5638 1
5640 1
5642 1
5643 1
5644 1
5645 2
5650 2
5653 1
5655 1
5660 1
5664 1
5666 1
5667 1
5668 1
5671 1
5672 1
5673 1
5675 1
5677 1
5679 1
5680 1
5682 1
5684 1
5685 1
5686 1
5687 2
5688 1
5690 1
5695 1
5696 1
5699 1
5701 1
5709 1
5710 1
5714 1
5716 1
5717 1
5718 1
5721 2
5722 2
5723 2
5727 1
5728 1
5731 2
5733 1
5736 1
5739 1
5740 1
5741 1
5744 1
5745 1
5750 1
5752 1
5753 1
5758 1
5761 1
5763 1
5768 1
5771 1
5772 1
5776 1
5777 2
5780 1
5787 1
5792 1
5793 1
5797 1
5798 1
5802 1
5804 1
5806 1
5807 1
5808 2
5812 2
5817 1
5819 1
5821 1
5822 1
5823 2
5826 1
5828 1
5832 1
5836 1
5838 1
5850 2
5851 2
5852 1
5853 1
5856 1
5858 3
5859 2
5860 1
5866 3
5867 1
5868 2
5871 3
5872 2
5873 1
5875 1
5876 2
5877 2
5878 2
5881 1
5882 1
5884 1
5886 1
5887 2
5892 1
5900 2
5905 3
5906 1
5907 1
5912 1
5914 1
5915 1
5916 1
5917 1
5922 2
5923 1
5931 1
5932 1
5935 1
5936 1
5937 1
5940 1
5944 1
5946 2
5947 1
5951 1
5952 1
5957 1
5958 1
5959 1
5960 1
5962 1
5963 1
5968 2
5971 1
5976 1
5981 1
5984 2
5985 1
5986 1
5989 2
5990 3
5995 1
5998 1
5999 1
6000 2
6001 1
6002 1
6003 2
6005 1
6016 1
6017 1
6022 1
6023 1
6024 1
6025 1
6030 1
6034 1
6035 1
6036 1
6040 1
6042 2
6043 2
6044 2
6049 1
6055 1
6059 1
6064 1
6069 1
6070 1
6074 1
6075 1
6076 1
6079 1
6084 2
6088 1
6089 1
6090 1
6094 1
6095 1
6098 1
6099 1
6100 1
6108 1
6115 1
6118 1
6119 1
6121 1
6122 1
6123 1
6124 1
6125 2
6126 1
6127 1
6128 1
6129 1
6130 2
6131 1
6134 1
6135 1
6137 1
6138 1
6139 2
6140 2
6142 1
6143 1
6144 1
6145 1
6148 1
6149 2
6150 1
6153 1
6154 2
6156 1
6159 1
6165 1
6171 1
6172 2
6173 2
6174 1
6175 1
6177 1
6179 1
6181 2
6183 1
6184 2
6189 2
6191 1
6193 1
6194 2
6195 1
6197 1
6199 1
6202 1
6208 2
6213 1
6216 1
6218 2
6226 1
6229 1
6230 1
6235 1
6238 1
6240 1
6246 1
6247 1
6248 1
6251 1
6252 2
6253 2
6258 1
6261 1
6262 1
6266 1
6267 2
6270 1
6272 2
6275 1
6281 1
6283 1
6289 1
6291 1
6292 1
6297 1
6302 2
6305 1
6306 2
6307 1
6308 2
6310 1
6311 1
6312 1
6314 1
6316 2
6318 1
6321 1
6322 1
6323 1
6326 1
6328 1
6331 1
6336 1
6337 1
6350 1
6351 1
6356 2
6357 1
6362 1
6365 1
6366 1
6367 1
6371 1
6372 1
6375 1
6381 2
6382 1
6387 1
6388 1
6389 2
6390 2
6396 1
6397 3
6401 1
6402 3
6403 1
6404 1
6406 1
6407 2
6408 1
6409 1
6412 1
6417 1
6418 1
6421 1
6423 1
6431 1
6435 1
6436 2
6437 1
6439 2
6441 1
6443 2
6444 2
6445 2
6446 1
6447 1
6451 1
6453 2
6456 1
6461 3
6462 1
6463 1
6466 2
6467 1
6472 1
6474 1
6475 1
6480 1
6483 1
6485 1
6490 1
6498 1
6500 1
6501 1
6502 1
6507 1
6515 2
6520 2
6526 1
6528 1
6529 1
6530 1
6531 1
6532 1
6534 1
6547 1
6553 2
6554 1
6555 1
6559 1
6561 1
6565 1
6571 1
6572 2
6573 3
6574 3
6575 1
6578 1
6579 1
6580 1
6581 1
6588 2
6590 1
6593 2
6594 1
6595 1
6598 1
6600 1
6609 1
6610 1
6615 1
6618 1
6622 1
6623 2
6627 1
6628 1
6629 2
6630 1
6634 1
6635 1
6637 1
6638 2
6639 1
6644 1
6651 1
6652 1
6653 1
6654 1
6655 1
6657 1
6659 1
6668 1
6669 2
6670 1
6673 1
6674 2
6679 2
6680 1
6684 1
6685 1
6690 1
6693 1
6701 1
6703 2
6704 1
6706 1
6708 1
6710 1
6711 2
6712 1
6714 1
6715 1
6719 1
6720 2
6722 1
6723 1
6724 1
6725 2
6730 1
6738 1
6739 1
6744 1
6745 1
6746 1
6747 1
6752 1
6756 1
6757 2
6760 1
6762 1
6765 1
6766 1
6768 1
6769 1
6774 1
6777 1
6779 1
6782 1
6787 1
6792 1
6797 1
6798 1
6801 1
6803 1
6806 1
6821 1
6822 1
6828 1
6833 1
6835 1
6836 1
6837 2
6841 2
6843 2
6844 1
6845 1
6846 1
6847 2
6852 1
6853 1
6857 1
6861 1
6862 1
6867 1
6880 1
6881 1
6882 1
6885 2
6887 2
6893 1
6894 1
6895 2
6896 1
6897 1
6900 1
6901 2
6902 1
6903 1
6905 1
6906 2
6907 1
6911 2
6913 1
6916 1
6919 1
6920 1
6921 1
6924 1
6927 1
6932 1
6935 1
6940 1
6941 1
6946 1
6951 2
6952 1
6957 1
6960 1
6966 1
6969 1
6970 2
6972 1
6973 1
6974 1
6975 2
6976 1
6982 1
6987 1
6991 1
6992 3
6994 1
6997 2
7003 1
7005 1
7011 1
7013 1
7014 1
7016 1
7019 1
7024 2
7027 1
7028 1
7029 1
7030 1
7031 1
7032 1
7034 1
7036 1
7038 1
7051 1
7059 2
7069 1
7073 1
7078 1
7084 1
7090 1
7093 1
7103 2
7104 1
7105 1
7108 1
7109 1
7110 1
7111 1
7112 1
7118 1
7119 2
7123 1
7124 2
7125 1
7129 1
7140 1
7148 1
7149 1
7153 2
7154 2
7157 2
7158 1
7159 2
7160 1
7161 2
7163 1
7165 1
7166 1
7167 1
7168 2
7169 2
7173 1
7174 1
7175 1
7178 1
7182 1
7183 2
7185 1
7188 1
7196 1
7200 1
7204 1
7205 1
7207 1
7208 1
7210 1
7213 1
7218 2
7222 1
7223 1
7224 1
7229 1
7232 1
7237 1
7241 1
7242 2
7250 1
7253 1
7254 1
7264 1
7269 1
7275 2
7276 1
7277 1
7281 1
7283 1
7286 1
7287 1
7288 1
7293 1
7295 1
7296 2
7299 1
7301 1
7305 1
7310 1
7318 1
7326 1
7331 1
7332 1
7337 1
7340 1
7341 1
7345 2
7351 1
7352 1
7357 1
7360 1
7366 1
7372 1
7373 1
7374 1
7375 1
7377 1
7380 1
7391 1
7392 1
7396 1
7401 1
7410 1
7411 1
7412 1
7416 2
7423 1
7424 1
7425 2
7426 2
7430 1
7431 2
7432 2
7433 1
7436 2
7437 1
7438 1
7441 1
7442 2
7447 1
7452 1
7454 1
7455 1
7463 1
7470 1
7472 1
7475 1
7476 1
7477 1
7479 1
7480 1
7482 2
7488 1
7490 2
7491 1
7496 1
7500 1
7501 1
7504 1
7509 1
7522 1
7525 1
7536 1
7544 1
7550 1
7555 2
7557 1
7558 1
7559 1
7561 1
7563 1
7565 1
7567 1
7582 1
7588 1
7590 1
7600 1
7602 1
7603 1
7604 1
7607 2
7608 1
7609 1
7617 1
7622 1
7623 1
7624 1
7629 1
7638 1
7639 1
7642 1
7644 1
7646 1
7647 1
7649 1
7654 1
7663 1
7664 1
7668 1
7673 1
7679 1
7684 1
7686 1
7688 2
7690 1
7691 1
7692 2
7694 1
7698 1
7699 1
7703 1
7704 1
7705 1
7709 1
7713 1
7714 2
7719 1
7725 1
7726 1
7727 1
7735 1
7738 1
7739 1
7743 1
7744 1
7746 1
7748 1
7749 2
7752 1
7753 1
7754 2
7758 1
7760 1
7772 1
7773 1
7781 1
7791 1
7795 1
7803 1
7806 1
7812 1
7817 1
7826 1
7827 1
7830 1
7832 1
7857 1
7862 1
7870 2
7871 1
7872 1
7875 1
7876 2
7879 1
7881 1
7882 1
7888 1
7890 1
7891 1
7896 1
7904 1
7909 1
7910 1
7911 1
7916 1
7918 1
7922 1
7926 1
7927 1
7930 1
7932 1
7935 1
7936 1
7940 2
7941 1
7954 1
7955 1
7956 1
7961 1
7962 1
7963 1
7964 1
7967 1
7972 1
7975 1
7985 1
7986 1
7993 1
7994 1
8001 1
8004 1
8005 1
8006 1
8007 1
8008 1
8010 1
8011 1
8020 1
8021 2
8026 1
8027 1
8032 1
8040 1
8048 1
8063 1
8065 1
8067 1
8088 1
8094 1
8102 1
8119 1
8132 1
8133 1
8134 1
8138 2
8139 1
8146 1
8147 1
8148 1
8152 1
8153 2
8154 1
8158 1
8160 1
8169 1
8175 1
8176 1
8177 2
8178 1
8183 1
8185 1
8188 1
8192 1
8194 1
8195 1
8197 1
8198 1
8199 1
8202 1
8203 1
8204 1
8212 1
8217 1
8222 1
8233 1
8234 1
8239 1
8242 1
8244 1
8255 1
8256 1
8257 1
8258 1
8274 1
8276 1
8277 1
8279 1
8283 1
8285 1
8289 1
8304 1
8310 1
8312 1
8322 1
8330 1
8334 1
8360 1
8361 1
8366 1
8369 1
8386 1
8401 2
8406 1
8408 1
8410 1
8412 1
8421 1
8425 1
8427 1
8439 1
8440 1
8441 1
8445 1
8447 2
8448 1
8449 1
8457 1
8460 1
8461 1
8465 2
8466 1
8467 1
8470 1
8471 2
8476 1
8489 1
8494 1
8504 1
8505 1
8506 1
8511 1
8517 1
8524 1
8525 1
8535 1
8536 1
8539 1
8551 1
8557 1
8579 1
8592 1
8594 1
8596 1
8631 1
8632 1
8633 1
8638 1
8658 1
8663 1
8673 1
8677 1
8678 1
8683 1
8684 1
8689 1
8697 1
8707 1
8708 1
8714 1
8715 1
8716 1
8719 1
8723 1
8726 1
8727 1
8728 1
8729 1
8733 1
8734 1
8742 1
8743 1
8748 1
8761 1
8764 1
8770 1
8772 1
8773 1
8778 1
8783 1
8786 1
8787 1
8789 1
8807 1
8841 1
8861 1
8891 1
8897 1
8899 1
8900 1
8905 1
8910 1
8917 1
8925 1
8939 1
8945 1
8955 1
8956 1
8961 1
8964 1
8970 1
8976 1
8977 1
8978 1
8979 1
8991 1
8996 2
8998 1
9001 1
9007 1
9020 1
9028 1
9034 1
9035 1
9036 1
9040 1
9042 1
9055 1
9056 1
9123 1
9161 1
9162 1
9163 1
9167 1
9169 1
9182 1
9187 1
9189 1
9204 1
9211 1
9212 1
9226 1
9227 1
9228 1
9233 1
9246 1
9257 1
9258 1
9268 1
9273 1
9279 1
9290 1
9292 1
9303 1
9309 1
9314 1
9318 1
9395 1
9430 1
9436 1
9441 1
9456 1
9474 1
9476 1
9483 1
9486 1
9492 1
9494 1
9495 1
9500 1
9505 1
9508 1
9529 1
9540 1
9559 1
9565 1
9571 1
9586 1
9667 1
9692 1
9698 1
9713 1
9718 1
9742 1
9743 1
9750 1
9756 1
9757 1
9758 1
9762 1
9764 1
9777 1
9799 1
9807 1
9821 1
9926 1
9934 1
9990 1
10005 1
10012 1
10014 1
10025 1
10031 1
10036 1
10069 1
10071 1
10196 1
10198 1
10262 1
10281 1
10287 1
10293 1
10308 1
10338 1
10465 1
10521 1
10529 1
10543 1
10600 1
10727 1
10791 1
10793 1
11060 1
11322 1
End
