NMec = 95584
T = 16
P = 6
Profits not ignored
Valid tasks:                                                            23986
Solution time = 4.692e-04
Task data
    2  15  1539 -1
    4  20  3214 0
    4  29  6377 1
    5  17  2807 2
    5  27  2308 3
    6  16  1168 -1
    6  20  1224 -1
    7  15  1861 4
    7  17  2266 -1
    7  27  1865 -1
    9  26  1964 -1
    9  29  4277 5
   12  23  1828 -1
   14  25  1299 -1
   16  23  1120 4
   22  29  1585 0
Best profit: 23549
All profits:
0 1
1120 1
1168 1
1224 1
1299 1
1539 1
1585 1
1828 1
1861 1
1865 1
1964 1
2266 1
2288 1
2308 1
2344 1
2392 1
2419 1
2467 1
2523 1
2659 1
2705 1
2707 1
2753 1
2763 1
2807 1
2809 1
2838 1
2884 1
2948 1
2981 1
2985 1
2996 1
3029 1
3033 1
3052 1
3084 1
3085 1
3089 1
3124 1
3127 1
3132 1
3160 1
3164 1
3188 1
3214 1
3263 1
3367 1
3386 1
3400 1
3404 1
3413 1
3428 1
3434 1
3446 1
3450 1
3476 1
3490 1
3503 1
3512 1
3532 1
3549 1
3565 1
3587 1
3607 1
3643 1
3689 1
3691 1
3693 1
3726 1
3792 1
3805 1
3825 1
3827 1
3829 1
3847 1
3851 1
3873 1
3883 1
3893 1
3927 1
3929 1
3931 1
3958 1
3975 1
3977 1
4004 1
4006 1
4031 1
4052 1
4062 1
4094 1
4106 1
4108 1
4116 1
4127 1
4131 1
4136 1
4149 1
4153 1
4169 1
4172 1
4173 1
4205 1
4209 1
4220 1
4230 1
4244 1
4247 1
4252 1
4253 1
4257 1
4272 1
4277 1
4280 1
4284 1
4292 1
4295 1
4308 1
4328 1
4332 1
4334 1
4346 1
4348 1
4351 1
4356 1
4382 1
4383 1
4384 1
4388 1
4392 1
4423 1
4431 1
4438 1
4487 2
4513 1
4520 1
4524 1
4533 1
4535 1
4554 1
4566 1
4568 1
4570 1
4572 1
4574 1
4581 1
4591 1
4596 1
4610 1
4614 1
4618 1
4623 1
4624 1
4628 1
4635 1
4637 1
4652 1
4658 1
4666 1
4668 1
4669 1
4670 1
4671 1
4672 1
4674 1
4685 1
4699 1
4700 1
4703 1
4712 1
4717 1
4727 2
4733 1
4745 1
4749 1
4753 1
4771 1
4773 1
4775 1
4789 1
4799 1
4802 1
4809 1
4811 1
4813 1
4831 1
4846 1
4848 1
4857 1
4861 1
4894 1
4912 1
4913 1
4917 1
4925 1
4945 1
4949 1
4950 1
4952 1
4960 1
4967 1
4971 1
4973 1
4985 1
4988 1
4989 1
4992 1
4993 1
4997 1
5013 1
5015 1
5016 1
5019 1
5025 1
5029 1
5042 1
5049 1
5051 1
5053 1
5061 1
5071 1
5073 1
5075 2
5079 1
5088 1
5091 1
5095 1
5097 1
5104 1
5115 1
5117 1
5124 1
5126 1
5128 1
5146 1
5150 1
5151 1
5172 1
5178 1
5182 1
5192 1
5199 1
5214 1
5226 1
5228 2
5230 1
5232 1
5247 1
5251 1
5256 1
5262 1
5265 1
5274 2
5276 1
5278 1
5289 1
5293 1
5295 1
5299 1
5304 1
5311 1
5318 1
5330 1
5331 1
5337 1
5340 1
5341 1
5350 1
5351 1
5355 1
5360 1
5364 1
5368 1
5373 1
5377 2
5390 1
5392 1
5393 2
5397 2
5398 1
5410 1
5412 1
5414 1
5415 1
5426 1
5430 1
5432 1
5435 1
5440 1
5445 1
5448 1
5452 1
5454 1
5466 1
5468 2
5471 1
5472 1
5476 1
5480 1
5496 1
5501 1
5502 1
5504 1
5508 1
5512 1
5514 1
5516 1
5519 1
5522 1
5529 1
5543 1
5551 1
5552 1
5554 1
5556 1
5558 1
5560 1
5570 1
5571 1
5576 1
5591 1
5606 1
5607 1
5616 1
5633 2
5645 1
5647 1
5653 1
5655 2
5657 1
5666 1
5670 1
5675 1
5679 1
5681 1
5688 1
5690 1
5691 1
5692 1
5694 1
5701 1
5708 1
5711 1
5712 2
5716 1
5721 1
5734 1
5737 1
5738 1
5742 1
5744 1
5748 1
5754 1
5755 1
5757 1
5758 1
5759 1
5769 1
5778 1
5786 1
5788 1
5790 1
5791 1
5792 2
5794 1
5796 1
5798 1
5803 1
5805 1
5811 1
5815 1
5816 1
5819 1
5820 1
5823 1
5832 1
5834 1
5836 1
5837 1
5838 1
5840 1
5842 1
5847 1
5853 1
5857 1
5859 1
5862 1
5865 1
5867 1
5869 1
5871 1
5873 2
5880 1
5890 1
5891 1
5892 1
5893 1
5895 2
5896 1
5909 1
5913 1
5917 1
5919 1
5921 1
5922 1
5923 1
5927 1
5931 1
5934 1
5936 1
5939 1
5941 1
5951 1
5955 1
5957 1
5959 1
5967 2
5968 1
5969 1
5970 1
5971 1
5973 1
5977 2
5981 1
5992 1
5995 1
5997 1
5999 1
6001 1
6014 1
6016 1
6021 1
6023 1
6026 1
6033 1
6034 1
6037 1
6052 1
6058 1
6070 2
6072 2
6080 1
6081 1
6085 1
6091 1
6093 1
6095 1
6098 1
6100 1
6105 2
6108 1
6109 1
6112 1
6113 2
6117 1
6118 1
6120 1
6133 1
6135 1
6136 1
6137 1
6138 1
6139 1
6142 1
6145 1
6149 1
6153 1
6156 1
6157 1
6159 1
6160 1
6162 1
6169 1
6173 1
6174 1
6176 1
6181 1
6184 1
6191 1
6193 2
6195 2
6197 1
6199 1
6207 1
6208 1
6209 1
6210 1
6211 2
6212 1
6213 1
6216 1
6217 1
6220 1
6221 1
6224 1
6235 1
6237 1
6239 1
6241 2
6243 2
6244 1
6247 1
6248 1
6249 1
6251 1
6253 1
6256 1
6257 1
6259 1
6266 2
6270 1
6272 1
6283 1
6284 1
6285 1
6288 1
6292 1
6296 1
6297 1
6298 1
6299 1
6303 1
6310 1
6312 2
6314 1
6315 1
6318 1
6319 1
6328 1
6338 1
6339 1
6341 1
6346 1
6348 2
6350 1
6352 2
6356 1
6360 1
6370 1
6372 1
6374 2
6377 1
6378 1
6382 1
6385 1
6387 1
6394 2
6396 2
6398 1
6400 1
6402 2
6414 1
6415 1
6416 1
6419 1
6424 1
6431 1
6433 1
6435 1
6438 1
6439 1
6442 1
6446 1
6450 1
6451 1
6452 1
6456 1
6457 1
6461 1
6471 1
6475 1
6477 1
6479 1
6480 1
6484 1
6486 1
6488 1
6489 1
6496 1
6497 1
6498 2
6499 1
6500 1
6502 1
6510 1
6513 2
6517 1
6518 1
6519 1
6523 1
6527 1
6528 1
6530 1
6531 1
6532 1
6533 1
6534 1
6535 1
6536 1
6538 1
6543 1
6545 1
6546 1
6550 1
6552 1
6555 2
6558 1
6560 1
6561 2
6564 1
6565 2
6573 1
6574 1
6577 1
6578 1
6581 1
6582 1
6585 1
6588 2
6592 2
6594 1
6598 1
6599 1
6600 2
6601 1
6603 1
6610 1
6612 1
6614 2
6616 1
6617 1
6618 1
6621 1
6622 1
6627 1
6630 1
6632 1
6634 2
6636 3
6638 1
6639 1
6640 1
6642 1
6648 1
6649 1
6650 1
6654 2
6656 1
6658 1
6659 1
6660 1
6663 1
6664 2
6667 1
6669 1
6672 1
6674 1
6676 2
6680 1
6689 1
6690 2
6691 1
6692 1
6696 2
6697 1
6700 1
6704 1
6709 1
6711 1
6713 1
6717 1
6722 1
6726 1
6731 1
6736 1
6738 1
6739 1
6744 1
6746 1
6753 2
6763 1
6765 1
6767 1
6773 1
6775 1
6777 1
6778 1
6779 1
6784 1
6786 1
6790 1
6795 2
6799 1
6800 1
6801 2
6810 1
6811 1
6813 2
6815 1
6817 1
6821 2
6825 1
6828 1
6832 2
6834 1
6836 1
6838 1
6841 1
6843 1
6847 1
6850 1
6853 1
6857 2
6858 1
6859 1
6862 1
6869 1
6874 1
6876 1
6877 1
6878 1
6879 1
6880 2
6881 1
6884 1
6889 2
6890 1
6894 1
6899 1
6901 1
6903 2
6905 1
6907 1
6912 1
6914 1
6915 1
6916 2
6918 1
6922 1
6923 1
6925 1
6926 1
6931 1
6932 2
6934 1
6935 1
6936 3
6937 1
6938 1
6940 2
6943 1
6945 1
6949 1
6952 1
6953 1
6954 1
6956 2
6958 1
6960 1
6962 1
6965 1
6966 1
6969 1
6974 1
6976 1
6977 1
6978 2
6979 2
6980 1
6982 2
6983 1
6984 1
6987 1
6989 1
6991 1
6993 2
7000 1
7006 1
7007 1
7010 1
7011 2
7012 1
7015 2
7016 1
7019 1
7020 1
7025 1
7027 1
7030 1
7033 1
7035 1
7037 2
7039 2
7040 1
7041 2
7043 2
7047 1
7051 1
7053 1
7054 1
7056 1
7057 1
7058 1
7059 1
7060 1
7061 2
7064 1
7065 1
7068 1
7075 1
7077 1
7079 2
7081 1
7084 1
7086 1
7087 2
7089 1
7090 1
7091 2
7093 2
7095 1
7097 2
7099 1
7102 1
7104 1
7107 1
7110 1
7112 1
7114 1
7115 2
7117 1
7119 1
7121 1
7123 1
7127 1
7135 1
7136 1
7137 1
7139 2
7141 2
7143 1
7145 1
7146 1
7154 1
7155 1
7156 1
7158 1
7160 1
7161 1
7163 1
7165 1
7169 1
7172 1
7178 1
7179 1
7183 1
7189 1
7190 1
7191 2
7192 2
7194 1
7195 1
7196 1
7201 1
7202 1
7205 1
7211 1
7215 1
7216 1
7218 2
7220 2
7221 1
7225 2
7226 1
7229 1
7230 1
7233 1
7238 3
7240 2
7242 1
7245 1
7251 1
7253 1
7254 1
7255 1
7257 1
7258 3
7259 1
7260 1
7262 1
7263 1
7266 1
7268 1
7273 2
7275 1
7276 2
7277 1
7279 1
7280 1
7281 1
7282 1
7291 1
7293 1
7294 2
7296 2
7297 1
7300 1
7301 1
7304 1
7305 1
7306 1
7308 1
7310 1
7313 1
7315 1
7317 1
7319 1
7320 1
7322 1
7324 1
7327 2
7329 2
7330 1
7331 1
7332 1
7333 2
7336 1
7337 2
7340 1
7341 2
7342 1
7344 1
7345 1
7350 1
7354 1
7357 2
7359 1
7361 3
7362 1
7363 2
7366 1
7367 1
7369 1
7371 1
7373 1
7375 1
7376 1
7377 2
7379 2
7380 1
7381 2
7383 2
7384 1
7386 1
7387 1
7388 1
7390 1
7392 1
7394 1
7396 1
7398 1
7399 1
7401 1
7403 1
7404 2
7405 1
7408 1
7409 1
7412 2
7416 1
7417 2
7419 2
7421 1
7423 1
7425 1
7430 1
7431 1
7432 2
7434 2
7435 2
7436 1
7437 1
7438 1
7441 1
7444 2
7448 1
7452 1
7456 1
7458 2
7459 1
7461 1
7465 2
7466 1
7467 1
7468 1
7471 1
7472 1
7473 1
7475 1
7476 1
7477 1
7478 1
7480 2
7481 1
7483 1
7486 1
7490 1
7491 1
7492 1
7494 3
7496 1
7497 1
7498 2
7506 2
7507 2
7508 1
7509 1
7510 1
7512 1
7516 2
7518 1
7519 1
7520 2
7522 2
7524 1
7531 1
7534 2
7536 2
7538 1
7540 4
7542 2
7544 1
7545 1
7546 1
7552 1
7553 1
7555 2
7556 1
7559 1
7560 1
7562 2
7565 1
7566 1
7570 2
7572 1
7573 1
7576 1
7577 1
7580 1
7582 2
7584 1
7586 1
7596 1
7597 2
7598 1
7599 1
7601 1
7602 1
7603 1
7606 2
7607 1
7609 2
7611 1
7616 1
7618 2
7619 2
7620 2
7622 1
7624 1
7626 1
7630 1
7634 1
7637 1
7638 1
7639 2
7643 2
7644 1
7645 1
7647 1
7648 1
7651 1
7652 1
7653 1
7655 2
7656 1
7657 1
7658 1
7659 1
7663 2
7664 1
7665 1
7666 1
7668 1
7670 1
7672 1
7675 1
7676 3
7677 1
7678 1
7680 1
7681 3
7684 1
7685 2
7690 1
7693 1
7695 1
7697 1
7698 2
7699 1
7701 4
7702 1
7703 1
7705 1
7706 1
7708 1
7711 1
7712 1
7714 1
7718 2
7719 1
7720 2
7721 1
7722 1
7723 3
7724 1
7727 1
7730 1
7732 2
7734 3
7737 1
7738 2
7741 1
7742 1
7745 1
7747 1
7749 1
7750 1
7751 1
7752 1
7753 1
7754 1
7755 1
7756 3
7757 1
7758 1
7759 1
7760 2
7762 1
7767 2
7768 1
7769 1
7770 1
7774 2
7776 1
7778 2
7779 1
7780 3
7782 2
7783 1
7784 2
7785 1
7786 1
7787 1
7788 2
7789 1
7792 1
7795 2
7796 2
7797 1
7798 1
7799 1
7800 1
7801 1
7802 1
7804 1
7805 1
7806 1
7809 2
7810 1
7812 1
7816 1
7817 1
7818 1
7820 2
7822 2
7823 1
7824 2
7826 2
7827 1
7828 1
7829 1
7831 1
7832 2
7833 1
7834 1
7835 1
7836 1
7837 2
7838 1
7842 3
7844 1
7849 1
7851 2
7854 1
7856 1
7857 1
7858 1
7859 1
7860 2
7862 1
7864 2
7866 1
7868 1
7872 1
7873 1
7877 1
7878 1
7880 1
7881 1
7882 2
7883 1
7884 2
7885 1
7886 1
7887 1
7888 1
7891 1
7895 1
7898 2
7899 2
7900 1
7904 1
7911 1
7913 2
7914 1
7915 1
7916 1
7917 1
7919 1
7920 1
7921 2
7923 1
7924 1
7926 1
7931 2
7933 3
7935 2
7937 2
7941 4
7945 1
7946 1
7947 1
7953 1
7954 1
7955 1
7956 1
7957 1
7958 1
7959 1
7961 1
7962 1
7963 3
7965 1
7966 1
7967 1
7968 1
7970 2
7973 1
7974 1
7977 1
7978 2
7979 1
7981 1
7985 2
7987 2
7989 2
7996 1
7997 1
7998 1
7999 1
8000 2
8001 1
8003 2
8004 1
8009 1
8010 1
8014 1
8016 1
8018 1
8019 1
8020 1
8021 2
8023 2
8024 1
8025 2
8027 1
8034 1
8035 2
8036 1
8037 2
8039 1
8041 1
8042 1
8045 2
8046 1
8049 1
8052 2
8054 1
8056 2
8057 1
8058 2
8060 2
8062 2
8063 1
8065 1
8067 1
8069 3
8071 2
8072 2
8073 1
8074 1
8075 1
8076 1
8077 2
8081 1
8082 2
8083 1
8084 1
8085 2
8086 1
8089 1
8094 1
8096 1
8098 2
8099 1
8100 3
8102 3
8103 1
8104 3
8106 2
8108 2
8109 1
8111 1
8112 1
8113 2
8116 1
8117 1
8118 1
8120 1
8121 1
8123 1
8124 2
8125 1
8126 1
8127 2
8128 1
8131 3
8133 1
8135 1
8137 1
8138 1
8139 1
8140 2
8142 1
8144 1
8145 1
8146 2
8147 1
8148 1
8149 1
8150 2
8155 1
8156 1
8157 2
8158 1
8159 2
8160 1
8161 2
8162 1
8163 1
8164 1
8166 1
8167 1
8170 1
8171 1
8173 2
8174 1
8175 2
8176 1
8177 2
8178 1
8179 2
8180 2
8181 1
8183 1
8184 2
8185 1
8187 1
8188 2
8189 1
8193 1
8197 1
8198 1
8199 2
8200 2
8201 1
8202 2
8203 2
8204 2
8205 2
8206 2
8207 2
8208 1
8211 2
8213 2
8215 2
8217 2
8219 1
8221 2
8222 1
8224 1
8225 1
8227 1
8229 1
8230 2
8231 1
8233 2
8234 1
8235 3
8236 1
8237 1
8238 1
8239 3
8242 2
8243 2
8244 1
8247 2
8248 1
8249 1
8252 2
8254 1
8255 1
8257 1
8259 2
8261 3
8263 2
8265 2
8267 2
8275 3
8276 1
8277 1
8278 2
8279 1
8280 1
8281 2
8282 1
8283 2
8285 2
8287 1
8289 2
8292 1
8299 1
8300 1
8302 1
8303 2
8305 1
8307 1
8308 1
8309 1
8311 2
8312 1
8314 1
8315 1
8316 1
8317 1
8318 1
8322 1
8323 1
8324 1
8326 1
8329 2
8331 1
8334 1
8336 2
8338 3
8339 1
8340 1
8341 2
8342 1
8345 1
8346 1
8347 1
8349 1
8350 1
8351 1
8358 2
8359 1
8360 3
8361 1
8362 1
8363 2
8364 2
8365 1
8366 1
8371 2
8374 1
8375 1
8378 3
8379 1
8380 2
8383 2
8384 1
8385 1
8386 2
8388 1
8389 1
8392 1
8393 2
8395 1
8396 1
8397 1
8398 1
8399 1
8401 1
8402 1
8403 1
8404 1
8406 2
8408 1
8410 1
8411 1
8413 3
8414 1
8416 2
8417 1
8419 1
8420 2
8421 1
8422 1
8423 1
8425 1
8426 3
8428 2
8430 1
8435 1
8438 1
8439 1
8440 2
8442 3
8443 1
8444 2
8446 2
8447 1
8449 1
8450 2
8453 2
8454 1
8457 1
8459 1
8460 1
8461 2
8462 3
8464 3
8465 2
8466 1
8468 1
8470 1
8473 1
8474 1
8475 1
8476 1
8477 3
8478 1
8479 2
8481 1
8482 3
8483 1
8484 1
8486 2
8487 1
8488 2
8490 1
8491 1
8492 2
8495 2
8497 3
8499 2
8500 1
8501 3
8503 2
8504 1
8505 1
8507 2
8508 1
8509 1
8510 1
8513 1
8514 1
8515 2
8516 1
8517 2
8518 2
8519 3
8520 1
8521 2
8522 1
8523 1
8524 2
8525 3
8528 2
8529 2
8530 1
8532 2
8534 1
8537 2
8539 1
8541 2
8544 1
8545 2
8549 2
8550 1
8551 3
8552 1
8554 2
8555 2
8556 1
8557 2
8558 1
8559 1
8561 2
8562 1
8564 3
8565 2
8566 1
8567 1
8569 2
8572 2
8574 2
8576 2
8578 3
8580 1
8581 1
8582 1
8585 2
8587 1
8591 2
8592 1
8593 1
8595 1
8596 1
8597 1
8598 1
8599 1
8600 2
8601 1
8603 2
8604 2
8605 2
8606 1
8607 2
8609 1
8611 2
8612 2
8614 2
8616 1
8618 3
8620 1
8622 1
8623 2
8624 1
8625 1
8626 3
8627 1
8628 3
8629 1
8630 1
8632 1
8633 1
8636 2
8638 1
8639 1
8640 2
8641 1
8643 2
8644 2
8645 1
8646 1
8649 2
8651 1
8653 1
8654 2
8656 2
8658 1
8659 1
8660 5
8661 1
8662 3
8664 2
8665 2
8666 2
8668 1
8669 1
8672 1
8674 1
8675 1
8676 2
8678 2
8680 3
8682 3
8685 2
8686 2
8687 1
8690 2
8693 1
8695 1
8697 2
8699 1
8700 2
8702 3
8704 2
8706 1
8708 3
8710 1
8712 1
8715 1
8716 1
8717 1
8718 2
8720 1
8721 1
8722 2
8723 1
8724 1
8726 1
8727 1
8728 1
8729 1
8730 2
8731 1
8733 1
8734 1
8739 1
8740 1
8741 1
8742 1
8743 2
8744 1
8745 1
8746 1
8748 1
8750 2
8754 2
8755 1
8757 1
8758 1
8759 1
8760 1
8762 1
8763 1
8764 5
8765 2
8766 2
8768 2
8769 1
8770 1
8774 1
8775 1
8776 1
8777 3
8779 2
8780 1
8781 1
8783 1
8784 2
8785 1
8786 1
8787 1
8788 1
8790 2
8792 1
8793 1
8794 1
8796 3
8797 3
8798 1
8799 1
8800 1
8801 2
8802 1
8804 1
8805 2
8806 2
8807 1
8808 1
8810 2
8811 1
8812 1
8814 1
8815 1
8817 1
8818 1
8819 1
8821 4
8823 2
8826 1
8827 1
8830 2
8831 2
8833 1
8835 1
8838 1
8839 2
8840 2
8841 1
8842 1
8843 4
8844 4
8845 1
8847 2
8848 1
8849 1
8851 1
8852 1
8853 1
8854 2
8858 3
8859 1
8861 2
8863 1
8865 2
8866 1
8867 2
8868 1
8869 3
8871 2
8872 1
8873 1
8875 1
8876 2
8877 1
8879 2
8880 2
8881 1
8882 1
8884 1
8885 1
8886 1
8887 2
8888 1
8889 2
8890 1
8891 1
8892 1
8893 1
8895 1
8896 2
8898 2
8900 5
8901 1
8902 4
8904 2
8905 3
8906 2
8907 1
8908 2
8909 1
8912 2
8914 1
8915 2
8916 1
8917 1
8918 2
8919 2
8920 2
8921 1
8922 3
8923 1
8924 1
8925 3
8926 3
8927 1
8929 2
8930 2
8933 1
8935 2
8938 2
8940 2
8942 4
8943 2
8944 2
8945 1
8946 3
8947 2
8948 2
8949 1
8951 2
8952 2
8954 1
8955 1
8956 3
8957 1
8958 2
8960 1
8962 3
8963 1
8964 2
8965 1
8966 1
8967 1
8968 1
8969 2
8971 2
8972 1
8973 1
8974 1
8975 2
8976 2
8977 2
8979 1
8980 3
8982 1
8983 2
8984 2
8988 2
8989 1
8991 1
8992 1
8994 1
8997 2
8998 1
9000 2
9001 1
9002 3
9004 4
9005 2
9006 2
9007 1
9008 1
9010 2
9011 1
9012 1
9015 1
9016 1
9017 2
9018 1
9019 3
9020 2
9021 1
9022 2
9023 1
9024 1
9025 1
9026 1
9028 1
9029 1
9030 2
9031 1
9033 2
9034 1
9036 1
9037 1
9039 1
9041 1
9043 1
9044 2
9046 2
9048 2
9050 3
9051 2
9052 2
9053 1
9054 1
9055 2
9056 2
9057 2
9058 1
9059 1
9061 3
9063 1
9066 3
9067 1
9068 1
9071 1
9073 2
9075 1
9076 2
9077 1
9079 4
9081 3
9082 1
9083 3
9084 1
9085 2
9086 2
9087 2
9088 1
9090 1
9091 2
9092 1
9094 2
9095 1
9098 1
9099 1
9101 2
9103 2
9104 1
9105 3
9106 1
9107 2
9108 1
9109 3
9110 1
9116 1
9118 1
9119 3
9121 2
9122 1
9123 3
9124 1
9125 3
9127 1
9129 1
9130 1
9131 1
9133 1
9134 1
9135 1
9136 1
9137 1
9138 2
9140 2
9141 2
9142 1
9143 1
9144 1
9145 2
9146 1
9147 1
9148 1
9150 1
9153 1
9155 4
9157 2
9158 1
9159 2
9161 2
9165 3
9166 1
9167 1
9169 2
9171 2
9173 1
9177 1
9178 1
9180 1
9181 2
9182 3
9183 1
9184 2
9185 2
9186 1
9187 2
9188 1
9189 3
9190 1
9191 2
9192 2
9194 3
9195 1
9197 2
9198 1
9201 1
9202 3
9203 2
9204 1
9205 2
9206 1
9207 1
9209 3
9211 2
9213 1
9215 3
9218 1
9219 1
9220 2
9222 4
9223 1
9224 3
9226 2
9227 1
9228 2
9229 1
9230 1
9231 1
9232 1
9233 1
9236 1
9237 2
9238 1
9240 4
9241 1
9242 2
9243 1
9244 3
9245 3
9246 1
9247 1
9248 3
9249 1
9250 1
9251 1
9253 2
9255 1
9257 2
9258 1
9259 1
9260 2
9261 2
9262 2
9263 1
9264 2
9265 1
9266 3
9268 1
9269 2
9270 2
9272 1
9273 1
9274 1
9276 1
9277 2
9278 1
9280 1
9281 1
9282 1
9284 3
9286 4
9287 1
9290 1
9291 2
9292 1
9293 3
9294 1
9295 3
9296 3
9297 2
9299 3
9300 1
9301 1
9302 1
9303 1
9304 1
9305 2
9306 2
9307 1
9308 2
9309 3
9313 1
9314 1
9317 2
9318 1
9319 3
9320 2
9322 2
9323 3
9324 2
9325 2
9326 3
9327 3
9328 1
9330 2
9331 1
9332 1
9333 1
9334 2
9335 2
9336 1
9337 1
9338 2
9339 1
9340 1
9341 3
9342 1
9343 1
9344 1
9345 3
9347 2
9348 2
9349 1
9350 2
9351 2
9352 3
9353 2
9355 2
9356 2
9357 2
9358 1
9359 4
9361 1
9362 3
9363 1
9364 1
9365 2
9366 1
9367 2
9368 4
9369 1
9370 2
9371 2
9372 3
9373 3
9374 2
9376 1
9380 1
9381 4
9383 3
9384 1
9385 2
9387 2
9388 1
9389 1
9390 1
9392 1
9394 1
9395 3
9397 1
9398 2
9399 3
9401 4
9402 1
9403 3
9405 4
9406 1
9407 4
9408 1
9409 1
9410 2
9411 1
9412 2
9416 1
9417 1
9420 2
9421 2
9422 2
9423 3
9424 1
9425 2
9426 1
9427 3
9428 1
9429 2
9430 1
9431 2
9434 1
9435 2
9437 2
9438 1
9439 1
9441 1
9443 2
9444 1
9445 2
9446 1
9447 2
9449 3
9451 1
9453 1
9454 1
9455 2
9456 1
9457 2
9458 3
9459 1
9460 1
9461 2
9462 3
9463 2
9465 1
9466 2
9467 2
9468 1
9469 1
9470 2
9471 3
9472 1
9473 1
9474 1
9476 2
9479 1
9480 2
9481 1
9483 3
9484 2
9485 1
9486 2
9487 1
9491 2
9495 1
9496 1
9497 1
9498 2
9499 2
9500 2
9501 1
9502 2
9503 2
9504 5
9505 2
9506 3
9507 1
9508 1
9509 3
9510 1
9511 1
9512 1
9513 1
9516 1
9517 1
9518 1
9519 1
9520 1
9523 1
9524 3
9526 4
9528 2
9529 2
9530 1
9531 1
9532 1
9533 2
9534 1
9536 1
9537 2
9538 1
9539 2
9540 1
9541 2
9542 3
9543 1
9546 4
9548 2
9550 1
9551 2
9553 2
9555 1
9558 1
9559 1
9560 3
9562 4
9563 2
9564 1
9565 1
9566 4
9567 1
9570 3
9571 1
9572 1
9573 1
9574 2
9576 1
9579 1
9580 1
9581 2
9582 2
9583 1
9584 4
9585 2
9586 2
9588 4
9590 1
9591 1
9593 1
9595 2
9596 1
9597 1
9598 1
9599 3
9601 1
9602 3
9603 1
9604 1
9606 2
9607 2
9608 4
9610 3
9611 1
9612 2
9614 2
9615 1
9616 2
9617 2
9618 1
9619 1
9620 1
9621 2
9622 1
9623 1
9624 1
9625 1
9627 2
9628 3
9629 1
9630 2
9632 2
9633 1
9634 1
9635 2
9637 3
9638 1
9639 2
9640 2
9641 3
9642 1
9643 2
9644 1
9645 5
9646 1
9647 2
9648 2
9649 2
9650 3
9652 2
9653 1
9654 3
9656 1
9657 2
9659 1
9660 2
9661 1
9662 2
9663 1
9664 2
9665 3
9666 1
9667 2
9669 2
9670 4
9671 2
9674 2
9675 2
9677 1
9678 1
9679 1
9681 1
9682 1
9683 2
9684 2
9685 4
9686 1
9687 4
9688 2
9689 3
9691 2
9692 2
9693 1
9694 2
9696 3
9697 1
9698 3
9700 2
9701 2
9702 2
9703 2
9705 1
9706 1
9707 1
9709 2
9710 2
9711 1
9712 4
9713 1
9714 1
9715 1
9716 2
9717 1
9718 1
9719 2
9720 1
9721 1
9722 1
9723 2
9724 2
9725 3
9727 3
9729 2
9731 2
9732 2
9733 2
9734 1
9737 1
9738 2
9739 2
9740 1
9741 2
9742 3
9743 4
9744 3
9745 3
9746 3
9747 2
9748 2
9749 3
9750 1
9752 3
9753 1
9756 2
9757 1
9759 2
9760 3
9761 2
9763 3
9764 2
9765 2
9766 1
9769 3
9772 2
9773 3
9774 2
9775 2
9776 2
9777 1
9778 2
9779 2
9780 1
9781 3
9782 2
9783 1
9784 2
9785 3
9786 3
9787 1
9788 2
9789 2
9790 2
9791 3
9792 1
9793 1
9794 1
9796 4
9798 3
9799 1
9800 3
9802 4
9804 1
9805 1
9806 5
9807 1
9808 1
9811 1
9812 1
9813 1
9814 2
9815 2
9816 1
9817 2
9818 2
9819 1
9820 2
9821 1
9822 2
9823 1
9824 3
9826 2
9827 2
9828 5
9829 1
9830 1
9831 2
9832 2
9833 1
9835 1
9836 1
9837 1
9838 1
9839 1
9840 1
9842 2
9844 2
9846 3
9847 1
9848 5
9850 5
9852 2
9853 2
9854 2
9860 1
9861 1
9862 1
9863 3
9864 2
9865 2
9867 1
9868 4
9870 2
9872 1
9873 1
9874 1
9875 2
9877 2
9878 1
9880 2
9881 1
9882 1
9883 1
9884 4
9885 2
9886 3
9888 3
9889 1
9890 3
9893 1
9894 1
9896 1
9897 2
9898 1
9899 1
9900 2
9901 1
9902 2
9903 1
9904 2
9905 2
9906 1
9907 1
9909 1
9910 4
9911 2
9913 1
9914 2
9917 3
9918 1
9919 2
9921 2
9922 2
9923 2
9924 2
9925 1
9926 3
9927 2
9928 2
9930 3
9931 1
9932 4
9934 3
9936 2
9937 1
9938 1
9941 1
9942 2
9943 2
9944 1
9945 2
9946 1
9947 2
9948 1
9949 1
9950 2
9951 2
9952 2
9953 2
9955 1
9956 1
9958 1
9959 2
9960 1
9961 2
9963 3
9964 3
9965 3
9967 4
9968 2
9969 2
9971 1
9972 1
9973 1
9974 2
9976 1
9977 1
9978 3
9979 1
9981 1
9982 1
9983 1
9984 2
9985 3
9986 2
9987 2
9988 2
9989 5
9990 1
9991 1
9992 2
9993 1
9996 1
9998 3
9999 2
10000 1
10001 3
10003 2
10004 1
10005 2
10006 1
10007 2
10008 1
10009 3
10010 1
10011 3
10012 1
10013 1
10014 1
10015 2
10016 2
10017 1
10018 1
10019 1
10020 3
10021 2
10022 3
10023 1
10024 2
10025 3
10026 2
10027 3
10028 1
10029 2
10031 3
10032 2
10033 1
10034 1
10035 3
10036 2
10038 2
10039 2
10040 2
10041 1
10042 2
10043 1
10044 1
10045 3
10046 3
10047 2
10048 1
10049 3
10050 2
10052 1
10053 2
10054 1
10055 2
10057 1
10058 2
10059 1
10060 1
10061 2
10062 3
10063 3
10064 4
10065 3
10066 3
10067 4
10068 4
10069 2
10070 2
10071 2
10072 2
10073 2
10075 2
10076 3
10077 1
10078 1
10080 3
10082 3
10083 2
10084 1
10085 1
10086 2
10087 1
10088 3
10089 2
10090 2
10091 2
10092 2
10093 2
10094 2
10095 3
10096 2
10097 2
10098 2
10099 1
10100 3
10101 1
10103 5
10104 3
10105 1
10106 1
10107 1
10108 3
10109 2
10110 2
10111 2
10112 1
10113 3
10114 2
10115 2
10117 3
10119 1
10120 2
10122 2
10124 2
10125 1
10126 3
10128 2
10129 1
10130 4
10131 1
10132 1
10134 2
10136 3
10137 2
10139 3
10140 3
10141 1
10142 3
10143 3
10144 3
10145 1
10146 3
10147 1
10148 3
10149 1
10150 5
10151 2
10152 2
10153 1
10154 1
10157 3
10159 1
10161 1
10162 1
10163 1
10164 3
10165 1
10166 3
10167 2
10168 3
10169 2
10170 4
10172 3
10173 1
10174 1
10175 1
10176 2
10177 1
10178 1
10179 2
10180 1
10181 1
10182 1
10183 2
10184 1
10185 1
10186 2
10187 1
10188 3
10189 1
10190 3
10191 2
10192 2
10193 2
10194 2
10195 1
10196 2
10197 2
10198 1
10199 5
10200 1
10201 3
10202 1
10203 4
10204 2
10205 1
10206 3
10207 3
10208 2
10211 3
10212 2
10213 1
10214 1
10215 1
10216 1
10218 1
10219 2
10221 3
10223 2
10224 3
10225 4
10226 2
10227 1
10228 2
10229 4
10230 1
10231 1
10232 1
10234 2
10236 2
10239 4
10241 4
10242 1
10243 2
10244 3
10245 4
10246 1
10247 3
10248 1
10249 2
10250 2
10251 3
10253 2
10254 3
10255 2
10257 1
10258 1
10259 1
10260 1
10261 1
10262 1
10263 2
10264 1
10265 2
10266 1
10267 2
10268 1
10269 1
10270 2
10271 2
10272 2
10273 1
10274 2
10275 3
10276 1
10278 3
10279 1
10281 2
10282 2
10284 1
10285 1
10286 1
10287 3
10289 2
10290 1
10291 2
10293 4
10295 1
10297 1
10298 1
10300 2
10301 3
10302 1
10303 4
10304 2
10305 4
10306 1
10307 3
10308 2
10309 2
10310 1
10311 3
10312 1
10313 1
10314 2
10315 2
10316 1
10318 2
10319 1
10322 1
10323 2
10324 1
10325 2
10326 2
10327 3
10328 1
10329 5
10331 2
10333 2
10335 4
10337 1
10338 2
10339 1
10340 1
10341 1
10342 2
10343 3
10344 1
10345 2
10347 4
10348 1
10349 5
10350 2
10351 2
10352 1
10353 3
10354 1
10355 1
10356 1
10357 2
10358 1
10360 3
10362 4
10364 1
10365 2
10366 2
10368 3
10369 2
10370 3
10372 2
10373 1
10374 1
10375 2
10377 4
10378 1
10379 3
10380 2
10381 2
10382 3
10383 4
10384 2
10385 2
10386 2
10387 1
10389 2
10390 4
10391 1
10392 2
10393 3
10394 1
10395 1
10397 3
10400 1
10402 1
10404 3
10405 1
10406 5
10408 3
10409 1
10410 3
10411 1
10412 2
10413 2
10414 2
10415 2
10416 4
10417 1
10418 1
10419 1
10420 1
10421 1
10422 1
10423 1
10424 1
10425 3
10426 3
10427 1
10428 2
10429 4
10430 2
10431 1
10432 2
10433 2
10434 2
10435 1
10436 1
10437 3
10439 5
10440 1
10441 2
10442 1
10443 3
10444 2
10445 1
10446 4
10447 1
10448 1
10450 3
10451 1
10452 3
10453 1
10454 4
10455 1
10456 2
10457 1
10458 2
10459 1
10460 1
10461 2
10462 1
10463 1
10464 3
10465 4
10466 1
10467 2
10468 2
10469 2
10470 3
10471 2
10472 5
10473 2
10474 2
10476 1
10477 3
10479 3
10481 3
10482 2
10483 3
10484 2
10485 4
10486 2
10487 4
10488 5
10489 2
10490 3
10491 3
10492 2
10493 4
10494 2
10495 1
10496 2
10497 2
10498 1
10500 1
10501 3
10502 1
10503 1
10504 3
10505 3
10506 1
10507 1
10508 5
10509 1
10510 4
10511 1
10512 1
10513 2
10514 3
10515 3
10516 1
10518 3
10519 3
10520 2
10521 4
10523 3
10524 1
10525 4
10526 2
10527 4
10528 2
10529 2
10530 4
10531 1
10532 1
10533 2
10534 1
10536 2
10537 1
10538 1
10539 1
10540 1
10541 5
10542 1
10543 4
10544 2
10545 2
10546 2
10547 4
10548 1
10549 3
10550 2
10551 3
10552 1
10554 1
10555 2
10556 2
10557 1
10558 2
10559 1
10560 2
10561 2
10562 2
10563 2
10565 3
10567 3
10568 1
10569 4
10571 2
10573 3
10574 1
10575 3
10576 2
10577 2
10578 1
10580 2
10581 1
10582 2
10583 3
10585 2
10586 2
10587 2
10588 1
10589 4
10590 3
10591 4
10592 3
10593 2
10594 2
10595 4
10596 2
10597 2
10598 1
10600 1
10602 1
10603 1
10604 2
10605 3
10606 1
10607 3
10608 2
10609 1
10610 1
10611 1
10612 1
10613 2
10615 3
10616 2
10617 1
10618 2
10619 2
10620 1
10621 1
10622 2
10623 2
10624 4
10625 4
10626 4
10627 2
10628 1
10629 5
10630 3
10631 3
10633 2
10634 2
10635 1
10636 1
10637 1
10638 1
10639 1
10640 2
10641 1
10642 2
10644 4
10645 1
10646 4
10647 1
10648 1
10649 5
10650 1
10651 4
10652 1
10654 2
10655 2
10657 2
10658 3
10659 2
10661 3
10662 2
10663 1
10664 2
10666 3
10667 1
10668 2
10669 2
10670 2
10671 4
10672 4
10673 3
10675 1
10676 1
10677 1
10679 4
10680 2
10682 3
10683 1
10684 1
10685 1
10686 3
10687 2
10688 1
10689 1
10690 1
10691 3
10692 3
10693 1
10694 4
10695 1
10696 1
10697 1
10698 1
10700 1
10701 1
10703 1
10704 3
10705 3
10706 2
10707 1
10708 4
10709 2
10710 3
10711 1
10712 2
10714 1
10715 1
10716 1
10718 1
10719 3
10720 2
10721 2
10722 2
10723 2
10724 2
10725 1
10726 3
10727 2
10728 6
10729 1
10730 5
10731 1
10732 2
10733 3
10734 4
10736 2
10738 2
10740 2
10741 1
10742 1
10743 1
10744 2
10745 1
10746 1
10747 1
10748 5
10750 4
10751 1
10752 3
10753 1
10754 5
10756 2
10757 2
10758 2
10759 1
10760 1
10761 5
10762 1
10763 3
10765 4
10766 3
10767 3
10768 1
10769 3
10770 4
10772 2
10773 2
10774 3
10775 2
10776 2
10777 2
10779 2
10780 2
10781 1
10782 2
10783 2
10784 2
10785 3
10786 2
10787 4
10788 1
10790 4
10791 2
10792 1
10794 4
10795 2
10796 3
10798 1
10799 1
10800 3
10803 4
10804 2
10805 4
10807 5
10808 4
10809 2
10810 2
10811 3
10812 1
10813 2
10815 2
10816 2
10817 2
10818 1
10820 1
10821 2
10822 2
10823 4
10825 4
10826 1
10827 2
10828 1
10829 2
10830 4
10831 1
10832 5
10833 3
10834 2
10835 2
10836 2
10837 1
10838 4
10839 1
10840 2
10841 2
10842 2
10843 1
10844 2
10845 2
10847 1
10848 2
10849 2
10850 1
10851 1
10852 2
10853 3
10854 1
10855 1
10856 1
10857 2
10858 2
10859 3
10861 2
10862 3
10863 2
10864 3
10865 4
10866 3
10867 2
10869 5
10870 2
10871 2
10872 3
10873 1
10874 1
10875 1
10876 2
10877 3
10878 3
10879 2
10880 4
10881 2
10882 2
10883 1
10884 4
10885 1
10886 2
10887 1
10889 4
10890 3
10891 3
10892 2
10893 2
10894 3
10895 3
10896 1
10897 1
10898 2
10899 3
10901 2
10902 1
10903 1
10904 2
10905 2
10906 1
10907 4
10908 1
10909 4
10910 2
10911 5
10912 3
10913 4
10915 4
10916 3
10917 2
10918 1
10919 2
10920 3
10922 3
10923 1
10924 2
10925 1
10926 4
10927 2
10928 2
10929 1
10930 1
10931 4
10932 2
10933 3
10934 3
10935 2
10936 3
10937 3
10938 3
10940 3
10941 3
10942 2
10943 1
10944 5
10945 1
10946 4
10947 3
10948 2
10949 3
10951 4
10952 3
10953 4
10955 1
10956 2
10957 2
10958 1
10959 2
10961 1
10962 1
10963 1
10964 2
10965 1
10966 5
10967 2
10968 6
10969 2
10970 5
10971 1
10972 2
10973 3
10974 4
10976 1
10977 1
10980 2
10981 2
10982 1
10983 3
10984 4
10985 1
10986 4
10987 2
10988 4
10990 3
10991 1
10992 2
10993 1
10994 3
10995 3
10996 2
10997 2
10998 1
10999 2
11000 2
11001 2
11002 1
11003 1
11005 3
11006 2
11007 1
11008 3
11009 2
11010 4
11011 1
11012 2
11013 2
11014 3
11015 2
11016 3
11018 2
11020 4
11022 3
11023 2
11024 1
11025 1
11026 2
11028 1
11029 1
11030 5
11031 2
11032 2
11034 2
11035 1
11036 2
11037 2
11038 2
11039 1
11040 2
11041 2
11042 3
11043 5
11044 1
11045 3
11046 3
11047 3
11048 3
11049 2
11050 4
11051 3
11052 3
11053 1
11054 2
11055 2
11056 4
11058 2
11059 1
11061 1
11062 2
11063 2
11064 1
11065 2
11066 1
11067 1
11068 3
11069 1
11070 3
11071 2
11072 5
11073 2
11074 3
11076 4
11077 1
11078 3
11080 2
11081 1
11082 1
11083 2
11084 1
11085 4
11087 4
11088 2
11089 4
11090 2
11091 1
11092 3
11094 3
11095 1
11096 2
11097 1
11098 3
11099 1
11101 2
11102 2
11104 3
11105 4
11106 2
11107 1
11108 1
11109 5
11110 3
11111 1
11112 2
11113 2
11114 2
11115 1
11118 3
11119 2
11120 1
11121 2
11122 2
11123 2
11124 2
11125 3
11126 1
11127 4
11129 3
11130 2
11131 3
11133 1
11134 2
11135 3
11136 1
11137 2
11138 2
11139 1
11141 2
11142 1
11143 1
11145 4
11146 2
11147 4
11148 2
11149 2
11150 1
11151 5
11152 3
11153 2
11154 2
11155 4
11156 3
11157 2
11158 3
11159 1
11160 2
11161 2
11162 1
11164 1
11165 1
11166 4
11167 4
11168 1
11169 4
11170 2
11171 3
11172 1
11173 3
11174 1
11175 2
11176 2
11177 2
11178 2
11179 3
11180 2
11181 2
11182 2
11183 2
11184 5
11185 2
11186 2
11187 4
11188 4
11189 1
11190 2
11191 3
11192 4
11193 4
11195 3
11196 2
11197 1
11199 3
11200 3
11201 2
11202 2
11203 2
11204 2
11206 3
11208 4
11209 3
11210 3
11211 2
11212 3
11213 4
11214 3
11215 2
11216 1
11217 4
11218 2
11220 3
11221 1
11222 1
11223 4
11224 2
11225 2
11226 3
11227 2
11228 2
11229 3
11230 4
11231 2
11232 2
11233 6
11234 3
11235 5
11237 3
11238 2
11239 2
11240 1
11241 1
11242 2
11243 1
11244 1
11245 1
11246 3
11248 3
11249 3
11250 3
11251 4
11253 2
11254 2
11255 3
11256 3
11257 2
11259 3
11260 4
11262 1
11263 3
11264 2
11266 4
11267 1
11268 4
11269 1
11270 4
11271 4
11272 4
11273 3
11274 1
11275 1
11276 1
11277 4
11279 1
11281 3
11282 2
11283 4
11284 3
11285 3
11286 4
11287 3
11288 4
11289 3
11290 3
11291 3
11292 2
11293 1
11294 2
11295 1
11296 3
11297 2
11298 2
11299 3
11300 2
11302 3
11303 1
11304 3
11305 1
11306 1
11307 1
11308 3
11309 1
11310 4
11312 4
11313 1
11314 5
11315 1
11316 4
11317 2
11318 4
11319 2
11320 3
11321 1
11322 3
11323 4
11324 3
11325 1
11326 3
11327 4
11328 3
11329 2
11330 2
11331 3
11332 4
11333 1
11334 3
11335 3
11336 2
11337 4
11338 3
11339 2
11341 3
11342 1
11344 3
11345 4
11346 1
11347 2
11348 2
11349 1
11350 1
11351 2
11352 3
11354 3
11356 3
11357 1
11358 3
11359 2
11360 2
11361 3
11362 2
11363 2
11364 4
11365 4
11366 3
11367 3
11368 2
11369 4
11370 4
11371 5
11372 2
11373 1
11374 5
11375 2
11376 3
11379 2
11381 3
11383 1
11384 2
11385 3
11387 5
11388 1
11389 4
11390 2
11391 5
11392 3
11393 3
11394 3
11395 1
11396 2
11397 1
11398 3
11399 2
11400 1
11401 1
11402 4
11403 2
11404 2
11406 1
11407 4
11409 2
11411 3
11412 2
11413 4
11414 3
11415 1
11416 3
11417 1
11418 3
11419 2
11420 1
11421 3
11422 1
11423 3
11424 1
11425 3
11426 1
11427 5
11428 1
11429 2
11430 2
11431 4
11432 2
11433 3
11435 4
11436 1
11437 1
11438 2
11439 2
11440 1
11442 1
11443 2
11444 1
11445 2
11446 2
11447 2
11448 2
11449 4
11450 3
11451 2
11452 2
11453 3
11455 2
11456 3
11457 1
11458 2
11460 3
11461 2
11462 1
11463 4
11465 3
11466 2
11467 4
11468 4
11469 6
11470 1
11471 4
11472 2
11473 5
11474 1
11475 4
11476 1
11477 1
11478 1
11479 2
11481 2
11482 2
11483 1
11485 1
11486 1
11487 1
11488 2
11489 3
11490 3
11491 1
11492 4
11493 3
11494 2
11495 4
11496 1
11497 4
11498 2
11499 2
11500 1
11501 1
11502 4
11503 4
11504 1
11505 2
11506 4
11507 2
11508 1
11509 1
11510 2
11511 2
11512 1
11513 3
11514 1
11515 5
11517 5
11519 2
11521 1
11522 2
11523 2
11524 1
11525 2
11526 3
11527 2
11528 4
11529 2
11530 4
11531 2
11532 2
11534 2
11535 3
11536 3
11537 2
11538 2
11540 3
11543 2
11544 1
11545 2
11546 2
11547 1
11548 3
11549 3
11550 5
11551 1
11552 4
11553 3
11554 1
11555 2
11556 1
11557 3
11558 1
11559 4
11560 1
11561 4
11562 2
11563 3
11564 1
11565 2
11566 1
11567 1
11568 2
11569 1
11570 3
11571 4
11572 3
11573 3
11574 5
11575 2
11576 2
11577 4
11578 2
11580 1
11581 1
11582 1
11583 1
11584 3
11585 3
11586 2
11588 3
11589 2
11590 2
11591 1
11592 5
11593 2
11594 4
11596 1
11597 3
11598 1
11599 3
11600 2
11601 4
11602 2
11603 4
11604 5
11605 4
11606 3
11607 6
11608 2
11609 4
11610 2
11611 3
11612 2
11613 3
11614 3
11615 1
11616 2
11617 4
11618 3
11619 1
11620 1
11621 3
11622 2
11624 4
11625 3
11626 2
11627 2
11628 5
11630 4
11631 2
11633 3
11634 6
11635 2
11636 2
11637 2
11638 4
11639 3
11640 4
11641 1
11642 3
11643 1
11644 2
11645 1
11646 3
11647 2
11648 2
11649 4
11650 4
11651 4
11652 2
11653 4
11654 3
11655 2
11656 3
11657 2
11658 3
11659 1
11660 3
11661 5
11663 2
11664 3
11665 3
11666 1
11667 5
11668 2
11669 1
11670 2
11671 2
11672 2
11673 3
11674 2
11675 2
11676 7
11678 5
11679 2
11680 3
11681 3
11682 4
11683 2
11685 1
11686 1
11687 2
11688 3
11689 5
11691 4
11692 2
11693 4
11694 2
11695 2
11696 5
11697 2
11698 2
11700 2
11701 1
11702 1
11703 3
11705 3
11706 1
11707 4
11708 2
11709 6
11710 1
11711 6
11712 2
11713 5
11714 2
11715 6
11716 1
11717 2
11718 1
11719 1
11720 1
11721 2
11722 1
11724 3
11725 3
11727 2
11728 4
11729 5
11730 1
11731 2
11732 3
11733 5
11734 1
11735 4
11736 3
11737 3
11738 3
11739 2
11740 1
11741 1
11742 4
11743 2
11744 1
11745 5
11746 2
11747 2
11748 1
11749 4
11750 3
11751 3
11752 1
11753 3
11754 3
11755 3
11757 2
11758 2
11759 1
11760 2
11761 1
11762 2
11763 2
11764 3
11765 3
11766 3
11767 2
11768 1
11769 4
11770 4
11771 5
11772 2
11773 2
11774 2
11775 5
11776 2
11778 4
11779 1
11780 2
11781 2
11782 2
11783 3
11784 4
11785 1
11786 3
11787 3
11788 2
11789 3
11790 2
11791 3
11792 5
11793 2
11794 1
11795 3
11796 2
11797 3
11799 3
11801 1
11802 1
11803 2
11804 2
11806 2
11807 2
11808 2
11809 3
11810 2
11811 3
11812 5
11813 3
11814 5
11815 2
11816 1
11817 5
11818 2
11819 3
11820 1
11821 1
11822 1
11823 1
11824 2
11825 2
11826 2
11827 1
11828 3
11829 3
11830 2
11831 1
11832 5
11833 1
11834 2
11836 2
11837 3
11838 1
11839 4
11840 3
11841 1
11842 2
11843 2
11844 2
11845 2
11846 2
11847 3
11848 3
11849 3
11850 5
11851 2
11852 2
11853 3
11854 1
11855 1
11857 3
11858 1
11859 3
11860 1
11861 1
11863 2
11864 2
11865 1
11866 2
11867 1
11868 3
11870 3
11871 1
11872 2
11873 3
11874 6
11875 2
11876 3
11877 1
11878 3
11879 2
11880 2
11881 3
11882 1
11883 3
11884 1
11885 2
11886 4
11887 1
11888 4
11889 2
11890 4
11891 1
11892 3
11893 3
11894 4
11895 2
11896 5
11897 2
11898 1
11899 2
11900 2
11901 3
11903 2
11904 1
11905 1
11906 2
11907 3
11908 2
11909 1
11910 1
11911 4
11912 2
11913 1
11914 5
11915 1
11916 6
11918 3
11919 1
11920 4
11922 3
11923 3
11924 1
11925 2
11926 2
11927 2
11928 4
11929 2
11930 3
11931 3
11932 4
11933 3
11934 2
11935 2
11936 3
11937 2
11938 2
11940 2
11941 3
11942 2
11943 3
11944 1
11945 4
11947 3
11948 3
11949 2
11950 3
11951 2
11952 2
11953 5
11954 2
11955 3
11956 2
11957 2
11958 3
11959 1
11960 2
11961 1
11962 4
11964 3
11965 2
11968 5
11969 1
11970 2
11971 1
11972 4
11973 2
11974 2
11975 4
11976 2
11977 1
11978 8
11979 2
11980 2
11982 2
11983 2
11984 1
11985 2
11986 1
11987 1
11989 4
11990 1
11991 4
11992 1
11993 4
11994 2
11995 4
11996 2
11997 3
11998 3
11999 2
12000 3
12001 3
12002 2
12004 3
12005 1
12006 2
12007 2
12008 2
12009 4
12010 4
12011 6
12012 2
12013 2
12014 2
12015 3
12016 2
12017 1
12018 3
12019 2
12020 2
12021 1
12022 4
12024 3
12025 2
12026 3
12027 4
12028 2
12029 5
12030 2
12031 6
12032 4
12033 4
12034 2
12035 5
12036 1
12037 4
12039 2
12040 2
12041 1
12042 1
12043 2
12044 3
12045 2
12046 1
12047 5
12048 1
12049 4
12050 2
12051 3
12052 3
12053 3
12054 3
12055 4
12056 3
12057 5
12058 4
12059 2
12060 2
12061 2
12062 4
12063 1
12064 5
12065 3
12066 2
12067 4
12068 4
12069 4
12071 3
12072 5
12073 5
12074 1
12075 2
12076 2
12077 3
12078 2
12079 3
12080 2
12081 3
12082 2
12083 3
12084 2
12085 2
12086 4
12087 2
12088 2
12089 4
12090 3
12091 2
12092 1
12093 5
12094 3
12095 2
12096 1
12097 2
12098 2
12099 3
12100 3
12101 3
12102 2
12103 3
12104 5
12105 1
12106 6
12108 3
12109 2
12110 4
12111 2
12112 4
12113 1
12114 7
12115 4
12116 4
12118 1
12119 3
12120 2
12121 3
12122 1
12123 1
12124 1
12125 2
12126 3
12127 1
12128 3
12129 3
12130 3
12131 3
12132 3
12133 2
12134 5
12135 3
12136 5
12137 2
12138 1
12139 3
12140 3
12141 2
12142 1
12143 3
12144 1
12145 1
12146 2
12147 2
12148 2
12149 1
12150 2
12152 4
12154 5
12155 2
12156 3
12157 2
12158 4
12159 2
12160 3
12161 1
12162 3
12163 4
12164 1
12165 4
12166 3
12167 2
12168 4
12169 3
12170 2
12171 3
12172 2
12173 2
12174 1
12175 4
12176 4
12177 3
12178 2
12179 2
12180 3
12181 2
12182 1
12183 3
12185 2
12188 4
12189 2
12190 6
12191 2
12192 3
12193 3
12194 4
12196 4
12197 2
12198 3
12200 3
12201 1
12202 2
12203 2
12204 1
12205 3
12207 1
12208 4
12209 3
12210 5
12211 4
12212 4
12213 1
12214 5
12215 3
12216 2
12217 1
12218 5
12219 4
12221 2
12222 1
12223 2
12224 2
12225 2
12226 1
12227 2
12229 3
12230 4
12231 2
12232 2
12233 3
12234 5
12235 2
12236 2
12237 1
12238 3
12239 2
12240 4
12242 5
12243 1
12244 5
12245 2
12246 2
12247 2
12248 2
12249 1
12250 3
12251 2
12252 1
12253 2
12254 2
12255 2
12256 2
12257 3
12258 4
12260 1
12261 1
12262 2
12264 3
12265 4
12266 2
12267 4
12268 1
12269 3
12270 2
12271 4
12272 4
12273 2
12274 2
12275 4
12276 2
12277 4
12278 1
12279 1
12280 3
12281 1
12282 2
12283 1
12285 1
12286 3
12287 3
12289 2
12290 4
12291 3
12293 5
12294 2
12295 4
12296 2
12297 2
12298 4
12299 2
12300 4
12301 2
12302 3
12304 4
12305 2
12306 1
12307 2
12308 2
12309 2
12311 5
12312 3
12313 6
12314 2
12315 4
12316 3
12317 2
12318 2
12319 5
12321 2
12322 2
12323 2
12324 2
12326 3
12328 2
12329 2
12330 2
12331 2
12332 3
12333 7
12334 2
12335 4
12336 2
12337 4
12338 2
12339 4
12340 1
12341 1
12342 2
12343 3
12344 4
12345 1
12346 6
12347 3
12348 4
12349 4
12350 3
12351 2
12352 3
12353 3
12354 5
12355 3
12356 1
12357 3
12358 3
12359 2
12360 2
12361 3
12362 2
12363 1
12364 1
12365 1
12366 2
12368 1
12369 6
12370 3
12371 4
12372 2
12373 4
12374 2
12375 5
12376 3
12377 3
12378 2
12379 5
12380 4
12381 3
12383 1
12384 1
12385 2
12386 2
12388 4
12389 2
12390 3
12391 3
12392 2
12393 4
12394 2
12395 2
12396 2
12397 2
12398 2
12399 1
12400 2
12401 3
12402 3
12403 5
12404 2
12405 2
12406 4
12407 1
12408 6
12410 3
12411 4
12412 2
12413 1
12414 2
12415 2
12416 4
12417 5
12418 3
12419 3
12420 1
12421 3
12422 2
12423 4
12424 2
12425 2
12426 2
12427 1
12428 1
12429 2
12430 2
12432 3
12433 2
12434 5
12435 2
12436 5
12437 2
12438 5
12439 1
12440 2
12441 2
12442 2
12443 2
12444 3
12445 1
12446 1
12447 4
12448 2
12449 3
12450 4
12451 3
12452 4
12453 1
12454 6
12455 4
12456 4
12457 5
12458 3
12459 3
12460 2
12461 2
12462 3
12463 1
12464 2
12465 2
12466 1
12467 2
12468 2
12469 3
12470 2
12471 2
12472 4
12473 1
12474 5
12475 3
12476 3
12477 5
12478 4
12479 2
12480 4
12481 2
12482 4
12483 2
12484 4
12485 3
12486 2
12487 2
12488 2
12489 2
12490 5
12491 3
12492 5
12494 4
12495 2
12496 3
12497 1
12498 3
12499 1
12500 2
12501 3
12502 1
12504 1
12505 4
12506 1
12507 7
12508 1
12509 4
12510 5
12511 5
12512 4
12513 4
12514 2
12515 3
12516 5
12517 1
12518 1
12519 4
12520 3
12521 1
12522 3
12523 3
12524 2
12525 2
12526 2
12527 2
12529 3
12530 1
12531 3
12532 2
12533 2
12534 5
12536 4
12537 4
12538 4
12539 2
12540 3
12541 2
12542 2
12544 4
12546 1
12547 3
12548 2
12549 3
12550 2
12551 2
12552 5
12553 5
12554 2
12555 6
12556 2
12557 2
12558 2
12559 5
12560 1
12561 2
12562 2
12563 1
12564 1
12565 1
12566 3
12567 2
12568 2
12569 3
12570 4
12571 3
12572 3
12573 3
12574 1
12576 4
12577 1
12578 1
12579 3
12580 3
12581 2
12582 4
12583 2
12584 3
12585 3
12586 4
12587 2
12588 4
12589 3
12590 3
12591 3
12592 2
12593 4
12594 3
12595 5
12597 3
12598 2
12599 2
12600 1
12601 3
12603 3
12605 2
12606 1
12607 1
12608 2
12609 4
12610 1
12611 3
12612 2
12613 6
12614 1
12615 8
12616 2
12617 2
12618 3
12619 3
12620 2
12621 3
12622 3
12623 2
12624 3
12625 1
12626 5
12627 2
12628 4
12630 2
12631 2
12633 3
12634 3
12635 6
12636 3
12637 5
12638 2
12639 2
12640 2
12641 3
12642 1
12643 5
12645 2
12646 2
12647 2
12648 2
12649 3
12651 3
12652 1
12653 2
12655 5
12656 1
12657 5
12658 2
12659 3
12660 2
12661 4
12662 1
12663 3
12665 2
12666 2
12668 3
12669 3
12670 5
12671 1
12672 4
12673 2
12674 2
12675 3
12676 3
12677 2
12678 1
12679 1
12680 3
12681 2
12682 2
12683 3
12684 2
12685 1
12686 2
12687 3
12688 2
12689 2
12690 5
12691 5
12692 3
12693 3
12694 3
12695 4
12696 2
12697 4
12698 2
12699 1
12700 2
12701 1
12702 1
12703 3
12704 1
12705 4
12706 1
12708 2
12709 2
12710 2
12712 4
12713 1
12714 4
12715 2
12716 2
12717 3
12718 5
12719 3
12720 4
12721 2
12722 2
12723 4
12724 3
12725 3
12726 3
12727 3
12728 1
12729 3
12730 3
12731 3
12732 1
12733 3
12734 3
12736 2
12737 4
12738 4
12739 4
12740 2
12741 4
12742 2
12743 3
12744 2
12745 4
12746 1
12747 3
12748 2
12749 2
12750 2
12751 5
12752 3
12753 2
12754 5
12755 3
12756 4
12757 2
12758 2
12759 4
12760 4
12761 1
12762 4
12763 1
12764 4
12765 2
12766 2
12767 2
12768 2
12769 4
12770 2
12771 4
12772 3
12773 4
12774 4
12775 2
12776 5
12777 4
12778 3
12779 2
12780 4
12781 3
12782 1
12784 2
12785 4
12786 1
12787 3
12788 1
12789 2
12790 2
12791 3
12792 3
12793 4
12794 4
12795 4
12796 5
12797 2
12798 3
12799 4
12800 2
12801 3
12802 4
12803 1
12804 1
12805 2
12806 2
12807 1
12808 3
12809 3
12810 1
12811 2
12812 4
12813 3
12814 3
12815 1
12816 4
12817 2
12818 5
12819 1
12820 2
12821 1
12822 4
12823 3
12824 1
12825 2
12826 2
12827 4
12828 4
12829 4
12831 5
12832 2
12833 4
12834 3
12835 2
12836 3
12837 1
12838 3
12839 2
12841 4
12842 4
12843 1
12844 3
12845 2
12846 2
12848 3
12849 4
12851 5
12852 1
12853 4
12854 2
12855 5
12856 4
12857 4
12858 2
12859 3
12860 2
12861 2
12862 4
12863 1
12864 2
12865 2
12866 2
12867 1
12868 3
12869 3
12870 2
12871 2
12872 1
12873 3
12874 4
12875 5
12876 4
12877 3
12878 2
12879 4
12880 1
12881 4
12882 1
12883 3
12884 4
12885 2
12886 1
12887 2
12888 2
12889 2
12890 3
12891 3
12892 2
12893 3
12894 1
12895 5
12896 1
12897 3
12898 3
12899 4
12900 4
12901 3
12902 3
12903 4
12904 3
12905 4
12906 2
12907 3
12908 3
12909 2
12910 3
12911 3
12912 4
12913 3
12914 1
12915 4
12916 3
12917 4
12918 1
12919 1
12920 4
12921 3
12922 2
12923 4
12924 2
12926 3
12927 1
12928 1
12929 2
12930 3
12931 2
12932 4
12933 3
12934 1
12935 4
12936 2
12937 8
12938 2
12939 4
12941 4
12942 2
12943 3
12944 1
12945 1
12946 1
12947 1
12948 2
12949 2
12950 3
12951 2
12952 2
12953 4
12954 3
12955 4
12956 2
12957 6
12958 2
12959 6
12960 2
12961 1
12962 2
12963 2
12964 1
12965 2
12966 1
12967 2
12969 3
12970 3
12971 2
12972 2
12973 2
12974 4
12975 3
12976 2
12977 5
12978 2
12979 5
12980 2
12981 2
12983 2
12984 2
12985 2
12986 2
12987 4
12988 1
12989 2
12990 2
12991 2
12992 3
12993 2
12994 2
12995 4
12996 2
12997 2
12998 3
12999 5
13000 3
13001 1
13002 1
13003 2
13004 3
13005 1
13006 3
13007 3
13008 3
13009 1
13010 5
13011 3
13012 4
13013 4
13014 4
13015 2
13016 5
13017 3
13018 1
13019 2
13020 4
13021 2
13022 1
13023 1
13025 2
13026 1
13027 3
13028 3
13029 1
13030 2
13031 5
13032 3
13033 2
13034 4
13035 3
13036 6
13037 2
13038 3
13039 1
13040 4
13041 6
13042 4
13043 3
13044 1
13045 2
13046 4
13047 1
13048 3
13049 1
13050 1
13051 3
13052 4
13053 5
13054 5
13056 5
13057 2
13058 4
13060 3
13061 3
13062 3
13063 1
13064 3
13065 1
13066 2
13067 3
13068 2
13069 3
13070 2
13071 3
13073 6
13074 4
13075 3
13076 2
13077 4
13078 3
13079 2
13081 2
13082 4
13083 2
13084 2
13085 2
13086 1
13087 1
13088 4
13089 2
13090 2
13091 4
13092 2
13093 1
13094 3
13095 2
13096 3
13098 6
13099 3
13100 4
13102 2
13103 2
13104 1
13107 3
13108 2
13109 1
13110 3
13111 3
13112 2
13113 3
13114 3
13115 5
13116 4
13117 2
13118 2
13119 3
13120 3
13121 5
13123 1
13124 1
13125 3
13127 1
13128 1
13129 2
13130 3
13131 5
13132 2
13133 4
13134 1
13135 4
13136 3
13138 4
13140 3
13141 1
13142 5
13143 1
13144 5
13145 2
13146 6
13147 2
13148 5
13149 2
13150 3
13151 2
13152 4
13153 2
13154 2
13155 2
13156 5
13157 4
13158 2
13159 2
13160 1
13161 3
13162 2
13163 3
13164 2
13165 2
13166 2
13167 4
13169 4
13170 2
13171 1
13172 3
13173 4
13174 2
13175 4
13176 1
13177 7
13178 4
13179 4
13181 3
13182 3
13183 3
13184 3
13185 3
13186 3
13187 3
13188 4
13189 4
13190 4
13191 1
13192 5
13193 1
13194 3
13195 2
13196 2
13197 3
13198 4
13199 5
13200 3
13201 2
13202 6
13203 3
13204 3
13205 1
13206 3
13207 3
13209 3
13210 2
13211 2
13212 2
13213 5
13215 5
13217 3
13218 2
13219 6
13220 3
13221 3
13222 2
13223 4
13224 3
13225 3
13226 1
13227 2
13228 2
13229 2
13230 3
13231 2
13232 4
13233 2
13234 5
13235 4
13236 4
13237 2
13238 1
13239 4
13240 1
13241 3
13242 2
13243 2
13244 2
13245 1
13246 6
13247 1
13248 2
13249 3
13250 4
13251 2
13252 5
13253 2
13254 3
13255 2
13256 3
13257 4
13258 2
13259 3
13260 2
13261 5
13263 4
13264 1
13265 2
13266 2
13267 4
13268 2
13269 1
13271 1
13272 3
13274 5
13275 2
13276 4
13277 3
13278 3
13279 5
13280 4
13281 4
13282 4
13283 2
13284 3
13285 1
13286 2
13287 1
13288 4
13289 3
13290 1
13291 2
13292 4
13293 3
13294 5
13295 2
13296 4
13297 3
13298 3
13299 2
13300 5
13301 1
13302 3
13303 3
13304 1
13305 3
13306 1
13307 1
13308 2
13309 4
13310 3
13311 2
13312 2
13313 4
13314 4
13315 1
13316 1
13317 5
13318 2
13319 1
13320 2
13321 4
13322 4
13323 3
13324 2
13325 2
13326 2
13327 3
13328 4
13329 2
13330 5
13331 4
13332 2
13333 4
13334 3
13335 3
13336 2
13337 1
13338 4
13339 1
13340 2
13342 2
13343 4
13344 1
13345 2
13346 1
13347 1
13348 2
13349 1
13350 4
13351 3
13352 1
13353 3
13354 5
13355 4
13356 6
13357 2
13358 6
13359 2
13360 4
13361 2
13362 2
13363 3
13364 4
13365 1
13366 3
13367 1
13368 4
13369 1
13370 2
13371 2
13372 2
13373 1
13374 1
13375 2
13376 1
13377 2
13378 5
13379 1
13380 5
13381 1
13382 4
13383 2
13384 4
13385 1
13386 3
13387 3
13388 3
13389 2
13390 1
13391 2
13392 3
13393 2
13395 2
13396 4
13397 4
13398 3
13399 3
13400 2
13401 1
13402 4
13403 2
13404 3
13405 1
13406 1
13407 1
13408 1
13410 3
13411 1
13412 2
13413 4
13414 4
13415 3
13416 2
13417 5
13418 4
13419 1
13420 5
13421 2
13422 5
13423 1
13424 3
13425 2
13426 1
13427 2
13428 1
13429 2
13430 2
13431 3
13432 4
13433 4
13434 3
13435 6
13436 4
13437 2
13438 4
13440 1
13441 2
13442 4
13443 2
13444 1
13445 2
13446 1
13448 1
13449 1
13450 2
13451 1
13452 1
13453 5
13454 2
13455 4
13456 2
13457 3
13458 5
13459 6
13460 1
13461 3
13462 3
13463 2
13464 5
13465 2
13466 5
13467 1
13468 5
13469 3
13470 2
13471 2
13472 3
13473 2
13474 4
13475 1
13476 2
13477 3
13478 3
13479 5
13480 3
13481 2
13482 2
13483 2
13484 2
13485 1
13486 4
13487 1
13488 2
13489 4
13490 2
13491 2
13492 5
13494 2
13495 2
13496 4
13497 2
13498 2
13499 5
13500 3
13501 6
13503 2
13504 2
13505 2
13507 2
13508 1
13509 1
13510 2
13511 2
13512 1
13513 2
13514 3
13515 3
13516 4
13517 5
13518 3
13519 4
13520 2
13521 3
13522 4
13523 2
13524 1
13525 3
13526 3
13528 3
13529 1
13530 2
13531 1
13532 3
13533 3
13534 3
13535 3
13536 2
13537 5
13538 3
13539 4
13540 3
13541 5
13542 1
13543 4
13545 2
13546 2
13547 1
13549 3
13550 2
13552 2
13553 3
13554 3
13555 2
13556 2
13557 5
13558 3
13559 2
13560 1
13561 5
13563 6
13564 2
13565 1
13566 1
13567 1
13568 4
13569 2
13570 3
13571 3
13572 5
13573 3
13574 5
13576 6
13577 1
13578 3
13579 3
13580 2
13581 2
13582 4
13583 2
13584 1
13585 2
13586 3
13587 1
13588 1
13589 3
13590 2
13591 3
13592 2
13593 3
13594 6
13595 4
13596 4
13597 6
13598 2
13599 2
13600 3
13601 2
13602 3
13603 4
13604 3
13605 1
13606 2
13607 4
13608 1
13609 1
13610 3
13611 3
13612 4
13613 1
13614 4
13615 4
13616 3
13617 3
13618 5
13619 2
13620 4
13622 4
13624 3
13625 2
13626 2
13627 2
13628 4
13629 2
13630 5
13631 2
13632 6
13633 1
13634 3
13635 4
13636 5
13637 2
13638 1
13639 5
13640 4
13641 1
13642 2
13643 3
13644 2
13645 5
13646 1
13647 4
13648 2
13649 3
13650 4
13651 3
13652 2
13653 5
13654 2
13655 1
13656 2
13657 5
13658 3
13659 1
13660 5
13661 1
13662 2
13664 3
13665 2
13666 1
13667 1
13668 4
13669 2
13670 2
13671 3
13672 4
13673 4
13674 3
13675 4
13676 3
13677 3
13678 4
13679 4
13680 2
13681 2
13682 4
13683 1
13684 5
13685 2
13686 2
13687 4
13688 2
13689 3
13690 1
13691 2
13692 1
13693 4
13694 2
13695 2
13696 2
13697 5
13698 2
13699 6
13700 2
13701 5
13702 3
13703 1
13704 4
13705 3
13706 4
13707 3
13708 3
13709 1
13710 4
13711 2
13712 3
13713 2
13714 5
13715 2
13716 1
13717 2
13718 4
13719 3
13720 2
13721 2
13722 4
13723 1
13724 4
13725 1
13726 2
13727 2
13728 2
13729 3
13730 1
13731 3
13732 2
13733 3
13734 4
13735 6
13736 1
13737 2
13738 4
13739 5
13740 4
13741 1
13742 2
13743 4
13744 3
13745 1
13746 1
13747 3
13748 4
13749 1
13750 3
13751 3
13752 1
13753 3
13754 3
13755 3
13756 4
13757 4
13758 3
13759 1
13760 4
13761 4
13762 1
13763 3
13764 2
13765 2
13766 2
13767 1
13768 3
13769 1
13770 1
13771 2
13772 1
13773 4
13774 2
13775 5
13776 3
13777 3
13778 2
13779 4
13780 2
13781 7
13782 1
13783 4
13785 2
13786 2
13787 2
13788 2
13789 3
13790 2
13791 1
13792 1
13793 3
13794 3
13795 1
13796 4
13797 2
13798 1
13799 1
13800 2
13801 2
13802 2
13803 5
13804 3
13805 1
13806 4
13807 2
13808 3
13809 3
13810 3
13811 4
13812 3
13813 2
13814 2
13815 3
13816 1
13817 2
13818 3
13819 2
13820 1
13821 3
13822 1
13823 5
13825 3
13827 3
13829 4
13830 2
13832 1
13833 2
13834 2
13835 3
13836 2
13837 2
13838 3
13839 4
13840 2
13841 2
13842 3
13843 6
13844 2
13845 2
13846 1
13847 1
13848 2
13849 1
13850 4
13851 2
13852 1
13853 1
13854 3
13855 2
13856 2
13857 3
13858 4
13859 2
13860 5
13861 3
13862 2
13863 4
13865 4
13867 3
13868 1
13869 2
13870 1
13871 5
13872 3
13873 2
13874 1
13875 4
13876 4
13878 3
13879 3
13880 2
13881 1
13883 6
13884 3
13885 5
13886 2
13887 5
13888 1
13889 2
13890 1
13891 1
13892 2
13893 4
13894 1
13895 1
13896 5
13897 4
13898 2
13899 3
13900 1
13901 4
13902 2
13904 2
13905 2
13906 1
13907 2
13908 2
13909 3
13910 1
13911 4
13912 2
13913 2
13914 2
13915 3
13916 3
13917 6
13918 3
13919 4
13920 3
13921 2
13922 3
13923 2
13924 2
13925 2
13926 2
13927 1
13928 2
13929 4
13930 2
13931 1
13932 4
13933 3
13934 4
13936 1
13937 3
13938 1
13939 4
13940 2
13941 3
13942 7
13943 2
13944 3
13945 1
13946 3
13947 4
13948 2
13949 1
13950 1
13951 1
13952 1
13953 1
13954 5
13955 1
13956 2
13957 2
13958 4
13959 3
13960 2
13961 3
13962 6
13963 3
13964 4
13965 3
13966 2
13968 1
13970 1
13971 3
13973 3
13974 3
13975 5
13976 3
13977 4
13978 1
13979 5
13980 2
13981 1
13982 3
13983 3
13984 3
13986 5
13987 2
13988 4
13989 3
13990 2
13991 3
13993 3
13994 1
13995 5
13996 5
13997 4
13998 2
13999 4
14000 2
14001 5
14002 2
14003 2
14004 3
14006 2
14007 2
14008 2
14009 2
14010 2
14011 2
14013 1
14014 2
14015 3
14016 4
14017 4
14018 3
14019 7
14020 4
14021 7
14022 2
14023 4
14024 3
14025 3
14026 1
14027 2
14028 2
14029 3
14030 2
14031 1
14032 4
14033 3
14034 1
14035 2
14036 3
14037 4
14038 2
14039 3
14040 6
14041 4
14042 3
14043 2
14044 2
14045 2
14046 3
14047 1
14049 3
14050 2
14051 2
14052 4
14053 4
14054 2
14055 5
14056 2
14057 4
14058 5
14059 2
14060 1
14061 4
14062 5
14063 4
14064 1
14065 2
14066 1
14067 3
14068 1
14069 2
14070 3
14071 1
14072 2
14073 5
14074 1
14075 6
14076 3
14077 5
14078 5
14079 5
14080 2
14081 1
14082 1
14083 5
14084 1
14085 2
14086 1
14088 1
14089 2
14090 3
14091 3
14092 4
14093 2
14094 5
14095 6
14096 3
14097 3
14098 4
14099 3
14100 5
14101 3
14103 2
14104 2
14105 4
14106 1
14107 2
14108 2
14109 4
14110 1
14111 3
14112 2
14113 1
14114 1
14115 4
14116 1
14117 2
14118 2
14119 5
14120 1
14121 2
14122 2
14123 4
14124 2
14125 5
14126 2
14127 6
14128 1
14129 4
14130 2
14131 3
14132 3
14133 4
14134 3
14135 1
14136 2
14137 5
14138 2
14139 2
14140 4
14141 2
14142 2
14144 3
14145 4
14146 1
14147 3
14148 2
14149 1
14150 2
14151 3
14152 4
14153 1
14154 4
14155 4
14156 3
14157 4
14158 2
14159 3
14160 2
14161 6
14162 3
14163 3
14164 1
14165 5
14166 2
14167 3
14168 1
14169 1
14170 1
14171 2
14172 2
14173 4
14174 4
14175 2
14176 4
14177 3
14178 3
14179 2
14180 3
14181 3
14182 4
14183 2
14184 1
14186 3
14187 2
14188 2
14189 1
14190 1
14191 2
14193 2
14194 7
14195 2
14196 2
14197 3
14198 6
14199 3
14200 4
14201 3
14202 1
14203 3
14204 4
14205 2
14206 1
14207 2
14208 2
14209 5
14210 1
14211 5
14212 1
14213 3
14214 3
14215 2
14216 1
14218 2
14219 5
14220 2
14221 2
14222 3
14223 2
14224 1
14225 1
14226 2
14227 2
14228 4
14229 1
14230 4
14231 3
14232 1
14233 1
14234 4
14235 1
14236 5
14237 3
14238 1
14239 2
14240 3
14241 4
14242 1
14243 1
14244 3
14245 2
14246 2
14249 2
14250 2
14251 3
14253 3
14254 3
14255 4
14256 2
14257 2
14258 2
14259 3
14260 3
14261 4
14262 2
14263 3
14264 4
14265 3
14266 1
14267 3
14268 3
14269 3
14270 1
14272 3
14273 2
14275 3
14276 6
14277 3
14278 3
14279 1
14280 2
14281 2
14282 1
14283 2
14284 2
14285 2
14286 4
14287 1
14288 4
14290 4
14291 1
14292 2
14293 2
14294 2
14295 1
14296 1
14297 5
14298 3
14299 3
14300 2
14301 4
14302 3
14303 4
14304 3
14305 2
14306 3
14308 4
14309 3
14310 5
14311 1
14312 4
14313 1
14314 3
14315 2
14316 2
14317 1
14318 5
14319 3
14320 1
14321 2
14322 4
14323 4
14324 3
14325 1
14326 3
14327 1
14328 1
14329 2
14330 4
14331 1
14332 2
14333 4
14334 3
14335 4
14336 2
14337 2
14338 3
14339 5
14340 4
14341 3
14342 4
14343 4
14344 4
14345 4
14347 4
14348 1
14349 2
14350 2
14351 2
14352 2
14353 2
14354 2
14355 3
14356 2
14357 3
14358 1
14359 3
14360 2
14361 2
14362 4
14363 2
14364 2
14365 3
14366 5
14367 2
14368 2
14369 1
14370 4
14371 2
14372 5
14373 1
14374 1
14375 4
14376 2
14377 4
14378 2
14379 1
14380 6
14381 3
14382 1
14383 2
14384 3
14385 3
14386 2
14387 4
14389 2
14390 2
14391 2
14392 2
14393 1
14394 2
14395 2
14396 2
14397 3
14398 3
14399 3
14400 3
14401 4
14402 3
14403 2
14404 1
14405 2
14406 1
14407 3
14408 3
14409 1
14410 1
14411 2
14412 3
14413 3
14414 6
14416 4
14417 3
14418 1
14419 2
14420 3
14421 2
14422 5
14423 3
14424 3
14425 1
14426 3
14427 4
14428 2
14429 4
14431 3
14432 1
14433 2
14434 4
14435 2
14436 1
14437 3
14438 2
14439 3
14440 3
14441 4
14442 3
14443 3
14444 4
14445 3
14446 3
14447 4
14448 2
14449 4
14450 2
14451 2
14452 1
14453 3
14454 3
14455 1
14456 2
14457 1
14458 1
14459 3
14460 3
14461 2
14462 4
14463 2
14464 2
14465 2
14466 2
14467 2
14468 2
14469 2
14470 3
14471 3
14473 2
14474 3
14475 3
14476 5
14477 4
14478 4
14479 3
14480 5
14481 3
14482 2
14483 6
14484 3
14485 4
14486 2
14487 2
14488 2
14489 2
14490 2
14491 1
14492 1
14493 1
14494 1
14495 2
14496 3
14497 2
14498 5
14499 1
14500 4
14501 4
14502 3
14503 3
14504 3
14505 2
14506 3
14507 1
14508 5
14510 1
14511 1
14512 1
14513 1
14514 1
14515 1
14516 5
14517 2
14518 5
14519 2
14520 4
14521 2
14522 5
14523 2
14524 4
14525 1
14526 3
14527 2
14528 3
14530 1
14531 1
14532 3
14533 2
14534 3
14535 1
14536 3
14537 2
14538 5
14539 2
14540 3
14541 2
14542 4
14543 3
14544 2
14545 1
14547 2
14548 3
14550 3
14551 2
14552 5
14553 2
14554 2
14555 4
14556 3
14557 2
14558 3
14559 2
14560 2
14561 4
14562 3
14563 1
14564 3
14565 2
14566 3
14569 1
14570 4
14571 1
14572 2
14573 1
14574 2
14575 3
14576 2
14577 3
14578 4
14579 3
14580 5
14581 4
14582 4
14583 3
14584 5
14585 4
14588 3
14589 1
14590 3
14591 1
14592 3
14593 2
14594 2
14595 3
14596 2
14597 1
14598 4
14599 5
14600 1
14601 3
14602 3
14603 2
14604 3
14605 3
14606 4
14607 2
14608 3
14610 2
14611 1
14612 5
14613 2
14614 2
14615 2
14616 5
14617 2
14618 2
14619 3
14620 4
14621 4
14622 1
14623 2
14624 4
14625 2
14626 4
14627 3
14628 2
14629 2
14630 2
14631 2
14632 2
14634 1
14635 1
14636 3
14637 4
14638 4
14639 4
14640 2
14641 4
14642 3
14643 1
14644 2
14645 2
14646 2
14647 2
14649 2
14650 1
14651 1
14652 4
14653 2
14654 5
14655 4
14656 5
14657 3
14658 4
14659 4
14660 6
14661 2
14662 2
14664 2
14666 3
14668 1
14669 3
14670 3
14672 1
14673 1
14674 4
14676 1
14677 4
14678 1
14679 3
14680 2
14681 5
14682 2
14683 6
14684 2
14685 2
14686 2
14687 2
14688 3
14689 2
14691 2
14692 4
14693 4
14694 2
14695 2
14696 1
14697 2
14698 1
14699 2
14700 1
14701 2
14702 3
14703 4
14704 1
14705 1
14706 5
14707 1
14708 1
14709 1
14710 2
14711 2
14712 2
14713 2
14714 4
14715 3
14716 7
14717 3
14718 3
14719 1
14720 3
14721 2
14722 1
14723 4
14724 2
14725 1
14726 2
14727 3
14728 1
14729 4
14730 1
14731 4
14733 3
14734 2
14735 3
14736 3
14737 5
14738 3
14739 2
14740 4
14741 3
14742 4
14743 2
14744 3
14745 1
14746 2
14747 1
14748 3
14749 4
14750 2
14751 2
14752 3
14754 3
14755 3
14756 3
14757 3
14758 3
14759 3
14760 5
14761 1
14762 3
14763 3
14764 3
14765 2
14766 3
14767 2
14768 3
14769 2
14770 4
14771 2
14772 3
14773 4
14774 1
14775 3
14776 1
14777 2
14778 1
14779 1
14780 3
14781 2
14782 4
14783 2
14784 2
14785 6
14786 1
14787 5
14788 2
14789 2
14790 4
14791 4
14792 3
14793 2
14794 1
14795 1
14796 3
14797 3
14798 4
14799 1
14800 4
14802 4
14803 3
14804 2
14805 3
14806 2
14807 2
14808 2
14809 1
14810 1
14812 1
14813 3
14814 1
14815 4
14816 1
14817 5
14818 4
14819 5
14820 3
14821 4
14822 3
14823 3
14824 4
14825 1
14826 2
14827 3
14828 3
14829 1
14830 2
14831 3
14832 1
14833 2
14834 2
14835 2
14836 2
14837 2
14838 3
14839 4
14840 1
14841 3
14842 4
14843 1
14844 2
14845 2
14846 1
14847 1
14848 3
14850 3
14851 1
14852 4
14853 2
14854 5
14855 2
14856 2
14857 1
14858 1
14859 5
14860 4
14861 1
14862 2
14863 3
14864 4
14865 4
14866 2
14867 4
14868 3
14869 4
14870 1
14871 2
14872 4
14873 1
14874 5
14875 1
14876 2
14877 2
14878 3
14879 1
14880 3
14881 2
14882 2
14883 1
14884 3
14885 3
14886 2
14887 3
14888 2
14889 1
14890 4
14891 1
14892 4
14893 2
14894 4
14895 3
14896 5
14897 3
14898 2
14899 2
14900 1
14901 4
14902 4
14903 2
14904 1
14905 3
14906 4
14907 3
14908 2
14909 2
14910 1
14911 2
14912 1
14913 2
14914 2
14916 2
14917 1
14918 3
14919 2
14921 5
14922 3
14923 5
14925 2
14926 4
14927 3
14928 5
14929 2
14930 1
14931 2
14932 2
14933 1
14934 3
14935 3
14936 1
14938 4
14939 3
14941 4
14942 2
14943 6
14944 1
14946 3
14947 1
14948 1
14949 5
14950 1
14951 2
14953 3
14955 3
14956 2
14957 1
14958 1
14959 3
14960 1
14961 2
14962 2
14963 3
14964 3
14965 2
14966 1
14967 2
14968 3
14969 2
14970 2
14971 3
14972 2
14973 1
14974 2
14975 2
14976 2
14977 2
14978 1
14980 3
14981 4
14982 3
14983 3
14984 3
14985 2
14986 2
14988 2
14989 3
14991 3
14993 1
14995 4
14996 2
14997 3
14998 3
14999 3
15000 3
15001 2
15002 1
15003 7
15004 2
15005 7
15006 2
15007 5
15008 1
15009 3
15010 2
15011 1
15012 1
15013 3
15015 2
15016 2
15017 3
15018 3
15019 1
15020 2
15021 4
15022 2
15023 2
15025 4
15026 3
15027 4
15028 3
15030 2
15031 5
15033 3
15035 2
15036 2
15037 5
15038 4
15039 4
15040 3
15041 2
15042 4
15043 4
15044 2
15045 2
15046 3
15047 3
15048 1
15049 4
15050 1
15051 3
15052 1
15053 3
15054 2
15055 2
15057 5
15058 1
15059 5
15060 2
15061 3
15062 4
15063 4
15064 4
15065 2
15067 3
15068 1
15069 1
15070 1
15071 2
15072 1
15073 2
15074 4
15075 1
15076 1
15077 3
15079 4
15080 3
15081 3
15082 4
15083 1
15084 5
15085 4
15086 1
15087 2
15088 2
15089 1
15090 1
15092 1
15093 2
15094 3
15095 3
15096 1
15097 2
15098 2
15099 3
15100 4
15101 1
15102 5
15103 2
15104 4
15105 1
15106 1
15107 5
15108 2
15109 1
15110 3
15111 3
15113 1
15115 2
15116 1
15117 4
15118 2
15119 3
15120 3
15121 4
15122 3
15123 1
15124 2
15125 3
15126 2
15127 2
15128 1
15129 1
15130 3
15131 2
15132 1
15134 2
15135 3
15136 3
15137 3
15138 2
15139 4
15140 3
15141 7
15142 4
15143 4
15144 2
15145 2
15146 3
15147 2
15149 2
15150 1
15151 1
15152 1
15153 2
15154 4
15155 2
15156 4
15157 4
15158 3
15159 4
15160 1
15161 6
15162 1
15163 3
15164 2
15165 2
15166 1
15167 4
15168 1
15169 3
15170 1
15171 3
15172 1
15173 3
15174 4
15175 3
15176 3
15177 1
15178 4
15179 3
15180 1
15181 2
15182 5
15183 3
15184 2
15185 2
15186 1
15187 3
15188 3
15189 3
15191 1
15192 5
15193 2
15194 2
15195 2
15196 3
15197 3
15198 4
15199 2
15200 3
15201 1
15203 4
15204 1
15205 2
15207 3
15208 2
15209 2
15210 3
15211 3
15212 2
15213 3
15215 5
15216 3
15217 3
15218 3
15219 2
15220 5
15221 5
15222 1
15223 2
15224 4
15225 4
15226 1
15228 1
15229 3
15230 3
15231 2
15232 2
15233 1
15234 1
15235 3
15236 4
15238 3
15239 1
15240 2
15241 1
15242 2
15243 4
15244 2
15245 5
15246 3
15247 2
15248 3
15249 3
15250 2
15252 1
15253 4
15254 1
15256 2
15257 5
15258 3
15259 1
15260 2
15261 4
15262 2
15263 3
15264 3
15265 3
15266 2
15267 3
15268 1
15269 4
15270 1
15271 1
15272 3
15273 3
15274 2
15275 2
15277 4
15278 4
15279 4
15281 3
15282 4
15283 3
15284 1
15285 3
15286 3
15287 3
15288 1
15289 2
15290 2
15291 3
15292 3
15293 3
15294 1
15295 4
15296 2
15297 5
15298 1
15299 5
15300 1
15301 1
15302 4
15303 4
15304 1
15305 1
15306 2
15307 3
15309 1
15310 1
15311 2
15312 3
15313 1
15314 4
15315 3
15316 1
15317 3
15318 3
15319 4
15320 6
15321 2
15322 1
15323 5
15324 3
15325 3
15326 1
15327 2
15328 4
15329 3
15330 1
15331 1
15332 2
15333 4
15334 1
15335 4
15336 1
15337 1
15338 1
15339 4
15340 2
15341 3
15342 3
15343 2
15344 2
15345 1
15346 3
15347 2
15348 4
15349 3
15350 2
15351 4
15352 2
15353 4
15354 2
15356 2
15357 4
15359 2
15360 3
15361 2
15362 2
15364 1
15365 3
15366 4
15368 3
15369 3
15371 2
15372 1
15373 1
15374 3
15375 1
15376 1
15377 3
15378 1
15379 4
15381 6
15382 2
15383 3
15384 2
15385 2
15386 2
15387 3
15388 1
15389 4
15390 1
15391 2
15392 1
15393 2
15394 2
15395 2
15396 5
15397 2
15398 2
15399 2
15400 2
15401 1
15402 3
15403 1
15404 3
15405 1
15406 3
15407 2
15408 3
15410 3
15411 1
15412 1
15414 3
15415 1
15416 1
15417 1
15418 1
15419 1
15420 2
15421 2
15422 3
15423 3
15424 4
15425 3
15426 3
15427 3
15428 5
15429 3
15430 1
15431 1
15432 3
15433 4
15434 2
15435 2
15438 3
15440 1
15441 2
15442 1
15443 5
15444 2
15445 2
15446 3
15447 2
15448 3
15449 1
15450 4
15452 3
15453 2
15454 3
15455 1
15456 6
15458 5
15459 1
15460 3
15461 2
15462 3
15463 3
15464 5
15465 3
15467 1
15468 4
15469 3
15470 2
15471 2
15472 2
15473 1
15475 1
15476 2
15478 3
15479 1
15480 3
15481 2
15482 3
15483 3
15484 2
15485 3
15486 4
15487 4
15488 1
15489 2
15490 2
15491 2
15493 1
15494 1
15495 3
15496 3
15497 2
15498 2
15499 1
15500 5
15501 3
15502 4
15503 1
15504 2
15505 2
15506 1
15507 2
15508 1
15509 1
15510 3
15511 2
15512 3
15513 1
15514 2
15515 3
15517 1
15518 3
15519 2
15520 1
15521 1
15522 3
15523 1
15524 1
15525 4
15526 3
15527 5
15528 1
15529 1
15530 2
15531 1
15532 5
15533 1
15534 2
15535 1
15536 2
15537 2
15538 2
15539 1
15540 2
15541 1
15542 4
15543 3
15544 1
15545 2
15546 2
15547 4
15548 4
15549 2
15550 2
15551 1
15554 2
15555 1
15556 1
15557 1
15558 3
15559 4
15560 5
15561 2
15562 5
15563 3
15564 5
15565 2
15566 3
15567 2
15568 4
15569 3
15571 4
15572 2
15574 3
15575 2
15576 2
15578 1
15579 4
15580 4
15581 2
15582 3
15583 3
15584 3
15585 2
15586 3
15587 2
15588 2
15589 2
15590 2
15591 1
15592 2
15593 2
15594 2
15595 2
15596 2
15597 3
15599 5
15600 3
15601 5
15602 2
15603 4
15604 4
15605 3
15606 3
15607 2
15608 2
15609 2
15610 1
15612 1
15613 1
15614 3
15615 1
15616 3
15617 5
15618 3
15619 2
15620 2
15621 3
15622 4
15623 2
15624 2
15625 5
15626 2
15627 1
15628 1
15629 1
15630 2
15631 2
15632 1
15634 3
15635 3
15636 3
15637 4
15638 3
15639 3
15640 4
15641 3
15642 1
15643 4
15644 1
15645 1
15646 4
15647 2
15648 3
15649 2
15650 2
15651 1
15653 2
15654 2
15655 1
15656 1
15657 1
15658 5
15659 1
15660 1
15661 4
15662 4
15663 5
15664 4
15666 1
15667 1
15668 6
15669 1
15670 4
15671 2
15672 3
15673 3
15674 3
15675 1
15676 4
15678 2
15679 4
15680 2
15681 2
15682 2
15683 3
15684 2
15685 2
15686 4
15688 2
15690 3
15691 4
15692 1
15693 1
15694 2
15695 3
15696 4
15697 2
15698 2
15699 2
15700 5
15701 2
15702 2
15703 4
15704 6
15705 2
15706 1
15707 2
15708 2
15709 1
15710 3
15711 2
15712 5
15713 1
15714 1
15715 3
15716 3
15717 1
15718 3
15719 2
15720 1
15721 2
15722 4
15723 1
15724 4
15725 3
15726 2
15727 2
15728 3
15729 3
15730 4
15732 2
15733 4
15734 2
15735 2
15736 4
15737 3
15738 1
15739 4
15740 3
15741 1
15742 3
15743 1
15744 4
15745 5
15746 3
15747 3
15748 4
15749 3
15750 3
15751 2
15752 1
15753 1
15754 1
15757 1
15758 5
15759 1
15760 3
15761 2
15762 2
15764 2
15765 1
15766 4
15767 3
15768 1
15769 1
15770 1
15771 2
15772 4
15773 1
15774 1
15775 3
15776 4
15777 1
15778 4
15779 4
15780 3
15781 1
15782 4
15784 5
15785 1
15786 2
15787 1
15788 1
15789 3
15790 2
15791 1
15792 1
15793 1
15794 3
15796 1
15797 2
15798 3
15799 2
15800 4
15801 2
15802 3
15803 3
15804 4
15805 1
15806 1
15807 3
15808 2
15809 1
15811 1
15812 3
15813 1
15814 3
15815 3
15816 1
15817 1
15818 1
15819 1
15820 2
15821 1
15822 3
15823 1
15824 3
15826 4
15827 2
15828 1
15829 3
15830 1
15831 1
15832 3
15833 1
15834 4
15835 3
15836 3
15838 3
15839 2
15840 4
15841 1
15842 1
15843 2
15844 2
15845 2
15846 1
15847 3
15848 3
15849 3
15850 1
15851 1
15852 2
15853 3
15854 2
15856 1
15857 4
15858 1
15860 2
15861 4
15862 1
15863 3
15864 1
15865 2
15866 1
15868 2
15869 3
15870 2
15871 3
15872 1
15873 2
15874 1
15875 2
15876 3
15877 3
15878 2
15879 1
15880 4
15881 4
15882 3
15883 3
15884 3
15885 2
15886 4
15887 1
15888 1
15889 3
15890 2
15891 1
15892 1
15893 1
15894 3
15895 2
15896 1
15897 2
15898 1
15900 1
15901 4
15902 2
15903 4
15904 1
15905 3
15906 3
15907 3
15908 2
15909 1
15910 3
15911 2
15912 1
15913 1
15914 2
15915 2
15916 2
15917 1
15918 2
15919 4
15920 1
15922 2
15923 4
15925 2
15926 2
15927 3
15928 4
15929 1
15930 2
15931 1
15932 2
15933 1
15934 1
15935 1
15936 1
15937 3
15938 2
15939 4
15940 3
15941 1
15942 1
15943 4
15944 2
15945 2
15947 3
15948 2
15949 1
15950 2
15951 4
15952 1
15953 4
15955 3
15956 2
15957 2
15958 2
15959 1
15960 2
15961 3
15962 2
15963 2
15964 1
15965 4
15966 1
15967 1
15968 2
15969 1
15970 4
15972 3
15973 2
15974 2
15975 2
15976 3
15977 1
15978 1
15979 2
15980 2
15981 1
15982 1
15983 2
15984 3
15985 5
15986 2
15987 3
15988 4
15989 1
15990 3
15991 2
15992 3
15993 2
15994 3
15995 1
15996 1
15997 1
15998 1
15999 2
16000 1
16001 3
16002 2
16004 2
16005 4
16006 4
16007 4
16008 2
16009 4
16010 3
16011 1
16012 4
16013 1
16014 4
16015 1
16016 2
16017 2
16018 3
16019 2
16020 2
16022 5
16023 1
16024 3
16025 2
16026 4
16027 3
16028 2
16029 2
16030 3
16031 3
16032 2
16033 1
16034 2
16036 1
16037 2
16038 1
16039 3
16040 1
16041 4
16042 5
16043 2
16044 2
16045 1
16046 3
16047 5
16048 2
16050 1
16051 2
16052 3
16054 1
16055 3
16056 2
16058 1
16059 2
16060 1
16061 3
16062 4
16063 4
16064 3
16065 2
16066 4
16067 2
16068 4
16069 4
16070 1
16071 2
16073 2
16074 1
16075 3
16077 2
16078 1
16079 2
16080 2
16081 2
16082 1
16083 3
16084 2
16086 3
16087 3
16088 2
16089 6
16090 1
16091 3
16092 1
16093 3
16094 1
16095 1
16096 2
16097 1
16098 1
16099 1
16100 2
16101 3
16102 2
16103 2
16104 3
16105 2
16106 3
16108 2
16109 4
16110 2
16111 3
16113 1
16114 1
16115 1
16116 3
16117 4
16118 2
16119 4
16120 3
16121 3
16122 3
16123 5
16124 3
16125 3
16126 3
16127 1
16128 1
16129 3
16130 2
16133 2
16134 1
16135 1
16136 3
16137 4
16138 3
16140 3
16141 2
16142 3
16143 1
16144 1
16145 2
16146 4
16147 2
16148 1
16149 2
16150 3
16151 4
16152 2
16153 2
16155 4
16156 2
16158 3
16159 2
16160 2
16161 2
16162 4
16163 4
16164 1
16165 3
16166 3
16167 4
16168 2
16169 2
16170 1
16171 2
16173 5
16175 3
16176 1
16177 3
16178 2
16179 4
16180 1
16182 1
16183 6
16184 3
16185 2
16186 1
16187 1
16188 1
16189 2
16190 1
16191 4
16192 2
16193 2
16194 2
16195 2
16196 1
16197 3
16198 1
16199 3
16200 2
16201 2
16202 1
16203 3
16204 2
16205 5
16206 1
16207 1
16208 3
16209 3
16210 1
16211 1
16212 1
16213 1
16214 2
16215 2
16216 1
16217 1
16219 2
16220 2
16221 2
16222 3
16223 3
16224 3
16225 5
16227 6
16228 1
16229 2
16230 1
16231 2
16234 1
16236 1
16237 2
16238 1
16239 3
16240 3
16241 5
16242 2
16244 1
16245 7
16247 2
16249 1
16250 2
16251 1
16252 2
16253 1
16254 3
16255 3
16257 3
16258 1
16259 3
16260 1
16261 3
16262 3
16263 2
16265 3
16266 3
16267 2
16268 1
16270 2
16271 2
16272 2
16273 1
16274 2
16275 1
16276 2
16277 3
16278 3
16279 1
16280 1
16281 3
16282 2
16283 3
16284 1
16287 5
16288 3
16290 2
16291 2
16292 1
16294 3
16295 3
16296 3
16297 1
16298 2
16299 5
16300 1
16301 3
16302 2
16303 2
16304 2
16305 2
16307 3
16308 3
16309 4
16311 3
16312 1
16313 2
16314 3
16315 1
16316 1
16318 1
16319 1
16320 3
16321 2
16322 2
16323 2
16324 2
16325 2
16326 1
16327 3
16328 2
16329 4
16330 3
16331 1
16332 3
16333 2
16334 2
16335 2
16336 2
16337 1
16338 1
16339 1
16340 3
16341 4
16342 1
16344 6
16345 4
16346 2
16348 1
16349 1
16350 2
16351 2
16352 1
16353 2
16354 1
16355 3
16356 3
16357 1
16358 3
16359 1
16360 2
16361 1
16362 2
16363 2
16364 2
16365 3
16366 2
16367 2
16368 2
16369 2
16370 4
16372 1
16373 1
16375 3
16376 3
16377 3
16378 2
16380 1
16381 3
16382 1
16383 3
16384 1
16385 2
16386 3
16387 1
16388 3
16389 2
16390 1
16391 3
16392 2
16393 4
16395 2
16396 1
16397 2
16398 3
16399 2
16400 2
16401 2
16402 4
16403 2
16404 3
16405 1
16406 3
16407 2
16408 3
16409 3
16410 1
16411 3
16412 3
16413 5
16415 2
16416 1
16417 1
16418 1
16419 3
16421 1
16422 2
16423 3
16424 2
16425 2
16426 3
16427 1
16429 1
16430 2
16431 3
16432 2
16433 3
16434 1
16435 4
16437 3
16438 2
16439 4
16440 3
16441 2
16442 3
16443 3
16444 5
16445 3
16446 2
16447 2
16448 2
16449 2
16450 3
16451 1
16452 3
16453 2
16454 1
16455 2
16456 1
16457 4
16459 2
16460 3
16461 1
16462 1
16463 2
16465 3
16466 2
16467 4
16468 3
16469 3
16470 2
16471 2
16472 3
16473 2
16474 2
16475 3
16476 1
16477 4
16479 1
16480 4
16481 3
16482 2
16484 1
16485 3
16486 2
16487 2
16488 3
16489 3
16490 3
16491 2
16492 2
16493 1
16494 3
16496 1
16497 1
16499 2
16501 2
16503 2
16504 1
16505 2
16506 4
16507 4
16508 2
16509 1
16510 1
16511 4
16512 1
16513 3
16514 2
16516 2
16517 3
16519 3
16520 1
16521 3
16522 2
16523 3
16524 2
16525 2
16526 1
16527 5
16528 2
16529 2
16530 1
16531 2
16534 2
16535 1
16536 1
16538 1
16540 1
16541 4
16542 2
16543 3
16544 4
16545 3
16546 2
16547 4
16549 5
16550 1
16551 1
16552 1
16553 2
16554 2
16555 1
16556 1
16557 1
16560 2
16561 1
16562 1
16563 1
16564 1
16565 2
16566 2
16567 5
16568 2
16569 2
16570 3
16571 2
16572 1
16573 2
16574 3
16575 1
16576 4
16577 1
16578 3
16580 4
16581 2
16582 2
16583 3
16584 3
16585 3
16586 1
16588 4
16589 2
16590 2
16591 1
16592 3
16593 1
16594 1
16595 1
16596 3
16598 4
16600 1
16601 1
16602 2
16603 3
16604 1
16605 2
16606 3
16607 2
16608 1
16609 2
16610 4
16611 2
16612 1
16613 2
16616 6
16618 4
16620 2
16621 3
16622 4
16623 2
16624 3
16625 2
16626 2
16627 2
16628 3
16629 1
16630 2
16631 3
16632 3
16634 2
16635 2
16636 1
16638 1
16639 1
16640 2
16641 1
16642 3
16643 2
16644 1
16645 2
16646 4
16647 3
16648 3
16649 2
16650 2
16651 2
16652 4
16653 1
16655 3
16658 2
16659 2
16661 1
16662 1
16663 1
16664 2
16665 1
16666 3
16667 2
16668 1
16669 1
16670 4
16672 2
16673 1
16674 1
16675 1
16677 2
16678 3
16679 3
16680 4
16681 1
16682 4
16683 3
16684 3
16685 3
16687 2
16688 4
16689 1
16690 1
16691 2
16692 2
16693 1
16695 3
16696 2
16699 1
16700 3
16701 1
16702 3
16703 3
16704 3
16705 1
16706 5
16708 2
16710 1
16712 3
16713 1
16714 2
16715 4
16716 1
16717 1
16718 1
16719 1
16720 2
16721 3
16722 1
16723 1
16724 5
16725 1
16726 6
16727 3
16728 3
16729 1
16730 2
16732 2
16733 1
16734 2
16735 2
16737 4
16739 5
16740 1
16741 2
16742 1
16743 1
16744 1
16745 3
16746 3
16747 2
16748 1
16749 3
16750 1
16751 2
16752 3
16754 5
16755 2
16756 3
16757 3
16758 2
16759 3
16760 4
16761 1
16762 1
16763 2
16764 1
16766 3
16767 2
16768 2
16769 3
16770 3
16771 1
16772 1
16774 3
16777 3
16778 1
16779 1
16781 3
16782 4
16783 5
16784 2
16786 2
16787 3
16788 3
16789 2
16790 2
16791 2
16792 2
16793 4
16794 1
16795 2
16796 2
16797 1
16798 1
16799 1
16800 2
16801 1
16802 3
16803 4
16805 1
16806 3
16807 2
16808 1
16809 1
16810 3
16811 3
16812 1
16813 1
16814 4
16816 4
16817 1
16818 1
16820 3
16821 2
16823 3
16824 2
16825 1
16826 1
16827 2
16828 2
16829 3
16830 1
16831 4
16832 2
16833 3
16834 1
16835 2
16836 2
16837 1
16838 3
16839 1
16840 1
16842 3
16843 2
16844 3
16845 2
16846 2
16847 3
16848 1
16849 5
16850 3
16851 2
16853 1
16854 2
16856 3
16857 1
16858 2
16859 3
16860 2
16861 1
16862 3
16863 2
16864 4
16865 3
16866 2
16867 2
16868 3
16869 1
16870 3
16871 2
16872 1
16873 2
16874 2
16875 2
16876 1
16877 1
16878 1
16880 2
16881 1
16882 4
16884 1
16885 3
16886 2
16887 5
16888 2
16889 1
16890 1
16891 3
16892 3
16893 1
16895 2
16896 3
16897 2
16898 4
16899 2
16900 2
16901 1
16902 3
16903 1
16904 2
16905 2
16906 2
16907 1
16908 2
16910 2
16911 2
16912 2
16913 3
16914 1
16915 1
16917 1
16918 5
16919 1
16920 5
16922 2
16923 1
16924 5
16925 1
16926 1
16928 3
16929 1
16931 1
16932 2
16933 2
16934 2
16935 1
16936 3
16937 2
16938 3
16939 1
16940 1
16942 3
16944 1
16945 1
16946 2
16948 2
16949 1
16950 3
16951 1
16952 3
16953 2
16954 4
16955 1
16957 1
16959 1
16960 2
16962 2
16964 2
16965 1
16966 4
16967 3
16968 4
16969 3
16970 1
16971 1
16972 4
16973 2
16974 3
16979 1
16980 1
16981 3
16982 1
16983 1
16984 1
16985 3
16986 1
16987 2
16989 2
16990 2
16991 1
16992 3
16993 2
16994 1
16995 3
16996 2
16997 2
16999 2
17000 1
17001 2
17002 2
17003 2
17004 2
17005 2
17006 3
17007 1
17008 2
17009 1
17010 4
17011 1
17012 1
17013 1
17014 1
17016 1
17017 3
17018 2
17019 1
17021 3
17022 1
17023 4
17024 1
17025 1
17026 4
17027 1
17028 4
17029 2
17030 1
17032 2
17034 2
17035 3
17036 1
17037 1
17038 1
17039 3
17041 3
17043 3
17046 1
17047 2
17048 4
17049 3
17050 4
17051 1
17052 1
17053 2
17054 3
17056 4
17059 2
17060 1
17061 1
17064 2
17065 2
17066 1
17067 1
17068 3
17069 2
17070 2
17071 4
17072 3
17073 2
17074 1
17076 1
17078 1
17080 2
17081 2
17082 1
17083 2
17084 2
17085 4
17086 2
17087 1
17088 1
17089 2
17090 2
17091 1
17092 1
17093 2
17095 2
17096 2
17097 3
17098 2
17099 1
17100 1
17101 1
17103 3
17104 3
17105 3
17106 1
17107 3
17108 2
17109 2
17110 4
17111 3
17113 1
17115 3
17117 2
17119 1
17120 1
17121 2
17122 2
17123 1
17125 6
17126 2
17127 4
17128 3
17129 1
17130 2
17131 4
17132 1
17133 3
17134 2
17135 1
17138 2
17139 2
17140 3
17142 3
17143 2
17144 2
17145 2
17146 3
17147 3
17148 2
17149 2
17150 2
17151 3
17152 2
17153 3
17154 2
17156 1
17157 2
17158 1
17159 2
17160 1
17161 3
17162 2
17163 1
17164 4
17165 2
17167 3
17168 1
17169 1
17170 1
17171 3
17172 2
17173 3
17175 2
17176 1
17177 2
17178 1
17179 1
17180 2
17181 2
17182 5
17184 5
17185 2
17186 2
17187 4
17188 3
17189 2
17190 2
17192 1
17193 1
17194 2
17195 1
17198 2
17199 1
17200 3
17201 2
17202 4
17203 2
17204 2
17206 1
17207 4
17208 1
17209 4
17210 2
17211 1
17212 1
17213 1
17214 2
17215 3
17217 2
17218 2
17219 2
17220 2
17221 3
17222 1
17224 2
17225 2
17226 1
17227 1
17228 1
17229 2
17230 3
17231 2
17232 1
17233 1
17234 2
17235 2
17236 3
17238 3
17239 2
17240 2
17241 1
17242 3
17243 3
17244 2
17246 5
17247 2
17248 1
17249 2
17250 1
17251 1
17252 1
17253 2
17254 3
17255 3
17256 3
17257 4
17258 2
17259 2
17261 3
17263 2
17264 2
17266 2
17267 2
17268 3
17269 2
17270 1
17271 3
17272 2
17273 1
17275 3
17276 4
17278 1
17280 2
17281 3
17282 2
17283 2
17284 2
17285 1
17286 2
17287 2
17288 4
17289 3
17290 3
17292 4
17293 2
17294 2
17295 1
17296 2
17297 3
17299 2
17300 1
17301 1
17302 1
17303 3
17304 1
17305 2
17306 1
17307 2
17308 2
17309 2
17310 2
17311 3
17312 2
17313 4
17314 1
17315 3
17317 2
17318 4
17319 2
17320 1
17321 3
17323 3
17324 2
17325 3
17326 1
17328 1
17329 3
17330 3
17331 1
17332 1
17333 1
17334 2
17336 2
17337 1
17338 1
17339 2
17341 1
17343 5
17344 2
17345 3
17346 1
17347 2
17348 1
17349 2
17350 2
17351 2
17353 1
17354 1
17355 1
17356 1
17357 2
17358 2
17360 2
17361 4
17362 1
17363 3
17365 2
17367 3
17369 2
17371 2
17372 2
17373 2
17374 2
17375 1
17376 2
17378 1
17379 1
17380 1
17382 1
17383 1
17385 2
17386 3
17387 3
17388 2
17390 2
17391 2
17392 4
17393 3
17395 1
17397 3
17398 1
17399 2
17400 2
17402 1
17403 1
17405 1
17407 2
17409 1
17410 1
17411 2
17412 2
17413 1
17414 2
17415 2
17416 1
17417 3
17418 1
17419 3
17420 2
17421 1
17423 3
17424 2
17425 2
17427 3
17428 3
17429 1
17430 1
17431 1
17432 2
17433 3
17435 2
17436 1
17437 1
17438 1
17439 1
17440 1
17441 1
17442 3
17443 1
17444 1
17446 1
17447 2
17448 3
17449 4
17450 1
17451 2
17452 1
17453 3
17454 2
17455 3
17457 1
17459 1
17460 1
17461 2
17462 1
17464 2
17465 3
17466 3
17467 2
17468 1
17469 3
17471 2
17472 1
17473 1
17474 1
17475 3
17477 1
17479 3
17481 1
17482 1
17483 1
17484 1
17485 1
17486 4
17487 1
17488 1
17489 2
17490 2
17491 2
17492 2
17495 2
17496 2
17497 2
17498 1
17499 1
17500 1
17501 1
17502 2
17504 3
17506 1
17507 1
17508 2
17509 1
17510 1
17511 3
17512 2
17513 1
17514 1
17515 1
17516 2
17520 1
17522 3
17523 2
17524 4
17525 1
17526 2
17528 4
17529 2
17530 1
17531 2
17532 3
17533 4
17534 2
17535 2
17536 1
17538 2
17540 1
17541 1
17542 1
17543 2
17544 2
17545 1
17546 3
17547 2
17548 2
17549 2
17550 1
17551 1
17552 2
17553 3
17554 1
17555 2
17556 1
17557 2
17558 3
17559 2
17560 1
17561 3
17562 1
17563 1
17564 3
17565 2
17566 1
17568 2
17569 3
17570 4
17571 1
17572 2
17573 2
17575 1
17576 2
17577 2
17578 1
17579 2
17580 2
17583 2
17585 3
17586 3
17587 3
17588 2
17589 3
17590 4
17591 4
17592 1
17594 4
17595 3
17597 3
17599 1
17600 2
17601 2
17602 1
17603 2
17605 2
17606 1
17607 3
17608 2
17609 2
17610 4
17611 1
17612 3
17614 2
17615 1
17616 1
17619 2
17620 1
17622 1
17623 1
17625 3
17626 3
17627 4
17628 3
17630 2
17631 3
17632 3
17633 3
17634 1
17636 1
17637 3
17639 1
17640 1
17641 2
17643 3
17645 3
17646 1
17647 4
17648 2
17649 2
17650 1
17651 2
17652 1
17654 2
17656 1
17658 1
17659 1
17660 4
17661 2
17662 2
17663 3
17664 3
17665 3
17666 1
17668 2
17669 3
17670 1
17672 1
17673 1
17674 3
17675 1
17676 2
17679 1
17680 1
17681 3
17682 1
17683 1
17685 2
17687 3
17689 3
17690 2
17691 3
17693 4
17694 4
17695 3
17696 1
17697 3
17699 1
17700 2
17701 3
17702 2
17703 1
17704 2
17705 2
17706 2
17707 2
17708 3
17709 1
17710 1
17711 1
17712 1
17713 1
17714 3
17715 2
17716 2
17718 3
17719 1
17721 1
17722 3
17723 1
17724 1
17725 1
17726 1
17727 1
17729 2
17730 2
17731 2
17732 1
17733 2
17734 1
17735 3
17736 3
17737 2
17738 2
17739 1
17740 1
17741 3
17743 2
17744 2
17745 2
17746 2
17747 2
17748 3
17749 1
17750 2
17751 2
17753 2
17756 3
17758 3
17760 1
17761 2
17762 3
17763 1
17764 4
17766 2
17767 1
17768 5
17769 2
17770 1
17771 2
17774 1
17775 2
17776 1
17777 1
17779 3
17780 1
17781 2
17784 1
17786 1
17787 1
17788 2
17789 1
17790 3
17791 3
17792 1
17793 4
17795 3
17796 1
17797 1
17798 2
17799 2
17800 2
17801 1
17802 1
17804 3
17805 1
17806 1
17808 2
17809 1
17810 3
17812 4
17814 1
17816 2
17817 1
17819 1
17821 1
17822 1
17823 2
17824 2
17825 1
17826 3
17828 1
17830 3
17832 1
17833 2
17834 1
17835 3
17837 3
17838 2
17839 1
17840 2
17842 2
17843 2
17844 3
17845 2
17846 4
17847 1
17848 2
17849 1
17850 2
17852 1
17853 1
17854 1
17855 2
17856 1
17858 1
17859 1
17860 1
17862 1
17865 1
17866 4
17867 2
17868 2
17869 1
17870 2
17871 1
17872 4
17873 1
17874 2
17875 3
17876 1
17877 1
17879 4
17880 3
17881 1
17883 1
17884 3
17886 1
17887 1
17889 1
17890 2
17891 1
17892 4
17894 3
17896 2
17897 1
17898 1
17899 1
17900 1
17901 1
17902 1
17903 2
17904 1
17905 1
17907 3
17908 1
17909 2
17911 1
17912 3
17913 2
17914 2
17915 2
17916 1
17917 3
17920 1
17922 2
17923 1
17926 1
17927 3
17929 4
17930 3
17931 1
17932 1
17933 1
17934 2
17935 1
17936 2
17938 2
17940 2
17941 2
17943 1
17945 2
17947 2
17948 3
17949 1
17950 2
17951 1
17952 2
17953 2
17954 3
17955 1
17957 1
17959 1
17961 1
17962 2
17963 1
17965 2
17966 1
17967 1
17969 3
17970 2
17971 4
17973 1
17974 2
17976 3
17977 1
17978 4
17980 2
17981 2
17982 1
17983 2
17984 3
17985 2
17986 2
17987 2
17989 2
17990 2
17991 3
17992 1
17994 3
17995 2
17996 3
17997 1
17998 2
17999 1
18001 1
18002 2
18004 2
18007 2
18008 2
18010 1
18011 3
18012 1
18013 1
18014 1
18015 3
18016 2
18017 2
18018 1
18019 1
18020 1
18021 1
18022 1
18023 2
18025 1
18026 2
18027 3
18028 2
18029 2
18030 1
18031 3
18032 2
18033 2
18034 1
18035 2
18037 3
18038 2
18040 2
18041 1
18042 1
18044 2
18045 2
18046 1
18048 2
18050 2
18051 2
18052 4
18053 4
18055 2
18056 1
18057 2
18058 2
18059 1
18060 1
18062 1
18064 1
18065 2
18066 3
18068 2
18069 1
18070 3
18071 1
18073 3
18074 2
18075 2
18077 2
18079 1
18082 1
18084 2
18085 1
18086 4
18088 5
18089 2
18090 4
18092 3
18093 1
18094 1
18098 2
18099 1
18101 2
18102 2
18106 4
18107 2
18108 2
18109 1
18110 3
18112 4
18113 2
18114 1
18115 2
18119 2
18120 1
18121 1
18122 1
18123 1
18124 1
18125 1
18126 3
18127 2
18128 2
18129 1
18130 3
18131 1
18132 3
18134 2
18135 1
18136 1
18137 1
18138 1
18139 1
18140 2
18141 1
18142 2
18143 1
18144 1
18145 1
18146 2
18148 3
18149 1
18150 1
18152 4
18155 2
18156 1
18157 1
18159 1
18160 2
18161 3
18162 1
18163 3
18164 1
18165 1
18166 2
18167 2
18168 2
18169 3
18170 2
18172 1
18173 1
18174 2
18176 2
18178 1
18181 2
18183 1
18184 1
18185 1
18186 1
18187 1
18188 4
18189 2
18190 2
18191 2
18192 1
18193 1
18194 4
18196 3
18198 1
18200 1
18201 2
18203 2
18205 2
18206 2
18207 1
18209 4
18210 1
18211 2
18213 2
18214 1
18216 2
18217 3
18219 2
18220 1
18221 1
18223 2
18224 3
18225 1
18226 2
18227 1
18228 1
18229 1
18230 2
18231 2
18234 1
18235 2
18236 3
18237 1
18238 1
18240 2
18242 1
18244 1
18245 2
18247 2
18248 1
18250 1
18251 4
18252 1
18253 1
18255 2
18256 1
18257 1
18259 1
18260 2
18261 1
18262 1
18263 4
18265 2
18266 1
18267 3
18268 1
18269 1
18270 1
18271 1
18272 1
18273 4
18274 1
18276 1
18278 2
18280 2
18282 1
18284 3
18285 2
18286 1
18287 1
18288 2
18289 1
18291 3
18292 1
18293 3
18297 2
18298 1
18299 2
18300 2
18301 1
18302 1
18303 1
18304 1
18305 2
18306 1
18307 1
18308 1
18309 3
18310 1
18311 1
18312 1
18313 1
18314 1
18315 1
18317 1
18318 2
18319 1
18320 2
18322 5
18324 2
18326 1
18327 1
18328 1
18329 1
18330 3
18332 1
18334 3
18335 1
18336 1
18337 1
18338 1
18339 3
18340 1
18341 3
18342 1
18345 3
18347 1
18350 1
18352 2
18353 1
18354 2
18355 6
18356 1
18357 2
18359 2
18360 1
18362 1
18366 3
18367 2
18368 2
18370 1
18371 2
18372 3
18373 1
18374 2
18375 2
18376 2
18377 1
18378 3
18381 1
18383 2
18384 1
18386 1
18387 2
18388 4
18390 1
18391 1
18392 3
18395 3
18396 2
18397 1
18399 3
18401 2
18402 1
18403 2
18404 1
18405 1
18406 1
18408 3
18409 1
18410 2
18411 1
18412 2
18413 1
18414 2
18416 2
18420 1
18421 3
18422 1
18423 1
18424 1
18425 1
18427 1
18428 2
18429 2
18430 2
18431 1
18432 4
18433 1
18434 4
18435 1
18436 2
18437 1
18438 1
18439 1
18440 1
18441 3
18442 1
18444 2
18445 2
18446 1
18449 2
18450 2
18451 1
18452 1
18453 2
18454 1
18455 1
18456 2
18457 1
18458 3
18459 2
18460 1
18463 1
18464 1
18466 1
18467 1
18468 1
18470 3
18471 1
18472 1
18474 2
18475 1
18476 2
18477 3
18478 2
18480 1
18481 2
18482 1
18483 3
18486 2
18488 1
18489 2
18490 1
18491 4
18492 1
18493 2
18495 1
18496 3
18498 2
18500 1
18503 3
18505 2
18506 1
18507 2
18508 1
18509 1
18510 1
18511 3
18512 1
18513 3
18514 1
18516 1
18518 1
18519 1
18520 1
18522 1
18525 1
18526 1
18531 4
18532 1
18533 3
18534 1
18535 3
18536 2
18537 3
18538 1
18539 2
18540 2
18542 1
18543 1
18544 1
18545 1
18547 1
18549 1
18550 1
18551 1
18552 3
18553 2
18554 1
18555 1
18556 1
18557 2
18558 1
18565 1
18566 1
18567 4
18568 2
18569 1
18570 1
18571 1
18573 2
18574 1
18575 2
18577 2
18578 1
18579 1
18580 1
18581 1
18582 1
18585 2
18587 3
18588 2
18589 4
18591 2
18593 1
18595 5
18601 1
18604 1
18606 3
18607 2
18608 2
18609 1
18610 2
18611 3
18612 2
18613 1
18615 1
18617 2
18619 2
18621 1
18622 1
18624 2
18627 1
18628 1
18630 1
18631 2
18632 2
18633 1
18635 2
18636 1
18639 2
18641 3
18642 1
18643 2
18644 2
18649 2
18650 1
18651 1
18652 2
18653 1
18654 3
18656 1
18657 1
18658 1
18663 1
18664 2
18666 1
18667 2
18668 2
18669 1
18670 2
18672 2
18673 2
18674 2
18675 1
18677 2
18678 2
18681 2
18682 1
18683 1
18685 1
18686 1
18688 2
18689 3
18690 2
18691 1
18692 2
18693 2
18694 1
18695 1
18696 2
18698 1
18699 1
18700 1
18703 1
18705 1
18706 2
18707 1
18708 1
18709 1
18710 6
18711 2
18712 2
18714 2
18715 1
18716 3
18717 1
18719 1
18723 3
18725 3
18726 2
18727 2
18728 1
18729 2
18730 1
18731 2
18732 1
18734 1
18735 2
18737 1
18738 1
18739 2
18742 1
18743 2
18746 3
18747 2
18748 2
18749 1
18750 2
18752 3
18753 1
18754 1
18756 2
18757 1
18758 2
18760 1
18762 2
18763 1
18765 2
18766 2
18767 3
18769 1
18770 1
18771 1
18772 3
18773 1
18775 1
18777 1
18779 3
18780 2
18781 2
18783 3
18785 5
18788 2
18789 1
18792 2
18793 1
18794 1
18795 1
18796 1
18798 1
18799 1
18800 3
18802 2
18803 2
18804 1
18806 1
18809 1
18810 1
18811 1
18812 1
18813 3
18814 2
18815 2
18816 1
18817 1
18818 1
18820 1
18821 3
18823 1
18825 2
18826 1
18827 3
18828 2
18829 2
18831 1
18832 1
18833 2
18834 2
18835 2
18837 2
18838 1
18839 2
18840 1
18841 2
18842 2
18844 1
18846 1
18848 1
18849 1
18851 2
18852 1
18853 2
18854 3
18855 2
18856 2
18857 2
18858 2
18859 1
18860 2
18861 2
18863 1
18865 1
18866 1
18867 1
18868 1
18869 2
18871 1
18873 1
18875 2
18877 2
18878 1
18879 1
18881 1
18882 3
18883 1
18884 4
18886 1
18887 2
18888 3
18889 1
18890 1
18891 1
18893 3
18895 1
18896 3
18897 2
18898 1
18900 2
18901 1
18902 1
18903 1
18906 1
18908 1
18909 1
18910 1
18911 2
18913 1
18914 1
18915 1
18917 2
18919 1
18921 3
18924 1
18926 1
18928 1
18929 3
18931 1
18932 2
18933 2
18934 1
18935 1
18936 2
18938 1
18939 2
18941 1
18943 2
18944 1
18946 1
18950 1
18953 1
18954 1
18956 2
18957 2
18958 1
18959 2
18961 1
18963 2
18965 2
18966 1
18970 1
18971 1
18972 1
18974 1
18975 1
18976 2
18977 1
18978 1
18980 1
18982 1
18983 1
18985 1
18986 1
18987 1
18988 1
18990 2
18992 3
18994 1
18995 2
18996 2
18998 1
18999 2
19000 1
19003 1
19004 1
19008 1
19011 1
19012 3
19013 1
19014 1
19015 1
19017 1
19018 2
19019 1
19020 2
19024 1
19025 1
19028 1
19029 1
19032 4
19033 1
19034 3
19036 2
19037 1
19038 1
19040 2
19049 2
19050 1
19052 1
19053 1
19054 2
19055 1
19057 1
19060 2
19064 1
19065 1
19067 2
19068 1
19069 1
19070 1
19071 1
19072 1
19073 1
19074 2
19075 1
19077 1
19081 1
19082 2
19085 1
19087 1
19089 1
19091 1
19092 1
19094 3
19095 1
19096 3
19097 2
19099 1
19100 1
19101 1
19105 1
19107 2
19108 1
19109 1
19110 2
19111 2
19114 1
19115 2
19116 3
19117 2
19118 3
19119 2
19120 1
19124 1
19127 1
19128 1
19129 2
19130 2
19131 2
19132 1
19133 2
19134 1
19135 1
19136 2
19137 1
19138 1
19139 1
19140 1
19141 1
19142 2
19143 1
19144 1
19146 1
19147 1
19148 1
19149 2
19150 1
19151 3
19153 3
19154 2
19155 2
19157 2
19161 1
19162 1
19163 1
19164 1
19165 1
19167 1
19168 1
19169 1
19170 2
19171 3
19172 4
19173 3
19174 1
19175 1
19176 2
19177 1
19179 1
19180 1
19182 1
19184 1
19185 1
19186 3
19188 1
19190 2
19191 1
19193 2
19195 2
19197 1
19198 1
19199 2
19203 1
19204 2
19205 3
19206 1
19208 2
19209 2
19210 2
19211 1
19213 1
19215 2
19218 3
19219 2
19222 1
19223 1
19226 3
19228 4
19230 4
19232 4
19233 1
19234 1
19236 1
19239 1
19241 1
19245 2
19246 2
19247 1
19248 2
19249 1
19250 1
19251 1
19252 1
19253 1
19254 1
19255 1
19258 1
19259 1
19260 1
19261 3
19265 2
19266 2
19268 1
19270 1
19272 3
19274 1
19275 1
19276 2
19278 2
19279 1
19280 3
19282 3
19284 1
19285 1
19286 1
19287 2
19289 1
19292 1
19293 1
19294 1
19298 2
19299 1
19300 1
19301 2
19303 3
19305 1
19307 2
19308 2
19309 1
19310 1
19314 3
19316 1
19318 2
19320 1
19321 1
19322 1
19324 1
19326 1
19329 2
19330 1
19331 1
19332 1
19333 1
19334 3
19336 3
19338 1
19340 1
19341 1
19343 1
19346 1
19347 2
19349 1
19351 2
19354 1
19356 2
19362 1
19364 2
19366 1
19371 1
19372 1
19374 1
19375 1
19376 2
19377 1
19378 1
19380 2
19381 1
19382 1
19383 2
19384 1
19385 1
19387 1
19389 1
19393 1
19397 2
19399 1
19402 1
19404 2
19406 1
19407 1
19408 2
19409 1
19411 1
19413 2
19416 1
19417 1
19418 2
19419 1
19420 2
19422 2
19423 1
19425 1
19428 1
19429 2
19430 1
19431 2
19433 1
19434 1
19435 1
19437 1
19438 3
19439 2
19440 1
19441 1
19443 1
19446 1
19450 2
19451 1
19453 1
19454 1
19455 2
19456 1
19458 1
19459 1
19460 1
19461 1
19462 2
19464 1
19465 1
19468 1
19472 1
19473 1
19475 2
19476 1
19477 2
19479 1
19484 1
19486 1
19487 1
19488 1
19492 3
19493 1
19494 1
19495 1
19497 2
19498 2
19501 1
19502 1
19507 1
19508 1
19510 1
19512 2
19513 1
19515 3
19517 1
19519 2
19520 1
19521 2
19523 2
19525 2
19528 1
19530 1
19531 1
19533 2
19534 1
19535 1
19537 1
19538 1
19540 1
19542 1
19543 1
19544 1
19547 1
19548 1
19550 1
19552 3
19554 4
19555 1
19556 3
19558 2
19559 1
19560 1
19561 2
19562 1
19563 1
19565 1
19566 1
19569 2
19570 1
19571 1
19572 1
19574 2
19575 1
19576 3
19577 1
19579 2
19580 2
19581 1
19584 1
19587 1
19589 1
19592 1
19594 2
19596 3
19597 1
19598 2
19600 2
19602 1
19606 2
19608 1
19609 1
19610 2
19611 1
19612 1
19614 1
19616 2
19618 1
19620 1
19622 1
19623 2
19625 1
19626 1
19629 2
19630 1
19631 2
19633 2
19636 2
19637 2
19638 1
19640 1
19642 1
19649 1
19651 3
19652 1
19653 2
19654 1
19656 2
19658 2
19659 1
19660 1
19662 1
19666 1
19669 1
19670 1
19671 3
19673 3
19674 1
19675 1
19677 1
19679 1
19683 1
19685 1
19686 1
19687 2
19691 2
19693 1
19694 1
19695 1
19698 1
19700 1
19704 2
19705 2
19706 1
19707 1
19708 2
19709 1
19710 1
19712 1
19715 2
19717 1
19725 2
19727 3
19728 1
19729 1
19730 1
19731 2
19733 2
19735 1
19737 2
19741 1
19745 1
19746 1
19748 2
19749 1
19751 1
19752 2
19755 1
19757 1
19759 2
19760 1
19761 2
19764 1
19769 1
19770 1
19772 1
19773 2
19774 1
19775 1
19779 2
19781 2
19785 1
19790 2
19792 1
19794 3
19798 1
19799 1
19802 2
19804 1
19806 1
19807 1
19808 1
19809 3
19811 1
19812 1
19813 1
19814 1
19815 1
19821 1
19823 1
19827 2
19830 2
19832 1
19835 2
19836 3
19837 1
19839 1
19841 1
19842 1
19845 2
19846 2
19848 2
19850 1
19851 1
19855 1
19856 1
19858 1
19859 1
19860 1
19863 3
19865 2
19867 1
19869 3
19873 1
19876 1
19877 1
19878 2
19882 1
19884 1
19886 1
19887 1
19891 1
19892 1
19893 1
19895 1
19896 1
19897 1
19898 1
19899 1
19900 1
19901 1
19902 2
19903 1
19905 1
19907 1
19911 1
19912 1
19914 1
19915 1
19918 1
19920 1
19923 1
19926 2
19930 1
19932 1
19935 1
19938 3
19940 4
19942 1
19945 2
19947 1
19949 1
19951 1
19953 2
19955 1
19958 1
19959 2
19960 1
19961 1
19963 2
19966 1
19968 2
19971 1
19972 1
19973 2
19974 1
19975 1
19976 1
19977 2
19980 1
19981 2
19984 1
19988 1
19991 1
19995 2
19996 1
19997 1
19999 1
20001 2
20003 1
20005 1
20006 1
20007 2
20009 1
20013 2
20016 1
20017 2
20019 1
20021 1
20022 1
20025 1
20027 1
20030 1
20034 1
20037 2
20038 1
20039 1
20041 1
20042 1
20043 1
20044 1
20049 2
20051 1
20053 1
20059 2
20061 2
20062 1
20063 1
20071 1
20074 2
20075 2
20076 3
20077 1
20078 1
20079 1
20081 2
20083 1
20088 1
20091 1
20092 1
20095 1
20096 2
20097 1
20099 1
20101 1
20103 1
20105 1
20109 1
20111 1
20112 1
20116 2
20117 1
20118 1
20119 1
20120 1
20121 1
20124 1
20125 1
20128 1
20132 1
20134 1
20135 1
20137 2
20138 1
20150 1
20151 1
20152 3
20153 1
20156 1
20158 2
20160 1
20162 1
20165 1
20170 1
20172 1
20173 1
20174 2
20178 1
20180 4
20186 1
20189 1
20192 1
20193 1
20195 1
20197 1
20200 1
20202 1
20207 2
20213 1
20214 1
20215 1
20216 2
20217 2
20220 1
20224 1
20227 1
20228 2
20234 1
20235 1
20236 1
20237 2
20239 1
20240 1
20242 1
20247 1
20249 2
20251 1
20252 1
20253 2
20255 1
20256 1
20257 1
20258 1
20260 1
20262 1
20266 1
20270 2
20271 1
20273 1
20274 2
20278 1
20282 1
20283 1
20284 1
20288 1
20289 1
20291 2
20293 2
20294 1
20295 1
20296 1
20297 1
20299 1
20302 1
20303 1
20307 1
20308 1
20310 1
20311 1
20314 1
20316 1
20319 1
20324 1
20325 1
20328 1
20331 1
20335 2
20338 1
20339 2
20341 1
20345 1
20347 1
20350 2
20352 2
20356 1
20364 2
20365 1
20366 2
20368 2
20370 1
20373 1
20377 1
20378 1
20381 1
20383 1
20385 1
20387 1
20392 1
20394 1
20396 1
20397 1
20398 2
20401 2
20402 1
20403 1
20406 2
20410 1
20413 1
20414 2
20418 1
20419 1
20420 1
20422 1
20426 1
20427 1
20434 1
20438 1
20439 2
20440 1
20441 1
20443 1
20444 1
20445 1
20446 1
20450 1
20452 1
20454 1
20456 1
20467 2
20468 1
20469 1
20471 1
20472 1
20476 1
20478 1
20480 1
20481 1
20482 2
20486 1
20494 1
20496 1
20500 2
20502 3
20504 2
20506 2
20514 1
20518 1
20519 1
20521 1
20522 1
20524 2
20526 1
20529 1
20536 1
20538 1
20539 1
20542 2
20544 1
20548 1
20550 1
20551 1
20557 1
20558 1
20559 1
20561 1
20568 1
20571 1
20573 1
20575 2
20577 1
20578 1
20579 1
20580 1
20581 1
20588 1
20596 1
20599 1
20600 1
20604 1
20605 1
20613 1
20615 1
20617 2
20618 1
20621 1
20633 1
20635 1
20638 1
20640 1
20641 1
20642 1
20650 1
20652 1
20654 1
20657 1
20658 1
20660 1
20663 1
20667 1
20672 1
20674 1
20678 1
20679 2
20681 1
20685 1
20694 1
20695 1
20696 2
20699 1
20700 2
20701 1
20703 1
20704 1
20709 1
20712 1
20714 1
20715 1
20716 2
20718 1
20721 1
20727 1
20734 1
20736 2
20738 1
20740 1
20742 1
20746 1
20748 1
20749 1
20752 1
20754 1
20756 1
20757 3
20758 1
20769 2
20771 2
20773 1
20778 1
20783 1
20784 1
20788 1
20790 2
20793 1
20794 2
20799 1
20802 1
20803 1
20804 1
20806 1
20808 1
20811 2
20813 1
20815 2
20817 1
20821 1
20824 1
20826 1
20832 1
20837 1
20844 2
20845 1
20846 2
20848 1
20850 1
20851 1
20853 1
20857 2
20865 1
20869 1
20872 1
20879 1
20880 1
20883 1
20888 1
20890 1
20893 2
20895 1
20901 1
20905 1
20907 1
20914 1
20919 2
20921 1
20925 1
20932 1
20943 1
20947 1
20949 1
20955 1
20956 1
20957 1
20962 1
20967 1
20968 1
20980 1
20982 1
20985 1
20989 1
20993 1
21001 1
21005 1
21007 1
21016 1
21018 1
21022 1
21023 2
21024 1
21031 1
21038 1
21043 1
21047 1
21058 1
21060 1
21079 2
21080 1
21086 1
21093 1
21095 1
21098 1
21100 1
21101 1
21104 1
21106 1
21108 1
21110 1
21116 1
21119 1
21121 1
21123 1
21128 1
21137 2
21139 1
21141 2
21143 1
21145 1
21146 1
21147 1
21154 1
21159 2
21161 1
21162 1
21164 1
21165 1
21179 2
21181 1
21183 1
21191 1
21194 1
21195 3
21197 1
21199 1
21201 1
21208 1
21215 1
21216 1
21222 1
21236 1
21237 1
21239 1
21241 1
21244 1
21245 1
21249 1
21251 1
21256 1
21264 1
21270 1
21272 1
21276 1
21278 1
21289 1
21290 1
21293 1
21298 1
21300 2
21312 2
21315 1
21326 1
21333 1
21337 1
21344 1
21345 1
21349 1
21375 1
21387 1
21392 1
21394 1
21398 1
21408 1
21412 1
21420 1
21423 1
21424 1
21430 1
21431 1
21436 1
21445 1
21448 2
21450 1
21454 1
21461 1
21467 1
21481 1
21484 1
21485 1
21486 1
21487 1
21497 1
21503 1
21511 1
21517 1
21521 1
21523 2
21530 1
21534 1
21538 1
21544 1
21546 1
21548 1
21553 1
21559 1
21561 1
21566 2
21584 1
21586 1
21588 1
21590 1
21592 1
21598 1
21600 1
21602 1
21620 1
21622 2
21627 1
21634 1
21642 1
21644 1
21646 1
21659 1
21660 1
21664 1
21677 1
21688 1
21694 1
21697 1
21719 1
21720 1
21736 1
21750 1
21758 1
21763 1
21792 1
21799 1
21801 1
21805 1
21819 1
21825 1
21832 1
21836 1
21838 1
21841 1
21855 1
21856 1
21867 1
21868 1
21874 1
21878 1
21888 1
21892 1
21904 1
21910 1
21922 1
21924 1
21935 1
21937 1
21941 1
21949 1
21953 1
21964 1
21966 1
21977 1
21986 1
21991 1
21999 1
22041 1
22052 1
22065 1
22085 1
22087 1
22089 1
22107 1
22121 1
22127 1
22143 1
22158 1
22163 1
22200 1
22206 1
22218 1
22226 1
22239 1
22243 1
22248 1
22257 1
22263 1
22279 1
22281 1
22285 1
22299 1
22342 1
22354 1
22384 1
22387 1
22391 1
22396 1
22409 1
22429 1
22433 1
22465 1
22490 1
22528 1
22532 1
22540 1
22565 1
22570 1
22601 1
22607 1
22664 1
22686 1
22706 1
22747 1
22780 1
22784 1
22834 1
22883 1
23008 1
23069 1
23106 1
23185 1
23205 1
23227 1
23507 1
23549 1
End
