NMec = 95584
T = 16
P = 5
Profits not ignored
Valid tasks:                                                            19464
Solution time = 4.480e-04
Task data
    1   9   800 0
    1  19  2089 1
    3  11  1371 2
    5  25  2939 3
    8  29  2380 -1
    9  23  3055 4
   10  17  1513 -1
   10  24  1224 -1
   10  25  3454 0
   11  25  1506 -1
   12  23  2480 -1
   13  26  2884 -1
   15  28  3434 2
   16  26  2179 -1
   20  30  1168 1
   22  28   764 -1
Best profit: 18310
All profits:
0 1
764 1
800 1
1168 1
1224 1
1371 1
1506 1
1513 1
1564 1
1932 1
1968 1
1988 1
2024 1
2089 1
2135 1
2171 1
2179 1
2270 1
2277 1
2306 1
2313 1
2380 1
2392 1
2480 1
2539 1
2595 1
2674 1
2681 1
2730 1
2732 1
2737 1
2788 1
2853 1
2877 1
2884 2
2889 1
2935 1
2939 1
2943 1
2979 1
3019 1
3055 1
3070 1
3077 1
3144 1
3156 1
3180 1
3192 1
3244 1
3257 1
3280 1
3303 1
3313 1
3339 1
3347 1
3359 1
3395 1
3403 1
3434 1
3438 1
3445 1
3454 1
3460 1
3474 1
3481 1
3494 1
3501 1
3530 1
3537 1
3548 1
3550 1
3595 1
3602 1
3604 1
3641 1
3648 3
3653 1
3677 1
3684 2
3685 1
3692 1
3703 1
3704 1
3739 1
3743 1
3751 1
3763 1
3783 1
3819 2
3851 1
3855 1
3886 1
3893 1
3898 1
3905 1
3944 1
3956 1
3986 1
3993 1
4021 1
4044 1
4045 1
4052 2
4057 1
4077 1
4101 1
4103 1
4107 1
4108 2
4111 1
4113 1
4147 1
4159 1
4163 1
4167 1
4187 1
4198 1
4203 1
4218 1
4223 1
4224 1
4234 1
4238 1
4243 1
4245 1
4254 1
4255 1
4260 1
4268 1
4279 1
4294 1
4301 1
4310 1
4312 1
4314 1
4348 1
4350 1
4359 1
4366 1
4368 1
4390 2
4395 1
4397 1
4402 1
4404 1
4412 1
4426 1
4441 1
4445 1
4448 3
4449 1
4452 1
4456 1
4468 1
4469 1
4481 1
4485 1
4492 1
4503 1
4504 1
4515 1
4527 1
4551 1
4559 1
4561 1
4563 1
4568 1
4569 1
4571 1
4583 1
4602 1
4615 1
4619 1
4622 1
4628 1
4650 1
4651 1
4657 1
4658 1
4659 1
4662 1
4669 1
4678 1
4684 1
4686 1
4693 1
4698 1
4705 1
4718 1
4750 1
4757 1
4763 1
4770 1
4772 1
4774 1
4786 1
4793 1
4805 1
4809 1
4816 2
4819 1
4821 1
4825 1
4826 1
4845 1
4852 2
4853 1
4860 2
4865 1
4871 1
4872 3
4877 1
4901 1
4907 1
4908 2
4909 1
4911 1
4916 1
4919 1
4927 1
4940 1
4947 1
4951 1
4960 1
4963 1
4966 1
4967 2
4973 2
4975 1
4987 2
4998 1
5007 1
5018 1
5019 2
5023 1
5024 1
5028 1
5032 1
5043 2
5054 1
5055 1
5056 1
5061 1
5063 2
5068 1
5074 1
5075 1
5079 1
5108 1
5110 2
5112 1
5114 1
5117 1
5118 1
5144 1
5154 3
5159 1
5161 2
5166 1
5168 1
5190 3
5197 1
5198 1
5209 1
5210 1
5212 1
5216 1
5217 1
5226 1
5233 1
5234 1
5245 2
5249 1
5252 1
5256 1
5257 1
5264 2
5268 1
5269 2
5276 2
5281 1
5315 1
5319 1
5323 1
5325 1
5327 1
5331 1
5332 1
5333 1
5335 1
5357 1
5359 1
5361 1
5364 2
5366 1
5368 1
5369 1
5371 1
5386 1
5392 1
5399 1
5402 1
5411 1
5415 1
5419 1
5422 2
5423 2
5428 1
5435 1
5436 1
5442 1
5447 1
5448 1
5450 1
5457 1
5458 1
5459 1
5462 1
5469 1
5478 2
5479 1
5482 1
5484 1
5492 1
5499 1
5518 1
5523 1
5527 1
5534 2
5535 1
5536 1
5538 1
5543 1
5550 1
5557 1
5558 2
5563 1
5565 1
5569 1
5570 1
5572 1
5574 1
5583 1
5589 1
5590 1
5594 1
5605 1
5609 1
5613 2
5614 2
5616 2
5617 1
5619 1
5620 1
5621 1
5624 2
5625 1
5626 1
5633 1
5636 1
5637 1
5639 1
5650 1
5653 1
5660 2
5665 1
5669 1
5671 1
5672 3
5673 1
5676 1
5680 1
5683 1
5693 1
5704 1
5709 1
5711 1
5716 1
5719 1
5724 1
5727 2
5729 1
5730 1
5731 1
5736 1
5737 3
5739 1
5740 1
5747 1
5751 1
5760 1
5761 1
5766 1
5767 1
5768 1
5773 2
5774 1
5775 1
5781 1
5783 2
5785 1
5787 1
5792 2
5793 1
5807 1
5814 1
5816 1
5818 1
5819 2
5820 1
5823 2
5825 1
5826 1
5827 3
5828 1
5832 1
5834 1
5839 1
5840 1
5843 1
5846 1
5852 1
5854 1
5856 1
5861 1
5863 2
5872 1
5874 2
5875 1
5881 1
5882 1
5883 1
5903 1
5908 2
5910 1
5914 1
5917 1
5918 2
5925 1
5930 1
5932 1
5934 1
5939 2
5940 1
5942 1
5944 1
5954 3
5958 1
5961 2
5962 1
5973 1
5974 1
5975 1
5981 1
5982 1
5987 1
5990 1
5993 1
5994 2
5998 2
6009 1
6010 1
6016 1
6017 1
6021 1
6028 3
6029 1
6030 1
6033 2
6034 1
6040 2
6045 1
6049 1
6057 1
6064 2
6065 1
6069 1
6072 1
6074 1
6075 1
6076 2
6077 1
6082 1
6083 1
6084 2
6095 1
6108 1
6115 1
6119 1
6121 1
6123 1
6125 1
6128 3
6131 1
6132 1
6133 1
6134 1
6135 2
6141 2
6143 1
6157 1
6163 1
6164 3
6165 1
6166 1
6171 1
6172 1
6175 1
6183 1
6184 1
6186 1
6187 1
6190 1
6191 1
6192 1
6196 1
6197 2
6199 2
6200 1
6211 2
6219 1
6222 1
6223 2
6224 1
6231 3
6235 1
6236 1
6242 2
6243 2
6247 1
6248 1
6252 1
6256 1
6263 1
6276 1
6278 2
6279 1
6280 1
6282 1
6285 1
6286 1
6287 3
6292 1
6298 1
6299 2
6307 1
6311 1
6312 1
6318 2
6322 2
6323 1
6327 1
6329 1
6331 1
6332 1
6334 2
6335 1
6336 1
6338 3
6342 1
6343 1
6344 1
6358 3
6365 1
6366 2
6368 1
6369 1
6373 2
6377 2
6378 3
6383 1
6384 1
6385 2
6389 1
6390 1
6393 1
6394 1
6397 1
6399 1
6401 1
6402 1
6403 1
6413 2
6414 3
6417 1
6420 1
6421 1
6422 1
6424 2
6425 1
6432 2
6433 2
6434 1
6436 1
6437 1
6439 1
6440 1
6450 1
6453 1
6457 1
6458 1
6469 1
6473 2
6476 1
6479 2
6480 1
6481 1
6483 1
6486 1
6487 1
6488 2
6489 2
6491 1
6493 2
6500 1
6501 1
6504 1
6509 1
6511 1
6515 1
6524 1
6525 2
6527 1
6529 1
6530 1
6531 1
6532 3
6534 1
6536 1
6537 3
6538 1
6539 1
6541 1
6543 1
6545 1
6547 1
6549 1
6556 1
6557 1
6561 1
6567 1
6568 1
6569 2
6574 1
6576 1
6578 1
6580 1
6581 2
6583 2
6585 1
6587 3
6588 2
6590 1
6591 1
6592 2
6593 1
6598 1
6603 1
6604 1
6605 1
6610 1
6614 1
6616 2
6618 1
6620 1
6623 3
6624 1
6625 1
6626 1
6627 3
6631 1
6634 1
6635 1
6639 1
6640 1
6643 1
6646 1
6647 2
6648 1
6650 1
6652 1
6657 1
6659 1
6660 1
6667 2
6672 1
6674 1
6678 1
6681 1
6682 1
6683 1
6690 1
6691 1
6694 1
6696 1
6698 1
6702 1
6703 4
6704 1
6706 1
6708 1
6711 1
6714 1
6718 1
6722 1
6723 1
6725 1
6730 1
6732 1
6734 1
6735 1
6737 1
6739 3
6740 2
6742 1
6746 1
6747 2
6748 1
6751 1
6757 1
6758 3
6759 1
6762 1
6767 1
6770 2
6773 1
6774 1
6775 1
6777 1
6781 2
6782 3
6787 1
6789 1
6790 1
6792 1
6793 2
6794 3
6798 1
6801 1
6806 1
6807 1
6813 1
6818 1
6821 1
6825 1
6828 3
6829 2
6830 1
6832 1
6833 1
6836 1
6837 2
6838 1
6839 1
6840 2
6841 1
6844 1
6846 1
6848 2
6849 1
6857 1
6861 1
6863 1
6865 1
6870 2
6872 2
6874 1
6875 1
6877 2
6879 1
6882 1
6883 1
6884 2
6888 1
6892 1
6894 1
6895 1
6898 1
6899 1
6905 2
6906 1
6907 1
6908 1
6914 1
6915 1
6921 1
6925 1
6928 4
6929 2
6932 1
6934 1
6935 2
6936 2
6941 3
6942 1
6943 1
6948 2
6949 2
6951 1
6953 1
6954 1
6955 1
6960 2
6961 3
6963 1
6964 1
6965 1
6971 1
6972 1
6975 1
6982 1
6983 1
6984 3
6985 1
6987 1
6988 1
6990 1
6991 3
6992 1
6995 3
6996 1
6997 2
6998 1
6999 1
7000 1
7002 1
7004 1
7005 1
7007 1
7008 1
7011 1
7016 1
7024 1
7029 1
7031 3
7036 1
7038 1
7039 1
7040 2
7041 1
7042 2
7043 2
7044 1
7047 2
7048 1
7049 2
7050 1
7051 3
7052 1
7056 2
7058 1
7063 1
7064 1
7071 1
7075 1
7076 2
7078 1
7080 1
7082 3
7085 1
7086 1
7087 3
7095 1
7096 1
7098 2
7099 1
7100 1
7102 3
7106 1
7107 3
7108 2
7111 1
7112 1
7118 2
7119 1
7122 2
7126 2
7127 1
7129 1
7130 2
7131 1
7132 2
7137 2
7138 3
7139 1
7142 2
7143 1
7144 1
7145 1
7146 1
7149 1
7150 1
7152 2
7154 1
7156 1
7157 1
7158 2
7162 1
7163 3
7164 1
7166 3
7168 1
7173 2
7177 2
7178 3
7182 1
7184 1
7185 3
7186 1
7189 1
7193 1
7194 1
7196 2
7197 2
7198 2
7199 2
7201 1
7202 1
7203 1
7205 1
7206 1
7207 1
7214 1
7217 2
7218 1
7222 2
7225 1
7232 2
7233 2
7234 1
7237 1
7240 2
7242 1
7243 3
7245 1
7250 2
7251 1
7252 3
7253 3
7254 1
7257 1
7258 1
7273 2
7274 1
7279 3
7281 1
7285 1
7286 1
7287 2
7288 2
7289 4
7291 1
7293 1
7296 3
7298 2
7299 1
7300 1
7301 1
7305 2
7306 1
7307 1
7309 1
7310 1
7315 1
7320 1
7323 1
7325 2
7327 1
7329 2
7331 1
7332 4
7333 3
7334 1
7336 1
7338 1
7339 1
7340 3
7341 1
7343 1
7345 2
7346 1
7347 2
7349 1
7351 1
7352 3
7353 2
7356 1
7357 1
7358 1
7359 1
7365 3
7367 2
7369 3
7376 1
7378 1
7380 1
7381 1
7387 4
7388 3
7389 1
7390 1
7391 1
7395 1
7396 1
7398 1
7399 2
7403 1
7404 1
7405 1
7407 1
7408 1
7410 1
7411 1
7412 1
7414 1
7416 1
7420 2
7421 1
7423 2
7424 2
7427 1
7431 2
7435 1
7436 1
7440 1
7443 3
7445 2
7446 1
7447 3
7448 2
7450 1
7452 1
7453 2
7454 1
7455 4
7457 1
7459 1
7460 1
7466 1
7467 3
7475 1
7478 1
7479 1
7486 2
7487 1
7488 1
7490 1
7491 1
7494 1
7496 1
7498 2
7499 2
7500 2
7502 1
7503 3
7504 2
7506 3
7507 1
7508 1
7510 1
7511 3
7512 2
7522 1
7523 2
7524 1
7531 1
7534 3
7535 2
7536 2
7537 1
7539 1
7540 1
7541 3
7542 2
7543 2
7545 1
7546 3
7547 2
7548 1
7551 1
7553 1
7554 1
7555 1
7557 1
7558 2
7559 1
7561 1
7562 2
7565 1
7567 2
7568 1
7570 3
7571 1
7577 1
7578 1
7581 1
7582 3
7588 1
7589 2
7590 3
7592 1
7593 1
7594 1
7596 1
7597 2
7598 1
7601 3
7602 1
7606 1
7607 1
7608 1
7613 1
7614 1
7617 1
7618 1
7621 2
7623 1
7624 1
7625 2
7626 1
7627 1
7629 1
7632 1
7634 2
7636 1
7637 2
7638 1
7639 1
7641 3
7644 1
7646 1
7647 2
7648 2
7649 1
7652 1
7654 1
7656 2
7657 3
7658 2
7661 1
7663 1
7670 3
7672 1
7677 3
7678 2
7679 1
7683 1
7688 1
7689 2
7692 1
7693 1
7694 1
7696 1
7697 1
7698 1
7699 1
7700 1
7702 2
7703 2
7705 3
7706 2
7707 1
7709 2
7710 1
7711 1
7712 1
7713 4
7714 2
7715 1
7717 1
7722 1
7724 1
7725 2
7728 1
7729 2
7732 1
7733 1
7735 1
7736 2
7737 3
7739 1
7741 1
7742 1
7744 4
7746 1
7748 4
7749 4
7751 1
7753 1
7754 1
7755 3
7756 3
7758 1
7760 2
7761 3
7762 1
7764 1
7765 1
7766 1
7768 1
7769 1
7772 1
7773 1
7782 1
7784 2
7785 1
7788 1
7791 3
7792 2
7793 3
7795 3
7798 1
7799 2
7800 2
7802 2
7803 2
7804 2
7805 2
7807 1
7808 1
7811 3
7812 1
7813 1
7815 1
7816 2
7818 1
7820 1
7822 1
7824 2
7825 1
7827 1
7828 1
7829 2
7831 1
7835 1
7836 1
7838 1
7839 1
7840 2
7841 1
7842 1
7844 3
7846 1
7847 2
7848 2
7849 2
7850 2
7851 4
7855 1
7856 1
7857 1
7858 2
7859 1
7860 1
7862 1
7864 2
7866 1
7871 3
7872 2
7874 1
7875 1
7876 1
7879 2
7880 1
7881 1
7882 3
7883 1
7886 1
7890 2
7891 2
7895 1
7896 1
7898 1
7899 1
7900 1
7902 4
7903 3
7905 1
7906 2
7907 3
7908 3
7909 1
7910 1
7912 2
7914 2
7915 3
7916 3
7918 1
7919 1
7920 1
7922 1
7923 1
7926 3
7927 4
7928 1
7930 2
7932 1
7935 1
7937 2
7938 3
7939 1
7940 1
7942 1
7943 1
7945 2
7946 2
7947 1
7949 2
7950 1
7952 2
7954 1
7956 1
7957 1
7958 3
7959 1
7961 1
7962 2
7963 4
7964 2
7966 1
7969 1
7970 1
7971 2
7972 1
7974 1
7981 1
7982 2
7985 1
7986 1
7989 1
7992 1
7993 2
7994 3
7995 2
7996 2
7997 2
7998 2
7999 1
8000 1
8001 1
8002 3
8003 1
8004 1
8005 2
8006 2
8007 2
8013 1
8014 2
8015 1
8016 1
8017 2
8018 2
8019 1
8021 1
8022 2
8023 1
8025 1
8028 2
8030 1
8031 1
8033 1
8037 1
8038 3
8040 1
8042 1
8043 3
8045 2
8047 1
8049 2
8050 2
8051 2
8052 3
8053 3
8054 1
8056 2
8060 1
8062 2
8063 1
8069 1
8070 1
8073 1
8074 3
8079 1
8082 2
8083 1
8084 1
8085 1
8087 2
8089 2
8091 1
8093 4
8094 2
8096 4
8097 1
8098 2
8099 1
8100 2
8101 1
8103 1
8104 2
8105 2
8106 1
8107 1
8109 1
8110 2
8111 2
8112 1
8113 1
8116 2
8117 3
8118 3
8119 1
8120 1
8122 1
8123 2
8127 1
8129 5
8130 1
8131 1
8132 1
8133 3
8136 1
8137 1
8138 1
8139 1
8140 3
8141 1
8145 1
8146 1
8147 1
8148 1
8149 1
8151 1
8152 4
8153 4
8154 1
8156 1
8158 1
8159 1
8160 2
8161 1
8163 2
8165 4
8166 1
8167 1
8169 1
8172 3
8173 3
8184 2
8187 1
8188 1
8189 1
8191 1
8195 1
8196 2
8197 1
8199 2
8200 1
8203 2
8204 2
8206 1
8207 4
8208 3
8209 3
8210 1
8211 2
8212 2
8214 1
8215 2
8216 2
8217 3
8219 3
8220 2
8221 1
8223 1
8224 2
8226 1
8227 1
8228 1
8231 1
8232 1
8236 1
8240 1
8241 1
8243 3
8245 2
8246 1
8247 1
8248 2
8250 2
8252 2
8253 4
8254 2
8255 4
8259 1
8260 1
8261 1
8262 1
8263 2
8264 2
8265 1
8266 1
8267 1
8270 2
8271 1
8272 2
8273 1
8274 1
8275 1
8276 1
8279 1
8280 1
8283 1
8286 2
8287 2
8288 2
8294 2
8295 1
8296 1
8298 2
8299 3
8300 4
8303 2
8304 1
8305 2
8306 5
8307 4
8308 1
8310 1
8311 2
8312 3
8313 1
8314 2
8319 3
8320 3
8322 1
8323 1
8324 2
8325 1
8326 3
8331 4
8332 2
8334 3
8335 1
8336 2
8338 1
8341 3
8342 3
8343 3
8345 1
8346 2
8350 2
8352 1
8353 2
8354 3
8355 1
8361 3
8362 4
8363 1
8365 1
8366 1
8367 2
8368 1
8369 1
8370 2
8371 1
8373 1
8374 2
8375 1
8376 2
8378 2
8381 1
8382 1
8383 1
8385 1
8386 1
8387 1
8388 2
8389 1
8390 3
8394 1
8396 1
8397 2
8398 1
8400 1
8401 3
8402 1
8405 1
8407 2
8408 1
8409 1
8410 1
8411 2
8412 1
8413 1
8414 1
8417 1
8418 2
8419 2
8420 3
8421 4
8422 2
8423 1
8424 1
8425 1
8426 1
8427 3
8429 1
8431 1
8434 2
8438 1
8441 4
8442 2
8447 3
8449 1
8452 1
8453 2
8454 2
8455 2
8456 2
8457 3
8458 2
8461 1
8462 2
8464 1
8466 3
8467 3
8470 1
8473 3
8474 3
8475 1
8477 4
8478 4
8482 1
8483 1
8486 1
8488 1
8489 2
8490 1
8491 1
8493 1
8495 1
8496 1
8497 6
8498 1
8500 1
8501 3
8502 2
8503 3
8504 1
8505 1
8506 1
8508 5
8509 3
8510 2
8511 2
8512 1
8513 5
8514 2
8515 2
8517 3
8520 2
8521 2
8522 2
8523 1
8524 1
8525 1
8528 1
8529 2
8533 2
8534 1
8537 4
8539 1
8542 1
8544 5
8545 1
8546 1
8547 1
8548 2
8549 2
8551 1
8552 2
8553 2
8554 1
8555 3
8556 4
8557 3
8558 1
8560 1
8562 2
8563 2
8564 4
8565 1
8566 1
8567 1
8568 1
8569 1
8570 1
8571 1
8572 2
8573 1
8575 1
8576 1
8577 2
8578 2
8580 1
8582 1
8588 3
8589 2
8591 2
8592 1
8593 4
8595 2
8598 1
8599 2
8600 2
8602 1
8603 2
8604 2
8605 1
8608 3
8611 5
8612 2
8613 3
8614 2
8615 3
8616 1
8618 1
8619 1
8620 2
8621 3
8622 2
8623 2
8624 3
8625 1
8627 1
8628 1
8629 1
8631 1
8632 2
8635 1
8636 1
8638 1
8643 2
8644 4
8645 1
8646 1
8648 1
8650 2
8651 2
8652 1
8655 2
8656 1
8657 1
8658 3
8659 1
8660 2
8662 1
8663 1
8664 2
8665 1
8666 2
8667 4
8668 2
8669 3
8670 2
8671 3
8672 3
8674 1
8675 1
8676 4
8677 2
8678 1
8679 5
8680 2
8681 1
8683 1
8686 1
8687 1
8688 1
8690 2
8691 4
8692 1
8694 1
8698 2
8699 2
8700 1
8702 3
8703 4
8704 2
8705 1
8706 1
8707 2
8708 1
8709 2
8710 3
8711 4
8712 3
8713 1
8714 2
8715 3
8716 3
8718 3
8720 2
8722 3
8723 3
8724 2
8726 1
8727 3
8728 2
8730 2
8731 1
8732 1
8735 2
8736 2
8738 3
8740 1
8745 1
8746 2
8747 1
8748 1
8749 1
8753 1
8756 2
8757 2
8758 5
8759 3
8760 1
8761 1
8762 1
8763 1
8764 2
8765 3
8766 4
8767 3
8769 2
8770 1
8771 2
8772 1
8773 1
8774 1
8777 1
8778 1
8779 2
8781 1
8782 2
8783 1
8785 2
8786 1
8787 1
8789 1
8791 2
8792 4
8793 2
8794 3
8795 3
8797 1
8798 2
8800 1
8801 1
8802 6
8803 1
8804 1
8805 1
8806 1
8807 1
8809 1
8811 2
8812 1
8813 2
8814 3
8815 1
8816 2
8818 3
8819 1
8820 2
8821 1
8822 2
8823 2
8824 1
8825 1
8826 2
8828 2
8829 1
8830 1
8831 1
8833 1
8836 1
8838 5
8842 1
8845 2
8846 3
8847 2
8848 1
8849 2
8851 1
8853 3
8856 2
8857 3
8858 2
8859 2
8860 1
8862 2
8863 1
8864 1
8865 2
8866 1
8869 3
8870 2
8871 3
8873 2
8874 2
8875 1
8876 1
8877 2
8878 3
8879 1
8880 1
8881 3
8882 6
8883 2
8884 1
8887 1
8889 1
8890 1
8891 1
8893 4
8894 3
8895 1
8896 1
8897 1
8900 2
8901 3
8902 2
8903 1
8904 2
8905 2
8907 1
8909 1
8910 1
8911 2
8912 5
8913 3
8914 2
8916 3
8917 4
8918 4
8919 1
8920 1
8921 1
8922 1
8923 1
8924 1
8925 1
8926 2
8927 1
8929 4
8930 2
8932 1
8933 3
8936 2
8937 4
8938 2
8941 1
8946 1
8948 1
8949 3
8952 1
8953 3
8954 1
8956 2
8958 1
8959 2
8960 3
8961 5
8963 2
8965 1
8966 2
8967 3
8968 5
8969 2
8970 1
8971 1
8972 5
8973 4
8977 1
8979 2
8980 1
8981 1
8984 2
8985 1
8988 2
8989 1
8990 1
8991 1
8992 3
8995 1
8996 2
8997 2
8999 1
9000 1
9003 2
9004 3
9005 1
9006 1
9007 3
9008 2
9009 3
9010 1
9011 2
9012 4
9013 1
9014 1
9015 2
9016 3
9017 5
9018 2
9019 4
9021 1
9023 3
9024 2
9025 2
9026 1
9027 2
9028 2
9029 1
9030 1
9032 1
9036 1
9037 2
9040 1
9041 1
9042 1
9043 1
9044 1
9047 3
9048 4
9049 3
9050 2
9051 1
9052 1
9053 2
9054 2
9055 1
9056 1
9058 2
9059 2
9060 2
9061 1
9062 1
9063 2
9064 2
9065 1
9067 4
9068 2
9070 3
9071 3
9072 2
9073 3
9074 3
9075 1
9076 2
9077 1
9078 2
9080 3
9081 1
9082 1
9083 4
9084 4
9085 1
9086 1
9087 1
9088 2
9090 1
9091 1
9093 1
9094 2
9095 3
9096 2
9098 1
9099 1
9100 2
9102 1
9103 4
9104 2
9105 2
9106 3
9107 4
9108 1
9110 1
9111 1
9112 1
9113 1
9114 4
9115 2
9117 1
9119 3
9120 4
9122 1
9123 1
9124 1
9125 1
9126 4
9127 4
9128 1
9129 1
9130 2
9131 4
9132 3
9133 1
9134 1
9136 2
9137 2
9138 3
9139 3
9140 3
9142 1
9143 1
9147 2
9150 3
9152 1
9153 1
9154 2
9158 1
9160 1
9161 3
9162 4
9163 3
9164 2
9165 1
9166 1
9167 1
9169 2
9170 5
9171 4
9173 2
9174 3
9175 1
9176 3
9178 1
9181 2
9182 2
9183 4
9184 1
9185 1
9186 2
9187 2
9188 1
9189 1
9190 2
9191 3
9193 1
9194 1
9195 2
9196 2
9198 1
9200 1
9201 1
9202 2
9205 1
9206 1
9207 2
9208 1
9209 1
9210 1
9211 2
9212 1
9213 1
9215 3
9216 1
9217 3
9218 3
9219 6
9220 4
9221 2
9222 3
9224 1
9226 5
9227 4
9228 2
9229 1
9230 1
9231 2
9235 1
9237 2
9238 3
9239 1
9241 2
9242 3
9243 1
9245 1
9246 2
9247 2
9250 4
9251 1
9252 3
9253 2
9254 2
9255 3
9257 4
9259 1
9261 6
9262 5
9264 1
9266 3
9267 3
9268 2
9269 1
9270 1
9271 1
9272 1
9273 4
9274 5
9275 2
9277 4
9278 3
9279 2
9280 1
9281 3
9282 1
9283 1
9285 2
9286 5
9287 2
9288 1
9290 1
9291 1
9293 1
9294 1
9295 1
9297 6
9298 3
9301 3
9303 1
9304 1
9305 2
9306 3
9307 1
9308 6
9309 3
9310 1
9311 2
9312 1
9313 1
9314 1
9315 2
9316 3
9317 6
9318 1
9320 2
9321 2
9322 2
9323 1
9324 2
9326 1
9328 3
9329 3
9331 1
9333 2
9334 2
9335 2
9336 1
9337 3
9340 2
9341 4
9342 5
9343 1
9344 1
9345 1
9347 1
9351 1
9352 3
9353 3
9354 1
9355 1
9356 1
9357 4
9359 1
9360 1
9361 1
9362 2
9363 3
9364 5
9365 1
9366 1
9367 1
9368 2
9370 1
9371 3
9372 3
9373 3
9374 1
9375 3
9376 2
9377 4
9378 4
9379 1
9380 1
9382 1
9384 2
9385 3
9386 1
9387 2
9388 3
9389 2
9391 1
9392 1
9393 3
9394 1
9395 2
9396 3
9397 1
9398 1
9399 1
9404 1
9408 4
9409 2
9411 2
9412 2
9413 2
9414 2
9415 3
9416 3
9418 2
9419 1
9420 3
9421 6
9422 4
9423 2
9424 2
9425 1
9427 3
9428 4
9429 3
9430 1
9431 3
9432 4
9433 3
9434 1
9435 1
9436 2
9438 1
9439 1
9440 3
9441 3
9443 2
9444 2
9445 1
9448 2
9450 1
9451 2
9452 2
9453 1
9454 1
9455 2
9456 2
9458 3
9460 1
9462 3
9463 1
9464 4
9465 2
9466 1
9467 5
9468 3
9469 3
9470 2
9471 4
9472 2
9474 2
9475 4
9476 5
9477 4
9478 2
9479 3
9480 2
9482 3
9483 1
9484 2
9485 1
9486 1
9487 4
9488 4
9489 1
9491 2
9492 1
9494 3
9495 1
9496 1
9498 2
9499 2
9500 2
9502 2
9503 1
9504 2
9506 2
9507 2
9508 3
9509 2
9510 3
9511 5
9512 2
9513 1
9515 1
9516 1
9517 1
9518 4
9519 1
9520 3
9522 2
9523 2
9524 3
9525 1
9526 1
9527 2
9528 2
9529 3
9530 3
9531 4
9532 3
9534 2
9535 1
9536 4
9537 2
9538 3
9541 1
9542 1
9543 3
9544 4
9546 2
9548 1
9549 1
9551 1
9553 1
9555 2
9556 3
9557 2
9558 3
9559 2
9560 1
9562 4
9564 1
9565 3
9566 5
9567 3
9568 1
9569 2
9573 1
9574 1
9575 3
9576 1
9577 2
9578 3
9579 2
9580 2
9582 3
9583 1
9585 2
9586 3
9587 5
9588 2
9589 2
9590 1
9591 2
9592 3
9593 1
9594 1
9595 3
9596 1
9597 2
9598 3
9599 2
9600 1
9602 4
9606 3
9607 1
9609 2
9610 1
9611 2
9612 2
9613 1
9614 1
9616 1
9617 2
9618 3
9619 1
9620 2
9621 1
9622 2
9623 4
9624 4
9625 2
9626 3
9629 2
9630 3
9631 3
9632 2
9633 3
9634 2
9635 3
9636 2
9637 1
9638 2
9641 1
9642 5
9643 3
9644 1
9645 3
9646 4
9647 1
9648 1
9650 1
9651 2
9653 3
9654 2
9657 3
9658 3
9659 3
9662 1
9664 1
9665 6
9666 3
9667 1
9669 3
9670 1
9671 4
9673 2
9674 1
9675 1
9676 4
9677 4
9678 7
9679 4
9680 1
9681 3
9682 4
9683 1
9685 4
9686 3
9687 1
9689 1
9690 4
9691 1
9694 1
9695 1
9696 1
9697 4
9698 1
9701 2
9702 4
9703 1
9705 2
9706 1
9707 1
9709 2
9710 2
9712 5
9713 5
9714 3
9715 1
9716 2
9717 2
9718 1
9719 1
9720 4
9721 5
9722 2
9723 2
9724 1
9725 3
9726 2
9727 1
9728 1
9729 1
9730 3
9731 1
9732 6
9733 5
9734 1
9736 2
9737 3
9738 2
9739 1
9740 1
9741 3
9745 3
9746 3
9747 1
9749 3
9752 1
9753 2
9754 1
9756 3
9757 1
9758 1
9759 3
9760 1
9761 5
9763 1
9765 1
9766 3
9767 4
9768 6
9769 3
9770 1
9771 1
9772 4
9773 1
9775 1
9776 4
9777 2
9778 3
9779 2
9780 1
9781 1
9782 1
9783 1
9785 2
9786 1
9787 2
9788 2
9789 2
9790 2
9791 1
9792 4
9794 1
9795 1
9796 2
9797 1
9798 1
9799 1
9800 3
9801 1
9802 2
9803 1
9804 2
9805 1
9806 1
9807 1
9809 2
9811 3
9812 7
9813 4
9814 1
9816 2
9817 2
9818 3
9819 3
9820 3
9821 1
9822 1
9823 3
9824 1
9825 4
9826 3
9827 4
9828 2
9829 1
9830 1
9831 2
9832 4
9833 4
9835 3
9836 2
9837 6
9838 3
9839 2
9840 1
9842 1
9844 4
9845 4
9846 1
9847 4
9848 4
9849 4
9851 1
9853 1
9854 1
9855 2
9856 3
9857 1
9858 2
9859 2
9860 1
9862 1
9866 2
9867 6
9868 6
9870 1
9871 2
9872 1
9873 2
9874 3
9875 3
9876 2
9877 1
9878 2
9879 3
9880 4
9881 2
9882 3
9883 3
9884 5
9885 1
9886 3
9887 2
9888 4
9889 1
9890 2
9891 4
9892 4
9893 2
9894 2
9895 2
9896 1
9899 1
9900 3
9901 1
9902 1
9903 4
9904 3
9907 2
9908 1
9910 1
9911 2
9912 1
9913 2
9914 2
9915 3
9916 2
9917 1
9918 1
9920 2
9921 1
9922 2
9923 4
9924 2
9925 3
9926 2
9927 6
9928 3
9929 1
9930 2
9931 2
9932 2
9933 4
9934 5
9935 5
9936 2
9937 3
9938 2
9939 3
9940 4
9941 1
9942 2
9943 2
9944 1
9945 1
9946 1
9947 4
9948 1
9949 1
9950 1
9951 1
9953 1
9954 1
9955 1
9958 1
9959 2
9960 3
9961 1
9962 3
9963 2
9964 2
9965 1
9966 3
9968 2
9969 2
9970 5
9971 4
9972 1
9973 1
9974 1
9975 1
9976 1
9977 1
9978 1
9979 4
9980 3
9981 2
9982 3
9983 5
9984 3
9986 4
9987 2
9988 2
9989 1
9990 5
9991 6
9992 2
9993 1
9995 3
9996 2
9997 2
9998 1
9999 1
10001 2
10002 2
10003 4
10004 2
10006 2
10007 1
10008 1
10009 1
10010 3
10011 1
10014 4
10015 5
10016 4
10017 3
10018 1
10019 4
10020 1
10021 5
10022 3
10023 2
10024 1
10025 1
10026 6
10027 4
10028 2
10029 1
10030 2
10031 1
10032 1
10033 1
10034 2
10035 3
10036 1
10037 4
10038 4
10039 3
10040 1
10041 3
10042 3
10043 2
10044 1
10045 2
10046 4
10047 4
10048 1
10050 8
10051 2
10052 3
10053 1
10054 1
10055 1
10057 5
10058 3
10059 2
10060 1
10061 5
10062 4
10063 1
10065 1
10066 1
10068 2
10069 4
10070 4
10071 2
10072 1
10073 2
10074 2
10075 1
10076 1
10077 4
10078 2
10079 2
10080 2
10081 5
10082 3
10083 2
10084 2
10085 3
10086 5
10087 2
10088 1
10089 2
10090 1
10091 3
10093 4
10094 3
10095 2
10097 2
10098 2
10099 1
10101 4
10102 3
10103 1
10104 2
10105 4
10106 6
10107 2
10108 1
10109 2
10111 2
10112 1
10113 1
10114 1
10115 1
10116 3
10117 6
10118 1
10119 1
10121 2
10122 1
10124 4
10125 1
10126 2
10127 3
10128 4
10129 3
10130 1
10131 1
10132 1
10133 1
10134 2
10135 4
10136 5
10137 7
10138 3
10140 3
10141 4
10142 5
10143 1
10144 1
10145 2
10148 1
10149 1
10150 1
10151 1
10152 1
10153 2
10156 2
10157 5
10158 1
10159 1
10160 1
10161 2
10162 1
10163 3
10164 2
10165 1
10166 1
10168 2
10169 1
10171 3
10172 3
10173 7
10174 2
10175 2
10176 2
10177 3
10178 2
10179 2
10180 3
10181 2
10182 5
10183 2
10184 3
10185 6
10186 2
10187 2
10189 3
10190 1
10191 4
10192 4
10193 6
10194 2
10196 3
10197 1
10198 1
10199 1
10200 2
10201 2
10202 1
10204 3
10205 2
10207 2
10208 1
10209 3
10211 1
10212 3
10213 2
10215 2
10216 5
10217 3
10218 3
10219 1
10220 2
10221 3
10222 3
10223 1
10224 5
10225 1
10226 2
10227 3
10228 7
10229 4
10230 2
10231 4
10232 2
10233 3
10234 1
10235 5
10236 4
10237 2
10238 1
10239 1
10240 4
10241 5
10242 2
10243 1
10244 2
10245 1
10246 1
10247 1
10248 3
10249 3
10251 3
10252 3
10253 3
10254 2
10255 1
10256 1
10258 1
10259 1
10260 1
10261 2
10262 4
10263 1
10264 3
10265 1
10266 1
10267 1
10268 1
10270 2
10271 6
10272 6
10273 3
10274 2
10275 3
10276 1
10277 2
10278 2
10279 3
10280 3
10282 5
10283 3
10284 3
10285 2
10286 2
10287 3
10288 4
10289 2
10290 1
10291 4
10292 3
10293 1
10294 2
10295 3
10296 4
10297 2
10298 4
10299 1
10300 3
10301 1
10302 2
10304 4
10305 2
10306 3
10307 4
10308 7
10309 2
10310 1
10311 2
10312 1
10315 3
10316 1
10317 2
10318 2
10319 1
10320 3
10324 3
10325 1
10326 3
10327 3
10328 2
10329 4
10330 2
10331 4
10332 4
10333 1
10334 2
10335 1
10336 2
10337 3
10338 4
10339 4
10340 1
10341 2
10342 3
10343 3
10344 6
10346 1
10348 1
10349 1
10350 1
10351 5
10352 2
10353 1
10354 1
10355 2
10356 1
10359 3
10360 2
10361 2
10362 5
10363 3
10366 2
10368 1
10369 1
10370 3
10371 1
10372 1
10374 1
10375 5
10376 2
10377 1
10378 2
10379 1
10380 2
10382 6
10383 4
10384 3
10385 2
10386 4
10387 7
10388 6
10389 3
10390 3
10391 1
10392 2
10393 1
10394 6
10395 8
10396 4
10397 2
10398 2
10399 2
10400 2
10401 1
10402 2
10403 2
10405 1
10406 4
10407 4
10408 3
10409 1
10410 1
10411 1
10412 1
10413 1
10414 2
10415 3
10417 2
10418 5
10419 2
10420 3
10421 1
10422 2
10423 3
10424 3
10425 5
10426 3
10427 2
10429 4
10430 4
10431 4
10432 3
10433 2
10434 2
10435 3
10436 2
10437 1
10438 3
10439 3
10441 2
10442 7
10443 6
10444 2
10445 4
10446 2
10449 3
10450 4
10451 5
10452 1
10453 1
10454 4
10455 1
10458 1
10459 2
10461 1
10462 4
10463 1
10465 4
10466 3
10467 2
10469 1
10470 1
10471 1
10472 1
10473 4
10474 6
10475 3
10476 3
10477 2
10478 5
10479 4
10480 2
10481 3
10482 3
10483 2
10484 2
10485 8
10486 4
10487 1
10490 4
10491 2
10492 2
10493 1
10494 2
10495 1
10496 1
10497 4
10498 5
10499 1
10501 3
10502 4
10503 3
10504 1
10505 4
10506 1
10507 1
10508 2
10509 5
10510 7
10511 2
10512 1
10513 3
10514 1
10515 1
10516 1
10517 2
10518 2
10519 1
10520 3
10521 5
10522 2
10523 2
10525 3
10527 1
10528 1
10529 3
10530 4
10531 3
10532 6
10533 3
10534 2
10536 4
10538 1
10539 1
10540 4
10541 6
10542 3
10543 1
10545 3
10546 3
10547 1
10549 1
10550 1
10552 2
10553 3
10554 3
10555 1
10556 2
10557 1
10559 1
10560 2
10561 4
10562 3
10563 2
10564 3
10565 2
10566 4
10567 3
10568 1
10569 1
10571 1
10572 2
10573 3
10575 1
10576 4
10577 2
10578 3
10579 1
10580 3
10581 1
10582 1
10583 2
10584 3
10585 1
10586 6
10587 3
10588 2
10589 4
10590 5
10591 4
10592 2
10593 1
10594 1
10595 2
10596 4
10597 8
10598 4
10599 2
10600 4
10601 2
10602 3
10603 2
10604 2
10606 3
10607 1
10608 2
10609 5
10610 1
10611 2
10612 4
10613 3
10616 3
10617 4
10618 2
10619 2
10620 5
10621 2
10622 2
10623 2
10625 2
10626 4
10627 2
10628 3
10630 2
10631 2
10632 7
10633 7
10634 1
10635 3
10636 2
10637 4
10638 3
10639 4
10640 3
10641 2
10642 1
10643 2
10644 5
10645 7
10646 4
10647 1
10648 2
10649 2
10650 2
10651 2
10652 6
10653 5
10655 1
10656 4
10657 2
10659 1
10660 1
10661 1
10662 1
10663 1
10664 1
10666 2
10667 3
10668 4
10671 1
10672 2
10674 2
10675 3
10676 6
10677 4
10678 1
10679 4
10680 4
10681 1
10682 3
10683 3
10684 3
10685 1
10686 5
10687 6
10688 6
10689 3
10690 1
10691 3
10692 4
10693 2
10694 3
10695 3
10696 2
10697 3
10699 3
10700 5
10701 2
10702 2
10703 2
10704 4
10705 1
10706 3
10707 3
10708 3
10709 1
10711 4
10712 4
10713 4
10715 1
10716 2
10718 1
10720 1
10721 2
10722 2
10723 5
10724 2
10725 3
10726 1
10727 2
10728 3
10730 4
10731 1
10732 6
10733 6
10734 4
10735 5
10737 1
10739 3
10740 2
10741 3
10742 4
10743 4
10744 4
10745 1
10746 2
10747 2
10748 2
10749 2
10750 3
10751 2
10752 2
10753 2
10754 1
10755 3
10756 3
10757 2
10758 1
10759 3
10760 3
10761 2
10762 1
10763 3
10764 2
10765 2
10766 4
10767 4
10768 5
10769 1
10770 2
10772 1
10774 4
10775 2
10777 2
10778 1
10779 5
10780 5
10781 2
10782 1
10783 4
10784 2
10785 2
10786 6
10787 6
10788 2
10789 1
10790 5
10791 5
10792 6
10793 3
10794 2
10795 1
10796 1
10797 2
10798 2
10799 8
10800 4
10801 4
10802 2
10803 6
10804 4
10805 1
10806 3
10807 3
10809 1
10810 5
10811 6
10812 2
10813 1
10814 4
10815 2
10816 3
10817 1
10818 1
10819 3
10820 1
10821 7
10822 5
10823 4
10824 1
10825 1
10826 1
10827 3
10829 2
10830 4
10832 1
10833 3
10834 2
10835 3
10836 1
10837 2
10838 2
10839 2
10840 1
10841 5
10842 5
10843 2
10844 1
10845 2
10846 6
10847 6
10848 5
10849 2
10850 5
10851 1
10853 4
10854 5
10855 5
10856 2
10857 4
10858 6
10859 2
10860 1
10861 1
10862 2
10863 1
10865 3
10866 5
10867 1
10868 1
10869 3
10870 4
10871 2
10873 1
10874 2
10875 1
10876 1
10877 7
10878 3
10879 3
10880 2
10881 4
10882 4
10883 2
10884 3
10885 2
10886 3
10887 2
10888 3
10889 5
10890 3
10891 5
10893 3
10894 2
10895 2
10897 3
10898 2
10899 3
10900 3
10901 6
10902 6
10903 3
10904 2
10905 3
10906 4
10907 3
10908 1
10909 5
10910 1
10911 2
10912 1
10913 2
10914 2
10915 1
10917 3
10919 1
10920 1
10921 4
10922 2
10924 2
10925 1
10926 1
10927 5
10928 2
10929 2
10930 1
10931 1
10932 2
10933 3
10934 4
10935 4
10936 4
10937 6
10938 4
10940 4
10941 2
10942 3
10943 1
10944 4
10945 4
10946 5
10947 2
10948 1
10949 1
10950 1
10951 1
10952 1
10953 3
10954 3
10956 2
10957 6
10958 5
10960 2
10961 2
10962 2
10963 2
10964 2
10965 2
10966 2
10967 2
10968 3
10969 3
10970 3
10971 4
10972 1
10973 5
10974 1
10975 2
10976 1
10977 7
10978 2
10979 1
10980 4
10981 3
10982 5
10983 3
10984 2
10985 3
10986 1
10987 1
10988 5
10989 4
10990 4
10991 4
10992 3
10993 6
10994 3
10995 4
10996 2
10997 2
10998 1
10999 2
11000 4
11001 7
11002 4
11003 1
11004 4
11005 3
11006 1
11007 3
11008 1
11009 2
11011 1
11012 3
11013 5
11014 1
11015 1
11016 3
11017 4
11018 2
11019 1
11021 2
11022 2
11023 2
11024 7
11025 2
11026 3
11027 1
11028 3
11029 1
11030 2
11031 2
11032 2
11033 2
11035 4
11036 5
11037 3
11038 3
11040 2
11041 2
11042 4
11043 3
11044 5
11045 2
11046 1
11047 3
11048 3
11049 5
11050 5
11051 4
11052 3
11053 2
11054 1
11055 2
11056 5
11057 6
11058 2
11059 3
11060 3
11061 4
11062 3
11063 1
11066 1
11068 5
11069 2
11070 2
11071 3
11072 5
11073 4
11074 1
11075 2
11077 1
11078 2
11079 4
11080 4
11081 3
11082 2
11083 3
11084 3
11085 1
11086 2
11087 1
11088 4
11089 1
11090 3
11091 8
11092 5
11093 5
11094 1
11095 3
11096 3
11097 2
11098 4
11099 2
11100 4
11101 4
11102 4
11103 3
11104 6
11105 3
11106 2
11107 3
11108 5
11109 1
11110 2
11111 4
11112 5
11115 3
11116 2
11117 2
11118 1
11120 1
11123 1
11124 3
11125 1
11126 2
11127 2
11128 1
11129 1
11130 2
11131 2
11132 3
11133 1
11134 1
11135 1
11136 3
11137 5
11138 4
11139 6
11140 3
11141 1
11142 2
11143 3
11144 3
11145 2
11146 4
11147 6
11148 6
11149 3
11150 2
11151 4
11152 2
11153 1
11154 2
11155 2
11156 5
11157 1
11158 3
11159 6
11160 3
11161 2
11162 1
11163 4
11164 1
11165 2
11166 2
11167 4
11168 1
11170 3
11171 5
11172 4
11173 1
11174 1
11175 3
11176 1
11177 1
11178 4
11179 2
11180 1
11182 6
11183 6
11184 6
11185 2
11186 2
11187 4
11188 4
11189 5
11190 5
11191 6
11192 4
11193 2
11194 6
11195 6
11196 5
11197 1
11198 5
11199 1
11200 3
11201 1
11202 4
11203 7
11204 3
11205 1
11206 3
11207 4
11208 4
11209 3
11210 3
11211 2
11212 1
11213 1
11214 2
11215 6
11216 3
11218 5
11219 2
11220 3
11221 1
11222 2
11223 1
11225 4
11226 6
11227 6
11228 2
11229 3
11230 1
11231 1
11232 1
11233 2
11234 2
11236 2
11237 2
11238 5
11239 6
11241 1
11242 3
11243 3
11244 2
11245 7
11246 5
11247 3
11249 3
11250 4
11251 5
11252 3
11253 3
11254 4
11255 2
11256 1
11257 2
11258 4
11259 6
11260 1
11261 3
11262 7
11263 4
11265 4
11266 2
11267 1
11269 1
11270 4
11271 2
11272 4
11273 4
11274 7
11275 4
11278 3
11279 2
11280 2
11281 5
11282 5
11283 3
11284 3
11285 5
11286 1
11287 1
11289 2
11290 1
11291 3
11292 3
11293 2
11294 3
11295 2
11296 2
11298 5
11299 1
11300 2
11301 3
11302 3
11303 3
11304 3
11305 7
11306 4
11307 2
11308 4
11309 5
11310 5
11311 3
11312 1
11313 3
11314 1
11315 3
11316 2
11317 3
11318 4
11319 1
11321 1
11322 1
11324 1
11325 5
11326 3
11327 2
11328 1
11329 3
11330 2
11331 3
11332 1
11333 3
11334 1
11335 1
11336 4
11337 2
11338 1
11339 4
11340 4
11341 5
11342 4
11343 2
11344 2
11345 2
11346 4
11348 3
11349 3
11350 7
11351 4
11352 2
11353 2
11354 3
11355 2
11356 1
11357 3
11358 3
11359 2
11360 4
11361 9
11362 7
11363 2
11364 3
11365 1
11366 4
11367 2
11368 3
11369 3
11370 3
11371 1
11372 3
11373 3
11374 2
11375 3
11377 2
11379 2
11380 5
11381 7
11382 1
11383 1
11384 3
11385 2
11386 6
11387 3
11388 2
11389 3
11390 4
11391 3
11392 6
11393 3
11394 3
11395 2
11396 4
11397 10
11398 6
11399 3
11400 2
11401 3
11402 1
11403 3
11404 3
11405 5
11406 5
11407 1
11408 3
11409 3
11410 1
11412 2
11413 3
11415 1
11416 5
11417 8
11418 2
11420 2
11421 3
11422 2
11423 2
11424 2
11425 2
11426 3
11427 1
11428 5
11429 4
11430 3
11431 2
11432 3
11433 3
11434 2
11435 1
11436 5
11437 1
11438 2
11439 2
11440 6
11441 5
11442 2
11443 2
11444 2
11445 3
11446 4
11447 5
11448 5
11449 3
11450 2
11451 2
11452 7
11453 6
11454 2
11455 2
11456 5
11457 3
11458 1
11459 2
11460 4
11461 3
11462 3
11463 1
11464 4
11465 2
11466 2
11467 1
11468 2
11471 1
11472 5
11473 3
11474 1
11475 3
11476 7
11477 6
11478 1
11479 2
11480 2
11481 1
11482 3
11483 4
11484 4
11485 3
11486 4
11487 4
11488 4
11489 2
11490 1
11491 1
11492 3
11493 2
11494 2
11495 4
11496 4
11497 6
11498 1
11499 3
11500 2
11501 2
11502 2
11503 4
11504 4
11505 3
11506 4
11507 3
11508 5
11509 1
11510 3
11511 3
11512 3
11513 3
11514 1
11516 4
11517 3
11519 2
11520 3
11521 3
11522 2
11523 2
11524 1
11527 4
11528 6
11529 2
11530 4
11532 6
11533 3
11534 2
11535 1
11536 1
11537 1
11538 2
11539 3
11540 2
11541 3
11542 3
11543 4
11544 5
11545 2
11546 1
11547 4
11548 3
11549 1
11550 6
11551 5
11552 6
11553 5
11554 3
11555 3
11556 6
11557 4
11558 2
11559 2
11560 4
11561 3
11562 2
11563 10
11564 6
11565 3
11566 1
11567 4
11568 3
11569 1
11570 2
11571 4
11572 3
11573 1
11574 4
11575 4
11576 3
11577 2
11578 1
11579 1
11580 2
11581 1
11582 2
11583 6
11584 2
11585 2
11586 4
11587 6
11588 2
11589 1
11590 2
11591 3
11592 4
11593 3
11594 4
11595 4
11596 1
11597 4
11598 2
11599 10
11600 6
11601 2
11602 3
11603 3
11604 3
11605 1
11606 8
11607 7
11608 2
11609 1
11610 3
11611 5
11612 3
11613 2
11614 2
11615 2
11616 2
11617 3
11618 5
11619 7
11620 4
11621 2
11622 4
11623 2
11624 1
11626 2
11627 4
11629 1
11630 5
11631 1
11632 1
11633 3
11634 1
11635 2
11637 2
11638 2
11640 1
11641 6
11642 6
11643 6
11644 2
11645 2
11646 4
11647 3
11648 5
11649 5
11650 7
11651 4
11653 5
11654 6
11655 5
11656 2
11657 4
11658 4
11659 2
11660 1
11661 4
11662 4
11663 4
11664 1
11665 2
11666 7
11667 3
11668 1
11669 4
11670 3
11671 3
11673 2
11674 3
11675 4
11676 3
11677 6
11678 4
11679 4
11680 1
11681 2
11682 2
11683 1
11684 1
11685 2
11686 5
11687 4
11688 3
11689 3
11690 2
11691 3
11695 4
11696 1
11697 4
11698 5
11699 5
11700 3
11701 2
11702 4
11703 2
11704 4
11705 2
11706 6
11707 4
11708 2
11709 5
11710 2
11711 2
11712 1
11713 3
11714 2
11715 3
11716 1
11717 3
11718 2
11719 1
11720 2
11721 3
11722 7
11723 1
11724 1
11725 2
11726 2
11727 2
11729 1
11730 3
11731 4
11732 3
11733 4
11734 6
11735 3
11737 4
11738 1
11739 1
11740 3
11741 6
11742 4
11743 2
11744 3
11745 2
11746 6
11747 3
11748 3
11749 1
11750 1
11752 1
11753 6
11754 8
11755 2
11756 1
11757 5
11758 6
11759 4
11760 4
11761 3
11762 3
11763 1
11764 3
11765 8
11766 8
11767 4
11768 4
11769 2
11770 3
11771 3
11772 1
11773 3
11774 3
11775 3
11776 2
11777 8
11778 4
11779 1
11780 1
11781 1
11783 1
11784 2
11785 5
11786 3
11787 2
11788 5
11789 2
11790 3
11791 2
11792 1
11793 2
11794 2
11795 5
11796 6
11797 4
11798 1
11799 2
11800 3
11801 7
11802 6
11803 2
11804 4
11805 2
11806 2
11807 2
11808 3
11809 4
11810 3
11811 2
11812 2
11813 3
11814 4
11815 3
11816 3
11817 3
11818 1
11819 1
11820 5
11821 10
11822 6
11823 2
11824 3
11825 2
11826 1
11827 1
11828 2
11829 1
11830 3
11831 1
11832 3
11833 4
11834 1
11836 2
11837 2
11838 3
11839 1
11840 2
11841 1
11842 3
11843 3
11844 6
11845 5
11846 2
11847 2
11848 2
11849 2
11850 6
11851 5
11852 4
11853 3
11854 2
11855 4
11856 7
11857 8
11858 2
11859 2
11860 2
11861 4
11862 2
11863 2
11864 3
11865 3
11866 2
11868 5
11869 3
11872 3
11873 3
11874 2
11875 5
11876 6
11877 2
11878 1
11879 2
11880 3
11881 5
11883 1
11884 2
11885 1
11886 1
11887 1
11888 6
11889 2
11890 2
11891 4
11892 3
11893 4
11894 1
11895 3
11896 3
11897 1
11898 3
11899 2
11900 7
11901 9
11902 4
11903 3
11904 2
11905 2
11906 1
11907 6
11908 5
11909 3
11910 2
11911 5
11912 7
11913 1
11914 1
11915 1
11916 4
11917 2
11918 2
11919 1
11920 4
11921 3
11923 1
11924 4
11925 2
11926 1
11927 2
11928 3
11930 1
11931 6
11932 4
11933 2
11934 2
11935 3
11936 5
11937 5
11938 4
11939 2
11940 2
11942 4
11943 3
11944 3
11945 3
11946 4
11947 6
11948 6
11949 4
11950 1
11951 5
11952 1
11954 2
11955 6
11956 7
11957 5
11958 4
11959 3
11960 3
11961 1
11962 4
11963 3
11964 3
11965 2
11966 2
11967 8
11968 5
11969 2
11971 5
11972 3
11973 2
11974 2
11975 4
11976 2
11977 2
11978 4
11979 4
11980 3
11981 2
11982 2
11983 3
11984 3
11986 3
11987 4
11988 5
11989 3
11990 3
11991 7
11992 4
11993 2
11994 1
11995 1
11996 3
11997 3
11998 7
11999 2
12000 2
12001 2
12002 3
12003 5
12004 6
12005 2
12006 4
12007 2
12008 2
12009 3
12010 4
12011 5
12012 4
12013 1
12014 4
12015 4
12016 7
12017 4
12018 3
12019 1
12020 1
12021 3
12022 5
12023 9
12024 4
12025 1
12026 4
12027 5
12028 2
12030 1
12031 1
12032 2
12033 2
12034 4
12035 1
12036 2
12037 2
12038 3
12039 3
12042 3
12043 2
12044 1
12045 7
12046 5
12047 7
12048 2
12049 2
12050 1
12051 3
12052 2
12053 4
12054 5
12055 4
12056 2
12057 4
12058 6
12059 6
12060 2
12061 2
12062 4
12063 3
12065 6
12066 4
12067 4
12068 2
12069 2
12070 4
12071 3
12072 5
12073 3
12074 3
12075 4
12076 2
12077 4
12078 5
12079 5
12080 2
12081 2
12082 3
12083 1
12084 1
12085 1
12086 3
12087 1
12089 2
12090 2
12091 2
12092 4
12093 1
12094 2
12095 2
12096 2
12097 2
12098 2
12099 3
12100 3
12101 3
12102 4
12103 8
12104 6
12105 4
12106 4
12107 1
12108 3
12109 3
12110 7
12111 4
12112 4
12113 6
12114 3
12115 5
12116 2
12117 2
12118 2
12119 2
12120 1
12121 4
12122 6
12123 2
12124 2
12125 4
12126 5
12127 2
12128 3
12129 2
12130 4
12131 3
12132 2
12133 5
12134 3
12135 3
12136 2
12137 3
12138 3
12139 7
12140 1
12141 3
12142 1
12143 2
12144 2
12145 7
12146 5
12147 1
12148 4
12149 3
12150 6
12151 5
12152 3
12154 3
12155 1
12156 4
12157 6
12158 9
12159 3
12160 2
12161 7
12162 5
12163 3
12164 2
12165 5
12166 4
12167 1
12168 3
12169 5
12170 7
12171 1
12172 4
12174 3
12175 3
12176 2
12177 3
12178 2
12179 1
12180 3
12181 7
12182 4
12183 1
12185 3
12186 2
12187 2
12188 1
12189 4
12190 4
12191 1
12192 7
12193 5
12194 5
12195 3
12196 2
12197 2
12198 4
12199 3
12200 6
12201 6
12202 2
12203 2
12204 2
12205 5
12206 5
12207 2
12208 2
12210 2
12211 1
12212 3
12213 7
12214 1
12215 2
12216 4
12217 6
12218 5
12219 5
12220 4
12221 4
12222 1
12224 5
12225 9
12226 8
12227 2
12228 4
12229 6
12230 1
12231 2
12232 1
12233 1
12234 1
12235 1
12236 6
12237 4
12238 2
12239 1
12240 3
12241 3
12242 2
12243 1
12245 3
12246 4
12247 5
12248 7
12249 3
12250 2
12252 3
12253 2
12254 3
12255 4
12256 5
12257 4
12258 2
12259 3
12260 4
12261 4
12262 4
12263 2
12264 3
12265 3
12266 2
12268 4
12269 1
12270 3
12272 6
12273 3
12274 4
12275 2
12276 4
12277 3
12278 1
12279 2
12280 6
12281 5
12282 4
12283 2
12284 2
12285 2
12286 1
12287 1
12288 1
12290 2
12291 1
12292 6
12293 4
12294 1
12295 1
12296 3
12297 3
12298 3
12299 3
12300 3
12301 2
12302 2
12303 5
12304 3
12305 8
12306 4
12307 2
12308 2
12309 1
12310 3
12311 3
12312 5
12313 4
12314 3
12315 4
12316 8
12317 7
12318 2
12319 3
12320 4
12321 2
12322 2
12323 3
12324 5
12325 3
12327 4
12328 6
12329 4
12332 4
12333 2
12334 3
12335 5
12336 5
12337 2
12338 3
12339 2
12340 3
12341 2
12342 3
12343 2
12344 2
12345 2
12346 3
12347 4
12348 6
12349 1
12350 3
12351 4
12352 5
12353 4
12354 4
12355 4
12356 3
12357 2
12358 2
12359 6
12360 6
12361 6
12362 2
12363 7
12364 5
12365 1
12366 4
12367 3
12368 4
12369 1
12370 4
12371 9
12372 6
12373 2
12374 1
12375 4
12376 3
12377 2
12378 2
12379 3
12380 4
12381 1
12382 2
12383 6
12384 3
12386 1
12387 3
12388 2
12390 4
12391 4
12392 3
12393 2
12394 3
12395 7
12396 2
12397 5
12398 1
12399 3
12400 3
12401 3
12402 4
12403 4
12404 3
12406 6
12407 5
12408 2
12409 2
12410 2
12411 1
12412 2
12413 4
12414 5
12415 6
12416 3
12417 2
12418 5
12419 6
12420 5
12421 4
12422 6
12423 2
12426 5
12427 6
12428 3
12429 1
12430 4
12431 3
12432 1
12433 3
12434 2
12435 1
12437 2
12438 3
12439 3
12440 3
12441 4
12442 3
12443 5
12444 2
12445 2
12446 3
12447 1
12448 2
12449 4
12450 7
12451 7
12452 2
12453 3
12454 1
12455 1
12457 4
12458 2
12459 5
12460 1
12461 4
12462 4
12463 4
12464 4
12465 1
12466 4
12467 3
12468 1
12469 4
12470 4
12471 8
12472 2
12473 3
12474 2
12475 5
12476 5
12477 6
12478 3
12479 3
12480 1
12481 3
12482 3
12483 6
12484 3
12485 1
12486 4
12487 3
12488 1
12489 1
12490 3
12491 2
12494 2
12495 5
12496 4
12497 2
12498 3
12499 3
12501 5
12502 3
12503 3
12504 4
12505 1
12506 6
12507 6
12508 4
12509 2
12510 3
12511 2
12512 2
12513 2
12514 5
12515 3
12516 3
12517 7
12518 6
12519 5
12520 2
12521 3
12522 5
12523 1
12524 1
12525 3
12526 5
12527 4
12528 1
12529 2
12530 6
12531 4
12532 3
12533 1
12534 5
12535 2
12536 2
12537 6
12538 5
12539 3
12541 4
12542 3
12543 3
12545 1
12546 1
12547 1
12548 3
12549 4
12550 2
12551 1
12553 4
12554 6
12555 3
12556 2
12557 4
12558 3
12559 4
12560 5
12561 5
12562 5
12563 4
12564 4
12565 7
12566 6
12567 3
12568 2
12569 4
12570 3
12571 4
12572 3
12573 7
12574 7
12575 3
12576 2
12577 2
12578 2
12579 1
12580 2
12581 5
12582 3
12584 2
12585 5
12586 4
12587 4
12589 1
12590 1
12591 3
12592 4
12593 4
12594 4
12595 1
12596 5
12597 5
12598 3
12599 3
12600 1
12601 3
12602 3
12603 2
12604 7
12605 3
12606 2
12607 2
12608 3
12609 3
12610 5
12611 2
12612 1
12614 4
12615 5
12616 5
12617 7
12618 2
12619 1
12620 5
12621 9
12622 5
12623 3
12624 4
12625 4
12627 1
12628 3
12629 4
12630 6
12632 2
12633 4
12636 3
12637 3
12638 1
12639 1
12640 2
12641 3
12642 2
12643 3
12644 3
12645 4
12646 2
12649 3
12650 3
12651 3
12652 6
12653 6
12654 4
12655 2
12656 4
12657 2
12658 1
12659 2
12660 4
12661 5
12662 3
12663 2
12664 3
12665 3
12666 2
12669 4
12671 3
12672 6
12673 6
12674 2
12675 3
12676 7
12677 2
12678 3
12679 2
12680 7
12681 4
12684 4
12685 4
12686 3
12687 2
12688 5
12689 4
12691 1
12692 3
12693 1
12695 3
12696 6
12697 4
12698 4
12700 5
12701 6
12702 3
12703 1
12704 4
12705 2
12706 1
12707 6
12708 5
12709 5
12710 2
12711 5
12712 3
12713 3
12714 1
12715 4
12716 4
12717 3
12718 1
12719 4
12720 7
12721 7
12722 2
12723 1
12724 3
12725 1
12726 1
12727 2
12728 5
12729 2
12731 7
12732 6
12733 5
12734 1
12735 3
12736 2
12737 2
12738 2
12739 4
12740 5
12741 3
12742 5
12743 1
12744 2
12745 2
12746 2
12748 1
12749 1
12750 2
12751 7
12752 6
12754 1
12755 4
12756 3
12757 4
12758 3
12759 3
12760 3
12761 2
12762 4
12763 4
12764 3
12765 5
12766 2
12767 4
12768 6
12769 5
12770 3
12771 3
12772 4
12773 1
12774 4
12775 9
12776 8
12777 4
12778 4
12779 3
12780 2
12781 2
12783 3
12784 3
12785 2
12786 3
12787 5
12788 7
12789 1
12791 3
12792 2
12794 3
12795 4
12796 5
12797 4
12798 4
12799 2
12800 2
12801 3
12802 1
12804 3
12805 4
12806 3
12807 4
12808 1
12809 2
12810 1
12811 5
12812 4
12813 2
12814 4
12815 1
12816 4
12817 5
12818 7
12819 4
12820 2
12821 2
12822 4
12823 8
12824 4
12825 2
12826 1
12827 4
12828 1
12829 1
12830 4
12831 5
12832 3
12833 2
12834 2
12835 2
12836 1
12837 1
12838 2
12839 2
12840 1
12842 3
12843 3
12844 1
12845 2
12846 2
12847 4
12848 2
12849 2
12850 3
12851 2
12852 2
12853 2
12854 5
12855 7
12856 4
12857 3
12858 2
12859 2
12860 1
12861 2
12862 3
12863 5
12864 2
12865 3
12866 3
12867 5
12868 4
12869 2
12870 3
12871 2
12872 3
12873 4
12874 7
12875 9
12876 5
12877 4
12878 3
12879 5
12880 2
12881 4
12882 4
12883 2
12885 2
12886 4
12887 2
12888 5
12890 5
12891 2
12892 5
12893 3
12894 4
12895 3
12897 2
12898 4
12899 6
12900 4
12901 3
12902 3
12903 7
12904 4
12905 5
12906 1
12907 1
12908 2
12909 3
12910 8
12911 5
12912 4
12913 3
12914 3
12915 2
12916 3
12918 4
12919 2
12920 1
12921 7
12922 7
12923 4
12924 1
12925 3
12926 3
12927 1
12928 3
12929 4
12930 7
12931 4
12932 2
12933 3
12934 7
12935 3
12936 3
12937 1
12938 3
12939 3
12940 1
12941 3
12942 4
12943 4
12945 5
12946 4
12947 3
12948 1
12949 2
12950 1
12951 1
12952 2
12953 2
12954 5
12955 2
12956 3
12957 3
12958 6
12959 2
12960 3
12961 3
12962 4
12963 3
12964 2
12965 6
12966 6
12967 1
12968 3
12969 3
12970 7
12971 4
12972 3
12973 1
12974 3
12975 2
12976 3
12977 7
12978 8
12979 3
12980 1
12981 3
12982 3
12983 1
12985 3
12986 4
12987 1
12988 2
12989 8
12990 8
12991 3
12992 2
12993 3
12994 2
12995 4
12996 2
12997 2
12998 5
12999 2
13000 5
13001 5
13002 3
13003 1
13005 1
13006 3
13007 1
13008 2
13009 2
13010 3
13011 2
13012 3
13013 4
13014 3
13015 1
13016 3
13017 2
13018 4
13019 6
13020 6
13021 8
13022 2
13023 1
13024 3
13025 7
13026 6
13027 2
13028 2
13029 4
13030 1
13031 1
13032 5
13033 3
13034 4
13036 2
13037 4
13039 1
13040 3
13041 4
13042 2
13043 2
13045 4
13046 5
13047 2
13048 3
13049 1
13050 3
13051 1
13052 3
13053 2
13054 2
13055 2
13056 4
13057 5
13058 3
13059 2
13060 4
13061 2
13062 2
13063 3
13064 2
13065 3
13066 6
13067 1
13068 3
13069 4
13070 5
13071 1
13072 2
13073 1
13074 4
13075 3
13076 8
13077 8
13078 4
13079 2
13080 6
13081 4
13082 3
13083 1
13084 4
13085 3
13086 2
13087 3
13088 3
13089 2
13090 2
13091 1
13092 4
13093 5
13096 5
13097 3
13098 2
13099 2
13100 4
13101 2
13102 4
13103 2
13104 2
13105 7
13106 4
13107 1
13108 2
13109 1
13110 1
13111 3
13112 8
13113 5
13114 2
13115 4
13116 4
13117 4
13118 2
13119 6
13120 3
13121 1
13123 3
13124 5
13125 5
13128 2
13129 2
13130 2
13131 4
13132 7
13133 3
13134 1
13135 5
13136 6
13137 4
13138 1
13139 4
13140 4
13141 2
13142 2
13143 2
13144 3
13145 1
13146 5
13147 1
13148 6
13149 2
13150 1
13151 2
13152 2
13154 3
13155 4
13156 5
13157 3
13158 2
13159 5
13160 3
13161 5
13162 2
13163 2
13164 3
13166 5
13167 5
13168 5
13169 2
13170 4
13171 5
13172 5
13173 4
13174 4
13175 4
13176 3
13177 3
13178 1
13179 7
13180 8
13181 3
13182 4
13183 3
13184 2
13186 2
13187 4
13188 2
13189 1
13190 4
13191 7
13192 7
13193 4
13194 1
13195 3
13196 2
13197 1
13198 1
13199 2
13200 3
13201 4
13202 3
13203 4
13204 2
13208 1
13209 2
13210 2
13211 3
13212 2
13213 4
13214 3
13215 4
13216 2
13217 1
13218 1
13219 3
13220 2
13221 4
13222 6
13223 3
13224 1
13226 3
13227 3
13228 5
13229 2
13230 3
13231 3
13232 2
13233 2
13234 3
13235 5
13236 2
13237 3
13238 1
13239 4
13240 2
13243 3
13244 3
13245 1
13246 4
13247 5
13248 4
13249 1
13250 2
13251 3
13252 2
13253 1
13254 4
13255 2
13256 2
13257 3
13258 1
13259 7
13260 3
13261 2
13262 1
13263 2
13264 3
13265 1
13266 4
13267 6
13268 2
13269 2
13270 3
13271 9
13272 7
13273 4
13274 2
13275 2
13276 3
13277 5
13278 7
13279 8
13280 5
13281 3
13282 2
13283 7
13284 3
13285 1
13286 2
13287 5
13289 3
13290 5
13291 4
13292 3
13294 2
13295 2
13296 4
13297 1
13298 3
13299 4
13301 5
13302 5
13303 4
13304 1
13306 1
13307 5
13308 3
13309 4
13310 2
13311 1
13312 2
13313 3
13314 5
13315 2
13316 3
13317 5
13318 4
13319 4
13320 3
13321 3
13322 4
13325 2
13326 5
13327 6
13328 4
13329 3
13330 3
13331 1
13332 1
13333 4
13334 8
13335 5
13336 2
13337 3
13338 6
13339 2
13341 1
13342 3
13343 2
13344 1
13345 3
13346 4
13347 1
13348 1
13349 3
13350 4
13351 4
13352 1
13353 1
13354 3
13355 2
13356 1
13357 5
13358 3
13359 4
13360 2
13361 3
13362 4
13363 5
13364 4
13365 2
13366 2
13367 3
13368 3
13369 7
13370 5
13371 4
13372 3
13373 5
13374 5
13375 4
13376 2
13377 3
13378 2
13379 2
13380 2
13381 6
13382 5
13383 1
13384 1
13385 3
13386 2
13387 4
13388 3
13389 3
13390 1
13391 1
13392 4
13393 7
13394 9
13395 1
13396 1
13397 3
13398 1
13399 3
13401 2
13402 1
13403 2
13404 4
13405 3
13406 2
13407 2
13408 1
13410 2
13412 1
13413 3
13414 4
13415 2
13416 4
13417 5
13418 3
13420 3
13421 2
13422 2
13423 2
13424 5
13425 6
13426 2
13427 1
13428 1
13429 4
13430 5
13431 2
13432 2
13433 4
13434 1
13436 4
13437 5
13438 4
13440 2
13441 4
13442 1
13443 3
13444 4
13445 3
13446 1
13447 2
13448 1
13449 7
13450 7
13451 3
13452 3
13453 3
13454 2
13455 2
13456 2
13457 3
13458 3
13459 2
13460 4
13461 6
13462 3
13463 1
13464 2
13466 1
13468 3
13469 5
13470 4
13471 4
13472 4
13473 7
13474 4
13475 5
13476 3
13477 1
13478 3
13479 2
13480 9
13481 7
13482 2
13483 1
13484 6
13485 4
13486 3
13487 2
13488 3
13489 2
13490 1
13491 3
13492 4
13493 5
13494 1
13495 1
13496 3
13497 4
13498 1
13500 2
13501 3
13502 2
13503 1
13504 7
13505 3
13506 3
13508 1
13509 2
13510 4
13511 3
13512 2
13513 2
13514 1
13515 4
13516 4
13517 3
13518 1
13519 4
13520 3
13521 4
13522 2
13523 3
13525 3
13527 3
13528 3
13529 6
13530 2
13531 3
13532 3
13533 3
13534 1
13535 3
13536 8
13537 4
13538 2
13539 4
13540 6
13541 4
13542 1
13543 2
13545 4
13546 2
13547 3
13548 3
13549 1
13550 2
13551 3
13552 5
13553 1
13554 1
13555 2
13556 2
13557 1
13558 3
13559 3
13560 5
13561 5
13562 1
13563 2
13564 1
13565 6
13566 3
13567 1
13568 3
13569 4
13570 5
13571 6
13572 5
13573 1
13574 3
13575 6
13576 6
13577 4
13578 6
13579 1
13580 1
13581 3
13582 1
13583 2
13584 5
13585 2
13586 1
13587 3
13588 3
13589 2
13590 3
13591 6
13592 2
13594 2
13595 5
13596 6
13597 4
13598 1
13599 1
13600 2
13601 1
13602 1
13605 2
13606 1
13607 4
13609 2
13610 1
13611 1
13612 1
13613 2
13614 1
13615 1
13616 3
13617 3
13618 5
13619 4
13620 1
13621 1
13623 3
13625 3
13626 3
13627 6
13628 3
13629 1
13630 3
13631 4
13632 3
13633 3
13634 3
13635 4
13636 3
13637 1
13638 1
13639 5
13640 1
13641 3
13643 4
13644 1
13645 2
13646 4
13647 4
13648 1
13650 3
13651 5
13652 8
13653 2
13654 3
13655 4
13656 3
13657 1
13658 3
13659 2
13661 4
13662 3
13663 6
13664 4
13665 2
13667 2
13668 2
13669 2
13670 4
13671 4
13672 2
13673 2
13674 6
13675 7
13676 6
13677 2
13678 2
13679 1
13681 4
13682 4
13683 5
13684 2
13685 3
13686 2
13687 4
13688 5
13689 1
13690 4
13691 3
13692 2
13693 3
13694 5
13695 5
13696 2
13698 3
13699 3
13700 3
13703 2
13705 5
13706 4
13707 5
13708 1
13709 2
13710 1
13711 3
13712 1
13713 3
13714 1
13716 4
13717 1
13718 4
13719 2
13720 1
13721 3
13722 2
13723 3
13724 1
13725 4
13726 5
13727 1
13728 1
13729 3
13730 6
13731 5
13732 6
13733 2
13734 5
13735 1
13736 1
13737 2
13738 6
13739 5
13740 1
13741 3
13742 8
13743 5
13745 1
13746 3
13747 2
13748 1
13749 4
13750 6
13751 2
13752 2
13753 2
13754 4
13755 4
13758 3
13759 3
13760 3
13761 4
13762 6
13763 3
13764 1
13765 2
13766 5
13767 2
13768 3
13769 1
13770 3
13771 4
13772 4
13773 3
13774 3
13775 3
13776 1
13777 5
13778 6
13779 3
13781 3
13783 1
13784 1
13785 4
13786 4
13787 2
13788 1
13789 4
13790 4
13791 3
13792 2
13793 4
13794 2
13795 1
13796 1
13797 3
13798 4
13801 1
13803 1
13805 3
13806 1
13807 1
13808 1
13809 3
13810 2
13811 2
13812 2
13813 1
13814 3
13816 4
13817 1
13818 2
13819 2
13820 3
13821 5
13822 3
13823 2
13824 2
13825 1
13826 2
13827 1
13828 4
13829 6
13830 5
13831 1
13832 4
13833 2
13834 4
13835 1
13836 3
13837 4
13838 1
13839 1
13840 3
13841 5
13842 6
13843 2
13844 1
13845 3
13846 4
13847 3
13848 7
13849 5
13850 3
13851 2
13852 3
13853 4
13854 5
13855 3
13856 2
13857 3
13858 2
13859 2
13860 3
13861 3
13862 2
13863 1
13864 2
13865 3
13866 7
13867 2
13868 1
13869 3
13870 2
13871 1
13872 4
13873 2
13874 2
13875 3
13876 6
13877 8
13878 4
13879 4
13880 1
13881 1
13882 1
13883 2
13884 5
13885 6
13886 2
13887 2
13888 5
13889 3
13890 1
13891 1
13892 2
13893 2
13896 5
13897 5
13900 1
13901 2
13902 2
13903 2
13904 2
13905 3
13906 1
13907 1
13908 5
13909 3
13910 4
13912 3
13913 2
13914 2
13916 2
13917 1
13919 5
13920 2
13921 2
13922 1
13924 1
13925 3
13927 1
13928 3
13929 3
13930 2
13931 4
13932 6
13933 4
13934 3
13935 4
13936 5
13937 3
13939 4
13940 5
13941 3
13942 3
13943 4
13944 7
13945 4
13946 3
13947 1
13948 2
13949 1
13950 1
13951 2
13952 6
13953 3
13954 2
13955 2
13956 5
13957 3
13958 2
13959 1
13961 1
13962 4
13963 3
13964 6
13965 3
13966 1
13967 2
13968 1
13969 2
13970 2
13972 3
13973 3
13974 4
13975 5
13976 3
13977 3
13979 4
13980 4
13981 2
13982 4
13983 1
13984 1
13985 1
13986 3
13987 3
13988 4
13989 1
13990 1
13991 4
13992 4
13993 2
13994 1
13995 3
13996 2
13997 1
13999 2
14000 3
14001 3
14003 1
14007 2
14008 3
14009 1
14010 1
14011 2
14012 1
14013 2
14014 2
14016 1
14017 2
14019 1
14020 4
14021 2
14022 1
14023 2
14024 3
14025 3
14027 2
14028 2
14029 2
14030 5
14031 6
14032 6
14033 2
14034 3
14035 5
14036 2
14037 3
14038 1
14039 2
14040 4
14042 1
14043 5
14044 6
14045 1
14046 1
14047 5
14048 3
14049 2
14050 4
14051 7
14052 3
14054 4
14055 4
14056 6
14057 2
14058 1
14059 3
14060 4
14061 1
14062 1
14063 4
14066 3
14067 5
14068 2
14069 2
14070 1
14071 3
14072 5
14073 4
14074 2
14075 2
14076 2
14077 1
14078 6
14079 6
14080 5
14082 2
14083 1
14084 1
14085 2
14086 5
14087 5
14089 2
14090 3
14091 4
14092 3
14093 1
14094 1
14095 2
14096 1
14097 1
14098 3
14099 4
14102 3
14103 1
14104 1
14105 1
14106 3
14107 2
14109 2
14110 3
14111 3
14112 1
14113 4
14114 1
14115 1
14116 2
14117 3
14120 2
14121 2
14122 4
14123 1
14125 1
14126 2
14127 3
14128 4
14129 4
14130 5
14131 3
14133 4
14134 8
14135 5
14136 4
14137 3
14138 3
14140 1
14141 3
14142 4
14143 4
14144 1
14145 4
14146 9
14147 4
14148 1
14149 3
14150 4
14151 3
14152 1
14153 1
14154 5
14155 2
14156 2
14157 4
14158 2
14159 4
14162 1
14163 3
14164 1
14165 2
14166 5
14167 4
14168 2
14169 3
14170 2
14171 1
14172 1
14174 1
14175 2
14176 3
14177 3
14178 2
14179 2
14181 1
14182 2
14183 1
14184 1
14185 4
14186 2
14187 1
14188 3
14189 5
14190 1
14191 1
14192 1
14193 4
14194 5
14195 1
14196 1
14198 2
14201 3
14202 5
14203 1
14204 1
14205 2
14206 1
14207 1
14209 2
14210 1
14211 4
14212 1
14213 3
14214 3
14216 1
14217 2
14218 2
14220 3
14221 2
14222 4
14223 1
14224 2
14225 3
14226 4
14227 2
14228 2
14229 1
14230 2
14231 2
14232 3
14233 6
14234 6
14235 1
14236 1
14237 3
14238 4
14240 2
14241 4
14242 1
14243 2
14244 5
14245 6
14246 6
14247 4
14248 1
14249 4
14250 6
14251 3
14252 3
14253 6
14254 3
14255 2
14256 1
14257 4
14258 2
14259 2
14261 4
14263 1
14264 3
14265 3
14266 2
14268 3
14269 2
14270 5
14271 2
14272 1
14273 3
14274 3
14275 5
14276 4
14279 1
14280 3
14281 6
14282 3
14283 2
14284 2
14285 1
14287 3
14288 3
14289 3
14290 1
14291 2
14292 3
14293 4
14294 1
14296 2
14297 1
14300 4
14301 5
14302 3
14304 3
14305 3
14306 2
14307 2
14308 3
14309 4
14310 2
14311 1
14312 2
14313 1
14314 4
14316 2
14317 2
14318 3
14319 1
14320 1
14321 1
14323 2
14324 1
14325 5
14326 2
14327 2
14328 1
14329 4
14330 2
14331 4
14332 2
14333 3
14334 2
14335 3
14336 8
14337 5
14338 3
14339 1
14340 3
14341 3
14342 1
14343 3
14344 1
14345 4
14346 1
14347 4
14348 5
14349 3
14350 1
14351 1
14352 2
14353 1
14354 1
14355 2
14356 2
14357 2
14358 1
14359 1
14360 4
14361 5
14362 1
14365 1
14366 3
14367 2
14368 2
14369 2
14370 2
14371 4
14372 1
14373 1
14376 1
14377 1
14378 2
14379 1
14380 1
14381 4
14382 1
14384 2
14386 2
14387 3
14388 2
14389 1
14390 3
14391 5
14392 4
14394 1
14395 3
14396 3
14397 2
14398 1
14399 1
14400 2
14401 2
14403 3
14404 2
14405 3
14407 2
14410 1
14411 2
14412 4
14413 1
14414 1
14415 1
14416 3
14417 3
14418 2
14421 2
14422 1
14423 4
14424 3
14425 4
14426 2
14427 4
14428 4
14429 3
14431 4
14432 2
14433 1
14434 5
14435 6
14436 5
14437 3
14438 1
14439 3
14441 3
14442 1
14443 3
14444 1
14445 2
14446 3
14447 8
14448 5
14449 1
14451 4
14452 6
14453 2
14454 2
14455 4
14456 2
14457 1
14458 4
14459 2
14460 2
14461 2
14463 1
14464 2
14465 1
14467 4
14468 1
14469 1
14470 2
14471 3
14472 1
14473 1
14475 1
14476 3
14477 2
14478 2
14480 1
14482 1
14483 4
14484 4
14485 1
14486 2
14487 2
14489 2
14490 5
14491 3
14492 1
14494 2
14495 3
14496 2
14502 3
14503 5
14504 1
14505 1
14506 3
14507 4
14508 1
14509 1
14510 2
14511 4
14512 2
14513 3
14514 1
14515 2
14516 1
14517 2
14519 2
14520 2
14521 1
14522 1
14523 3
14524 1
14525 3
14526 4
14527 3
14528 2
14529 2
14530 3
14531 3
14532 6
14533 3
14534 4
14535 3
14537 2
14538 5
14539 5
14540 1
14541 2
14542 5
14543 2
14544 1
14545 4
14546 2
14547 2
14548 2
14549 2
14550 7
14551 3
14552 2
14553 2
14554 2
14555 3
14558 4
14559 2
14560 1
14561 2
14562 3
14563 2
14564 1
14565 1
14567 2
14570 1
14571 2
14572 2
14573 2
14574 1
14575 1
14580 1
14581 1
14582 1
14583 2
14584 2
14585 2
14586 1
14587 1
14588 1
14589 2
14590 3
14591 1
14592 2
14593 4
14594 2
14597 2
14599 1
14600 2
14601 3
14602 1
14603 1
14605 4
14606 5
14607 1
14608 3
14609 3
14610 3
14611 1
14613 1
14614 2
14615 3
14616 2
14617 1
14618 3
14619 2
14620 1
14621 1
14622 1
14623 1
14624 2
14625 4
14626 4
14627 1
14628 4
14629 4
14630 5
14631 1
14632 3
14634 1
14635 1
14636 3
14637 4
14638 3
14639 1
14641 2
14642 5
14643 2
14644 3
14645 3
14646 2
14647 1
14648 7
14649 8
14650 5
14651 2
14652 2
14653 2
14654 4
14655 3
14657 1
14658 2
14659 1
14660 1
14661 5
14662 1
14665 1
14666 1
14667 1
14669 2
14670 1
14672 4
14673 1
14674 2
14677 1
14678 1
14679 3
14680 2
14681 2
14683 2
14684 1
14685 4
14686 1
14687 2
14688 2
14689 1
14691 1
14692 3
14693 3
14696 2
14697 3
14699 2
14700 2
14701 1
14703 1
14704 5
14705 6
14706 5
14707 1
14708 3
14709 3
14710 3
14712 1
14713 4
14714 2
14716 4
14717 3
14718 1
14719 1
14721 2
14722 3
14725 3
14726 2
14727 1
14728 3
14729 4
14730 2
14732 2
14733 3
14734 3
14735 4
14736 3
14737 1
14738 1
14739 2
14740 3
14741 2
14742 3
14743 2
14744 4
14745 4
14746 2
14747 1
14748 1
14749 1
14750 1
14752 5
14753 3
14755 1
14757 1
14758 1
14759 2
14760 1
14761 2
14762 2
14763 1
14764 4
14765 4
14770 1
14772 1
14774 1
14775 2
14777 2
14781 1
14783 1
14784 1
14785 3
14786 1
14787 1
14788 2
14791 2
14792 2
14793 1
14794 1
14795 3
14796 3
14797 2
14800 3
14801 2
14802 3
14803 3
14804 3
14805 1
14807 2
14808 3
14809 3
14811 1
14812 2
14814 2
14815 2
14816 2
14817 1
14818 1
14820 6
14821 4
14822 2
14823 1
14824 2
14825 3
14826 2
14827 2
14828 1
14829 4
14830 4
14831 5
14832 5
14833 3
14834 1
14835 2
14838 1
14839 2
14840 5
14841 2
14842 1
14843 2
14844 3
14845 1
14846 3
14847 2
14849 2
14850 3
14851 9
14852 4
14855 3
14856 4
14857 1
14858 1
14859 2
14860 1
14862 2
14863 2
14864 1
14868 1
14871 1
14873 1
14874 1
14875 2
14876 2
14877 2
14880 1
14881 1
14882 2
14883 1
14884 2
14885 1
14886 4
14887 2
14888 1
14890 3
14891 1
14893 1
14894 3
14895 1
14896 1
14898 1
14899 1
14900 1
14901 1
14902 2
14905 1
14906 5
14907 6
14908 1
14909 1
14910 3
14911 3
14912 1
14913 1
14914 1
14916 4
14917 3
14918 2
14919 2
14921 1
14923 1
14926 2
14927 3
14928 1
14929 3
14930 5
14931 4
14932 1
14933 1
14934 2
14935 1
14936 4
14937 3
14938 2
14939 1
14940 1
14941 2
14942 2
14943 4
14945 2
14946 5
14947 3
14949 4
14950 1
14951 1
14952 1
14954 3
14955 1
14956 2
14959 1
14962 4
14963 1
14965 1
14966 3
14967 2
14971 2
14975 1
14976 1
14981 1
14982 1
14984 2
14985 1
14986 2
14987 2
14988 2
14989 2
14990 1
14991 1
14993 2
14994 3
14996 1
14997 1
14998 4
14999 1
15001 2
15002 4
15003 1
15004 3
15005 4
15006 3
15007 3
15009 2
15010 4
15011 4
15012 2
15013 1
15014 3
15017 5
15018 3
15019 1
15021 1
15022 3
15023 3
15024 1
15025 1
15026 2
15027 2
15028 2
15029 2
15030 2
15032 3
15033 4
15034 5
15035 1
15036 1
15040 1
15041 2
15042 1
15043 1
15044 1
15045 3
15046 5
15047 2
15048 1
15049 1
15050 1
15052 3
15053 6
15054 3
15056 1
15057 1
15059 2
15060 1
15061 2
15064 1
15065 4
15066 1
15067 1
15070 1
15071 1
15076 2
15078 2
15081 1
15082 1
15083 1
15084 3
15085 1
15087 4
15088 2
15089 3
15091 2
15092 1
15095 1
15096 2
15097 2
15098 1
15100 3
15101 4
15102 2
15103 3
15104 4
15105 3
15107 2
15108 4
15109 7
15110 4
15111 1
15112 1
15113 1
15114 2
15117 2
15118 2
15120 3
15121 3
15123 2
15124 1
15125 2
15126 3
15129 2
15130 3
15131 3
15132 2
15133 3
15134 1
15136 1
15137 2
15138 1
15139 1
15140 2
15141 2
15142 1
15143 2
15144 1
15145 1
15146 1
15147 1
15148 2
15149 2
15150 1
15152 2
15156 2
15157 1
15158 1
15159 2
15160 1
15161 1
15164 1
15165 3
15166 1
15167 1
15168 1
15169 1
15176 3
15181 2
15184 1
15185 2
15186 1
15187 3
15188 1
15189 1
15191 2
15192 2
15194 1
15195 2
15196 2
15197 1
15198 1
15199 2
15200 5
15201 4
15203 3
15204 2
15205 3
15207 4
15208 4
15209 1
15211 2
15212 4
15213 1
15216 1
15217 2
15218 2
15219 3
15220 4
15221 2
15222 1
15223 1
15224 4
15225 4
15226 1
15227 1
15228 2
15229 3
15230 1
15231 4
15233 1
15234 2
15235 3
15236 2
15237 3
15238 1
15242 1
15244 1
15245 1
15247 4
15248 4
15249 1
15250 2
15253 1
15254 1
15255 5
15256 3
15257 1
15258 1
15259 1
15260 2
15262 1
15263 1
15267 3
15268 2
15272 1
15275 2
15276 2
15280 2
15281 2
15283 1
15284 2
15285 2
15286 1
15287 1
15289 1
15290 4
15291 2
15292 2
15298 1
15299 1
15300 1
15302 3
15303 4
15304 1
15305 2
15306 2
15307 3
15308 1
15309 1
15310 3
15311 4
15312 2
15313 1
15314 1
15315 2
15317 1
15319 1
15320 1
15321 1
15322 1
15323 3
15324 1
15325 2
15327 2
15328 2
15329 1
15330 1
15333 2
15334 3
15335 4
15340 1
15341 1
15342 1
15344 1
15345 3
15346 1
15347 2
15348 1
15350 2
15351 1
15353 2
15354 1
15355 1
15358 2
15360 1
15361 1
15362 1
15366 1
15368 1
15370 1
15371 1
15372 1
15378 1
15379 2
15380 1
15382 1
15383 1
15384 1
15385 2
15388 2
15389 2
15390 3
15391 2
15392 2
15396 1
15397 1
15398 1
15399 1
15400 2
15401 5
15402 4
15403 2
15405 3
15406 5
15408 3
15409 4
15410 3
15411 2
15414 1
15415 3
15418 2
15419 1
15421 4
15422 3
15423 1
15425 3
15426 2
15427 2
15428 1
15430 1
15431 1
15432 3
15434 1
15437 1
15438 2
15441 1
15443 1
15444 2
15445 1
15449 3
15450 3
15451 1
15456 1
15457 3
15458 3
15460 1
15461 2
15464 1
15466 1
15469 2
15470 1
15477 4
15478 1
15480 1
15481 1
15482 2
15485 1
15486 1
15487 2
15488 2
15491 1
15492 2
15493 3
15496 1
15497 1
15499 3
15500 2
15501 2
15502 2
15504 3
15505 5
15506 5
15507 1
15508 3
15509 3
15512 1
15513 4
15514 1
15516 2
15517 2
15519 1
15521 2
15522 2
15525 3
15526 2
15527 1
15528 1
15529 1
15530 2
15534 1
15535 1
15537 1
15538 1
15545 1
15546 1
15547 1
15548 1
15549 1
15550 1
15556 1
15557 2
15559 1
15560 2
15561 1
15562 1
15563 1
15564 3
15565 1
15569 2
15573 2
15576 1
15580 2
15581 1
15582 2
15583 1
15584 1
15585 2
15588 1
15589 1
15591 2
15592 2
15593 3
15595 1
15596 1
15597 1
15599 2
15600 2
15602 3
15603 4
15604 5
15605 2
15608 1
15609 3
15611 1
15612 3
15615 2
15616 2
15618 1
15620 2
15621 2
15622 2
15623 1
15624 3
15625 1
15626 2
15628 1
15629 3
15632 1
15633 1
15635 2
15639 1
15640 1
15641 2
15646 3
15647 1
15651 2
15652 1
15654 1
15658 1
15659 4
15660 2
15662 1
15664 1
15667 1
15671 2
15673 1
15676 2
15677 1
15679 3
15680 5
15681 1
15683 1
15684 1
15685 1
15687 1
15688 1
15689 1
15690 2
15694 2
15696 2
15698 1
15699 1
15700 1
15701 1
15702 3
15703 1
15704 1
15706 2
15707 5
15708 1
15709 2
15711 1
15712 1
15714 1
15716 3
15718 2
15719 2
15723 1
15726 2
15727 2
15729 1
15731 1
15732 1
15733 1
15735 1
15739 1
15749 1
15751 1
15752 1
15757 1
15758 1
15759 2
15762 3
15766 2
15767 1
15770 1
15771 2
15772 1
15774 1
15775 1
15776 2
15778 1
15781 1
15782 1
15783 2
15784 1
15786 1
15787 2
15788 2
15789 1
15792 1
15793 1
15794 3
15795 1
15796 2
15797 1
15798 2
15799 1
15800 2
15802 1
15803 1
15804 2
15805 4
15806 4
15807 3
15809 1
15810 3
15812 2
15813 1
15814 3
15817 3
15818 2
15819 1
15823 2
15825 1
15826 1
15829 2
15830 1
15831 1
15832 1
15836 1
15848 1
15849 1
15851 1
15855 1
15857 1
15860 2
15861 3
15862 1
15865 1
15867 1
15873 1
15874 1
15878 1
15881 2
15882 1
15883 1
15884 3
15885 1
15886 1
15887 1
15891 2
15894 1
15895 1
15897 2
15898 1
15900 2
15901 2
15903 3
15904 4
15905 3
15906 1
15908 1
15909 3
15910 4
15913 1
15917 1
15920 2
15921 2
15923 2
15925 1
15926 1
15929 2
15930 3
15936 1
15955 1
15956 1
15958 1
15959 1
15960 3
15961 2
15964 1
15965 3
15968 2
15971 1
15972 2
15973 1
15976 2
15977 2
15980 2
15981 1
15984 1
15985 2
15986 1
15987 1
15989 1
15991 2
15995 1
15996 1
15997 3
15999 1
16000 3
16001 2
16003 2
16007 3
16008 4
16009 1
16013 1
16016 1
16017 1
16019 3
16020 4
16021 1
16024 1
16025 1
16026 1
16030 1
16032 1
16033 1
16045 1
16050 2
16055 1
16056 1
16058 2
16062 1
16063 2
16064 1
16071 1
16072 1
16075 3
16076 2
16077 2
16080 1
16081 2
16083 1
16084 3
16085 2
16087 1
16092 1
16097 1
16098 1
16099 1
16100 1
16103 1
16105 2
16106 2
16107 3
16110 1
16111 1
16113 1
16123 1
16124 1
16130 1
16132 1
16133 1
16135 1
16139 1
16152 1
16158 1
16161 1
16162 2
16163 1
16166 1
16168 1
16171 1
16172 1
16173 1
16174 2
16175 2
16178 1
16179 2
16180 1
16182 1
16183 1
16185 2
16188 1
16191 2
16192 2
16196 1
16198 1
16200 1
16201 2
16202 3
16203 1
16204 1
16205 1
16209 2
16210 1
16211 2
16218 1
16221 3
16222 3
16223 1
16227 1
16230 1
16235 1
16255 1
16256 1
16257 2
16258 1
16259 1
16261 1
16264 1
16265 1
16266 1
16273 1
16277 4
16278 2
16285 1
16287 1
16288 2
16298 1
16299 1
16301 2
16302 2
16304 1
16305 1
16307 1
16308 3
16309 3
16314 1
16321 1
16325 1
16327 1
16333 1
16334 1
16342 1
16346 1
16356 1
16357 1
16359 2
16360 1
16362 1
16363 1
16364 4
16365 1
16369 2
16373 2
16375 1
16376 3
16377 1
16380 2
16381 1
16382 2
16384 1
16385 1
16388 1
16389 1
16393 2
16395 1
16399 2
16401 1
16403 1
16404 2
16405 1
16412 1
16423 1
16424 3
16425 1
16431 1
16432 1
16436 1
16454 1
16458 1
16459 2
16460 2
16462 1
16467 1
16471 1
16473 1
16475 2
16476 2
16479 3
16480 5
16481 1
16485 1
16489 1
16496 1
16501 1
16502 1
16503 1
16504 1
16509 1
16511 1
16512 1
16523 1
16530 1
16531 1
16535 1
16536 2
16547 1
16556 2
16557 1
16558 1
16559 1
16562 1
16566 2
16567 1
16570 1
16571 1
16572 1
16574 1
16576 2
16578 2
16579 1
16583 2
16589 1
16592 1
16595 1
16596 2
16600 2
16602 1
16605 1
16606 1
16609 1
16625 1
16626 1
16631 1
16633 1
16634 1
16647 1
16651 1
16655 1
16657 1
16660 1
16661 2
16662 1
16673 1
16674 1
16677 1
16678 1
16681 2
16682 1
16683 1
16694 1
16700 1
16705 1
16706 1
16713 1
16725 1
16732 1
16733 1
16750 1
16755 1
16760 2
16761 2
16763 1
16768 2
16771 1
16772 2
16773 1
16777 2
16780 3
16781 1
16786 1
16797 2
16803 2
16835 1
16848 1
16858 2
16863 1
16864 1
16871 1
16875 1
16877 2
16879 1
16880 1
16883 1
16884 3
16897 1
16932 1
16934 1
16935 2
16939 1
16940 1
16951 1
16952 1
16960 1
16962 1
16963 1
16971 1
16973 1
16974 2
16975 2
16980 1
16982 1
16983 1
17000 1
17004 1
17030 1
17035 1
17051 2
17055 1
17059 1
17061 1
17065 1
17073 1
17078 1
17085 1
17087 1
17098 1
17104 1
17106 1
17133 1
17137 1
17142 1
17146 1
17159 2
17164 1
17165 1
17175 1
17176 2
17177 1
17181 1
17184 1
17185 1
17201 1
17231 1
17232 1
17262 1
17275 2
17276 1
17281 1
17301 1
17330 1
17331 1
17336 2
17339 1
17347 1
17356 2
17362 1
17378 1
17379 1
17433 1
17434 1
17447 1
17455 1
17477 1
17478 1
17510 1
17532 1
17533 1
17550 1
17563 1
17580 1
17635 1
17648 1
17679 1
17680 1
17734 1
17735 2
17740 1
17751 1
17760 1
17851 2
17906 1
17937 1
18139 1
18255 1
18310 1
End
