NMec = 95584
T = 16
P = 3
Profits not ignored
Valid tasks:                                                            19627
Solution time = 3.895e-04
Task data
    0  18  2073 0
    1  13  1429 -1
    4  15  2472 1
    4  21  3886 2
    5  17  1305 -1
   12  28  1387 -1
   18  39  4547 1
   19  23  1019 -1
   21  30  1524 0
   24  35  2944 2
   25  43  1688 -1
   29  35   980 -1
   31  52  2335 0
   34  40   758 -1
   36  44  1702 2
   39  46  1585 -1
Best profit: 21483
All profits:
0 1
758 1
980 1
1019 1
1305 1
1387 1
1429 1
1524 1
1585 1
1688 1
1702 1
1738 1
1777 1
1999 1
2063 1
2073 1
2145 1
2187 1
2282 1
2285 1
2324 1
2335 1
2343 1
2367 1
2406 1
2409 1
2446 1
2448 1
2460 1
2472 1
2504 1
2543 1
2565 1
2604 1
2668 1
2682 1
2692 1
2707 1
2721 1
2734 1
2757 1
2816 1
2829 1
2831 1
2890 1
2911 1
2944 1
2953 1
2972 1
2993 1
3007 1
3014 1
3043 1
3053 1
3075 1
3082 1
3089 1
3092 1
3093 1
3109 1
3117 1
3125 1
3131 1
3164 1
3167 1
3206 1
3212 1
3226 1
3230 1
3262 1
3273 1
3287 1
3301 1
3304 1
3315 1
3323 1
3354 1
3362 1
3378 1
3386 1
3390 1
3426 1
3428 1
3440 1
3450 1
3452 1
3460 1
3465 1
3479 1
3491 1
3492 1
3502 1
3523 1
3574 1
3584 1
3587 1
3597 1
3640 1
3648 1
3658 1
3669 1
3672 1
3687 1
3701 1
3702 1
3711 2
3714 1
3722 1
3730 1
3751 1
3753 1
3761 1
3764 1
3765 1
3772 1
3775 1
3777 1
3796 1
3809 1
3811 1
3833 1
3835 1
3847 1
3848 1
3850 1
3859 2
3867 1
3870 1
3875 1
3886 1
3889 1
3891 1
3901 1
3909 1
3920 1
3924 1
3930 1
3933 1
3952 1
3963 1
3970 1
3972 1
3973 1
3984 1
3987 1
3991 1
3994 1
3996 1
4012 1
4023 1
4026 1
4031 1
4033 1
4037 1
4045 1
4055 1
4057 1
4062 1
4069 1
4072 1
4073 1
4089 1
4094 1
4097 1
4108 1
4111 1
4112 1
4121 1
4128 1
4136 2
4144 1
4148 1
4150 1
4160 1
4174 1
4186 1
4192 1
4206 1
4210 1
4216 1
4218 1
4231 1
4245 1
4249 2
4253 1
4258 1
4260 1
4267 1
4277 1
4281 1
4292 1
4306 1
4319 1
4331 1
4334 1
4340 1
4342 1
4355 1
4358 1
4370 1
4373 1
4380 1
4394 1
4397 1
4398 1
4401 1
4408 1
4409 1
4414 1
4416 1
4422 1
4430 1
4436 1
4440 1
4445 1
4459 1
4468 1
4469 1
4471 1
4472 1
4479 1
4480 1
4482 1
4496 1
4504 1
4511 1
4517 1
4518 1
4519 1
4521 1
4522 1
4529 1
4531 1
4533 1
4535 1
4538 1
4545 1
4547 1
4554 1
4567 1
4577 1
4578 1
4592 1
4593 1
4599 1
4606 1
4613 1
4616 1
4617 2
4620 1
4628 1
4632 1
4638 1
4641 1
4644 1
4646 1
4649 1
4655 1
4659 2
4660 1
4667 1
4674 1
4677 1
4678 1
4682 1
4688 1
4691 2
4695 1
4702 2
4710 1
4716 1
4721 1
4730 1
4731 1
4733 1
4741 2
4744 1
4745 1
4749 1
4752 1
4754 1
4755 1
4757 1
4765 1
4770 1
4777 1
4780 1
4781 1
4783 1
4784 1
4791 1
4794 1
4795 1
4796 1
4797 1
4807 2
4811 1
4813 1
4815 2
4819 1
4827 1
4828 1
4830 1
4839 2
4847 1
4852 1
4855 1
4866 2
4869 1
4878 2
4879 1
4881 1
4886 1
4889 2
4894 1
4900 1
4902 1
4905 1
4908 1
4910 1
4914 1
4918 1
4920 1
4932 1
4939 1
4943 1
4950 1
4952 1
4963 1
4964 1
4971 1
4974 1
4975 1
4976 1
4984 1
4989 1
4992 1
5003 2
5006 1
5007 1
5011 1
5013 1
5015 1
5016 1
5017 2
5025 1
5026 1
5027 1
5035 1
5037 1
5042 1
5045 1
5050 1
5056 1
5064 1
5066 1
5069 1
5074 1
5076 1
5077 1
5080 1
5087 1
5088 1
5089 1
5092 1
5098 1
5101 1
5108 1
5116 2
5128 1
5130 1
5131 1
5138 1
5140 2
5148 1
5151 1
5152 1
5154 1
5155 1
5159 1
5162 1
5164 2
5166 1
5167 1
5172 1
5179 1
5180 1
5182 1
5190 1
5191 1
5193 1
5194 1
5196 1
5198 1
5204 1
5206 1
5211 1
5225 2
5226 1
5229 2
5235 1
5237 1
5238 1
5240 1
5246 1
5254 1
5257 1
5262 1
5268 1
5272 1
5273 1
5275 1
5276 1
5277 1
5279 2
5285 1
5286 1
5287 1
5288 2
5289 1
5296 2
5299 2
5301 1
5303 1
5305 1
5307 1
5311 1
5315 1
5320 1
5328 1
5335 1
5336 1
5338 1
5342 1
5346 1
5349 1
5350 2
5353 1
5357 1
5359 1
5360 2
5362 1
5371 1
5374 2
5377 1
5378 1
5381 1
5383 1
5388 1
5389 1
5390 1
5392 1
5394 1
5396 1
5399 2
5402 1
5404 1
5410 2
5413 2
5416 2
5417 1
5418 1
5420 1
5424 1
5425 1
5427 1
5432 1
5433 1
5435 1
5441 1
5444 2
5448 1
5449 1
5452 1
5453 1
5455 1
5459 1
5460 2
5463 1
5465 1
5466 1
5471 1
5474 1
5476 1
5479 1
5484 1
5486 1
5487 1
5491 1
5497 1
5498 1
5499 2
5501 1
5502 1
5509 1
5511 1
5513 1
5515 2
5518 1
5523 2
5525 1
5527 1
5535 1
5536 1
5537 1
5538 1
5541 1
5547 2
5548 1
5550 1
5552 1
5554 1
5555 1
5557 1
5558 1
5561 2
5564 1
5565 2
5566 1
5569 1
5572 1
5573 1
5574 1
5577 1
5579 1
5581 1
5586 1
5588 1
5589 1
5593 1
5596 1
5597 3
5603 1
5608 1
5611 1
5612 1
5618 1
5621 1
5622 1
5624 1
5626 1
5632 1
5635 1
5636 3
5639 2
5640 1
5645 1
5647 2
5651 1
5654 1
5657 1
5658 1
5660 2
5663 1
5665 1
5668 1
5672 1
5674 1
5675 1
5678 2
5679 1
5682 1
5684 1
5693 1
5696 1
5697 1
5698 1
5701 1
5706 1
5710 1
5713 1
5714 1
5721 3
5725 1
5729 1
5734 1
5735 1
5742 1
5745 2
5750 1
5757 1
5759 1
5760 2
5763 1
5764 1
5771 1
5773 2
5774 1
5775 2
5776 1
5777 1
5784 2
5785 1
5787 2
5791 1
5795 2
5796 1
5799 1
5800 1
5801 1
5803 1
5809 1
5814 1
5816 1
5823 1
5824 1
5826 2
5827 1
5830 1
5832 1
5834 2
5837 1
5838 2
5843 1
5845 1
5846 1
5850 1
5852 1
5855 1
5858 2
5859 1
5862 1
5866 1
5869 1
5874 1
5882 1
5885 1
5888 1
5894 1
5897 1
5898 2
5900 1
5904 1
5906 1
5908 1
5909 1
5912 1
5916 1
5918 1
5919 1
5920 1
5921 1
5922 2
5925 1
5932 2
5933 1
5934 1
5937 2
5940 1
5943 1
5946 1
5948 1
5949 1
5951 2
5954 1
5955 1
5958 1
5959 1
5960 1
5962 1
5964 2
5965 1
5969 1
5974 1
5976 1
5979 1
5982 1
5983 2
5987 1
5993 2
5994 1
5995 1
5996 1
5997 1
6003 1
6004 1
6006 1
6007 2
6015 1
6019 1
6021 1
6022 1
6025 1
6026 1
6028 1
6030 1
6031 1
6033 1
6035 1
6036 2
6037 1
6042 1
6043 1
6044 1
6045 1
6046 4
6049 1
6053 1
6054 1
6056 1
6057 2
6059 1
6060 1
6061 1
6064 1
6065 1
6067 1
6069 2
6071 1
6073 1
6075 1
6078 1
6082 1
6085 1
6086 1
6088 1
6089 1
6096 2
6099 1
6100 1
6102 1
6103 1
6104 1
6106 1
6107 1
6108 1
6110 1
6111 1
6112 1
6116 1
6117 1
6118 2
6120 2
6124 1
6128 1
6130 1
6131 1
6132 2
6135 1
6139 1
6141 1
6142 1
6144 2
6146 1
6147 1
6150 1
6152 1
6156 1
6157 1
6159 1
6160 1
6162 1
6167 1
6168 2
6170 3
6171 2
6173 1
6174 2
6178 1
6181 1
6182 1
6183 3
6184 2
6185 1
6186 1
6191 1
6194 1
6198 1
6199 1
6201 1
6202 2
6205 1
6206 2
6209 1
6210 2
6213 1
6215 1
6217 2
6219 1
6221 2
6223 2
6224 1
6225 1
6226 2
6229 1
6231 1
6233 1
6234 1
6235 1
6236 1
6237 1
6240 1
6242 1
6244 2
6245 1
6247 1
6248 1
6249 1
6253 1
6255 1
6256 1
6257 1
6259 2
6265 2
6267 1
6268 2
6269 1
6273 1
6276 2
6279 1
6280 1
6281 2
6283 1
6285 1
6287 1
6289 1
6292 1
6294 1
6295 2
6298 1
6301 1
6304 1
6305 2
6306 1
6307 2
6308 2
6315 1
6316 1
6318 2
6319 2
6320 1
6322 3
6324 1
6326 2
6329 1
6330 2
6331 2
6332 1
6334 2
6337 1
6339 2
6340 1
6342 1
6343 1
6346 1
6347 2
6350 1
6351 1
6354 1
6355 1
6358 1
6361 2
6362 1
6363 1
6365 1
6368 1
6369 1
6372 1
6376 1
6379 3
6381 1
6384 1
6390 3
6392 2
6393 2
6394 1
6396 1
6397 1
6398 1
6400 1
6402 1
6403 1
6404 3
6405 1
6407 1
6409 1
6412 1
6413 2
6415 1
6418 1
6421 1
6423 1
6424 2
6429 2
6432 2
6433 1
6435 2
6436 1
6437 1
6440 1
6442 1
6443 2
6444 1
6445 1
6446 2
6451 2
6453 1
6454 1
6456 2
6459 1
6463 2
6464 1
6466 1
6467 2
6471 2
6472 1
6474 1
6479 2
6482 1
6484 1
6485 1
6487 1
6490 1
6493 1
6495 3
6498 1
6499 1
6503 3
6505 1
6509 2
6515 1
6516 1
6517 2
6518 2
6521 1
6527 2
6528 1
6530 1
6531 1
6532 1
6534 1
6535 1
6537 1
6541 3
6542 1
6544 1
6545 2
6546 1
6549 1
6551 1
6553 1
6554 2
6557 1
6559 1
6561 1
6566 2
6567 1
6568 1
6569 2
6574 1
6577 2
6578 1
6580 2
6581 1
6583 1
6584 3
6588 2
6590 1
6591 2
6592 1
6593 2
6595 1
6596 1
6598 1
6600 1
6601 1
6602 2
6604 1
6607 1
6608 2
6610 1
6611 1
6612 2
6613 1
6616 3
6620 3
6622 1
6625 1
6627 2
6631 1
6640 2
6641 1
6643 1
6645 1
6651 1
6652 1
6654 2
6655 2
6658 2
6659 1
6662 1
6664 2
6665 1
6666 2
6672 1
6673 1
6674 1
6675 1
6676 1
6677 1
6678 1
6679 1
6683 1
6686 2
6688 1
6690 2
6691 1
6692 1
6693 1
6694 1
6695 1
6697 1
6701 2
6702 1
6703 1
6704 1
6705 2
6708 1
6709 1
6714 1
6715 3
6716 1
6717 2
6718 1
6719 1
6721 1
6722 1
6723 1
6725 2
6728 1
6729 1
6730 1
6732 2
6733 1
6734 1
6736 1
6737 1
6739 1
6740 2
6744 1
6747 1
6749 2
6751 1
6753 2
6755 1
6757 1
6761 1
6764 3
6765 2
6768 1
6771 1
6775 2
6776 2
6777 1
6778 1
6779 2
6781 1
6783 1
6786 1
6789 2
6791 2
6792 1
6794 2
6796 1
6797 1
6800 1
6803 4
6804 2
6806 2
6807 1
6810 1
6811 1
6812 1
6814 3
6817 1
6818 2
6819 1
6820 1
6822 1
6823 1
6825 1
6827 1
6828 1
6829 1
6830 2
6831 1
6832 1
6833 1
6835 1
6839 2
6840 1
6842 2
6843 1
6845 1
6846 1
6847 1
6850 1
6852 2
6853 2
6854 1
6856 1
6857 1
6858 1
6860 1
6861 1
6862 1
6864 2
6866 2
6868 1
6869 1
6870 2
6871 1
6873 2
6874 2
6877 1
6878 1
6879 1
6880 1
6881 1
6882 2
6884 2
6886 2
6888 2
6889 1
6890 1
6892 1
6893 1
6894 1
6896 1
6898 1
6900 2
6901 1
6902 2
6905 1
6908 1
6912 2
6913 2
6914 2
6916 1
6917 2
6920 1
6923 1
6925 1
6926 1
6927 1
6928 3
6929 1
6931 2
6934 1
6935 1
6937 1
6938 1
6939 2
6940 2
6941 2
6942 2
6944 2
6945 1
6948 1
6951 2
6952 1
6953 1
6954 1
6956 3
6959 2
6961 1
6962 1
6963 1
6964 1
6965 1
6967 2
6968 2
6970 1
6973 2
6974 1
6975 2
6976 2
6977 2
6978 1
6979 2
6981 2
6983 2
6984 3
6987 2
6989 2
6990 2
6991 1
6993 2
6994 1
6995 3
6998 2
6999 1
7001 2
7002 1
7003 2
7005 1
7006 1
7007 1
7008 1
7009 1
7010 1
7011 1
7012 1
7013 1
7015 1
7016 1
7017 1
7019 1
7022 1
7023 2
7025 1
7026 4
7030 1
7033 1
7034 1
7037 2
7038 1
7039 1
7040 1
7041 1
7044 1
7045 1
7047 2
7048 1
7049 1
7050 2
7051 2
7052 1
7053 1
7055 1
7056 1
7059 1
7061 1
7062 2
7064 1
7065 4
7068 1
7069 1
7071 1
7072 1
7076 3
7078 1
7079 1
7080 3
7082 1
7083 1
7084 2
7085 1
7086 1
7087 1
7088 2
7089 2
7090 2
7092 3
7094 1
7096 1
7097 1
7098 2
7100 2
7101 2
7104 2
7105 1
7108 2
7110 1
7112 3
7113 1
7115 1
7116 1
7118 1
7119 1
7121 2
7122 1
7123 1
7126 1
7127 1
7129 1
7130 1
7131 1
7132 2
7135 1
7137 2
7139 1
7142 1
7143 1
7146 2
7147 1
7148 1
7149 1
7150 4
7151 2
7154 2
7158 1
7159 1
7160 2
7161 1
7162 2
7163 3
7164 1
7165 1
7167 1
7171 2
7173 1
7174 2
7175 1
7178 1
7179 1
7181 1
7182 2
7186 1
7187 2
7188 1
7189 2
7190 1
7193 2
7197 1
7199 1
7201 3
7202 2
7203 3
7204 2
7205 1
7206 1
7209 1
7211 2
7213 2
7214 1
7215 1
7216 1
7217 2
7220 1
7221 3
7224 3
7225 3
7227 1
7229 2
7230 1
7232 1
7236 1
7237 1
7238 1
7239 1
7240 2
7242 1
7243 1
7245 3
7248 1
7249 2
7250 1
7252 1
7253 3
7254 1
7255 1
7256 1
7259 1
7260 1
7261 1
7263 2
7264 1
7266 1
7267 2
7268 1
7269 2
7272 1
7274 1
7275 1
7276 1
7278 1
7281 2
7283 1
7284 2
7285 1
7286 1
7287 2
7288 1
7291 1
7295 1
7298 2
7299 4
7300 1
7302 2
7304 1
7306 1
7308 1
7309 1
7311 2
7312 1
7314 2
7319 2
7320 1
7323 1
7324 3
7326 1
7327 3
7330 1
7333 1
7335 2
7336 1
7338 4
7341 3
7342 2
7345 2
7346 1
7347 1
7348 2
7349 2
7350 2
7351 2
7352 1
7353 1
7356 1
7358 2
7359 1
7360 1
7361 2
7362 2
7363 1
7365 1
7366 2
7369 2
7370 2
7372 2
7374 2
7376 1
7377 1
7378 2
7380 3
7381 1
7382 1
7383 1
7384 2
7386 1
7388 1
7393 1
7394 1
7398 1
7401 1
7403 1
7408 1
7409 3
7411 2
7412 2
7413 1
7415 2
7416 1
7417 1
7422 3
7423 4
7424 2
7426 1
7430 1
7431 1
7432 1
7433 2
7435 1
7436 2
7437 1
7440 1
7443 2
7444 2
7446 1
7447 2
7448 1
7451 2
7452 1
7454 1
7455 1
7456 1
7458 1
7459 1
7460 1
7461 2
7462 2
7463 1
7464 1
7465 2
7466 1
7467 1
7470 1
7472 2
7473 3
7475 5
7477 1
7478 1
7479 2
7482 1
7483 4
7485 1
7486 2
7487 1
7488 1
7489 4
7490 1
7491 2
7493 1
7494 1
7497 2
7498 2
7499 1
7500 1
7503 1
7505 1
7506 1
7507 2
7511 2
7514 2
7515 1
7517 2
7518 1
7519 1
7521 1
7522 3
7525 1
7526 2
7528 2
7529 1
7531 2
7533 2
7534 2
7536 2
7537 1
7538 1
7539 2
7540 1
7541 1
7544 1
7545 1
7546 2
7547 2
7549 2
7550 1
7552 1
7554 2
7555 1
7557 2
7558 1
7559 1
7560 3
7561 4
7564 3
7568 1
7570 3
7571 1
7572 2
7573 2
7575 1
7576 1
7578 1
7580 1
7581 1
7582 1
7584 1
7585 1
7586 1
7587 1
7588 4
7589 1
7590 1
7591 1
7592 1
7593 1
7596 1
7597 3
7599 1
7600 4
7602 1
7603 2
7604 1
7606 1
7607 1
7608 2
7609 1
7610 3
7611 2
7612 1
7613 1
7614 1
7616 1
7618 1
7620 3
7621 2
7622 2
7623 2
7624 2
7627 2
7628 1
7629 1
7630 1
7631 4
7632 1
7634 3
7635 2
7636 2
7637 1
7638 1
7639 4
7640 1
7642 2
7644 2
7645 1
7646 3
7647 1
7648 1
7650 2
7651 1
7652 2
7654 2
7655 1
7656 2
7658 1
7659 1
7660 1
7661 1
7662 1
7663 2
7664 1
7666 2
7667 1
7668 1
7670 3
7671 1
7672 1
7673 1
7674 1
7676 1
7677 1
7678 1
7681 2
7682 1
7683 1
7684 2
7685 2
7688 1
7689 1
7691 1
7692 1
7693 1
7694 2
7695 4
7696 1
7697 3
7698 2
7699 1
7701 1
7702 1
7703 1
7705 2
7706 1
7707 1
7708 1
7709 5
7710 1
7711 1
7712 2
7713 1
7714 2
7716 1
7717 1
7718 1
7719 1
7720 1
7721 2
7723 1
7724 2
7726 1
7727 2
7728 1
7729 2
7730 1
7731 1
7733 2
7734 4
7735 1
7736 1
7737 2
7738 1
7739 1
7740 1
7741 2
7742 1
7744 1
7745 4
7747 2
7748 4
7749 1
7751 4
7752 1
7753 2
7755 3
7756 2
7757 1
7758 1
7759 4
7760 1
7761 2
7763 1
7766 2
7768 3
7769 1
7770 1
7771 3
7772 1
7773 1
7774 1
7775 1
7776 1
7777 2
7779 1
7780 1
7783 3
7784 2
7787 2
7790 1
7791 2
7792 1
7794 2
7795 1
7796 1
7798 2
7800 2
7802 1
7804 1
7805 1
7806 1
7807 1
7808 3
7809 1
7810 3
7811 1
7813 1
7814 1
7818 1
7819 3
7820 2
7821 1
7822 4
7823 2
7825 1
7826 1
7827 1
7829 1
7830 2
7831 1
7832 3
7833 3
7834 1
7836 1
7837 1
7838 2
7840 1
7841 1
7842 1
7843 1
7844 2
7846 4
7848 2
7849 2
7850 3
7851 1
7852 1
7853 2
7854 2
7856 1
7858 4
7859 2
7860 1
7861 1
7862 3
7864 2
7866 2
7868 1
7869 1
7870 2
7871 3
7872 2
7873 2
7874 2
7876 1
7877 1
7879 1
7880 2
7882 2
7883 1
7885 3
7886 1
7887 1
7888 1
7889 2
7890 1
7892 2
7893 2
7896 2
7898 1
7899 1
7900 1
7901 2
7903 2
7904 1
7905 2
7907 3
7908 2
7909 2
7911 1
7912 1
7913 1
7914 1
7915 1
7916 2
7917 2
7918 1
7919 3
7920 1
7921 2
7922 1
7923 1
7924 2
7925 2
7927 1
7928 3
7931 3
7932 3
7933 2
7935 1
7936 2
7937 1
7938 1
7939 1
7941 1
7943 1
7944 1
7945 1
7946 2
7947 2
7948 2
7950 1
7953 1
7955 1
7956 2
7957 2
7958 1
7959 3
7960 1
7961 3
7963 1
7964 2
7967 2
7969 2
7970 3
7971 3
7973 1
7974 1
7975 4
7977 1
7978 2
7979 1
7980 2
7981 1
7982 2
7983 3
7985 1
7986 1
7987 2
7988 1
7989 2
7990 1
7991 1
7992 1
7994 2
7995 3
7996 1
7997 2
7998 2
7999 1
8000 1
8003 2
8006 2
8007 2
8008 2
8009 2
8010 3
8012 1
8013 2
8014 2
8017 2
8018 1
8019 2
8020 2
8021 1
8022 3
8024 2
8026 1
8027 3
8028 2
8029 1
8030 2
8031 2
8032 1
8033 2
8034 1
8036 1
8038 2
8039 2
8041 3
8042 2
8044 1
8045 3
8046 1
8049 3
8051 1
8052 2
8056 3
8058 1
8060 3
8064 1
8065 1
8066 1
8067 1
8068 1
8069 3
8070 2
8072 1
8074 1
8077 1
8078 2
8080 3
8081 2
8082 1
8083 1
8084 2
8088 2
8090 1
8091 1
8092 3
8093 1
8094 2
8095 2
8096 2
8098 1
8099 2
8101 2
8102 2
8103 2
8104 2
8105 1
8106 2
8107 1
8108 4
8109 1
8110 1
8111 2
8112 2
8115 2
8116 1
8117 2
8119 3
8120 1
8121 1
8122 1
8123 2
8124 1
8126 3
8127 1
8129 1
8130 2
8131 3
8132 2
8134 3
8135 2
8136 1
8137 1
8138 2
8139 1
8140 2
8142 1
8144 4
8146 2
8147 1
8148 1
8150 1
8151 3
8152 1
8153 1
8154 1
8155 1
8158 1
8159 1
8161 1
8162 1
8163 1
8165 2
8166 1
8167 1
8168 1
8169 4
8173 3
8175 1
8176 1
8178 2
8179 1
8180 1
8181 2
8182 2
8183 1
8184 1
8185 1
8186 1
8187 1
8189 1
8190 2
8191 1
8192 1
8193 3
8194 1
8195 1
8197 3
8198 1
8201 3
8204 1
8205 4
8206 1
8207 1
8210 1
8212 1
8214 1
8216 2
8217 2
8218 1
8219 2
8220 3
8221 1
8222 1
8223 2
8225 2
8226 1
8228 1
8229 3
8230 2
8232 3
8233 3
8234 1
8235 1
8236 1
8239 2
8240 2
8241 2
8243 4
8244 2
8245 1
8246 1
8247 4
8248 1
8249 3
8251 2
8253 1
8255 1
8256 3
8257 2
8258 2
8259 1
8260 1
8261 2
8263 1
8264 2
8266 1
8267 1
8268 2
8269 2
8271 2
8272 3
8273 1
8275 2
8277 1
8278 1
8279 3
8280 2
8281 1
8282 1
8283 2
8284 1
8286 3
8287 1
8288 2
8289 2
8290 1
8292 1
8293 1
8294 2
8295 2
8296 1
8297 1
8298 1
8299 3
8300 4
8302 2
8303 2
8304 3
8306 1
8307 1
8308 2
8309 1
8310 2
8311 1
8312 1
8313 2
8314 1
8315 3
8316 1
8317 2
8318 4
8319 1
8321 1
8322 2
8324 1
8325 1
8326 1
8327 2
8328 2
8329 1
8330 2
8331 2
8332 1
8333 1
8338 3
8340 1
8341 1
8342 3
8343 3
8345 1
8346 3
8349 2
8350 1
8352 1
8353 1
8354 4
8355 1
8356 2
8357 3
8358 2
8360 3
8361 2
8362 1
8363 1
8364 2
8365 1
8366 3
8367 1
8368 3
8369 1
8370 1
8371 2
8374 2
8376 2
8377 2
8378 2
8379 1
8380 2
8381 3
8382 2
8385 2
8388 4
8389 2
8390 2
8391 2
8392 3
8393 2
8394 2
8395 2
8396 1
8397 4
8399 2
8402 2
8403 4
8404 3
8405 2
8406 3
8407 2
8408 1
8409 1
8410 2
8412 2
8413 2
8414 1
8415 2
8416 1
8417 3
8418 2
8419 1
8420 3
8421 1
8422 1
8423 1
8424 3
8426 1
8427 2
8428 2
8430 1
8431 2
8432 1
8433 1
8434 2
8435 2
8436 2
8437 2
8438 2
8440 1
8441 2
8442 2
8443 1
8445 1
8448 1
8449 1
8451 2
8452 3
8453 1
8454 1
8455 4
8456 1
8457 1
8459 3
8462 1
8463 4
8464 1
8465 2
8466 3
8467 4
8468 1
8469 2
8470 1
8471 2
8473 1
8474 1
8475 1
8476 1
8477 2
8478 2
8479 4
8480 2
8481 1
8482 1
8483 1
8485 3
8486 1
8487 2
8488 1
8491 4
8492 2
8493 1
8494 3
8496 1
8497 2
8498 2
8499 3
8500 1
8501 1
8502 4
8503 2
8505 4
8506 3
8507 1
8508 4
8509 3
8510 2
8511 1
8513 3
8514 2
8515 1
8516 3
8517 3
8518 4
8519 3
8520 1
8521 2
8522 1
8524 2
8525 2
8526 2
8527 2
8529 2
8530 2
8531 1
8532 2
8533 2
8534 2
8535 1
8536 2
8537 2
8538 1
8539 1
8540 1
8541 5
8543 1
8544 1
8545 3
8546 1
8547 1
8548 1
8550 3
8552 3
8553 1
8554 2
8555 1
8557 1
8558 3
8559 1
8560 2
8561 2
8563 1
8564 2
8566 3
8568 4
8569 1
8570 1
8571 1
8572 2
8573 1
8574 1
8575 2
8576 3
8577 2
8578 1
8579 2
8580 4
8581 1
8582 1
8583 2
8584 2
8586 1
8588 4
8589 3
8590 3
8591 3
8592 1
8593 1
8594 1
8596 2
8598 1
8600 3
8601 1
8602 2
8603 2
8604 5
8607 3
8608 2
8609 1
8610 1
8611 3
8612 1
8614 2
8616 5
8617 1
8618 2
8619 4
8622 2
8623 1
8624 2
8625 1
8626 1
8627 3
8628 2
8629 2
8630 3
8631 1
8632 3
8634 1
8635 1
8636 2
8637 1
8638 1
8639 2
8640 3
8641 3
8642 3
8643 3
8644 1
8646 2
8647 2
8650 4
8653 3
8654 2
8655 2
8656 3
8657 2
8658 2
8659 1
8661 3
8663 2
8664 1
8665 3
8666 2
8667 2
8668 1
8669 3
8670 2
8671 2
8673 2
8674 3
8675 3
8677 2
8678 3
8679 1
8680 1
8681 2
8682 3
8683 3
8685 3
8686 3
8687 1
8689 5
8691 2
8693 2
8695 1
8696 1
8697 2
8698 2
8699 1
8700 1
8701 3
8703 2
8704 1
8705 1
8706 1
8707 2
8708 1
8710 1
8711 1
8712 1
8713 2
8714 4
8715 1
8716 2
8717 2
8718 1
8720 1
8721 1
8722 1
8725 4
8727 3
8728 6
8729 2
8731 3
8732 1
8733 2
8735 3
8736 1
8737 2
8738 2
8739 2
8740 2
8741 2
8743 1
8745 2
8746 1
8747 1
8748 4
8749 2
8750 1
8751 1
8752 2
8753 4
8755 1
8756 2
8757 1
8758 1
8759 1
8760 1
8763 1
8764 4
8765 1
8766 1
8767 5
8768 1
8770 3
8771 2
8772 1
8773 1
8774 2
8775 1
8776 1
8777 2
8778 4
8779 1
8780 3
8781 1
8782 2
8784 1
8785 1
8786 1
8787 2
8788 4
8789 1
8790 3
8791 2
8792 1
8794 3
8796 3
8798 2
8799 2
8800 2
8801 1
8802 4
8803 1
8804 1
8805 1
8806 2
8807 1
8809 2
8810 3
8811 1
8812 1
8813 1
8814 1
8815 1
8817 1
8818 1
8819 1
8822 1
8823 2
8824 1
8825 1
8826 2
8827 1
8828 1
8829 1
8830 2
8832 1
8833 1
8834 1
8836 1
8837 1
8838 4
8839 2
8840 1
8841 1
8842 1
8844 2
8846 1
8848 1
8849 2
8850 2
8851 4
8852 3
8853 2
8854 1
8856 1
8857 1
8859 2
8860 2
8861 1
8862 4
8863 1
8864 1
8865 4
8866 4
8867 1
8869 3
8870 2
8872 2
8873 2
8875 1
8876 4
8877 2
8878 2
8879 1
8880 1
8881 3
8883 1
8884 2
8885 1
8887 3
8889 3
8890 2
8891 1
8892 2
8893 3
8894 1
8895 1
8896 2
8897 1
8898 1
8899 2
8901 2
8902 3
8903 2
8904 4
8905 3
8906 1
8907 1
8908 3
8909 2
8911 1
8912 4
8913 2
8915 2
8916 1
8917 1
8918 3
8919 1
8920 2
8921 1
8923 3
8925 1
8926 4
8927 3
8928 1
8931 1
8932 1
8933 2
8934 1
8935 2
8936 2
8937 2
8938 1
8939 2
8940 1
8941 2
8942 1
8943 2
8944 2
8945 1
8946 1
8947 4
8948 2
8950 2
8951 4
8952 1
8954 1
8955 4
8956 1
8957 2
8959 2
8960 2
8961 1
8962 2
8963 3
8965 2
8966 1
8967 1
8968 1
8969 2
8971 2
8973 1
8974 1
8975 4
8976 1
8977 1
8978 2
8979 1
8980 1
8983 2
8984 1
8986 3
8987 3
8988 2
8989 3
8990 5
8993 2
8994 2
8996 1
8997 2
8998 1
8999 3
9000 2
9001 3
9002 3
9003 1
9004 2
9006 1
9007 3
9008 2
9009 2
9010 1
9011 2
9013 3
9014 2
9015 2
9016 2
9017 2
9018 3
9019 1
9021 3
9022 1
9023 1
9024 1
9025 1
9026 4
9027 1
9029 5
9031 1
9032 2
9033 1
9034 1
9035 1
9036 2
9037 2
9038 3
9039 1
9040 3
9041 2
9043 2
9044 1
9045 1
9046 3
9047 2
9048 2
9049 2
9050 4
9051 2
9052 3
9053 2
9054 1
9056 1
9057 3
9058 3
9060 5
9061 1
9062 2
9063 2
9064 3
9065 3
9066 2
9067 1
9068 5
9069 1
9070 1
9071 3
9072 1
9073 1
9074 3
9075 2
9076 4
9078 1
9079 2
9080 2
9081 1
9082 3
9083 2
9084 3
9085 3
9086 1
9088 4
9090 1
9092 1
9095 1
9096 3
9097 1
9099 4
9100 1
9101 2
9103 2
9106 1
9107 1
9110 2
9111 4
9112 3
9113 2
9114 3
9115 3
9116 1
9117 1
9118 2
9120 1
9121 1
9122 1
9123 2
9124 6
9125 2
9126 4
9127 3
9128 1
9129 1
9130 1
9131 2
9132 3
9134 2
9135 3
9137 1
9138 3
9139 1
9140 2
9141 1
9142 2
9143 2
9144 1
9145 3
9146 3
9147 1
9148 2
9149 3
9150 1
9151 1
9153 4
9154 1
9155 3
9156 1
9157 2
9158 3
9159 1
9160 2
9161 2
9162 2
9163 5
9164 2
9165 4
9166 1
9167 3
9168 1
9169 2
9170 3
9171 2
9172 1
9173 3
9174 3
9175 2
9176 1
9177 4
9178 2
9179 1
9180 1
9181 2
9182 2
9184 1
9185 5
9186 1
9187 3
9188 3
9189 1
9190 1
9191 3
9192 1
9193 2
9194 2
9195 2
9196 1
9197 2
9199 1
9200 2
9201 2
9202 1
9203 1
9204 1
9205 2
9206 3
9207 1
9208 2
9209 2
9210 1
9212 3
9213 2
9214 2
9216 2
9217 1
9219 3
9220 2
9221 3
9222 1
9223 3
9224 4
9225 2
9227 3
9228 1
9229 2
9231 2
9232 1
9233 4
9235 2
9236 4
9237 3
9238 3
9239 2
9240 2
9241 1
9242 1
9243 2
9244 1
9246 2
9247 2
9248 4
9249 4
9251 4
9252 2
9253 1
9255 2
9257 2
9258 2
9259 2
9260 3
9261 2
9262 2
9263 4
9264 2
9266 5
9267 1
9268 2
9269 2
9270 2
9272 3
9273 1
9274 3
9275 5
9276 4
9277 2
9278 1
9279 3
9280 4
9282 2
9283 3
9284 1
9285 2
9286 2
9287 1
9288 4
9289 1
9290 4
9291 3
9292 2
9293 1
9294 4
9295 2
9296 2
9297 2
9298 2
9299 4
9300 1
9301 1
9302 4
9303 2
9304 2
9305 2
9306 2
9307 1
9308 2
9309 1
9310 1
9311 3
9312 3
9313 2
9314 1
9315 2
9316 1
9317 1
9318 4
9319 3
9321 1
9322 4
9323 2
9324 2
9325 2
9326 2
9327 2
9328 1
9329 1
9330 3
9331 1
9332 3
9333 3
9334 4
9335 1
9336 4
9337 2
9338 3
9339 1
9340 1
9341 2
9342 1
9343 2
9344 3
9345 2
9346 5
9347 2
9348 3
9349 2
9350 1
9351 3
9352 1
9354 4
9356 3
9357 3
9358 2
9359 1
9360 2
9361 3
9362 4
9364 1
9365 3
9366 1
9368 3
9369 1
9370 2
9372 4
9373 3
9374 2
9375 2
9376 1
9377 3
9379 2
9381 1
9382 2
9383 2
9384 2
9385 4
9386 4
9387 3
9388 2
9389 1
9390 2
9392 1
9393 2
9394 1
9395 3
9396 2
9397 5
9398 2
9399 3
9400 5
9401 1
9403 1
9404 3
9406 1
9407 3
9408 2
9409 2
9410 1
9411 5
9412 1
9413 3
9414 3
9415 3
9416 3
9417 2
9418 2
9420 1
9421 2
9422 2
9423 3
9424 2
9425 3
9426 2
9427 1
9428 3
9429 2
9431 4
9432 1
9433 3
9434 2
9435 2
9436 5
9437 2
9438 1
9439 5
9440 1
9441 2
9442 1
9443 5
9444 1
9445 2
9446 1
9447 6
9448 1
9449 3
9450 1
9451 2
9452 1
9453 3
9454 1
9455 3
9456 4
9457 2
9458 1
9459 3
9461 3
9462 1
9463 1
9465 2
9467 3
9468 1
9470 3
9471 2
9472 1
9473 1
9474 2
9475 1
9476 1
9478 2
9479 2
9480 1
9481 2
9482 2
9483 3
9484 1
9485 4
9486 3
9487 1
9488 2
9489 2
9490 2
9493 2
9494 2
9495 3
9496 2
9497 3
9498 5
9499 2
9502 2
9503 1
9504 1
9505 1
9506 3
9507 2
9508 1
9509 2
9510 4
9511 2
9512 2
9513 3
9516 2
9517 1
9518 2
9519 1
9520 1
9521 5
9522 3
9523 2
9524 3
9525 4
9526 1
9527 1
9528 3
9530 1
9531 2
9532 2
9533 2
9534 4
9535 2
9536 1
9537 4
9538 2
9539 2
9540 3
9541 2
9543 1
9544 3
9545 1
9546 5
9548 4
9550 1
9551 2
9552 5
9553 1
9554 2
9555 3
9556 4
9558 2
9559 1
9560 5
9561 1
9562 3
9563 1
9564 5
9565 2
9566 1
9567 1
9568 2
9569 2
9570 2
9571 2
9573 4
9574 1
9576 2
9577 1
9579 1
9580 3
9582 2
9583 1
9584 4
9585 1
9587 2
9588 2
9589 1
9591 2
9592 1
9593 1
9594 2
9595 2
9596 1
9598 3
9599 1
9600 1
9601 1
9602 2
9603 2
9604 3
9605 1
9607 5
9608 1
9609 3
9610 2
9611 1
9612 2
9613 1
9615 2
9616 2
9617 1
9618 2
9619 3
9620 2
9621 2
9622 2
9623 4
9624 1
9626 2
9627 3
9628 1
9630 4
9631 1
9632 1
9633 2
9634 4
9635 3
9636 3
9637 2
9638 1
9641 1
9643 3
9645 4
9646 3
9647 2
9648 2
9649 2
9650 2
9651 2
9653 1
9654 2
9655 2
9657 1
9658 3
9659 5
9660 1
9661 4
9662 3
9663 3
9665 2
9666 2
9667 1
9668 1
9669 2
9670 2
9671 2
9672 1
9673 4
9674 1
9675 2
9676 4
9677 3
9678 2
9679 1
9680 2
9681 3
9682 2
9683 2
9684 2
9685 3
9686 2
9687 3
9688 1
9689 2
9690 1
9691 1
9692 1
9693 4
9694 1
9695 2
9696 1
9697 4
9698 1
9699 1
9700 2
9701 3
9702 2
9704 2
9705 2
9706 1
9707 1
9708 4
9709 3
9710 2
9711 2
9712 3
9713 2
9715 3
9716 1
9717 3
9718 2
9719 3
9720 3
9721 2
9722 1
9723 2
9724 2
9725 2
9726 1
9727 2
9728 1
9729 5
9731 2
9732 2
9733 3
9735 1
9736 1
9737 1
9738 1
9740 2
9741 2
9743 2
9744 4
9745 1
9746 2
9747 4
9748 2
9750 2
9751 1
9752 1
9753 2
9754 2
9756 2
9757 2
9758 2
9759 1
9760 2
9761 1
9762 2
9764 1
9765 1
9766 1
9767 3
9768 3
9769 1
9770 2
9771 4
9772 3
9773 1
9774 2
9775 2
9776 3
9778 1
9779 2
9780 1
9781 1
9782 2
9783 2
9784 3
9785 1
9786 3
9787 2
9789 1
9790 4
9791 2
9792 2
9793 2
9794 1
9795 2
9796 4
9797 2
9798 1
9799 2
9800 1
9801 2
9802 2
9803 2
9804 3
9805 2
9806 2
9807 4
9808 2
9809 1
9810 5
9811 1
9812 1
9813 2
9814 3
9815 2
9817 3
9818 4
9819 2
9820 3
9821 3
9822 2
9823 4
9824 4
9825 1
9826 4
9828 3
9829 2
9830 1
9831 1
9832 5
9833 2
9834 4
9835 2
9836 2
9837 2
9838 2
9839 1
9840 1
9841 3
9842 3
9843 2
9844 2
9845 1
9846 5
9848 2
9849 2
9850 2
9851 1
9852 2
9853 2
9854 1
9855 1
9856 3
9857 3
9858 1
9862 1
9863 1
9864 2
9865 1
9866 1
9867 1
9868 1
9869 3
9870 1
9871 2
9872 1
9873 3
9874 1
9875 2
9877 1
9878 1
9879 1
9880 2
9881 4
9882 2
9883 2
9884 4
9885 4
9886 1
9887 1
9888 2
9889 3
9890 1
9892 4
9893 4
9894 1
9895 5
9896 3
9897 1
9898 2
9899 1
9900 3
9901 1
9902 1
9903 3
9905 3
9906 2
9907 3
9908 2
9909 2
9911 2
9912 3
9913 2
9914 2
9915 2
9916 3
9917 2
9918 2
9919 2
9920 2
9921 5
9922 2
9923 5
9924 2
9925 1
9926 1
9927 4
9928 4
9929 1
9930 2
9931 5
9932 4
9933 1
9934 3
9935 5
9936 1
9937 3
9938 1
9939 5
9940 1
9941 2
9942 3
9943 3
9944 2
9945 5
9946 4
9947 2
9948 1
9949 2
9950 1
9951 4
9952 1
9953 3
9954 1
9955 4
9956 1
9957 2
9958 2
9959 3
9960 2
9961 2
9962 2
9963 3
9964 2
9965 1
9966 4
9967 2
9968 1
9969 2
9970 3
9971 2
9972 2
9974 4
9975 2
9976 1
9977 1
9978 2
9979 2
9980 2
9981 3
9982 3
9983 2
9984 1
9985 1
9986 1
9987 3
9988 3
9989 2
9990 3
9991 4
9992 2
9993 2
9994 3
9995 2
9996 2
9997 3
9998 3
9999 1
10001 3
10002 2
10003 2
10004 2
10005 4
10006 5
10008 1
10009 4
10010 2
10011 2
10012 2
10013 2
10014 1
10015 1
10016 2
10017 3
10018 4
10019 2
10020 2
10021 2
10022 1
10023 2
10025 1
10026 3
10027 2
10028 2
10029 2
10030 4
10031 1
10032 4
10033 5
10034 3
10036 2
10037 3
10038 2
10040 4
10041 1
10042 4
10043 2
10044 3
10045 5
10046 2
10047 1
10048 6
10050 1
10051 2
10052 2
10053 2
10054 3
10055 1
10056 7
10057 2
10058 2
10059 2
10060 4
10061 1
10062 2
10063 2
10064 2
10065 4
10066 1
10067 2
10068 2
10069 4
10070 5
10071 2
10072 2
10073 1
10075 1
10076 5
10077 1
10078 1
10079 3
10080 2
10081 2
10082 2
10083 4
10084 3
10085 3
10086 2
10087 3
10088 3
10090 5
10091 2
10092 4
10093 3
10094 5
10095 4
10096 2
10097 1
10098 1
10099 3
10100 2
10101 2
10102 2
10103 5
10104 4
10105 3
10106 2
10107 4
10108 2
10109 2
10110 1
10111 2
10112 5
10114 3
10115 4
10117 2
10118 3
10119 2
10120 3
10121 1
10122 4
10123 1
10124 1
10125 1
10126 2
10127 1
10128 3
10129 1
10130 3
10131 2
10132 1
10133 3
10134 1
10135 3
10136 1
10137 2
10138 1
10139 1
10140 2
10141 1
10142 3
10143 5
10144 2
10145 4
10146 1
10147 1
10149 1
10150 1
10151 3
10153 3
10154 4
10155 2
10156 2
10157 3
10158 2
10160 1
10161 3
10162 2
10163 1
10164 2
10165 5
10166 3
10167 5
10168 3
10169 3
10170 1
10171 3
10172 1
10173 2
10174 3
10175 2
10176 1
10177 2
10178 1
10179 1
10180 2
10181 5
10182 2
10183 3
10184 3
10185 2
10186 3
10187 3
10188 2
10189 4
10190 1
10191 2
10192 3
10193 4
10194 4
10195 1
10196 3
10197 2
10198 1
10199 3
10200 1
10201 3
10202 2
10203 2
10204 5
10205 3
10206 3
10207 4
10208 3
10209 3
10210 3
10211 2
10212 3
10213 4
10214 1
10215 1
10216 2
10217 3
10219 2
10220 4
10221 1
10222 1
10223 2
10224 2
10225 3
10226 2
10227 3
10228 2
10229 2
10231 4
10232 1
10233 2
10235 1
10237 1
10238 4
10239 1
10240 3
10241 2
10242 3
10243 3
10244 1
10245 1
10246 3
10247 2
10248 2
10249 1
10250 1
10251 2
10252 4
10253 2
10254 2
10255 4
10256 3
10257 1
10258 1
10259 2
10260 2
10261 1
10262 1
10263 3
10265 3
10266 2
10267 1
10268 5
10270 4
10271 1
10272 1
10274 3
10276 3
10277 1
10278 2
10279 3
10280 3
10281 1
10282 4
10283 2
10284 1
10285 2
10286 2
10288 1
10289 2
10290 3
10291 5
10292 5
10293 3
10294 3
10295 4
10296 1
10298 3
10299 3
10301 1
10302 4
10303 1
10304 3
10305 3
10306 3
10307 3
10308 1
10309 2
10310 4
10311 1
10312 3
10313 4
10314 3
10315 1
10316 3
10318 5
10319 1
10320 4
10321 3
10322 4
10323 3
10324 2
10325 2
10326 4
10327 1
10328 2
10329 2
10330 3
10331 4
10332 3
10333 1
10334 5
10336 1
10337 2
10338 3
10340 1
10341 3
10342 3
10343 2
10344 2
10345 3
10346 1
10348 1
10349 2
10350 1
10351 1
10352 4
10353 2
10354 1
10355 3
10356 3
10357 3
10358 2
10359 2
10361 1
10362 3
10363 2
10364 1
10365 4
10366 2
10367 3
10368 3
10370 3
10371 2
10373 6
10374 1
10375 3
10376 3
10377 4
10379 3
10380 3
10381 3
10383 1
10384 3
10385 3
10386 1
10387 3
10388 2
10389 3
10390 2
10391 5
10392 1
10393 2
10394 1
10395 1
10396 1
10397 1
10398 1
10400 3
10401 2
10402 1
10403 3
10404 4
10405 4
10406 2
10407 1
10408 2
10409 2
10411 2
10413 3
10414 1
10415 2
10416 6
10417 3
10418 2
10419 4
10420 1
10421 1
10422 1
10423 3
10425 1
10426 1
10427 5
10428 1
10429 4
10430 3
10431 3
10432 2
10433 4
10434 2
10435 3
10436 4
10437 4
10438 1
10439 3
10440 2
10441 2
10442 2
10443 3
10444 2
10445 2
10447 5
10449 1
10450 5
10451 2
10452 2
10453 1
10454 1
10455 5
10456 1
10458 4
10459 1
10460 1
10461 3
10462 2
10463 2
10464 1
10465 2
10466 5
10467 3
10468 2
10469 4
10470 3
10472 3
10473 1
10474 2
10475 4
10476 2
10477 2
10478 3
10479 4
10480 2
10481 2
10482 3
10483 2
10484 2
10485 1
10486 3
10487 3
10488 2
10489 3
10490 4
10491 1
10492 1
10493 3
10494 1
10495 1
10496 2
10497 2
10498 3
10499 2
10500 2
10501 2
10502 3
10503 2
10504 3
10505 2
10506 2
10507 1
10508 2
10509 1
10510 1
10511 4
10512 2
10513 2
10514 3
10515 1
10516 1
10517 3
10518 1
10521 2
10522 1
10524 2
10525 2
10526 3
10527 1
10528 4
10529 1
10530 2
10531 1
10532 5
10533 1
10535 1
10536 2
10537 1
10538 1
10539 1
10540 6
10541 2
10542 3
10543 1
10544 4
10545 2
10546 1
10547 1
10548 1
10549 1
10550 2
10551 2
10552 2
10553 5
10554 4
10555 1
10556 2
10558 2
10559 1
10560 4
10561 2
10562 2
10563 1
10564 5
10565 3
10567 3
10568 3
10569 1
10571 4
10572 3
10573 2
10574 3
10575 5
10576 1
10577 1
10578 5
10579 2
10580 3
10581 3
10582 3
10583 4
10584 3
10586 2
10587 3
10588 2
10589 4
10590 3
10591 3
10592 4
10593 4
10594 2
10595 3
10596 2
10598 3
10599 2
10600 3
10601 3
10602 1
10603 4
10604 3
10605 1
10606 4
10607 4
10608 3
10609 1
10610 3
10611 3
10612 1
10614 5
10615 1
10616 1
10617 1
10618 1
10619 1
10620 3
10621 1
10622 2
10623 4
10625 3
10626 2
10627 1
10628 1
10629 1
10630 1
10631 2
10632 1
10633 1
10634 1
10635 3
10636 1
10637 3
10638 1
10639 4
10641 3
10642 2
10643 3
10645 2
10646 2
10647 1
10648 2
10649 3
10650 5
10651 3
10652 2
10653 6
10654 2
10655 2
10656 3
10657 3
10659 2
10660 1
10661 4
10662 3
10663 2
10664 3
10665 3
10666 1
10667 4
10669 2
10670 2
10671 2
10672 1
10673 4
10675 2
10677 6
10678 4
10679 1
10680 3
10681 2
10682 2
10684 2
10685 1
10686 3
10687 1
10688 2
10689 7
10690 3
10691 4
10692 6
10693 2
10695 4
10696 2
10697 4
10698 1
10699 3
10700 4
10701 4
10702 2
10703 3
10704 4
10705 3
10706 1
10708 1
10709 5
10710 1
10711 3
10712 3
10713 3
10714 2
10715 3
10716 1
10717 4
10718 2
10719 3
10720 3
10721 3
10723 3
10724 1
10725 3
10726 2
10727 2
10728 4
10729 2
10730 3
10731 3
10732 3
10733 3
10734 2
10735 1
10736 3
10737 1
10738 4
10739 2
10740 3
10741 1
10742 3
10743 2
10744 2
10745 1
10746 3
10747 3
10748 5
10749 1
10750 3
10751 3
10752 5
10753 2
10754 2
10755 3
10756 3
10757 1
10758 1
10759 3
10760 2
10761 2
10762 3
10763 2
10764 3
10765 1
10766 4
10767 2
10768 2
10769 1
10770 4
10771 2
10772 5
10773 3
10774 2
10775 3
10776 4
10777 1
10778 2
10779 1
10780 2
10781 2
10782 1
10783 2
10784 3
10785 2
10786 3
10787 4
10788 2
10789 1
10790 5
10791 3
10792 1
10793 1
10794 2
10795 2
10797 2
10798 4
10799 2
10800 4
10801 3
10802 3
10803 5
10804 3
10805 1
10806 2
10808 2
10809 1
10810 3
10811 1
10812 3
10813 3
10814 6
10815 5
10816 3
10817 2
10818 4
10820 1
10821 3
10822 2
10823 3
10824 2
10825 2
10826 6
10827 1
10828 5
10829 4
10830 1
10831 2
10832 2
10833 3
10834 3
10835 1
10836 4
10837 3
10838 1
10839 1
10840 2
10841 1
10842 5
10843 4
10844 2
10845 4
10846 2
10847 1
10848 2
10849 3
10850 2
10851 5
10852 2
10853 5
10854 3
10855 2
10856 1
10857 4
10858 1
10859 1
10860 5
10861 4
10862 2
10863 3
10864 2
10865 5
10866 1
10867 4
10868 2
10869 4
10870 3
10871 2
10872 3
10873 4
10874 1
10875 6
10876 4
10877 2
10878 3
10879 2
10880 2
10881 3
10882 2
10883 2
10884 2
10885 3
10886 1
10887 3
10888 2
10889 3
10890 3
10891 1
10892 3
10893 2
10894 3
10895 1
10896 4
10897 1
10898 2
10899 2
10900 2
10901 2
10902 1
10903 3
10905 2
10906 1
10907 2
10908 4
10909 2
10910 2
10911 3
10912 5
10913 1
10914 3
10915 3
10916 1
10917 2
10919 4
10920 1
10921 2
10922 2
10923 3
10924 5
10925 2
10926 4
10927 3
10928 2
10929 1
10930 1
10931 4
10932 2
10933 2
10934 2
10935 5
10936 2
10937 2
10938 3
10939 7
10940 3
10941 3
10942 4
10943 2
10945 2
10946 2
10947 2
10948 2
10949 2
10950 4
10951 5
10952 2
10953 2
10954 4
10955 2
10957 3
10958 3
10959 1
10960 4
10961 1
10962 4
10963 4
10964 3
10965 2
10966 4
10967 2
10968 3
10969 2
10970 4
10971 5
10972 3
10973 2
10974 4
10975 2
10976 2
10977 4
10978 5
10979 1
10980 2
10981 3
10982 5
10983 2
10984 1
10985 6
10986 1
10987 2
10988 2
10989 2
10990 4
10991 4
10992 1
10993 4
10994 2
10996 3
10997 1
10998 3
10999 3
11000 4
11001 1
11002 2
11003 2
11004 1
11005 2
11006 3
11007 2
11008 2
11009 3
11010 4
11011 2
11012 2
11013 5
11014 3
11015 1
11016 2
11017 3
11018 4
11020 3
11021 3
11022 2
11023 2
11024 5
11025 2
11026 1
11027 1
11028 1
11029 2
11030 2
11031 1
11032 5
11033 2
11034 2
11035 1
11036 5
11037 2
11038 3
11040 3
11041 1
11042 2
11044 2
11045 2
11046 2
11047 2
11048 4
11049 4
11050 3
11051 2
11052 4
11053 2
11055 1
11056 4
11057 1
11058 1
11059 2
11060 3
11061 3
11062 1
11063 4
11064 4
11065 3
11066 2
11067 3
11068 2
11070 4
11071 1
11072 3
11073 2
11074 3
11075 5
11076 3
11077 1
11078 1
11079 4
11080 3
11081 2
11082 2
11083 3
11084 4
11085 1
11086 1
11087 2
11088 8
11089 3
11090 3
11091 3
11092 2
11094 1
11095 4
11096 1
11097 2
11098 2
11099 4
11100 2
11101 2
11102 5
11103 1
11104 1
11105 1
11106 3
11107 3
11108 2
11109 3
11110 3
11111 3
11112 2
11113 5
11114 1
11115 3
11116 2
11117 2
11118 1
11119 3
11120 1
11122 4
11123 2
11124 4
11125 3
11126 3
11127 2
11128 2
11129 2
11130 2
11131 6
11133 4
11134 2
11135 2
11136 2
11137 4
11138 3
11139 3
11140 2
11141 5
11142 2
11143 1
11145 2
11146 2
11147 4
11148 2
11149 5
11150 1
11151 2
11152 1
11153 1
11154 3
11155 3
11156 1
11157 1
11158 4
11159 1
11160 1
11161 4
11163 2
11164 1
11167 2
11169 3
11170 2
11171 1
11172 3
11173 3
11174 3
11175 1
11176 1
11177 2
11179 1
11180 1
11181 1
11182 1
11183 2
11184 3
11185 5
11186 3
11187 3
11188 3
11189 2
11190 3
11191 1
11192 2
11193 1
11194 2
11195 2
11197 4
11198 1
11199 2
11200 6
11201 3
11202 2
11204 3
11205 5
11206 1
11207 2
11208 3
11209 1
11210 3
11211 1
11212 3
11213 6
11215 2
11216 1
11217 1
11218 2
11219 2
11220 2
11221 3
11222 3
11223 3
11224 3
11225 3
11226 2
11227 3
11228 4
11230 3
11231 3
11232 3
11233 3
11234 2
11235 2
11236 4
11237 3
11238 1
11239 4
11240 2
11241 2
11242 1
11243 4
11244 4
11245 1
11246 3
11247 3
11248 4
11249 1
11250 3
11251 2
11252 3
11253 2
11254 2
11255 2
11256 3
11257 2
11258 2
11259 1
11260 2
11261 3
11262 4
11263 1
11264 3
11265 1
11266 4
11267 2
11268 1
11269 1
11270 3
11271 2
11272 4
11273 1
11274 2
11275 1
11276 1
11277 1
11279 2
11280 1
11282 3
11283 1
11284 1
11285 1
11286 3
11287 3
11289 2
11290 1
11292 1
11293 2
11294 2
11295 3
11296 2
11297 2
11298 4
11299 1
11300 3
11301 2
11302 2
11303 2
11304 3
11305 1
11306 2
11308 2
11309 4
11310 4
11311 5
11312 2
11313 1
11314 3
11315 1
11316 1
11317 1
11318 3
11319 1
11321 3
11322 4
11323 3
11324 2
11325 3
11326 2
11328 1
11329 3
11330 2
11331 2
11332 3
11333 2
11334 3
11335 2
11336 4
11337 4
11338 5
11339 4
11341 4
11342 2
11343 1
11344 1
11345 3
11346 2
11347 5
11348 4
11349 2
11350 6
11351 3
11352 2
11353 6
11355 1
11356 3
11357 2
11358 2
11359 4
11360 1
11361 7
11362 1
11363 2
11364 4
11365 4
11366 1
11367 1
11368 3
11369 3
11370 3
11371 3
11372 3
11373 2
11374 1
11375 5
11376 3
11377 4
11378 3
11379 1
11380 4
11381 4
11382 1
11383 2
11384 2
11385 1
11386 3
11387 1
11388 1
11389 3
11390 1
11391 1
11392 3
11393 2
11395 4
11396 2
11397 3
11398 2
11399 5
11400 3
11401 1
11403 3
11404 2
11405 3
11406 1
11407 3
11408 3
11409 4
11410 3
11411 4
11412 2
11413 3
11414 1
11415 1
11416 2
11417 6
11418 1
11419 6
11420 5
11421 2
11422 3
11423 4
11424 1
11425 3
11426 1
11427 3
11428 1
11429 1
11430 2
11431 3
11432 2
11433 2
11434 1
11435 6
11436 1
11437 1
11438 2
11439 1
11440 2
11441 3
11442 1
11443 2
11445 2
11446 4
11447 6
11448 3
11449 2
11450 3
11451 1
11452 3
11454 2
11455 3
11456 2
11457 1
11458 5
11459 6
11460 2
11461 3
11462 4
11463 3
11465 1
11466 3
11467 2
11468 2
11469 4
11470 4
11471 2
11472 2
11473 2
11474 2
11475 3
11476 2
11477 4
11478 3
11479 2
11480 3
11481 1
11482 1
11483 3
11484 1
11485 3
11486 4
11487 3
11488 4
11489 4
11490 3
11491 2
11492 3
11493 2
11494 4
11495 2
11496 2
11497 2
11498 6
11499 2
11500 1
11501 4
11502 2
11503 1
11504 3
11505 3
11506 4
11507 2
11508 5
11509 3
11510 2
11511 1
11512 5
11513 1
11514 2
11515 3
11516 4
11517 4
11518 1
11519 3
11520 5
11521 3
11522 5
11523 3
11524 3
11525 4
11526 3
11528 4
11529 3
11530 4
11531 2
11532 3
11533 1
11534 5
11535 1
11536 3
11537 2
11538 2
11540 5
11541 3
11542 2
11543 2
11544 2
11545 2
11546 1
11547 3
11548 3
11549 1
11550 2
11551 3
11552 3
11553 1
11554 2
11555 2
11556 2
11557 2
11558 3
11559 3
11560 3
11561 1
11562 1
11563 2
11564 2
11566 2
11567 1
11568 3
11569 2
11570 2
11571 4
11572 3
11573 4
11574 2
11575 3
11576 1
11578 2
11579 2
11580 2
11581 3
11582 2
11583 5
11584 3
11585 1
11586 4
11587 4
11588 1
11589 1
11590 3
11591 3
11592 1
11593 1
11594 6
11595 3
11596 2
11597 4
11598 2
11599 3
11600 4
11601 2
11602 2
11603 3
11604 2
11605 1
11606 1
11607 4
11608 1
11609 3
11610 4
11611 3
11612 5
11613 3
11614 3
11615 3
11616 2
11617 4
11618 3
11619 4
11620 2
11621 2
11622 2
11623 4
11624 1
11625 6
11626 3
11627 5
11628 2
11629 4
11630 4
11631 3
11632 2
11633 6
11634 3
11635 2
11636 2
11637 4
11638 1
11639 4
11640 1
11641 5
11642 3
11643 2
11644 2
11645 4
11646 3
11647 3
11648 1
11649 1
11650 2
11651 2
11652 2
11653 1
11654 2
11655 3
11656 2
11657 4
11658 2
11659 1
11660 3
11661 2
11662 2
11663 2
11664 1
11665 2
11666 2
11667 2
11668 2
11669 6
11670 2
11671 3
11672 3
11673 2
11674 1
11675 2
11676 3
11677 3
11678 2
11679 2
11680 4
11681 2
11682 3
11683 1
11684 3
11685 2
11686 2
11688 1
11689 4
11690 3
11691 2
11692 4
11693 3
11694 3
11695 2
11696 4
11697 4
11698 1
11699 4
11700 2
11703 2
11704 1
11705 4
11706 2
11707 2
11708 6
11709 3
11710 4
11711 4
11712 2
11713 2
11714 2
11715 2
11716 3
11718 5
11719 2
11720 4
11721 3
11722 2
11723 3
11724 2
11725 1
11726 1
11727 2
11728 4
11729 2
11730 3
11731 2
11732 6
11733 2
11734 3
11735 3
11736 4
11737 1
11738 3
11739 2
11740 4
11741 1
11742 3
11743 2
11744 4
11745 2
11746 4
11747 2
11748 4
11749 3
11750 3
11751 3
11752 5
11753 1
11754 3
11755 3
11756 2
11757 2
11758 4
11759 2
11760 2
11761 2
11762 2
11763 2
11764 1
11765 2
11766 4
11767 3
11768 3
11769 2
11770 2
11771 6
11772 4
11773 1
11774 4
11775 2
11776 1
11777 2
11778 3
11779 3
11780 2
11781 2
11782 3
11783 2
11784 2
11785 3
11786 1
11787 3
11788 2
11789 2
11790 3
11791 3
11792 3
11793 4
11794 5
11795 3
11796 3
11797 2
11798 2
11799 1
11800 2
11801 1
11802 3
11803 1
11804 3
11805 4
11806 3
11807 1
11808 2
11809 3
11810 3
11811 2
11813 1
11814 4
11815 1
11816 5
11817 3
11818 3
11819 2
11820 3
11821 2
11822 4
11823 4
11824 1
11825 1
11826 1
11827 1
11828 1
11829 2
11830 2
11831 2
11832 3
11833 4
11834 4
11835 2
11836 1
11837 4
11838 2
11840 3
11841 1
11842 2
11843 2
11844 2
11845 6
11846 3
11847 4
11848 2
11849 2
11850 2
11851 2
11853 3
11854 1
11855 3
11856 4
11857 4
11858 3
11859 2
11860 2
11861 2
11862 2
11863 2
11864 3
11865 3
11866 2
11867 2
11868 3
11869 5
11870 3
11871 2
11872 2
11873 1
11874 1
11875 2
11876 5
11877 2
11878 2
11879 3
11880 3
11881 2
11882 2
11883 4
11885 3
11886 2
11887 3
11888 4
11889 2
11890 2
11891 3
11892 4
11893 2
11894 4
11895 4
11896 4
11897 4
11898 3
11899 5
11900 2
11901 2
11903 4
11904 3
11905 3
11906 3
11907 3
11908 4
11909 3
11910 2
11911 3
11912 2
11913 3
11914 2
11915 5
11916 3
11917 2
11918 1
11919 4
11921 1
11922 1
11924 1
11925 2
11926 1
11927 4
11928 3
11929 2
11930 3
11931 2
11933 3
11935 3
11937 1
11938 1
11939 1
11940 3
11941 2
11942 4
11943 2
11944 2
11945 1
11946 3
11947 2
11948 2
11950 2
11951 2
11952 1
11953 3
11954 3
11955 4
11956 1
11957 3
11958 5
11959 1
11960 3
11961 2
11962 5
11963 1
11965 4
11966 1
11967 3
11968 3
11969 3
11970 4
11971 2
11973 2
11974 2
11975 1
11976 2
11978 3
11979 2
11980 3
11981 3
11982 5
11983 2
11984 1
11985 4
11986 1
11987 1
11988 2
11989 3
11990 4
11991 3
11992 2
11993 5
11994 5
11995 1
11996 4
11997 4
11998 2
12000 2
12001 4
12002 3
12003 2
12004 4
12005 2
12006 3
12007 3
12008 1
12009 5
12010 3
12011 2
12012 7
12013 1
12014 2
12015 3
12016 2
12017 3
12018 4
12019 3
12020 4
12021 1
12022 5
12023 1
12024 5
12025 1
12026 3
12027 2
12028 4
12029 2
12030 4
12032 4
12033 3
12034 1
12035 2
12036 3
12037 3
12039 1
12040 4
12043 3
12044 1
12045 3
12046 1
12047 1
12050 1
12051 3
12052 2
12053 1
12054 3
12055 3
12056 2
12057 2
12058 1
12059 3
12060 2
12061 3
12063 1
12064 5
12066 2
12067 3
12068 4
12069 2
12070 3
12071 1
12072 2
12073 1
12075 4
12076 1
12077 1
12078 3
12079 5
12081 2
12082 3
12083 2
12084 3
12085 2
12086 3
12087 3
12088 2
12089 3
12090 1
12091 4
12092 3
12093 3
12095 2
12096 2
12097 1
12098 1
12099 4
12100 1
12101 1
12102 4
12103 2
12104 2
12105 3
12106 5
12107 6
12108 3
12109 3
12110 2
12111 3
12113 2
12114 1
12115 4
12116 1
12117 3
12118 5
12119 3
12120 3
12121 4
12122 1
12125 3
12126 2
12127 3
12128 1
12129 6
12130 2
12131 5
12132 1
12133 4
12134 3
12135 4
12136 1
12137 1
12138 5
12139 4
12141 2
12142 1
12143 3
12144 2
12145 2
12146 2
12147 3
12148 1
12149 4
12150 4
12152 3
12153 1
12154 2
12155 2
12156 2
12157 4
12158 3
12159 1
12160 2
12161 2
12163 3
12164 1
12165 4
12166 2
12167 6
12168 3
12169 3
12170 2
12171 2
12172 2
12173 2
12174 3
12175 3
12176 2
12177 5
12178 4
12179 1
12180 4
12181 5
12182 1
12183 2
12184 3
12185 4
12186 3
12187 1
12188 3
12189 1
12190 3
12191 3
12192 3
12193 3
12194 1
12195 3
12196 1
12197 2
12198 1
12199 3
12200 1
12201 3
12202 1
12203 3
12204 4
12205 2
12206 1
12207 2
12208 2
12209 1
12210 3
12211 1
12213 4
12214 1
12215 1
12216 4
12217 3
12218 2
12219 4
12220 2
12221 1
12223 2
12224 4
12226 2
12227 3
12228 3
12229 3
12230 1
12231 1
12232 4
12233 2
12234 3
12235 1
12236 2
12237 2
12238 3
12239 2
12240 2
12241 2
12242 3
12243 2
12244 5
12245 2
12246 4
12247 4
12248 2
12249 1
12250 3
12251 1
12252 3
12253 1
12254 1
12255 4
12256 6
12257 3
12258 1
12259 3
12260 3
12262 5
12263 5
12264 1
12265 2
12266 5
12267 3
12268 1
12269 2
12270 2
12271 3
12272 2
12273 2
12274 6
12275 4
12276 4
12277 4
12278 3
12279 2
12280 5
12281 3
12282 3
12283 3
12284 2
12285 3
12286 3
12287 1
12288 1
12289 4
12290 4
12291 2
12292 4
12293 2
12294 2
12295 4
12296 4
12298 6
12299 2
12300 2
12301 1
12302 4
12303 2
12304 3
12305 3
12306 4
12307 1
12308 3
12309 2
12310 4
12311 1
12312 1
12313 3
12314 3
12315 3
12316 4
12317 2
12318 2
12319 2
12320 1
12321 3
12322 2
12323 3
12324 1
12325 2
12326 2
12327 3
12328 3
12329 2
12330 2
12331 1
12332 1
12333 1
12334 2
12336 1
12337 3
12338 2
12339 1
12340 1
12341 6
12342 1
12343 2
12344 1
12345 2
12346 1
12347 1
12348 2
12349 3
12350 1
12351 2
12352 3
12353 5
12354 1
12355 6
12356 3
12357 6
12358 3
12359 1
12360 2
12361 3
12362 2
12363 2
12364 1
12365 3
12366 3
12367 3
12368 4
12369 5
12370 1
12371 2
12372 4
12373 1
12374 1
12375 4
12377 6
12378 2
12379 3
12380 7
12381 1
12382 1
12383 3
12384 3
12385 4
12386 1
12387 4
12388 4
12389 4
12390 2
12391 6
12392 3
12393 5
12394 2
12395 4
12396 3
12397 2
12398 2
12399 7
12400 5
12401 3
12402 3
12403 4
12404 1
12405 4
12406 2
12407 3
12408 1
12410 1
12411 5
12412 1
12413 3
12414 4
12415 2
12416 3
12417 2
12418 4
12419 4
12420 3
12421 2
12422 2
12423 3
12424 1
12425 1
12426 1
12427 5
12428 2
12429 4
12430 3
12431 3
12432 3
12433 1
12434 2
12435 2
12436 4
12437 1
12438 6
12439 4
12440 3
12441 2
12442 2
12443 2
12444 2
12445 1
12446 3
12447 2
12448 1
12449 1
12450 4
12452 4
12453 2
12454 4
12455 2
12456 2
12457 2
12458 3
12459 2
12460 4
12461 1
12462 2
12463 3
12464 1
12465 2
12466 5
12467 2
12468 2
12469 2
12470 3
12471 1
12472 1
12473 2
12474 3
12475 2
12476 1
12477 4
12478 6
12479 1
12480 1
12481 3
12482 2
12484 2
12485 2
12486 3
12487 1
12488 3
12489 2
12490 5
12491 1
12492 2
12493 1
12494 2
12495 3
12496 3
12497 3
12498 1
12499 2
12500 2
12501 1
12502 7
12503 1
12504 5
12505 4
12506 4
12507 1
12508 3
12509 5
12510 3
12511 2
12512 3
12513 2
12514 3
12515 2
12516 2
12517 6
12518 2
12520 6
12522 2
12523 3
12524 3
12525 2
12526 3
12527 3
12528 3
12529 2
12530 3
12531 2
12532 1
12533 2
12534 1
12535 3
12536 3
12537 3
12538 3
12539 4
12540 3
12541 2
12542 5
12543 2
12544 3
12545 3
12546 1
12547 3
12548 5
12549 1
12550 1
12551 4
12553 4
12554 1
12555 4
12556 4
12557 2
12559 4
12560 4
12561 1
12562 4
12563 2
12564 2
12565 1
12566 3
12567 3
12568 2
12569 3
12570 2
12571 2
12572 3
12573 1
12574 2
12575 3
12576 2
12577 4
12578 1
12579 3
12580 2
12582 1
12583 1
12584 3
12585 2
12586 1
12587 4
12588 1
12589 2
12590 3
12591 2
12592 3
12593 2
12594 3
12595 1
12596 1
12597 1
12598 2
12599 2
12600 2
12601 2
12602 2
12603 3
12604 1
12605 3
12606 2
12607 2
12608 1
12609 3
12610 1
12611 1
12612 2
12613 3
12614 4
12615 3
12616 2
12617 2
12618 1
12619 3
12621 3
12622 1
12623 2
12624 1
12625 2
12626 6
12627 3
12628 2
12629 2
12630 1
12631 2
12632 1
12633 3
12634 3
12635 2
12636 2
12637 4
12638 2
12639 2
12640 1
12641 4
12642 2
12643 3
12644 3
12645 2
12646 3
12647 1
12648 2
12649 2
12650 3
12651 2
12652 3
12653 4
12654 3
12655 4
12656 4
12657 3
12658 1
12659 3
12660 3
12661 3
12662 3
12663 2
12664 3
12665 4
12666 5
12667 1
12668 2
12669 2
12670 3
12671 1
12672 1
12673 6
12674 3
12675 2
12676 5
12677 2
12679 3
12680 2
12681 1
12682 3
12683 1
12684 4
12685 2
12686 1
12687 2
12688 3
12690 1
12691 3
12692 1
12693 2
12694 1
12695 2
12696 3
12697 1
12698 3
12700 1
12701 3
12702 1
12703 2
12704 1
12705 2
12708 3
12709 3
12710 3
12711 2
12712 4
12713 1
12714 2
12715 3
12716 2
12718 3
12719 2
12720 1
12722 2
12723 3
12724 3
12725 4
12726 4
12727 1
12728 2
12729 1
12730 1
12731 1
12732 3
12733 2
12734 2
12735 2
12736 2
12737 3
12738 1
12739 2
12740 4
12742 2
12743 1
12744 1
12745 1
12746 3
12748 4
12749 1
12750 2
12751 5
12752 6
12753 1
12754 3
12755 3
12756 1
12757 2
12758 2
12759 3
12760 1
12761 2
12762 4
12763 2
12764 4
12765 4
12766 1
12767 6
12768 3
12769 1
12770 4
12771 2
12772 2
12773 3
12774 2
12775 2
12776 4
12777 4
12778 3
12779 3
12780 3
12781 1
12782 3
12783 1
12784 2
12785 4
12786 3
12787 3
12788 1
12790 9
12791 3
12792 2
12793 2
12794 4
12795 2
12796 1
12797 2
12798 4
12800 2
12801 3
12803 3
12804 2
12806 2
12807 2
12808 1
12809 2
12810 2
12811 2
12812 3
12813 5
12814 1
12815 2
12817 2
12818 2
12819 2
12820 1
12821 2
12822 2
12823 1
12824 3
12825 4
12826 2
12827 2
12828 4
12829 2
12830 2
12831 2
12832 1
12833 4
12834 3
12835 2
12836 2
12837 5
12838 1
12839 4
12840 2
12841 1
12842 3
12843 2
12845 2
12846 3
12847 2
12848 1
12849 4
12850 1
12851 3
12853 1
12854 1
12855 2
12856 3
12857 4
12858 1
12859 2
12860 2
12861 2
12862 2
12863 3
12864 2
12865 4
12866 1
12867 1
12868 1
12869 2
12870 1
12871 1
12872 4
12873 2
12874 3
12875 3
12876 6
12877 4
12878 1
12879 3
12880 1
12881 1
12883 4
12884 1
12885 2
12886 2
12887 3
12888 5
12889 4
12890 2
12891 1
12892 1
12893 2
12894 2
12895 4
12896 3
12897 3
12899 4
12900 1
12901 4
12902 2
12903 1
12904 4
12905 1
12906 3
12907 6
12908 2
12909 2
12910 2
12911 1
12912 2
12913 2
12914 1
12915 7
12916 2
12917 1
12918 3
12919 3
12921 2
12922 4
12923 2
12924 4
12925 2
12926 3
12927 2
12928 2
12929 1
12930 3
12931 1
12932 3
12933 4
12934 3
12935 6
12936 3
12937 3
12938 3
12939 2
12940 2
12941 3
12942 3
12943 2
12944 2
12945 3
12946 5
12947 2
12948 2
12949 5
12950 3
12951 2
12952 2
12953 1
12954 5
12955 3
12956 1
12957 2
12958 2
12959 2
12960 3
12961 3
12962 3
12963 3
12964 1
12965 3
12966 2
12967 2
12968 2
12969 1
12970 1
12971 3
12972 2
12973 1
12974 4
12976 2
12977 1
12978 1
12979 1
12981 4
12982 2
12983 1
12984 4
12985 2
12986 2
12987 3
12988 2
12989 4
12990 1
12992 3
12994 2
12995 2
12996 2
12997 3
12998 2
12999 2
13000 5
13001 3
13002 3
13003 1
13004 4
13005 1
13006 1
13007 2
13008 3
13010 4
13011 2
13012 5
13013 5
13014 2
13015 3
13016 2
13017 2
13018 1
13020 3
13021 2
13023 2
13024 4
13025 4
13026 3
13027 1
13028 3
13029 1
13030 2
13031 4
13032 4
13033 2
13034 2
13035 2
13036 4
13037 2
13038 2
13039 4
13040 3
13041 3
13043 5
13044 4
13045 2
13046 3
13047 4
13048 4
13049 3
13050 4
13051 1
13052 4
13053 3
13054 3
13055 4
13056 3
13058 2
13059 2
13060 1
13061 3
13062 1
13063 4
13064 5
13065 4
13066 4
13067 1
13068 1
13070 1
13071 4
13072 3
13073 3
13074 3
13075 2
13076 2
13077 3
13078 2
13079 4
13080 2
13082 1
13083 5
13085 1
13086 3
13087 2
13088 2
13089 2
13090 1
13091 2
13092 2
13093 1
13094 2
13097 3
13098 3
13099 2
13100 2
13101 2
13102 2
13104 1
13105 4
13106 3
13107 4
13108 1
13109 3
13110 3
13111 5
13113 3
13114 2
13115 2
13117 1
13118 3
13119 3
13120 1
13121 4
13122 3
13123 2
13124 3
13125 6
13126 1
13127 3
13128 2
13129 2
13130 1
13132 2
13133 1
13134 3
13135 4
13136 1
13137 4
13138 2
13139 2
13140 1
13141 1
13143 4
13145 3
13146 1
13147 3
13148 4
13149 6
13150 4
13151 2
13152 3
13153 3
13154 4
13155 1
13156 3
13157 3
13158 4
13159 1
13160 2
13161 5
13163 3
13164 3
13165 2
13166 2
13167 1
13168 3
13169 3
13170 1
13171 4
13172 2
13173 1
13174 2
13175 1
13176 2
13177 3
13178 1
13179 2
13180 2
13181 3
13182 2
13183 1
13184 3
13185 3
13186 4
13187 2
13188 3
13189 4
13190 3
13191 2
13192 2
13193 2
13194 1
13195 3
13196 3
13197 4
13198 1
13199 2
13200 5
13201 1
13202 2
13203 4
13204 4
13205 2
13206 1
13207 2
13208 3
13209 2
13210 5
13211 2
13212 3
13213 2
13214 4
13216 2
13217 2
13218 4
13219 2
13220 2
13221 1
13222 3
13223 3
13224 4
13225 1
13226 2
13227 2
13228 2
13229 2
13230 3
13231 2
13232 3
13233 1
13234 2
13235 2
13236 4
13237 2
13238 2
13240 2
13242 3
13243 2
13244 1
13245 3
13246 3
13247 2
13248 2
13249 1
13250 1
13251 2
13252 3
13253 2
13254 3
13255 1
13256 2
13257 2
13258 3
13259 2
13260 3
13261 1
13262 2
13263 3
13264 2
13265 3
13266 2
13267 3
13269 1
13270 4
13271 2
13272 4
13273 3
13274 4
13275 6
13276 3
13277 1
13278 4
13279 1
13280 2
13281 1
13282 3
13283 2
13284 1
13285 4
13286 3
13287 2
13288 3
13289 1
13290 2
13292 1
13293 4
13294 2
13295 5
13296 4
13297 2
13298 3
13299 2
13300 3
13301 4
13302 2
13303 3
13304 1
13305 2
13306 3
13307 1
13308 2
13309 3
13311 1
13312 3
13313 1
13314 6
13315 2
13317 8
13318 1
13319 1
13320 2
13321 4
13322 2
13323 3
13324 1
13325 3
13326 1
13327 3
13328 3
13329 6
13331 2
13332 2
13333 4
13334 3
13335 6
13336 1
13337 2
13338 1
13339 1
13340 2
13341 3
13342 3
13343 2
13344 2
13345 4
13347 4
13348 3
13349 2
13351 1
13352 1
13353 3
13354 1
13355 1
13356 3
13357 3
13359 2
13360 3
13362 3
13364 2
13365 2
13366 1
13367 2
13368 2
13369 2
13370 2
13371 4
13372 2
13373 2
13374 1
13375 2
13376 2
13377 2
13378 1
13379 2
13380 2
13381 3
13382 2
13383 2
13384 4
13385 1
13386 1
13387 3
13388 1
13389 2
13390 1
13391 4
13392 1
13393 1
13394 4
13395 2
13396 5
13397 1
13398 2
13399 6
13400 1
13401 1
13402 2
13403 1
13404 2
13405 1
13406 2
13407 3
13408 1
13409 2
13410 4
13411 5
13412 5
13413 2
13414 3
13416 1
13417 2
13418 3
13419 3
13420 5
13421 1
13422 2
13423 6
13424 2
13425 3
13426 2
13427 1
13430 4
13431 2
13432 4
13433 1
13434 6
13435 1
13436 1
13437 1
13438 4
13439 2
13440 3
13441 3
13442 4
13443 2
13444 2
13445 1
13446 3
13447 1
13448 3
13449 1
13450 4
13451 3
13452 1
13453 3
13454 3
13455 2
13456 1
13457 3
13459 4
13460 1
13462 2
13463 1
13465 3
13466 3
13468 2
13469 1
13470 4
13471 2
13472 4
13473 3
13474 1
13475 1
13476 2
13477 2
13478 1
13479 2
13480 1
13481 2
13482 3
13483 1
13484 4
13486 3
13487 1
13488 1
13489 4
13490 3
13492 2
13493 4
13495 2
13496 1
13497 1
13498 1
13499 1
13500 2
13501 1
13502 2
13503 1
13504 3
13505 2
13506 2
13507 1
13508 1
13509 3
13510 1
13512 2
13513 3
13515 1
13516 3
13517 1
13518 3
13519 1
13520 4
13521 3
13522 3
13523 3
13524 2
13525 2
13526 1
13527 1
13528 2
13529 1
13530 1
13531 3
13533 3
13534 2
13535 2
13536 5
13537 2
13539 4
13540 1
13542 3
13543 1
13544 2
13545 4
13547 3
13548 4
13549 3
13550 2
13551 2
13552 3
13553 2
13554 1
13555 2
13556 2
13557 1
13558 3
13559 3
13560 3
13561 1
13562 2
13563 2
13564 2
13565 2
13566 2
13567 4
13568 2
13569 2
13570 2
13571 2
13572 1
13573 1
13574 2
13575 1
13576 1
13577 1
13578 3
13579 4
13580 1
13581 4
13582 1
13583 3
13584 1
13585 3
13587 4
13588 2
13589 2
13590 2
13591 1
13592 2
13594 5
13595 2
13596 4
13597 2
13598 2
13599 3
13601 3
13603 3
13604 1
13605 4
13606 3
13607 4
13608 1
13609 3
13610 2
13611 3
13612 2
13613 3
13614 2
13615 2
13617 2
13618 2
13619 1
13620 1
13621 3
13623 2
13624 1
13625 1
13626 1
13627 1
13628 1
13630 3
13631 1
13632 2
13633 4
13634 1
13635 2
13636 1
13637 1
13639 1
13640 1
13641 1
13642 2
13644 2
13645 3
13646 3
13647 2
13648 2
13651 1
13652 1
13653 3
13654 1
13655 2
13656 2
13657 3
13658 1
13659 2
13660 2
13661 2
13662 4
13663 2
13664 3
13665 1
13667 2
13669 3
13670 3
13671 2
13672 3
13673 4
13674 3
13675 1
13676 4
13677 3
13678 1
13680 2
13681 1
13682 4
13683 2
13684 3
13685 4
13686 1
13687 2
13688 2
13689 2
13690 3
13691 3
13692 5
13693 3
13694 3
13695 4
13696 3
13697 1
13698 3
13699 2
13700 4
13701 1
13702 1
13703 4
13704 3
13705 4
13706 3
13707 2
13708 2
13709 2
13710 3
13711 2
13712 4
13713 2
13714 2
13715 2
13716 4
13717 1
13718 2
13719 2
13720 4
13721 2
13722 2
13723 2
13724 4
13727 2
13728 3
13729 2
13730 2
13731 2
13732 2
13733 2
13734 4
13735 3
13736 1
13737 1
13738 1
13739 1
13740 1
13741 2
13742 4
13743 1
13744 3
13745 2
13747 1
13748 1
13750 1
13751 1
13752 3
13753 1
13754 1
13755 3
13756 1
13757 2
13758 3
13759 2
13760 1
13761 2
13762 2
13763 2
13765 2
13766 2
13767 2
13768 2
13769 2
13770 4
13771 3
13772 2
13775 3
13776 2
13777 1
13778 2
13779 1
13780 1
13781 3
13782 2
13783 3
13784 1
13786 5
13787 3
13788 1
13789 3
13790 1
13791 2
13792 1
13793 4
13794 3
13795 4
13796 1
13797 2
13798 4
13799 2
13800 1
13801 3
13802 2
13803 1
13804 3
13805 2
13806 3
13807 2
13808 2
13809 5
13810 3
13811 3
13812 1
13813 4
13814 3
13815 1
13816 1
13817 4
13818 1
13819 4
13820 2
13821 2
13822 6
13823 2
13824 1
13825 2
13827 3
13828 2
13829 3
13830 2
13831 3
13832 3
13833 4
13834 1
13835 2
13836 2
13837 4
13838 1
13839 1
13840 5
13841 3
13842 2
13843 2
13844 4
13845 3
13846 1
13847 3
13848 1
13849 2
13850 3
13851 2
13852 5
13853 1
13854 1
13855 1
13856 3
13857 2
13858 4
13859 1
13860 2
13861 1
13862 1
13864 1
13865 3
13866 1
13867 3
13868 2
13869 4
13870 2
13871 1
13872 2
13873 1
13874 2
13875 4
13876 2
13877 4
13878 1
13879 3
13880 2
13881 3
13882 2
13883 3
13884 2
13885 2
13886 1
13887 2
13888 1
13889 2
13890 1
13891 2
13892 4
13893 2
13894 1
13895 4
13896 2
13898 2
13899 3
13901 1
13902 1
13903 1
13904 2
13905 1
13906 2
13907 2
13908 2
13909 1
13910 1
13911 2
13912 2
13913 2
13914 1
13915 4
13916 2
13917 2
13918 3
13919 4
13920 2
13921 1
13922 2
13923 2
13924 2
13925 1
13926 5
13928 1
13929 3
13930 1
13931 4
13932 1
13934 5
13935 2
13937 1
13938 3
13939 1
13940 3
13941 2
13942 3
13943 3
13944 3
13945 1
13946 2
13947 4
13948 2
13949 2
13950 1
13951 4
13952 3
13953 2
13954 4
13955 2
13956 1
13957 3
13958 4
13959 2
13960 2
13961 4
13962 4
13964 4
13965 3
13966 2
13967 2
13968 4
13969 2
13970 2
13971 2
13972 1
13973 3
13974 3
13975 1
13976 6
13977 2
13978 4
13979 2
13980 5
13981 3
13982 3
13984 3
13985 1
13986 3
13987 2
13988 2
13989 2
13990 1
13991 3
13992 2
13993 2
13994 2
13995 1
13996 1
13997 2
13998 3
14000 4
14001 3
14003 1
14004 3
14005 1
14006 3
14008 4
14009 1
14011 1
14012 1
14013 1
14014 2
14015 2
14016 2
14017 1
14018 1
14019 2
14020 2
14022 1
14023 3
14024 1
14025 1
14026 1
14027 1
14028 2
14029 2
14030 3
14031 2
14032 3
14033 2
14034 2
14035 2
14036 1
14038 1
14039 2
14040 1
14041 1
14043 4
14044 3
14045 2
14046 2
14047 1
14050 2
14051 4
14053 3
14054 2
14055 3
14056 1
14057 3
14058 2
14059 3
14060 1
14062 1
14063 5
14064 1
14065 1
14066 2
14067 3
14068 2
14069 3
14070 2
14071 3
14072 4
14073 2
14074 2
14075 3
14077 1
14079 4
14080 2
14081 2
14082 4
14083 2
14084 4
14085 4
14086 2
14087 3
14088 1
14089 2
14090 4
14091 4
14092 2
14093 3
14094 1
14095 3
14096 1
14097 2
14098 3
14099 4
14100 1
14101 1
14102 3
14103 2
14105 3
14106 1
14108 1
14109 1
14110 1
14111 2
14112 1
14113 2
14115 2
14116 1
14117 2
14118 2
14120 1
14121 1
14123 2
14124 1
14125 2
14126 1
14127 1
14128 3
14129 3
14130 2
14131 1
14132 2
14133 3
14134 1
14136 1
14137 1
14138 1
14139 2
14140 2
14141 3
14142 1
14143 1
14144 2
14145 1
14146 1
14147 1
14148 2
14149 2
14151 3
14152 2
14154 4
14156 2
14157 2
14159 1
14160 1
14161 1
14162 4
14164 2
14165 1
14166 2
14167 1
14168 4
14169 2
14170 2
14171 2
14172 2
14174 1
14175 3
14177 3
14178 3
14179 1
14180 5
14181 3
14182 2
14183 2
14184 1
14185 1
14186 1
14187 1
14188 3
14189 1
14190 4
14191 2
14192 3
14193 3
14194 1
14196 2
14197 2
14198 2
14199 2
14200 3
14201 1
14202 1
14203 1
14204 3
14205 1
14206 3
14207 1
14208 4
14209 2
14210 2
14211 3
14212 3
14214 2
14215 1
14216 2
14217 1
14218 1
14219 1
14220 2
14221 1
14222 2
14223 2
14224 1
14226 1
14227 3
14228 1
14229 2
14230 1
14231 3
14232 2
14233 1
14237 1
14238 3
14239 3
14240 3
14241 2
14242 3
14243 2
14244 2
14245 2
14246 1
14247 2
14250 4
14251 3
14252 1
14253 3
14254 2
14255 2
14256 1
14257 3
14258 1
14259 2
14260 1
14261 2
14262 1
14263 1
14264 2
14265 2
14266 2
14267 2
14268 2
14269 1
14270 1
14271 2
14272 1
14273 2
14274 1
14275 1
14276 3
14277 2
14278 2
14279 1
14280 2
14281 1
14282 1
14283 1
14286 3
14288 1
14289 3
14290 1
14291 2
14292 3
14293 1
14294 5
14295 3
14296 1
14297 4
14299 1
14300 1
14301 1
14302 2
14303 1
14304 1
14305 2
14306 1
14307 2
14308 1
14309 2
14310 1
14311 1
14313 2
14314 2
14315 3
14316 1
14317 4
14318 2
14319 1
14320 3
14321 3
14322 2
14323 1
14324 1
14325 3
14327 2
14328 2
14329 1
14330 1
14331 1
14333 4
14335 1
14336 5
14337 2
14338 1
14339 1
14340 1
14341 1
14342 2
14343 1
14344 3
14345 1
14346 1
14347 3
14348 3
14349 3
14350 2
14351 1
14352 3
14353 3
14354 2
14355 4
14356 1
14357 3
14358 1
14359 1
14360 2
14361 3
14362 2
14363 4
14364 4
14365 1
14366 1
14367 3
14368 2
14369 2
14370 3
14371 3
14372 2
14373 1
14374 1
14375 5
14376 2
14377 2
14378 2
14379 4
14380 1
14381 3
14382 1
14383 1
14384 2
14385 1
14386 2
14388 2
14389 1
14390 2
14391 1
14392 1
14393 1
14395 1
14396 2
14397 1
14398 2
14399 2
14400 2
14402 2
14403 4
14405 1
14407 1
14410 3
14411 1
14412 2
14413 2
14414 3
14415 1
14416 1
14418 1
14419 2
14420 1
14421 2
14422 2
14424 1
14425 1
14426 2
14427 1
14428 1
14429 1
14430 4
14431 2
14432 2
14433 1
14434 2
14435 1
14437 1
14438 1
14439 4
14440 2
14441 2
14442 5
14444 1
14445 2
14446 2
14448 2
14450 5
14451 1
14452 1
14453 5
14454 3
14457 3
14458 1
14459 3
14460 3
14461 4
14462 2
14463 2
14464 3
14465 1
14466 5
14467 1
14468 1
14469 4
14470 2
14472 3
14473 4
14474 3
14475 2
14476 1
14478 4
14479 3
14480 1
14481 3
14482 1
14484 5
14485 2
14486 3
14487 2
14489 4
14490 2
14491 3
14492 5
14493 2
14494 2
14495 1
14496 2
14497 1
14498 1
14500 2
14501 1
14502 2
14503 2
14505 2
14508 2
14509 2
14511 1
14512 2
14513 1
14514 1
14515 1
14516 1
14517 1
14518 1
14519 2
14520 1
14521 1
14522 2
14523 1
14525 2
14526 1
14527 2
14528 2
14529 2
14530 1
14531 2
14532 2
14534 1
14535 2
14536 4
14538 1
14539 5
14540 1
14541 1
14542 1
14543 2
14544 1
14545 1
14546 1
14547 1
14548 2
14549 1
14550 3
14551 1
14553 2
14554 1
14555 1
14556 2
14557 2
14558 2
14559 2
14561 2
14563 4
14564 3
14565 1
14567 2
14568 2
14569 2
14570 2
14571 1
14572 3
14573 1
14574 3
14575 1
14576 1
14577 5
14578 4
14579 3
14580 1
14581 2
14582 1
14583 2
14584 1
14585 4
14586 1
14587 3
14588 2
14589 1
14590 4
14591 3
14592 2
14595 2
14596 1
14597 2
14598 3
14599 2
14600 2
14601 3
14602 1
14603 3
14606 2
14607 2
14608 1
14609 2
14610 3
14611 2
14613 3
14614 1
14615 2
14616 1
14617 2
14618 2
14620 2
14621 2
14622 1
14624 3
14625 1
14626 3
14627 1
14628 3
14629 1
14630 2
14631 1
14632 2
14633 4
14634 2
14635 2
14637 4
14638 3
14639 3
14640 2
14641 2
14642 2
14643 2
14644 1
14645 1
14646 2
14648 1
14649 3
14650 3
14651 1
14652 4
14653 2
14654 1
14656 3
14657 1
14658 1
14659 1
14660 2
14662 1
14663 1
14664 2
14665 1
14666 2
14667 3
14669 1
14670 1
14671 1
14672 1
14673 2
14674 2
14675 1
14676 3
14677 2
14678 1
14679 1
14680 1
14681 1
14682 1
14683 2
14684 1
14685 1
14686 1
14687 1
14688 2
14689 3
14690 3
14691 2
14692 2
14693 1
14694 2
14695 1
14696 4
14698 1
14699 2
14700 1
14701 4
14702 3
14703 1
14704 3
14706 1
14707 1
14708 1
14709 3
14710 3
14712 4
14713 1
14714 2
14715 3
14716 3
14717 2
14718 1
14719 3
14720 2
14722 2
14723 2
14724 2
14725 1
14726 2
14727 2
14728 3
14729 1
14730 1
14731 3
14732 3
14733 1
14734 3
14735 4
14736 2
14737 2
14738 3
14739 2
14741 1
14742 2
14743 3
14746 4
14747 1
14748 2
14749 3
14750 2
14751 1
14752 3
14753 1
14754 2
14755 4
14756 2
14757 1
14758 3
14759 1
14761 2
14762 3
14764 1
14765 1
14766 2
14767 3
14768 1
14769 1
14770 1
14771 2
14772 1
14773 2
14774 3
14775 1
14776 4
14777 2
14778 2
14780 2
14781 2
14782 2
14784 1
14785 2
14787 1
14788 2
14789 2
14791 2
14794 3
14795 3
14798 2
14799 1
14800 1
14801 2
14802 1
14805 1
14806 1
14807 2
14808 2
14809 2
14810 1
14812 2
14813 4
14814 2
14815 1
14818 1
14819 1
14820 2
14821 3
14822 1
14823 1
14824 1
14825 5
14826 2
14827 3
14828 1
14829 2
14830 2
14831 2
14832 1
14833 1
14834 1
14836 2
14837 3
14838 3
14839 1
14840 3
14841 4
14843 1
14844 1
14845 1
14847 2
14848 1
14849 4
14850 2
14851 1
14852 5
14853 1
14854 2
14855 3
14856 3
14857 3
14858 2
14859 4
14860 3
14861 2
14863 3
14865 2
14867 1
14868 2
14869 1
14870 1
14871 4
14872 2
14873 3
14874 1
14875 1
14876 1
14877 2
14878 1
14879 4
14880 1
14883 2
14884 1
14885 1
14886 4
14888 3
14889 1
14890 1
14891 3
14892 1
14894 2
14895 1
14897 2
14898 1
14899 3
14900 1
14901 2
14902 2
14904 3
14905 1
14906 2
14907 1
14908 1
14910 1
14911 2
14912 3
14913 2
14915 2
14917 1
14918 3
14919 1
14920 2
14922 1
14924 1
14926 1
14927 1
14928 1
14929 1
14930 3
14931 2
14932 2
14933 1
14934 2
14935 1
14937 1
14938 5
14939 1
14941 1
14942 3
14945 2
14947 2
14948 1
14949 2
14950 2
14951 1
14953 2
14954 1
14956 3
14958 2
14959 1
14960 2
14961 2
14962 3
14964 1
14965 1
14966 4
14967 2
14968 2
14969 2
14971 1
14972 2
14974 5
14976 3
14977 4
14978 1
14979 2
14980 3
14981 3
14983 1
14984 2
14987 1
14988 2
14989 3
14990 2
14994 2
14995 4
14996 2
14997 4
14998 2
14999 1
15000 1
15001 1
15002 1
15003 2
15005 3
15007 1
15008 4
15009 1
15010 3
15011 2
15012 1
15014 2
15016 2
15017 2
15019 5
15023 3
15024 1
15025 3
15026 1
15027 1
15028 2
15029 1
15030 1
15031 1
15032 1
15033 1
15034 1
15035 2
15036 2
15037 2
15039 1
15040 1
15041 1
15042 1
15043 1
15044 2
15045 1
15047 3
15049 2
15050 1
15051 1
15054 1
15055 2
15057 1
15058 1
15059 2
15062 2
15063 1
15065 1
15066 1
15069 1
15070 1
15072 1
15073 2
15075 1
15076 1
15077 1
15078 2
15082 1
15083 2
15084 1
15085 1
15086 2
15087 1
15088 1
15089 1
15090 2
15091 4
15092 1
15093 2
15094 1
15096 1
15098 4
15099 1
15100 1
15101 3
15103 2
15104 1
15105 2
15106 1
15107 2
15108 2
15109 1
15110 1
15111 4
15112 1
15113 2
15114 2
15115 1
15116 1
15118 3
15119 2
15120 1
15121 2
15122 4
15123 1
15124 1
15125 4
15126 1
15127 3
15128 1
15129 2
15130 2
15132 1
15133 1
15134 3
15135 1
15136 2
15137 2
15138 2
15140 1
15141 1
15142 3
15143 1
15144 1
15145 2
15147 2
15148 3
15149 1
15151 1
15152 2
15153 1
15154 1
15155 1
15157 1
15158 1
15160 1
15161 2
15162 1
15164 1
15165 1
15167 1
15168 1
15169 1
15170 1
15171 2
15172 3
15173 2
15175 2
15179 1
15180 1
15181 1
15182 1
15183 1
15184 1
15186 1
15188 1
15190 3
15191 2
15194 2
15195 1
15196 1
15197 4
15200 2
15201 1
15204 1
15206 1
15207 2
15208 2
15209 2
15210 1
15211 2
15212 1
15215 1
15217 1
15218 3
15219 1
15220 2
15221 1
15222 3
15223 1
15224 4
15225 2
15227 3
15228 1
15229 1
15230 2
15231 2
15232 1
15233 2
15234 1
15235 1
15236 4
15237 1
15238 1
15239 3
15240 1
15241 1
15242 2
15244 2
15246 2
15247 3
15249 1
15250 2
15251 3
15252 1
15254 3
15256 1
15257 3
15258 3
15259 3
15260 2
15261 1
15262 2
15264 1
15265 1
15266 2
15267 1
15268 1
15269 2
15270 2
15271 1
15272 3
15273 1
15275 2
15276 2
15277 1
15278 2
15279 2
15281 2
15282 1
15283 1
15284 1
15285 4
15286 2
15287 1
15289 2
15290 2
15293 1
15295 1
15296 3
15297 3
15299 2
15300 2
15301 1
15303 2
15305 2
15306 2
15307 2
15309 1
15311 2
15312 1
15313 3
15314 2
15315 1
15316 1
15317 1
15318 2
15319 2
15321 2
15323 1
15325 1
15326 1
15327 1
15329 2
15330 1
15332 2
15333 1
15334 1
15335 2
15336 2
15337 3
15338 1
15339 1
15340 2
15341 1
15342 1
15343 2
15344 2
15345 2
15346 2
15347 1
15348 2
15349 1
15352 1
15353 1
15354 1
15355 3
15356 1
15357 1
15359 1
15360 2
15361 2
15363 2
15364 2
15366 2
15367 1
15368 3
15371 3
15372 1
15373 2
15374 2
15375 2
15376 4
15378 3
15379 2
15380 1
15381 1
15382 2
15383 2
15384 1
15385 1
15386 1
15387 2
15388 1
15389 2
15390 3
15391 1
15392 1
15393 1
15394 3
15395 1
15396 4
15398 2
15399 2
15400 2
15401 1
15402 3
15403 1
15404 2
15405 2
15406 2
15407 3
15408 1
15409 2
15410 1
15412 1
15414 3
15415 1
15417 2
15418 3
15420 3
15421 2
15422 3
15423 1
15424 1
15425 1
15426 1
15427 1
15429 2
15430 1
15433 1
15434 2
15435 2
15436 1
15437 1
15438 1
15439 1
15440 1
15441 1
15443 2
15444 1
15445 1
15446 3
15449 1
15452 1
15453 2
15454 2
15456 1
15457 1
15458 2
15459 2
15460 2
15461 1
15464 3
15465 1
15467 2
15469 3
15470 1
15472 3
15473 2
15477 2
15478 1
15480 2
15482 1
15483 3
15484 2
15485 4
15487 1
15488 2
15489 1
15491 1
15492 2
15493 2
15494 1
15495 1
15496 1
15497 2
15498 2
15499 1
15500 4
15501 1
15502 2
15503 3
15504 1
15505 2
15506 1
15507 1
15508 1
15509 1
15510 1
15511 2
15512 1
15513 3
15514 1
15515 1
15516 3
15517 1
15519 2
15520 2
15521 2
15522 1
15523 2
15524 3
15525 1
15526 1
15527 1
15528 2
15529 1
15530 1
15532 2
15533 1
15535 2
15536 1
15537 2
15538 2
15539 1
15542 1
15543 2
15544 2
15545 1
15546 2
15547 1
15548 1
15549 1
15551 2
15553 1
15555 1
15557 1
15558 2
15559 1
15560 2
15562 2
15563 2
15564 1
15565 2
15566 1
15569 1
15570 2
15571 2
15572 1
15574 1
15575 1
15576 2
15577 2
15578 2
15579 1
15581 1
15582 3
15583 1
15585 1
15589 2
15591 1
15593 2
15594 1
15596 2
15597 2
15599 1
15600 2
15601 1
15604 2
15606 2
15607 2
15608 1
15609 3
15610 2
15611 1
15613 1
15615 2
15617 3
15618 2
15619 2
15620 3
15621 2
15622 2
15623 1
15624 1
15626 3
15628 2
15629 1
15630 1
15631 1
15632 1
15633 1
15635 1
15636 1
15637 2
15640 2
15642 1
15644 1
15645 1
15646 1
15647 1
15649 3
15650 1
15652 3
15653 3
15654 2
15656 3
15657 3
15658 1
15659 1
15660 2
15662 1
15663 1
15664 1
15667 2
15668 2
15669 3
15670 2
15671 1
15672 2
15675 2
15676 2
15677 1
15678 1
15679 1
15680 2
15681 1
15682 2
15683 2
15684 2
15685 1
15686 2
15688 2
15689 1
15690 1
15695 2
15696 2
15698 1
15699 1
15702 2
15703 1
15706 3
15709 1
15710 1
15713 1
15714 1
15715 1
15716 1
15717 1
15718 1
15720 1
15721 1
15724 2
15726 1
15728 1
15729 1
15730 1
15731 2
15732 2
15734 3
15735 3
15736 2
15737 1
15739 1
15742 1
15744 1
15745 2
15746 1
15747 3
15748 1
15751 2
15752 1
15753 1
15754 1
15755 3
15756 2
15757 1
15758 1
15762 1
15763 1
15765 3
15766 2
15767 1
15768 1
15769 2
15771 2
15773 1
15774 4
15775 1
15776 1
15777 3
15778 3
15781 3
15784 2
15785 1
15786 3
15787 1
15789 2
15791 1
15792 2
15793 3
15794 2
15795 2
15799 2
15800 2
15801 3
15802 1
15804 1
15805 1
15806 1
15807 1
15808 2
15813 2
15814 1
15816 1
15817 1
15819 2
15827 1
15828 1
15830 1
15832 1
15834 2
15835 1
15838 1
15839 1
15840 1
15841 2
15843 1
15844 2
15848 3
15850 1
15851 2
15853 2
15855 1
15856 1
15857 1
15859 3
15860 1
15864 1
15866 1
15868 3
15869 1
15871 3
15872 1
15874 2
15876 1
15877 2
15879 4
15880 2
15882 2
15883 2
15884 2
15886 1
15887 1
15888 1
15890 2
15891 1
15892 2
15893 2
15895 4
15897 1
15898 4
15899 1
15900 1
15901 1
15902 2
15903 1
15904 1
15905 2
15906 1
15908 1
15910 3
15911 1
15912 2
15913 1
15915 1
15916 1
15918 2
15919 1
15920 1
15922 2
15923 3
15925 2
15926 1
15929 1
15931 1
15932 1
15933 1
15934 1
15938 1
15940 2
15942 1
15943 1
15944 1
15945 1
15946 1
15947 1
15948 1
15949 1
15950 1
15952 1
15954 1
15955 1
15956 2
15957 1
15958 2
15959 1
15961 2
15964 2
15965 2
15968 1
15969 1
15970 1
15972 1
15974 1
15975 2
15977 2
15978 1
15981 1
15984 1
15985 1
15987 1
15988 3
15990 1
15991 1
15992 1
15993 1
15994 1
15996 2
15998 2
15999 3
16003 1
16004 1
16006 1
16007 1
16008 2
16009 1
16014 1
16015 3
16016 1
16017 3
16019 1
16020 1
16021 1
16022 2
16023 1
16024 2
16025 1
16027 3
16029 1
16030 1
16032 1
16033 1
16035 2
16036 2
16038 2
16040 1
16043 1
16044 1
16046 1
16047 1
16048 1
16049 2
16050 1
16051 3
16052 1
16053 2
16054 1
16055 2
16057 1
16059 1
16062 1
16063 2
16064 2
16066 2
16067 2
16068 1
16069 2
16070 1
16071 2
16072 1
16073 1
16074 1
16077 1
16078 2
16079 2
16081 3
16082 1
16087 2
16093 1
16097 1
16102 1
16103 1
16104 1
16105 3
16106 1
16110 1
16112 1
16113 1
16117 1
16120 1
16123 1
16124 2
16127 1
16130 2
16131 2
16132 2
16133 2
16134 2
16135 1
16138 1
16139 1
16141 3
16142 1
16144 3
16145 1
16146 2
16147 1
16148 1
16149 2
16152 2
16153 1
16154 2
16155 2
16157 3
16160 1
16161 2
16162 3
16163 2
16164 2
16165 1
16166 1
16167 1
16168 2
16170 1
16171 1
16172 2
16173 1
16175 1
16176 3
16177 2
16180 1
16181 1
16184 2
16186 2
16187 1
16188 3
16190 2
16191 3
16192 1
16193 1
16194 1
16195 1
16196 1
16198 1
16201 1
16202 2
16203 1
16204 1
16205 1
16207 1
16209 2
16210 1
16212 1
16213 1
16214 2
16215 1
16216 2
16218 1
16220 1
16222 1
16223 1
16227 2
16229 1
16233 1
16234 1
16237 2
16239 1
16240 1
16241 2
16243 1
16244 1
16245 1
16247 1
16248 1
16250 1
16251 2
16252 2
16253 1
16254 1
16255 2
16256 1
16258 3
16259 1
16261 2
16263 1
16265 2
16266 3
16269 1
16270 3
16271 1
16273 2
16275 1
16276 2
16277 1
16278 2
16279 4
16281 2
16282 1
16284 1
16285 2
16286 3
16287 2
16289 2
16292 1
16293 2
16294 2
16297 3
16299 1
16300 3
16301 2
16303 1
16304 2
16305 1
16308 1
16309 1
16311 1
16312 2
16313 1
16314 1
16315 3
16316 2
16318 1
16319 2
16322 1
16324 1
16326 2
16328 1
16329 1
16330 1
16331 1
16332 2
16333 1
16334 1
16335 1
16337 1
16339 2
16340 2
16342 1
16343 1
16344 1
16346 1
16349 1
16350 1
16351 1
16353 1
16354 1
16356 1
16357 1
16358 1
16361 1
16362 1
16363 1
16364 1
16367 1
16368 2
16371 1
16374 1
16376 2
16378 1
16379 1
16380 1
16383 1
16385 1
16386 1
16387 1
16390 2
16392 1
16393 1
16394 1
16395 2
16397 1
16398 3
16400 1
16403 4
16404 1
16406 1
16409 1
16410 2
16412 1
16414 2
16415 1
16416 1
16417 2
16418 2
16421 2
16423 2
16424 1
16425 2
16426 2
16428 2
16430 1
16431 1
16433 2
16434 1
16436 2
16437 2
16439 2
16440 1
16443 2
16444 1
16445 1
16446 2
16448 2
16450 1
16452 1
16453 2
16454 2
16456 1
16457 2
16463 2
16464 1
16465 1
16466 1
16471 1
16473 1
16477 1
16478 1
16480 2
16483 1
16486 1
16492 1
16496 1
16497 1
16502 1
16503 1
16504 1
16507 1
16512 1
16515 1
16516 1
16519 1
16522 1
16523 2
16524 1
16526 1
16527 2
16528 1
16529 1
16531 1
16532 1
16533 1
16534 1
16535 1
16536 1
16538 1
16539 1
16540 2
16541 1
16542 2
16543 3
16544 1
16545 2
16547 1
16549 1
16551 2
16552 2
16554 2
16556 3
16557 2
16559 2
16561 1
16562 3
16563 1
16564 1
16565 1
16567 2
16570 1
16571 1
16574 1
16575 1
16580 1
16581 1
16582 1
16587 1
16589 1
16590 2
16596 1
16597 1
16600 1
16601 2
16602 1
16604 1
16608 2
16609 1
16611 1
16614 1
16617 1
16619 1
16620 1
16622 1
16626 1
16628 1
16632 2
16634 2
16636 2
16640 2
16642 1
16643 1
16644 1
16647 2
16650 2
16651 2
16652 1
16653 1
16656 1
16658 1
16660 1
16661 1
16662 1
16663 1
16664 1
16665 2
16666 1
16668 3
16669 1
16671 1
16673 1
16676 3
16678 2
16679 1
16680 1
16681 1
16683 1
16684 1
16686 2
16688 1
16691 1
16692 1
16695 1
16696 2
16699 3
16703 1
16704 1
16707 2
16710 2
16711 1
16712 1
16714 3
16715 1
16719 1
16723 1
16725 3
16726 1
16728 1
16731 1
16732 1
16733 1
16734 1
16737 1
16738 1
16739 1
16743 1
16745 1
16746 1
16749 2
16750 1
16751 1
16752 1
16754 1
16756 1
16757 1
16758 1
16764 1
16766 1
16767 1
16774 2
16775 2
16777 1
16782 2
16785 2
16788 1
16790 1
16792 1
16793 2
16794 1
16795 1
16796 1
16797 1
16801 1
16802 1
16804 1
16805 1
16808 1
16809 1
16810 1
16812 1
16813 1
16816 1
16818 1
16819 2
16820 2
16821 3
16823 1
16824 1
16825 1
16827 2
16828 1
16829 1
16831 2
16832 1
16835 2
16836 1
16837 1
16839 1
16840 1
16842 1
16843 1
16845 1
16847 1
16849 2
16853 1
16854 1
16855 1
16856 1
16860 1
16862 1
16863 1
16867 1
16870 1
16873 1
16874 1
16875 1
16878 1
16881 1
16891 1
16892 1
16896 1
16898 3
16899 2
16902 3
16903 1
16906 1
16911 1
16912 1
16914 2
16917 1
16918 1
16920 2
16922 3
16923 1
16925 1
16926 1
16929 2
16930 2
16931 2
16932 1
16933 1
16934 1
16936 1
16938 3
16941 2
16942 1
16944 2
16945 2
16948 1
16949 1
16951 1
16952 2
16953 1
16958 2
16959 2
16961 1
16962 1
16963 1
16964 1
16966 1
16973 1
16974 1
16975 1
16977 2
16978 1
16980 1
16983 1
16984 1
16988 1
16989 1
16991 1
16997 1
17001 1
17002 1
17003 1
17007 3
17008 1
17011 1
17015 1
17018 1
17020 1
17021 1
17023 1
17029 1
17031 2
17034 2
17035 1
17037 1
17039 1
17041 1
17042 1
17044 1
17046 1
17047 2
17049 2
17050 1
17054 1
17055 1
17057 1
17062 2
17067 1
17068 1
17069 1
17070 1
17072 1
17073 1
17075 1
17076 1
17082 1
17083 2
17085 1
17086 1
17087 1
17090 2
17091 1
17092 1
17097 1
17098 3
17100 1
17101 1
17106 2
17109 1
17110 1
17112 1
17113 1
17122 1
17124 3
17131 1
17132 1
17136 1
17142 1
17143 1
17145 1
17148 1
17149 1
17151 1
17153 1
17155 1
17156 1
17161 1
17166 2
17171 1
17173 2
17174 1
17176 1
17181 2
17182 1
17184 2
17185 1
17186 1
17187 1
17189 1
17191 1
17192 1
17194 1
17195 2
17196 1
17200 2
17203 2
17205 1
17207 2
17208 1
17209 1
17211 1
17214 1
17215 2
17220 1
17221 1
17222 2
17227 1
17230 2
17231 1
17233 1
17234 2
17237 1
17238 1
17239 1
17241 1
17245 1
17248 2
17252 1
17253 1
17255 1
17261 1
17264 1
17266 1
17267 1
17270 1
17272 1
17273 1
17277 1
17280 2
17284 1
17291 1
17294 1
17295 1
17297 1
17298 2
17301 1
17305 1
17306 1
17308 1
17309 2
17311 1
17312 2
17313 1
17316 1
17317 1
17319 2
17320 2
17322 1
17324 2
17325 1
17328 1
17329 1
17330 2
17331 1
17332 2
17333 1
17337 1
17339 1
17340 1
17343 1
17348 1
17351 2
17354 2
17356 1
17358 3
17359 1
17369 1
17370 1
17372 2
17376 1
17377 1
17378 1
17379 1
17384 1
17385 1
17387 1
17390 1
17398 1
17404 1
17411 1
17417 1
17419 1
17422 1
17428 1
17429 1
17433 2
17434 1
17436 3
17437 2
17444 1
17446 2
17449 2
17453 1
17456 1
17457 1
17460 1
17462 1
17464 1
17465 1
17467 1
17469 1
17473 1
17475 1
17476 1
17478 1
17480 2
17482 2
17483 1
17487 1
17489 1
17493 1
17496 2
17497 1
17501 1
17502 1
17507 1
17508 1
17541 1
17542 1
17546 1
17550 1
17553 1
17560 1
17561 1
17562 1
17570 1
17571 1
17573 1
17575 1
17576 1
17577 1
17579 1
17581 2
17583 1
17584 1
17586 2
17590 1
17591 1
17593 1
17594 1
17595 1
17597 1
17599 1
17600 1
17602 1
17606 1
17608 1
17610 1
17613 1
17614 1
17617 1
17620 1
17621 2
17624 1
17633 1
17636 1
17647 1
17648 1
17651 1
17654 1
17663 1
17666 1
17670 1
17679 1
17690 2
17694 1
17695 1
17696 1
17699 1
17700 1
17705 1
17708 2
17710 1
17711 1
17715 1
17716 1
17717 1
17718 1
17719 1
17723 1
17726 2
17729 2
17730 1
17731 1
17732 1
17738 2
17739 1
17742 2
17745 1
17750 1
17753 2
17756 1
17757 2
17758 1
17768 1
17769 1
17771 2
17772 1
17775 2
17776 1
17778 1
17789 1
17799 1
17801 1
17812 1
17817 1
17825 1
17828 1
17829 1
17832 1
17833 1
17835 2
17836 1
17838 1
17840 1
17843 1
17847 1
17848 1
17850 1
17854 1
17855 1
17856 1
17859 2
17861 1
17862 1
17863 1
17864 1
17866 1
17874 2
17875 1
17877 1
17878 1
17881 1
17882 1
17886 1
17892 2
17895 1
17900 1
17911 1
17916 1
17917 1
17918 1
17921 1
17924 1
17939 1
17941 2
17942 1
17945 1
17949 1
17952 1
17953 1
17955 1
17957 1
17960 1
17963 1
17964 1
17968 1
17970 1
17971 1
17972 1
17977 1
17978 1
17980 1
17981 1
17983 1
17985 1
17988 1
17989 1
17995 1
17999 1
18001 1
18002 1
18016 1
18020 1
18021 1
18028 1
18031 1
18034 1
18042 1
18048 1
18050 1
18063 1
18065 1
18066 1
18069 1
18081 1
18092 1
18095 1
18105 1
18106 1
18109 1
18113 1
18116 1
18117 1
18119 1
18125 2
18126 1
18128 1
18129 1
18141 2
18145 1
18148 1
18152 2
18155 1
18166 1
18167 1
18174 1
18175 1
18185 1
18204 1
18219 1
18227 1
18228 1
18230 1
18233 1
18234 1
18235 1
18241 1
18243 1
18246 1
18249 1
18250 2
18253 1
18257 1
18258 2
18261 1
18263 1
18264 1
18265 1
18269 1
18276 1
18280 1
18291 1
18299 1
18310 1
18334 1
18336 1
18339 1
18343 1
18344 1
18349 1
18351 1
18352 2
18358 1
18359 2
18362 1
18367 2
18370 1
18373 1
18378 1
18380 1
18382 1
18387 1
18389 1
18397 1
18403 1
18404 1
18416 1
18417 1
18422 1
18427 1
18441 1
18447 1
18456 1
18458 1
18460 1
18463 1
18468 1
18476 2
18479 1
18483 1
18487 1
18497 1
18499 1
18504 1
18506 1
18507 1
18508 1
18516 1
18520 1
18521 2
18523 1
18525 1
18526 1
18527 1
18539 1
18544 1
18551 1
18565 1
18580 1
18596 1
18600 1
18604 1
18614 1
18616 1
18622 1
18624 1
18627 1
18629 1
18632 1
18633 1
18634 1
18640 1
18643 1
18660 1
18668 1
18675 1
18709 2
18713 1
18733 1
18736 1
18738 2
18739 1
18746 1
18751 2
18757 1
18758 2
18761 1
18769 1
18772 1
18785 1
18788 1
18792 1
18799 1
18815 1
18818 1
18855 1
18857 1
18862 1
18863 1
18875 2
18878 1
18882 1
18893 1
18894 1
18896 1
18897 1
18902 1
18905 1
18909 1
18916 1
18922 1
18935 1
18943 1
18979 1
18996 1
18999 1
19011 1
19013 1
19014 1
19021 1
19022 1
19026 1
19031 1
19047 1
19050 1
19061 1
19074 1
19135 1
19137 1
19138 1
19145 1
19146 1
19148 1
19156 1
19160 1
19164 1
19167 1
19171 2
19185 1
19191 1
19195 1
19198 1
19209 1
19262 1
19273 1
19276 1
19277 1
19284 1
19288 1
19293 1
19295 1
19312 1
19315 1
19353 1
19397 1
19401 1
19402 1
19410 1
19421 1
19446 1
19460 1
19477 1
19501 1
19503 1
19506 1
19519 1
19526 1
19540 1
19545 1
19555 1
19563 1
19566 1
19570 1
19584 1
19623 1
19643 1
19672 1
19687 1
19690 1
19694 1
19752 1
19781 1
19789 1
19804 1
19811 1
19818 1
19842 1
19876 1
19906 1
19921 1
19928 1
19935 1
19959 1
19965 1
20041 1
20045 1
20089 1
20093 1
20165 1
20189 1
20199 1
20210 1
20214 1
20217 1
20228 1
20316 1
20323 1
20331 1
20334 1
20440 2
20520 1
20564 1
20598 1
20715 1
20722 1
20733 1
20839 1
20861 1
20978 1
21208 1
21366 1
21483 1
End
