NMec = 95584
T = 16
P = 4
Profits not ignored
Valid tasks:                                                             8282
Solution time = 1.938e-04
Task data
    0  39  7560 0
    1  19  4101 1
    5  14  1062 2
    6  16  1201 -1
    6  27  4356 3
   10  23  2884 -1
   10  27  1948 -1
   10  32  1876 -1
   11  13   302 -1
   11  19  1834 -1
   11  22  2480 -1
   11  26  2437 -1
   15  39  6132 2
   19  25   770 -1
   23  25   421 -1
   25  29   445 1
Best profit: 23656
All profits:
0 1
302 1
421 1
445 1
723 1
747 1
770 1
866 1
1062 1
1072 1
1168 1
1191 1
1201 1
1215 1
1364 1
1483 1
1493 1
1503 1
1507 1
1517 1
1622 1
1636 1
1646 1
1785 1
1809 1
1832 1
1834 1
1876 1
1924 1
1928 1
1938 1
1948 2
1971 1
2067 1
2134 1
2136 1
2178 1
2230 1
2250 1
2253 1
2255 1
2263 1
2273 1
2277 1
2279 1
2297 1
2321 1
2369 2
2392 1
2393 1
2416 1
2437 1
2480 1
2555 1
2557 1
2565 1
2579 1
2581 1
2599 1
2604 1
2623 1
2646 1
2671 1
2684 1
2694 1
2695 1
2698 1
2700 1
2708 1
2718 2
2739 1
2742 1
2782 1
2814 1
2837 1
2858 1
2882 1
2884 1
2896 1
2901 1
2906 1
2925 1
2938 1
2948 1
2986 1
3000 1
3002 1
3010 2
3020 1
3025 1
3033 1
3035 1
3044 1
3049 1
3067 1
3077 1
3091 1
3116 1
3129 1
3139 2
3149 1
3160 1
3163 1
3184 1
3186 1
3198 1
3203 1
3207 1
3227 1
3240 1
3250 1
3303 1
3305 1
3312 1
3317 1
3327 1
3329 1
3335 1
3337 1
3341 1
3346 1
3351 1
3359 1
3369 1
3379 1
3383 1
3393 1
3431 2
3441 1
3451 1
3454 1
3455 1
3456 1
3465 1
3470 1
3478 1
3480 1
3498 1
3499 1
3509 1
3512 1
3522 1
3542 1
3552 1
3570 1
3584 1
3594 1
3605 1
3607 1
3619 1
3628 1
3631 1
3638 1
3643 1
3648 1
3652 1
3654 1
3661 1
3666 1
3671 1
3681 1
3685 1
3695 1
3708 1
3710 1
3733 1
3750 1
3756 1
3757 1
3758 1
3762 1
3772 1
3780 2
3782 2
3800 1
3801 1
3804 1
3805 1
3814 1
3824 2
3844 1
3847 1
3872 1
3876 1
3886 1
3896 1
3899 1
3901 1
3919 1
3920 1
3930 1
3940 1
3943 1
3944 1
3946 1
3954 1
3956 1
3963 1
3968 1
3973 1
3983 1
3987 1
3997 1
4010 1
4012 1
4015 1
4052 1
4059 1
4064 1
4073 1
4075 1
4082 1
4083 1
4084 1
4085 1
4087 1
4097 1
4099 1
4101 1
4102 1
4106 1
4107 1
4111 1
4116 1
4126 2
4129 1
4131 1
4139 1
4149 1
4153 1
4155 1
4178 1
4201 2
4203 2
4211 1
4221 1
4222 1
4225 1
4226 1
4227 1
4245 2
4246 1
4248 1
4250 1
4265 1
4268 1
4269 2
4271 1
4289 1
4292 1
4312 1
4313 1
4314 1
4317 1
4340 1
4356 2
4361 1
4364 1
4365 1
4367 1
4375 1
4377 1
4385 2
4387 1
4389 1
4391 1
4399 1
4401 1
4403 1
4404 1
4408 2
4413 1
4418 1
4428 2
4431 1
4433 1
4441 1
4451 1
4455 1
4457 1
4480 1
4503 1
4504 1
4505 1
4506 1
4513 1
4518 1
4520 1
4522 1
4527 1
4528 1
4529 1
4530 1
4532 1
4542 1
4546 1
4547 2
4552 2
4560 1
4570 1
4571 2
4573 1
4574 1
4576 1
4584 1
4594 2
4614 1
4615 1
4616 1
4632 1
4642 1
4646 1
4648 1
4656 1
4658 2
4666 1
4667 1
4669 1
4671 1
4687 1
4690 2
4692 1
4693 1
4700 1
4710 2
4713 1
4714 1
4716 2
4718 1
4730 1
4733 1
4734 1
4735 1
4743 1
4753 1
4757 1
4758 1
4759 1
4760 1
4772 1
4777 2
4782 1
4785 1
4801 2
4806 2
4808 1
4812 1
4820 1
4822 1
4824 1
4829 1
4830 1
4832 2
4834 1
4844 2
4848 1
4849 2
4853 1
4854 1
4855 1
4862 1
4867 1
4871 1
4872 1
4873 1
4876 1
4878 1
4886 2
4896 2
4901 1
4909 1
4911 1
4917 1
4925 1
4934 1
4948 1
4950 1
4951 1
4958 1
4963 1
4967 1
4973 2
4981 1
4983 1
4992 2
4994 1
4997 1
5002 1
5005 1
5015 2
5016 1
5018 2
5020 1
5025 1
5035 1
5036 1
5037 1
5039 1
5041 1
5045 1
5059 1
5060 1
5061 1
5062 1
5074 1
5077 1
5079 2
5083 1
5084 1
5087 1
5103 2
5108 1
5114 1
5121 1
5126 2
5131 1
5132 1
5134 1
5135 1
5137 2
5139 1
5145 1
5146 1
5147 1
5151 1
5155 2
5157 1
5161 1
5163 2
5164 1
5169 1
5173 1
5174 1
5175 1
5178 1
5179 1
5180 1
5181 1
5188 2
5193 1
5198 2
5203 1
5205 1
5211 1
5213 1
5217 1
5219 1
5222 2
5227 1
5251 1
5253 2
5265 2
5269 1
5274 1
5275 1
5276 1
5277 1
5283 1
5285 1
5288 1
5289 1
5292 1
5294 1
5299 1
5300 1
5302 1
5307 2
5312 1
5316 1
5317 2
5321 1
5327 1
5330 1
5331 1
5332 1
5333 1
5338 1
5341 1
5343 1
5346 1
5354 1
5356 1
5362 1
5364 1
5375 1
5376 1
5379 1
5385 1
5386 1
5402 1
5404 1
5418 3
5423 1
5426 1
5428 3
5437 1
5439 2
5441 1
5446 1
5447 2
5449 1
5457 1
5462 1
5463 1
5465 2
5466 1
5470 2
5472 1
5480 1
5481 1
5482 1
5483 1
5486 1
5488 1
5490 2
5495 1
5500 1
5504 1
5505 1
5507 1
5513 1
5514 1
5515 1
5519 1
5524 2
5528 1
5529 1
5530 1
5542 1
5547 2
5553 1
5555 1
5557 2
5566 1
5567 1
5568 1
5571 2
5576 2
5578 1
5579 1
5582 1
5584 2
5586 1
5590 1
5591 1
5592 1
5594 1
5596 1
5600 1
5602 2
5604 1
5608 1
5609 2
5614 2
5618 1
5619 2
5623 1
5626 1
5629 1
5632 1
5633 1
5634 1
5635 1
5638 1
5640 1
5643 1
5648 1
5656 2
5658 2
5664 1
5666 1
5677 1
5678 1
5681 1
5687 1
5698 1
5704 1
5706 1
5710 1
5720 3
5721 1
5723 1
5728 1
5730 1
5733 1
5737 1
5742 1
5747 1
5748 1
5749 1
5752 1
5753 1
5754 1
5764 1
5766 1
5772 2
5774 1
5775 1
5777 1
5778 1
5780 1
5783 1
5785 1
5788 1
5790 1
5792 1
5795 1
5796 1
5797 1
5806 1
5807 1
5809 1
5815 1
5816 1
5817 1
5820 1
5821 1
5822 1
5830 1
5831 1
5832 1
5839 2
5844 1
5847 1
5849 3
5859 2
5863 2
5868 2
5870 1
5873 2
5878 1
5884 1
5886 2
5888 1
5891 2
5892 1
5893 1
5894 2
5902 1
5904 1
5907 1
5909 1
5910 1
5911 2
5915 1
5916 1
5917 2
5919 1
5921 1
5928 1
5931 1
5933 2
5934 1
5935 3
5936 1
5940 1
5945 1
5950 1
5951 1
5958 2
5959 1
5960 2
5961 1
5963 1
5973 1
5975 1
5977 1
5978 2
5979 1
5983 1
5987 1
5989 1
5992 2
6000 1
6002 2
6007 1
6012 1
6013 1
6023 2
6025 1
6029 1
6031 1
6033 1
6035 2
6039 1
6044 1
6045 1
6047 1
6049 2
6050 1
6054 1
6055 1
6056 1
6059 1
6064 1
6068 1
6072 1
6074 1
6077 2
6079 2
6080 1
6082 1
6085 1
6087 2
6091 1
6097 1
6098 1
6099 1
6101 1
6102 1
6103 2
6108 1
6111 1
6118 1
6122 1
6123 1
6124 1
6126 1
6132 2
6134 1
6141 2
6145 1
6146 1
6147 1
6149 1
6151 1
6165 2
6168 1
6170 1
6174 1
6187 1
6188 2
6190 2
6193 2
6194 1
6195 1
6196 1
6198 1
6199 1
6201 1
6209 1
6211 1
6213 1
6216 1
6217 2
6219 3
6221 1
6225 1
6230 1
6232 1
6235 2
6236 1
6237 3
6238 1
6240 1
6241 1
6242 2
6243 1
6252 1
6253 1
6260 2
6261 2
6262 2
6263 1
6265 1
6267 1
6277 1
6279 1
6280 2
6281 1
6284 3
6285 1
6289 1
6294 2
6304 4
6309 1
6313 1
6315 2
6325 1
6327 2
6331 1
6333 1
6335 1
6336 1
6337 1
6338 2
6339 1
6340 1
6349 1
6351 1
6352 1
6354 2
6356 3
6361 1
6362 1
6364 2
6366 1
6374 1
6376 1
6378 1
6379 2
6380 2
6381 2
6382 1
6383 1
6393 1
6394 1
6396 1
6398 1
6399 1
6400 1
6403 1
6404 1
6405 2
6406 1
6408 1
6410 1
6418 1
6420 1
6422 1
6423 2
6424 1
6426 1
6428 2
6434 2
6436 1
6447 1
6448 1
6449 1
6452 1
6454 1
6466 1
6468 1
6470 2
6476 1
6478 1
6480 1
6489 1
6490 3
6492 2
6493 1
6494 1
6495 1
6500 1
6501 1
6503 1
6508 1
6512 1
6517 1
6518 1
6519 1
6521 1
6522 1
6524 2
6527 1
6532 2
6534 2
6536 1
6538 1
6539 1
6542 1
6543 1
6544 2
6545 1
6547 1
6548 1
6550 1
6553 2
6555 1
6562 1
6563 2
6564 1
6565 1
6566 1
6567 1
6568 1
6569 1
6576 1
6577 2
6579 1
6581 1
6586 3
6587 1
6590 1
6591 1
6592 2
6594 1
6606 2
6609 2
6611 2
6615 1
6617 1
6619 3
6629 2
6633 2
6635 2
6638 2
6640 3
6641 1
6642 1
6646 1
6648 1
6653 1
6656 2
6658 3
6662 1
6663 1
6664 3
6666 3
6677 1
6680 1
6681 2
6682 3
6683 2
6684 1
6685 1
6687 1
6688 1
6689 1
6691 1
6698 1
6700 1
6701 1
6702 1
6705 3
6706 2
6707 1
6708 2
6710 1
6720 1
6724 1
6725 4
6726 1
6728 1
6729 1
6730 2
6731 1
6743 1
6747 1
6748 2
6749 3
6751 1
6754 1
6756 1
6760 1
6770 1
6772 3
6777 1
6780 1
6782 1
6783 1
6785 2
6793 2
6795 1
6796 1
6797 1
6799 1
6801 2
6803 1
6804 1
6809 1
6814 1
6815 1
6819 2
6820 1
6824 1
6826 2
6827 1
6828 1
6836 1
6838 1
6839 1
6840 1
6841 1
6843 1
6844 1
6845 1
6847 1
6849 2
6850 1
6852 1
6855 2
6857 2
6859 1
6865 2
6867 1
6868 1
6869 1
6870 1
6871 1
6873 1
6879 1
6881 1
6883 1
6888 1
6892 1
6893 1
6894 2
6896 1
6899 1
6902 1
6911 3
6913 2
6915 1
6917 1
6921 2
6935 2
6937 2
6938 1
6940 1
6942 1
6943 1
6948 1
6953 1
6955 2
6957 1
6959 1
6960 2
6964 1
6965 1
6966 2
6967 1
6968 1
6969 1
6971 1
6979 2
6981 1
6983 2
6984 2
6985 2
6986 1
6989 2
6990 1
6991 1
6995 1
6997 2
6998 2
7000 1
7002 2
7007 3
7008 2
7009 1
7010 2
7012 1
7013 2
7015 1
7021 1
7022 1
7023 1
7026 1
7027 2
7031 2
7032 2
7033 1
7037 1
7039 2
7040 2
7049 1
7050 2
7051 3
7053 1
7054 2
7056 2
7062 1
7064 2
7069 1
7074 4
7079 1
7085 3
7087 3
7093 1
7095 3
7098 1
7101 1
7103 2
7105 1
7106 1
7108 1
7109 1
7110 1
7111 3
7112 1
7121 1
7122 1
7126 2
7128 1
7129 2
7130 1
7134 2
7136 2
7138 1
7141 1
7145 1
7146 1
7147 1
7149 1
7150 1
7151 2
7152 1
7153 2
7155 1
7164 1
7165 1
7167 1
7168 1
7170 3
7172 1
7173 1
7175 1
7176 1
7178 1
7180 1
7188 1
7190 1
7192 1
7193 2
7194 2
7196 2
7197 1
7198 1
7201 1
7204 1
7209 1
7214 2
7217 1
7219 1
7224 1
7230 1
7236 1
7238 2
7240 4
7245 1
7248 1
7249 1
7250 1
7252 2
7257 1
7259 1
7260 1
7261 1
7262 2
7264 1
7265 1
7269 2
7271 1
7273 1
7278 1
7280 1
7281 2
7285 1
7286 2
7287 1
7288 1
7291 1
7292 2
7294 1
7297 1
7299 1
7300 1
7302 2
7304 4
7308 1
7309 1
7310 1
7312 2
7314 1
7315 2
7317 1
7323 2
7324 1
7328 1
7333 3
7334 1
7335 1
7338 1
7339 1
7341 2
7342 1
7346 1
7347 2
7348 1
7351 1
7356 2
7358 2
7362 1
7364 1
7366 3
7376 2
7381 2
7387 2
7388 1
7389 3
7391 2
7400 2
7402 1
7404 1
7405 2
7406 1
7410 2
7411 1
7412 1
7413 2
7416 1
7418 2
7420 1
7423 1
7426 1
7428 2
7430 2
7431 2
7433 1
7434 1
7436 3
7438 1
7442 2
7443 1
7444 1
7447 2
7452 1
7453 2
7454 1
7455 2
7457 1
7458 1
7460 2
7461 1
7462 1
7463 1
7468 1
7470 1
7472 3
7474 1
7477 1
7478 2
7480 1
7484 1
7485 2
7490 1
7494 1
7495 4
7496 2
7498 2
7499 1
7500 1
7505 2
7514 1
7516 3
7519 2
7521 1
7526 1
7530 1
7532 3
7540 3
7542 3
7550 1
7551 1
7552 1
7554 1
7555 2
7556 1
7557 2
7559 1
7560 1
7563 2
7566 1
7567 1
7571 2
7574 2
7576 1
7579 1
7581 1
7583 1
7584 1
7586 1
7588 1
7594 2
7596 1
7597 1
7598 1
7599 1
7600 2
7601 1
7606 1
7609 1
7610 1
7611 1
7612 1
7613 1
7614 1
7615 2
7617 2
7618 1
7619 1
7623 1
7625 2
7627 1
7629 1
7630 1
7635 3
7637 1
7639 1
7640 1
7641 1
7642 1
7643 2
7649 1
7653 1
7654 1
7656 1
7659 2
7661 2
7664 1
7666 1
7668 1
7669 1
7671 1
7673 2
7681 1
7683 2
7685 3
7690 2
7691 1
7693 1
7695 1
7697 2
7702 2
7706 1
7707 2
7708 1
7712 1
7713 1
7714 1
7715 1
7718 1
7720 1
7725 3
7726 1
7728 1
7729 1
7731 1
7732 1
7733 2
7735 1
7736 1
7737 1
7738 1
7739 2
7744 2
7745 1
7749 3
7751 1
7753 1
7754 2
7755 2
7756 1
7757 1
7760 1
7762 2
7767 2
7768 3
7769 2
7770 1
7772 1
7778 1
7779 1
7780 2
7782 1
7785 1
7786 1
7787 3
7791 1
7792 1
7793 2
7795 1
7796 1
7797 2
7801 1
7807 1
7809 2
7810 2
7811 3
7812 2
7813 1
7821 2
7823 1
7826 2
7832 1
7834 4
7836 2
7839 1
7841 1
7847 1
7851 1
7854 1
7855 2
7857 3
7858 1
7859 1
7862 1
7863 2
7865 4
7867 1
7873 1
7876 2
7878 2
7881 3
7882 1
7883 3
7884 1
7889 1
7898 2
7899 1
7900 1
7901 1
7902 2
7905 1
7906 2
7907 1
7908 2
7909 1
7911 1
7915 1
7917 2
7919 2
7920 1
7921 1
7923 1
7925 3
7926 2
7927 1
7935 1
7937 1
7941 1
7942 1
7943 1
7944 1
7945 2
7948 1
7950 3
7952 1
7961 3
7963 2
7964 1
7966 2
7967 1
7968 1
7971 1
7973 1
7975 1
7977 1
7979 1
7981 1
7984 2
7987 3
7992 1
7994 2
7997 1
7999 1
8000 1
8002 1
8004 1
8005 2
8008 3
8010 2
8015 1
8016 1
8017 1
8019 1
8020 1
8021 2
8022 2
8027 1
8029 1
8031 1
8033 1
8035 1
8037 1
8039 2
8041 2
8044 1
8045 1
8046 1
8047 1
8048 1
8050 1
8051 2
8055 1
8056 3
8057 1
8058 1
8059 1
8060 1
8062 1
8063 1
8064 3
8066 2
8069 1
8070 1
8072 1
8074 2
8075 1
8077 1
8080 3
8082 2
8084 1
8087 1
8088 1
8089 1
8093 1
8094 1
8095 1
8098 1
8101 1
8103 2
8106 2
8111 2
8112 1
8113 2
8114 1
8116 1
8118 3
8128 2
8135 1
8136 3
8138 3
8147 1
8149 1
8153 1
8156 1
8157 1
8158 1
8159 1
8160 2
8161 2
8165 1
8170 1
8172 1
8173 1
8174 1
8176 1
8178 1
8180 2
8183 2
8184 1
8185 1
8186 1
8188 1
8190 2
8191 1
8196 1
8198 1
8199 1
8200 3
8201 1
8203 2
8207 1
8208 1
8212 1
8213 1
8214 2
8215 1
8216 1
8217 2
8222 1
8225 1
8227 3
8228 1
8230 2
8232 4
8233 1
8234 1
8238 1
8240 2
8244 1
8246 1
8250 1
8252 1
8254 1
8255 2
8256 1
8257 2
8258 1
8259 1
8260 1
8266 1
8268 2
8269 1
8270 1
8275 2
8276 2
8279 1
8283 1
8286 4
8288 1
8296 1
8299 1
8300 2
8302 5
8304 2
8307 1
8310 4
8312 4
8319 1
8321 1
8322 1
8323 2
8324 1
8326 1
8327 2
8328 1
8329 2
8330 2
8331 1
8339 1
8341 1
8343 1
8346 3
8347 1
8348 1
8349 1
8351 1
8353 1
8354 2
8356 1
8358 1
8362 1
8364 1
8365 1
8366 3
8368 1
8369 1
8370 3
8371 3
8372 2
8373 1
8374 1
8382 2
8384 1
8385 1
8387 2
8389 1
8390 1
8393 1
8395 2
8397 2
8398 1
8399 1
8400 1
8405 1
8408 2
8409 1
8411 1
8412 1
8413 2
8414 1
8415 3
8418 1
8420 1
8424 1
8426 2
8429 1
8431 2
8437 1
8438 1
8439 2
8440 1
8441 3
8443 2
8450 1
8453 2
8455 2
8457 2
8458 1
8460 1
8462 2
8463 1
8465 1
8466 1
8467 2
8468 1
8470 1
8472 2
8476 1
8478 1
8480 1
8482 2
8484 1
8485 1
8486 2
8487 2
8488 1
8490 1
8492 1
8493 1
8495 1
8496 1
8498 1
8501 2
8502 1
8503 2
8505 2
8509 3
8511 2
8513 1
8514 1
8515 1
8516 1
8519 1
8522 1
8524 2
8525 1
8527 1
8529 2
8532 2
8534 2
8539 2
8540 2
8542 1
8548 2
8552 1
8556 1
8557 3
8558 1
8559 3
8563 1
8565 1
8567 1
8569 1
8571 1
8577 1
8578 1
8581 3
8582 2
8583 3
8594 1
8601 2
8602 1
8604 3
8605 1
8606 3
8607 1
8611 1
8612 1
8617 1
8619 1
8621 2
8622 1
8624 1
8625 3
8627 2
8628 1
8629 1
8630 1
8631 1
8632 1
8633 1
8635 1
8636 1
8637 1
8638 1
8643 1
8645 1
8648 4
8653 2
8654 1
8659 1
8661 2
8662 1
8667 1
8668 1
8669 1
8670 1
8671 1
8672 3
8673 1
8674 1
8675 1
8677 1
8678 1
8679 2
8680 1
8681 1
8685 1
8687 1
8689 2
8691 1
8695 2
8696 2
8697 2
8699 1
8704 1
8705 1
8711 1
8712 1
8713 1
8714 1
8715 2
8716 1
8717 2
8720 2
8721 2
8722 1
8723 2
8728 1
8731 2
8733 4
8736 1
8741 3
8743 2
8745 1
8747 3
8749 1
8751 1
8752 1
8755 1
8757 3
8759 2
8760 1
8761 1
8764 3
8767 1
8768 1
8769 1
8770 1
8772 1
8774 1
8775 3
8776 1
8777 1
8778 1
8784 2
8786 1
8787 1
8788 1
8789 1
8791 3
8793 2
8794 1
8795 1
8799 1
8801 2
8803 1
8805 1
8807 1
8811 3
8813 1
8814 1
8815 1
8816 2
8817 2
8818 2
8819 3
8820 1
8826 1
8827 1
8829 1
8830 1
8831 1
8832 1
8834 2
8835 1
8836 3
8840 1
8842 1
8843 1
8844 2
8847 1
8850 2
8854 1
8858 1
8859 2
8860 3
8861 2
8862 2
8863 1
8871 2
8873 2
8874 2
8876 2
8878 2
8883 2
8884 1
8885 1
8886 3
8888 2
8891 1
8898 1
8902 2
8903 2
8907 2
8908 2
8909 1
8913 1
8914 1
8915 1
8916 1
8919 1
8923 1
8924 1
8926 1
8927 2
8929 1
8930 1
8931 1
8932 2
8933 2
8934 1
8935 1
8940 1
8943 1
8945 1
8946 1
8948 1
8950 4
8954 1
8955 1
8956 1
8958 1
8960 1
8963 1
8968 1
8969 2
8970 1
8971 1
8972 1
8973 1
8974 1
8977 1
8979 1
8985 1
8986 1
8987 3
8988 1
8990 1
8992 1
8997 2
8998 1
9002 2
9004 3
9010 2
9012 2
9014 2
9016 2
9018 1
9022 1
9023 1
9025 1
9026 1
9027 2
9028 2
9029 1
9030 1
9031 1
9033 1
9038 1
9043 2
9046 2
9048 2
9049 2
9051 1
9052 1
9053 1
9056 1
9057 1
9058 1
9063 1
9064 1
9066 2
9067 1
9070 3
9072 4
9074 4
9077 1
9080 1
9082 2
9083 1
9084 1
9086 1
9089 1
9090 1
9091 1
9093 3
9095 1
9098 1
9099 2
9101 1
9103 1
9106 1
9109 1
9113 1
9114 1
9115 1
9116 3
9117 1
9118 2
9119 2
9120 1
9121 1
9124 1
9125 1
9126 3
9128 1
9132 1
9133 1
9134 1
9136 2
9137 1
9138 2
9140 1
9142 4
9143 1
9144 2
9145 1
9146 1
9152 1
9157 2
9160 1
9161 1
9162 4
9163 1
9164 1
9165 1
9167 2
9168 3
9169 1
9176 1
9178 3
9180 2
9181 1
9182 1
9184 1
9185 3
9186 2
9188 4
9190 1
9196 1
9197 1
9199 1
9200 1
9204 2
9205 2
9206 1
9209 4
9210 1
9211 2
9215 1
9220 1
9222 2
9223 2
9227 2
9228 1
9229 1
9232 1
9233 1
9234 1
9235 1
9236 1
9238 2
9240 3
9242 1
9246 1
9248 2
9250 1
9252 3
9256 2
9257 2
9258 1
9261 1
9262 1
9263 1
9264 2
9265 3
9267 1
9271 2
9273 1
9275 1
9276 1
9279 1
9280 1
9281 4
9282 1
9283 1
9284 1
9289 1
9292 2
9294 2
9295 1
9299 2
9304 1
9306 2
9307 2
9308 1
9316 1
9318 3
9319 1
9320 1
9323 2
9328 1
9329 2
9330 1
9335 1
9336 1
9337 1
9339 2
9345 1
9348 1
9350 1
9352 1
9353 1
9354 2
9359 1
9361 1
9364 1
9366 1
9369 1
9372 2
9374 2
9375 1
9376 2
9377 1
9378 1
9379 1
9381 1
9382 1
9389 1
9390 1
9391 1
9392 2
9393 1
9394 1
9395 1
9397 1
9400 1
9401 1
9408 3
9413 1
9415 1
9416 1
9417 1
9418 3
9422 1
9423 1
9431 2
9432 2
9433 2
9434 1
9435 2
9436 1
9437 2
9439 2
9440 1
9442 1
9444 2
9447 2
9449 2
9451 1
9452 1
9455 1
9457 1
9459 2
9461 1
9463 1
9464 1
9465 1
9467 1
9469 1
9470 1
9473 1
9474 1
9475 1
9476 2
9477 2
9478 1
9482 1
9483 1
9484 1
9486 1
9487 2
9488 2
9490 1
9491 1
9493 4
9495 2
9498 1
9501 2
9503 3
9505 1
9507 1
9508 2
9511 3
9513 1
9515 1
9517 2
9519 5
9520 1
9524 1
9525 1
9527 1
9529 3
9530 1
9531 2
9534 1
9536 1
9537 1
9538 1
9540 2
9542 1
9544 1
9546 1
9547 2
9548 2
9549 1
9554 2
9558 1
9559 1
9561 1
9563 3
9564 1
9565 2
9566 1
9567 1
9571 3
9573 3
9575 1
9578 1
9581 1
9582 1
9583 3
9584 1
9586 1
9587 2
9588 2
9589 2
9590 2
9591 2
9597 1
9601 1
9602 1
9605 1
9606 1
9608 1
9609 3
9610 1
9612 1
9613 1
9614 2
9615 1
9616 1
9621 1
9625 2
9627 1
9629 1
9630 2
9631 3
9632 2
9633 3
9635 1
9641 1
9643 1
9644 1
9645 1
9648 2
9650 1
9654 2
9655 1
9656 3
9658 2
9663 1
9667 1
9668 1
9669 1
9672 2
9673 1
9674 1
9677 4
9679 1
9680 1
9683 1
9684 1
9685 2
9686 1
9687 2
9688 1
9689 1
9693 1
9694 2
9696 1
9697 1
9699 1
9701 1
9702 1
9703 2
9704 1
9710 2
9712 1
9715 1
9718 1
9720 3
9724 1
9726 1
9727 1
9728 1
9729 1
9730 1
9731 1
9732 1
9737 1
9738 1
9739 3
9741 2
9742 1
9744 1
9749 2
9751 1
9757 1
9758 1
9759 1
9760 2
9763 1
9765 1
9767 1
9770 1
9772 1
9774 1
9775 1
9780 1
9782 2
9784 3
9786 1
9788 1
9790 1
9793 1
9795 2
9797 1
9798 1
9799 1
9802 1
9803 2
9810 1
9811 1
9813 3
9815 1
9817 1
9818 1
9819 1
9821 3
9822 1
9823 1
9826 2
9827 1
9828 1
9833 1
9834 1
9836 1
9837 1
9838 1
9839 2
9840 1
9842 2
9843 1
9844 1
9846 1
9853 2
9854 1
9855 1
9856 1
9857 1
9861 1
9863 1
9865 2
9867 1
9868 1
9869 1
9870 1
9871 1
9876 1
9878 1
9879 1
9880 1
9881 2
9882 1
9884 1
9885 1
9886 2
9888 1
9889 2
9890 1
9891 1
9894 1
9896 2
9897 2
9898 2
9903 1
9904 1
9907 1
9908 1
9910 1
9911 1
9912 2
9913 1
9914 2
9921 1
9922 2
9923 1
9924 1
9927 1
9929 2
9931 1
9932 2
9933 2
9934 1
9935 1
9936 1
9937 1
9938 2
9940 4
9942 1
9948 2
9950 3
9952 2
9953 1
9956 2
9958 2
9960 1
9964 2
9965 1
9969 2
9970 1
9974 2
9975 2
9976 2
9979 3
9982 1
9985 2
9987 1
9992 3
9993 1
9994 2
9995 1
9996 1
9997 1
9999 1
10003 1
10004 1
10005 1
10008 2
10010 2
10012 3
10014 1
10016 1
10018 2
10020 2
10022 2
10028 1
10029 1
10031 1
10033 1
10034 1
10035 2
10036 2
10037 2
10040 1
10043 1
10046 1
10051 2
10052 2
10054 3
10056 1
10059 1
10060 1
10061 1
10062 2
10064 1
10066 1
10072 1
10075 1
10076 2
10077 2
10078 2
10079 2
10080 2
10086 1
10088 2
10089 1
10090 1
10093 2
10095 1
10098 2
10100 1
10101 1
10103 2
10105 1
10108 1
10109 1
10110 1
10114 1
10115 2
10117 1
10119 1
10120 1
10122 2
10124 2
10125 1
10129 1
10132 1
10133 1
10134 2
10136 2
10139 2
10141 2
10142 1
10144 2
10145 1
10146 1
10147 1
10148 1
10149 1
10151 2
10152 1
10153 1
10159 1
10160 1
10163 1
10164 1
10165 2
10169 1
10170 1
10175 1
10176 1
10177 1
10178 2
10180 1
10183 1
10184 1
10186 1
10187 1
10188 2
10191 1
10192 1
10193 1
10194 1
10195 1
10196 1
10202 1
10203 1
10204 2
10205 2
10206 1
10207 1
10209 1
10212 1
10214 1
10215 1
10216 1
10217 2
10219 3
10224 1
10227 1
10229 2
10231 2
10233 2
10234 1
10235 1
10238 1
10239 1
10240 1
10242 2
10243 1
10244 1
10246 1
10247 2
10248 3
10249 1
10250 1
10254 1
10255 1
10258 3
10260 2
10261 1
10263 1
10265 1
10266 1
10267 1
10268 1
10271 2
10273 2
10275 2
10277 1
10278 2
10281 1
10284 1
10285 1
10287 1
10288 1
10289 3
10290 1
10291 4
10292 1
10299 2
10300 1
10301 1
10302 2
10306 1
10310 2
10312 1
10314 1
10315 1
10316 1
10317 2
10318 1
10319 1
10320 1
10326 1
10331 2
10333 3
10334 1
10335 3
10336 1
10341 1
10342 2
10343 4
10344 1
10345 1
10353 2
10354 2
10356 1
10357 1
10358 2
10359 1
10361 1
10362 1
10363 2
10368 1
10369 1
10374 1
10377 2
10378 2
10379 1
10380 1
10381 1
10382 1
10385 3
10386 1
10387 1
10389 1
10391 1
10395 2
10397 2
10400 2
10401 2
10403 2
10405 3
10406 1
10414 1
10415 1
10416 1
10418 1
10421 1
10424 2
10426 1
10428 2
10430 1
10435 1
10437 1
10439 2
10440 1
10441 2
10442 1
10443 1
10444 2
10445 1
10446 1
10447 1
10449 1
10450 1
10455 1
10456 1
10457 2
10458 1
10459 2
10461 1
10463 1
10464 1
10465 1
10466 1
10467 2
10472 1
10474 1
10480 1
10481 1
10482 2
10483 1
10484 1
10485 1
10488 3
10490 1
10493 1
10494 1
10496 1
10497 2
10498 1
10499 2
10500 1
10501 3
10502 1
10503 1
10507 1
10508 1
10509 2
10511 1
10517 2
10519 1
10521 1
10523 1
10524 2
10525 1
10527 1
10530 1
10531 1
10533 1
10535 2
10536 1
10537 1
10540 2
10543 2
10544 1
10545 1
10546 2
10550 1
10553 1
10554 1
10555 2
10557 1
10560 3
10562 1
10563 1
10565 1
10567 1
10569 1
10570 2
10573 2
10575 1
10579 1
10580 1
10581 2
10583 1
10585 1
10586 1
10587 1
10589 1
10590 1
10591 2
10593 2
10595 1
10596 1
10598 2
10599 1
10604 1
10608 1
10609 1
10612 1
10613 1
10615 1
10616 1
10617 1
10618 1
10623 2
10625 2
10627 1
10633 2
10635 2
10636 1
10637 3
10638 2
10640 3
10641 1
10645 1
10648 1
10649 1
10650 1
10651 2
10652 1
10654 2
10656 1
10659 1
10660 2
10661 1
10662 1
10664 2
10666 1
10667 1
10668 1
10669 1
10671 1
10674 1
10676 1
10678 1
10679 2
10680 1
10683 1
10684 2
10687 1
10689 1
10691 1
10692 2
10693 2
10694 2
10695 2
10696 1
10699 2
10702 1
10703 2
10705 2
10707 1
10708 1
10709 1
10710 3
10712 4
10716 1
10718 1
10720 4
10723 1
10726 2
10730 1
10734 2
10735 1
10736 2
10737 1
10738 1
10739 2
10741 1
10744 1
10746 2
10747 2
10748 1
10749 1
10754 1
10755 1
10756 1
10757 1
10758 1
10762 1
10763 2
10764 2
10765 2
10766 1
10767 2
10774 1
10778 1
10779 1
10780 2
10782 2
10783 1
10784 1
10787 1
10788 2
10789 1
10790 4
10792 1
10798 1
10799 2
10800 1
10801 1
10803 1
10806 2
10807 2
10808 1
10809 1
10810 2
10819 1
10822 1
10824 1
10825 1
10826 3
10830 1
10831 1
10832 2
10834 1
10842 2
10845 1
10846 1
10848 2
10849 2
10850 4
10851 1
10852 1
10861 1
10862 1
10863 1
10865 2
10866 1
10867 1
10871 1
10872 1
10873 2
10875 1
10877 1
10878 2
10880 1
10884 1
10885 1
10886 1
10887 1
10888 1
10889 2
10890 1
10891 1
10892 2
10894 2
10895 2
10897 1
10901 1
10902 1
10904 3
10905 1
10906 2
10909 2
10911 2
10914 1
10915 1
10919 2
10921 2
10923 1
10924 1
10928 1
10929 2
10933 2
10935 1
10937 1
10938 2
10939 2
10940 1
10943 1
10944 1
10945 1
10946 1
10947 1
10948 3
10950 1
10952 1
10953 1
10954 1
10956 2
10958 1
10961 1
10962 1
10964 2
10965 1
10966 2
10967 1
10972 1
10976 2
10980 1
10981 2
10982 1
10985 1
10986 1
10987 1
10989 2
10991 3
10994 1
10996 1
10999 1
11000 1
11001 1
11002 1
11003 1
11004 1
11005 1
11010 1
11011 1
11012 2
11014 2
11015 1
11016 1
11018 2
11019 1
11020 2
11022 1
11025 1
11028 2
11030 1
11033 1
11036 1
11037 1
11038 2
11039 1
11040 1
11041 1
11043 2
11044 2
11045 1
11049 1
11056 1
11057 1
11058 2
11059 1
11061 2
11062 1
11063 1
11064 1
11066 1
11068 1
11069 1
11070 1
11072 1
11080 1
11081 1
11082 2
11083 1
11085 1
11086 1
11087 2
11090 1
11095 1
11096 1
11099 1
11101 1
11102 1
11103 1
11104 1
11105 4
11107 1
11111 1
11112 1
11113 2
11114 2
11115 1
11116 2
11124 1
11126 1
11128 2
11129 1
11130 1
11134 1
11137 1
11138 1
11139 1
11140 1
11141 2
11148 1
11149 1
11150 2
11151 1
11152 2
11154 1
11155 2
11157 3
11159 1
11160 1
11165 2
11167 2
11168 1
11169 1
11173 1
11175 2
11176 1
11177 1
11179 1
11183 1
11184 1
11186 2
11188 2
11191 2
11192 1
11193 1
11194 2
11196 1
11198 1
11199 1
11200 1
11201 1
11203 2
11206 1
11208 1
11209 2
11210 1
11211 3
11212 2
11213 1
11214 1
11215 1
11216 1
11221 2
11226 1
11227 2
11229 1
11230 1
11231 1
11235 3
11237 1
11239 1
11240 1
11241 1
11244 1
11245 1
11246 1
11252 1
11253 2
11254 2
11255 2
11256 1
11258 2
11263 1
11264 1
11266 1
11268 1
11269 2
11270 1
11271 4
11273 1
11277 2
11278 1
11279 1
11283 1
11287 2
11289 1
11293 2
11294 2
11295 3
11296 1
11297 2
11298 1
11299 2
11301 1
11305 1
11306 1
11307 1
11310 2
11312 1
11313 1
11315 2
11316 1
11317 1
11318 1
11320 2
11322 1
11323 1
11325 2
11327 1
11330 2
11332 1
11335 1
11337 1
11339 2
11340 3
11341 2
11342 3
11343 1
11345 1
11349 2
11350 1
11351 2
11353 1
11354 2
11356 1
11358 1
11359 1
11360 2
11361 1
11363 1
11364 1
11365 1
11366 2
11368 1
11370 1
11371 1
11382 1
11384 2
11385 2
11387 1
11393 3
11395 2
11397 2
11401 1
11403 1
11404 1
11405 1
11407 2
11408 1
11409 1
11410 1
11411 1
11412 1
11413 1
11415 1
11417 1
11420 1
11421 1
11424 1
11426 1
11431 1
11432 2
11434 2
11436 2
11439 2
11443 1
11444 1
11448 1
11449 1
11453 1
11456 1
11457 1
11459 3
11461 1
11462 1
11463 1
11464 1
11465 2
11466 1
11467 2
11470 1
11475 1
11477 1
11479 1
11480 1
11482 1
11484 1
11486 1
11488 1
11489 1
11490 3
11492 1
11494 1
11496 1
11500 1
11501 1
11503 1
11504 1
11506 2
11507 2
11508 1
11509 2
11511 2
11514 1
11516 1
11517 2
11518 1
11523 1
11524 1
11526 1
11528 2
11532 2
11533 1
11534 2
11536 1
11543 1
11547 1
11548 1
11550 3
11552 2
11553 1
11554 1
11555 1
11557 1
11558 1
11559 1
11560 3
11561 1
11570 2
11571 2
11572 1
11573 2
11575 1
11578 1
11579 2
11581 1
11586 1
11589 1
11594 2
11595 1
11596 3
11597 2
11598 1
11602 2
11604 2
11605 1
11606 1
11612 2
11614 1
11615 1
11617 1
11618 1
11619 1
11620 2
11622 2
11624 1
11625 1
11627 1
11631 1
11632 1
11633 1
11635 1
11637 1
11639 1
11641 1
11642 2
11643 2
11644 1
11645 2
11646 1
11647 2
11648 2
11651 1
11656 3
11657 1
11658 1
11659 1
11660 1
11661 2
11662 2
11664 1
11665 1
11666 2
11667 1
11668 1
11671 1
11674 1
11675 2
11676 1
11677 1
11679 2
11684 1
11686 2
11687 1
11689 4
11691 2
11698 2
11699 3
11700 1
11701 1
11703 2
11707 1
11709 1
11710 1
11711 1
11713 1
11714 1
11715 1
11716 3
11718 3
11719 1
11720 1
11722 1
11723 1
11724 1
11726 1
11728 1
11734 2
11736 1
11738 1
11740 1
11741 2
11742 1
11743 1
11744 2
11746 2
11750 1
11751 2
11755 1
11758 1
11760 2
11761 3
11762 2
11763 2
11764 1
11765 1
11766 1
11767 1
11770 2
11771 1
11772 2
11774 1
11775 1
11781 1
11782 1
11784 1
11785 1
11786 3
11787 2
11788 2
11790 2
11791 1
11796 1
11798 2
11803 1
11805 2
11806 1
11808 2
11809 1
11810 2
11813 1
11814 1
11815 1
11816 2
11819 1
11825 1
11826 1
11828 1
11829 2
11830 1
11831 1
11832 1
11834 1
11836 1
11838 2
11840 1
11842 1
11849 1
11850 1
11852 3
11853 1
11855 2
11857 1
11858 1
11860 1
11862 1
11865 1
11869 1
11872 1
11873 1
11874 2
11877 1
11879 1
11880 1
11881 2
11885 1
11886 1
11888 2
11896 1
11898 2
11900 1
11902 1
11904 2
11906 1
11909 1
11910 1
11911 2
11912 2
11913 1
11915 1
11916 2
11917 1
11920 1
11921 1
11922 2
11924 2
11925 1
11927 3
11928 1
11929 1
11932 1
11935 1
11937 2
11939 1
11941 1
11945 2
11947 2
11948 1
11949 2
11951 1
11952 1
11953 1
11954 2
11955 1
11956 2
11961 1
11963 2
11964 2
11966 1
11968 2
11971 2
11973 3
11975 1
11976 1
11978 1
11979 1
11981 3
11988 2
11991 3
11993 1
11995 2
11997 1
11998 1
11999 2
12000 2
12002 1
12005 2
12009 1
12011 1
12015 1
12016 1
12017 2
12018 2
12020 1
12023 1
12024 1
12025 1
12026 2
12027 1
12036 1
12040 1
12041 2
12042 1
12043 2
12047 1
12048 1
12049 2
12051 2
12053 1
12060 1
12062 1
12063 2
12064 2
12065 3
12066 2
12067 3
12068 1
12070 1
12072 1
12077 1
12078 1
12080 1
12082 2
12085 1
12087 1
12088 2
12089 2
12090 3
12091 1
12092 3
12093 2
12095 2
12102 1
12105 2
12106 1
12107 3
12109 2
12110 2
12111 2
12112 3
12113 1
12115 1
12119 1
12120 2
12121 1
12122 1
12123 1
12128 1
12130 1
12131 2
12132 1
12133 1
12134 2
12136 2
12138 1
12139 1
12144 2
12145 1
12152 1
12154 2
12155 1
12157 2
12161 1
12163 2
12164 1
12165 3
12167 3
12171 1
12174 1
12175 1
12176 2
12177 1
12179 1
12181 2
12182 1
12187 1
12188 1
12191 1
12192 1
12200 1
12202 1
12204 1
12206 1
12207 2
12208 1
12211 2
12212 1
12214 1
12216 1
12217 1
12218 2
12219 3
12223 1
12226 1
12227 1
12229 3
12230 1
12231 2
12234 1
12235 2
12236 1
12237 1
12239 1
12240 1
12243 1
12247 1
12250 2
12252 1
12253 1
12254 1
12255 1
12256 1
12258 1
12259 1
12260 1
12261 1
12262 1
12264 1
12266 1
12270 2
12273 2
12274 1
12276 2
12277 1
12278 2
12279 2
12281 1
12283 1
12290 1
12293 1
12294 1
12295 1
12297 2
12300 1
12302 2
12303 1
12304 1
12306 1
12313 1
12317 1
12318 1
12319 2
12320 3
12322 2
12323 1
12325 1
12326 1
12327 1
12328 1
12330 1
12331 1
12332 1
12333 2
12337 2
12342 1
12343 1
12345 1
12347 1
12349 2
12351 3
12353 1
12356 1
12357 1
12358 1
12361 2
12362 1
12364 1
12366 2
12367 2
12368 2
12369 3
12370 1
12372 1
12374 2
12375 1
12376 1
12377 2
12382 1
12384 2
12387 1
12389 1
12390 1
12392 4
12393 2
12394 3
12395 1
12397 1
12399 1
12400 1
12401 1
12403 1
12404 1
12408 1
12409 3
12411 2
12412 2
12413 3
12414 1
12415 1
12416 3
12417 1
12418 1
12420 2
12421 1
12427 1
12430 1
12431 1
12432 1
12433 1
12436 4
12438 1
12441 1
12444 1
12446 1
12447 2
12454 1
12456 2
12459 2
12461 1
12462 1
12463 1
12465 1
12467 1
12469 2
12470 2
12471 2
12472 2
12477 1
12481 1
12483 1
12484 1
12485 1
12486 2
12488 3
12493 1
12494 1
12496 2
12506 1
12508 1
12509 1
12510 2
12511 2
12512 1
12513 2
12514 1
12515 1
12516 1
12523 1
12525 1
12526 1
12527 1
12530 1
12531 1
12532 2
12533 2
12534 1
12536 1
12537 2
12538 1
12540 1
12541 1
12542 2
12543 1
12544 1
12550 1
12552 2
12554 2
12555 2
12556 2
12557 2
12558 1
12559 1
12560 1
12565 1
12566 1
12568 2
12573 1
12576 1
12578 3
12579 1
12580 2
12581 1
12583 1
12585 1
12586 2
12588 1
12595 1
12596 1
12597 1
12598 1
12601 1
12602 3
12608 1
12610 2
12612 1
12619 1
12620 1
12621 2
12622 4
12624 2
12625 1
12626 1
12627 1
12632 1
12633 1
12635 1
12637 1
12639 2
12640 1
12643 1
12644 1
12649 1
12651 1
12653 1
12654 1
12656 1
12658 1
12659 1
12660 1
12663 2
12664 2
12666 2
12668 2
12670 1
12671 1
12674 1
12676 2
12677 1
12680 1
12681 1
12682 2
12683 1
12684 1
12686 2
12687 1
12691 1
12692 1
12694 2
12695 2
12696 1
12697 3
12699 2
12700 1
12701 1
12702 1
12705 1
12707 2
12708 1
12709 1
12711 2
12713 1
12715 2
12717 1
12718 3
12719 1
12721 1
12723 3
12724 3
12725 1
12726 3
12728 1
12733 1
12734 1
12735 1
12738 3
12740 1
12741 3
12743 2
12748 1
12749 2
12751 2
12753 1
12758 2
12761 2
12763 1
12765 3
12767 2
12768 1
12769 1
12770 1
12771 1
12772 3
12773 1
12774 1
12777 1
12778 1
12779 1
12780 1
12782 2
12785 1
12787 1
12788 2
12790 3
12795 1
12796 3
12797 1
12798 3
12809 1
12812 1
12813 5
12814 1
12815 2
12816 1
12817 1
12819 1
12820 1
12821 2
12822 1
12823 1
12824 1
12825 1
12829 1
12832 1
12833 1
12834 2
12835 1
12836 1
12837 3
12838 1
12839 1
12840 2
12842 1
12848 2
12849 1
12852 2
12854 1
12856 1
12857 4
12858 2
12859 1
12860 2
12862 2
12863 1
12865 2
12867 1
12872 1
12875 2
12876 1
12877 1
12879 1
12880 2
12881 4
12883 1
12885 1
12888 1
12890 1
12891 1
12892 2
12893 1
12898 1
12903 1
12904 3
12908 1
12912 1
12914 1
12915 1
12916 1
12917 2
12922 1
12924 1
12925 2
12927 1
12928 1
12929 1
12931 1
12933 1
12935 2
12936 2
12941 1
12945 1
12946 1
12947 1
12951 2
12952 1
12956 1
12958 1
12959 1
12960 1
12961 1
12962 1
12963 1
12964 1
12968 1
12970 1
12971 1
12972 1
12973 1
12975 1
12976 1
12977 2
12978 2
12979 1
12982 1
12984 1
12986 1
12987 1
12988 3
12989 3
12997 2
12999 3
13001 2
13002 1
13003 1
13004 1
13006 1
13007 1
13013 1
13015 1
13017 1
13020 1
13022 1
13023 2
13025 3
13026 2
13028 1
13030 2
13031 1
13032 1
13033 1
13040 1
13042 1
13043 4
13045 2
13046 1
13047 1
13048 1
13050 1
13053 1
13060 1
13065 1
13067 3
13069 2
13070 1
13073 1
13074 2
13075 2
13080 1
13084 2
13087 2
13089 1
13090 1
13091 1
13092 1
13097 1
13098 2
13099 1
13100 1
13102 1
13103 1
13105 1
13107 2
13111 2
13113 1
13115 3
13116 1
13117 4
13118 1
13121 1
13122 1
13123 1
13126 1
13127 1
13128 2
13129 2
13130 1
13131 2
13132 1
13134 2
13138 1
13139 3
13140 1
13141 1
13142 3
13144 3
13146 1
13147 2
13149 1
13152 1
13153 1
13154 2
13155 1
13156 1
13158 1
13159 2
13162 2
13164 2
13165 1
13168 1
13169 2
13171 3
13172 2
13173 2
13174 1
13175 1
13178 1
13179 2
13181 1
13182 2
13183 4
13185 1
13186 1
13188 2
13189 1
13190 1
13191 1
13192 1
13194 1
13196 2
13198 1
13200 1
13201 1
13203 1
13206 3
13214 1
13215 1
13216 2
13217 2
13218 1
13219 3
13224 1
13225 1
13226 1
13227 3
13233 1
13234 1
13235 1
13237 1
13238 1
13241 2
13242 1
13243 3
13244 1
13247 1
13253 1
13254 1
13258 3
13260 1
13261 1
13262 1
13263 1
13266 2
13268 2
13269 1
13270 2
13273 1
13277 1
13278 1
13279 2
13280 1
13281 2
13282 1
13283 2
13285 2
13286 1
13287 2
13289 1
13293 1
13296 1
13297 2
13299 1
13300 1
13302 2
13304 1
13305 1
13306 1
13307 1
13308 1
13310 2
13312 2
13313 1
13314 1
13320 1
13322 1
13324 2
13326 2
13328 2
13329 2
13330 2
13333 1
13337 1
13338 1
13340 1
13341 1
13343 1
13345 1
13346 2
13348 1
13349 1
13350 1
13353 1
13355 1
13356 1
13357 1
13362 1
13367 1
13368 1
13369 1
13370 2
13372 4
13374 1
13377 1
13380 2
13381 2
13382 2
13384 2
13389 1
13391 1
13392 2
13393 1
13394 1
13396 1
13399 2
13401 2
13405 1
13408 1
13409 3
13413 2
13417 1
13418 2
13419 2
13420 1
13423 2
13424 2
13426 1
13428 1
13429 1
13431 1
13433 2
13434 1
13436 3
13440 1
13441 1
13442 1
13444 3
13446 3
13449 1
13451 1
13452 1
13453 1
13454 1
13455 1
13456 1
13460 1
13464 1
13465 1
13467 1
13469 1
13470 1
13471 2
13473 2
13474 1
13475 1
13477 2
13478 1
13479 2
13481 1
13483 1
13488 1
13490 2
13493 2
13494 1
13495 3
13496 1
13498 3
13505 1
13508 1
13510 1
13513 1
13518 1
13519 1
13520 2
13521 4
13523 2
13532 1
13534 1
13535 1
13536 1
13537 2
13538 3
13539 1
13543 1
13544 1
13545 2
13547 1
13548 1
13549 1
13550 2
13558 1
13560 2
13562 4
13563 1
13565 1
13567 1
13568 2
13570 1
13573 1
13574 1
13575 1
13576 1
13579 1
13583 1
13584 1
13585 2
13587 2
13589 2
13591 1
13592 2
13593 2
13594 2
13595 1
13596 1
13599 1
13600 1
13602 1
13604 2
13606 1
13607 1
13609 2
13610 2
13612 1
13616 1
13617 2
13618 1
13619 1
13620 1
13626 1
13628 2
13630 2
13631 1
13632 2
13634 1
13635 1
13637 2
13638 1
13639 1
13645 1
13647 1
13648 3
13651 1
13662 2
13663 2
13664 3
13668 1
13671 1
13672 3
13674 3
13678 1
13679 1
13682 1
13683 1
13684 1
13686 2
13687 2
13688 1
13689 2
13691 1
13692 2
13694 1
13695 1
13698 1
13701 1
13703 2
13705 1
13706 1
13707 1
13708 1
13710 1
13711 1
13713 1
13715 1
13716 1
13720 1
13725 1
13726 2
13728 2
13730 1
13731 1
13732 2
13733 2
13734 2
13738 1
13742 1
13743 1
13744 1
13746 1
13747 1
13748 2
13749 2
13750 2
13751 2
13755 1
13757 2
13758 1
13759 2
13761 1
13762 1
13767 1
13769 1
13771 1
13773 1
13774 2
13775 2
13777 1
13778 1
13779 1
13785 2
13786 1
13788 1
13790 1
13792 1
13793 2
13795 3
13797 1
13800 1
13802 2
13803 2
13805 2
13812 1
13815 1
13817 2
13819 1
13820 1
13821 2
13822 2
13823 1
13825 1
13827 2
13829 2
13834 2
13837 1
13838 1
13839 2
13840 2
13844 3
13845 1
13846 1
13847 1
13850 1
13852 1
13857 1
13858 1
13860 1
13861 1
13864 4
13865 2
13867 1
13869 1
13871 2
13875 1
13876 1
13877 1
13881 2
13883 1
13885 1
13887 3
13888 1
13889 1
13891 1
13894 2
13898 2
13899 2
13900 2
13901 1
13902 1
13904 1
13909 1
13911 1
13912 1
13914 3
13916 3
13918 1
13919 3
13922 1
13924 3
13925 1
13928 1
13933 1
13934 1
13938 1
13939 2
13940 1
13941 2
13942 3
13943 4
13944 1
13945 1
13953 1
13958 1
13959 1
13960 1
13966 5
13968 1
13970 1
13979 1
13982 1
13983 3
13984 1
13986 2
13987 2
13989 2
13990 1
13991 1
13994 2
13995 1
13996 1
13997 2
14005 1
14010 2
14013 2
14014 2
14015 2
14021 1
14030 3
14032 1
14033 1
14034 2
14037 1
14038 3
14039 1
14040 1
14041 1
14049 1
14050 1
14051 2
14052 1
14053 2
14054 1
14055 1
14057 2
14058 1
14059 1
14075 1
14076 1
14077 3
14080 1
14082 3
14083 1
14084 1
14092 1
14093 1
14094 1
14095 2
14096 1
14098 1
14099 1
14105 1
14107 1
14108 1
14109 1
14110 1
14113 1
14115 1
14119 2
14123 1
14125 1
14126 1
14127 1
14128 1
14129 1
14131 1
14132 1
14134 1
14136 1
14137 2
14139 1
14141 1
14142 1
14146 1
14148 1
14149 1
14151 1
14152 3
14153 2
14154 2
14155 1
14159 1
14161 1
14163 1
14166 1
14167 1
14169 3
14171 3
14173 2
14176 1
14177 1
14178 2
14179 2
14180 1
14183 1
14187 1
14189 2
14190 1
14191 1
14193 2
14194 1
14195 2
14196 3
14198 1
14199 1
14200 1
14201 1
14204 1
14206 2
14209 1
14213 1
14214 1
14216 3
14218 1
14220 1
14221 1
14223 2
14224 2
14226 1
14230 1
14233 1
14235 1
14237 1
14238 2
14240 2
14241 1
14242 2
14243 2
14244 1
14245 2
14246 1
14247 1
14248 2
14249 1
14250 2
14260 1
14265 2
14266 2
14267 1
14268 3
14270 2
14281 1
14284 1
14285 4
14288 1
14289 1
14290 1
14291 1
14292 1
14293 1
14297 1
14304 1
14305 1
14307 1
14308 3
14309 3
14310 1
14311 1
14312 2
14315 1
14316 1
14317 1
14318 1
14320 2
14322 1
14328 1
14330 1
14332 5
14333 1
14335 2
14339 1
14340 1
14343 1
14344 1
14345 3
14347 1
14349 2
14353 2
14354 1
14355 1
14356 1
14359 3
14360 1
14361 1
14362 1
14363 1
14364 2
14366 1
14369 1
14370 1
14372 1
14378 1
14379 2
14380 1
14382 1
14384 1
14386 1
14387 1
14388 2
14389 1
14390 1
14391 1
14392 1
14396 1
14398 1
14400 1
14403 1
14404 1
14405 1
14407 2
14408 2
14411 1
14415 1
14417 1
14425 1
14428 1
14431 1
14432 2
14434 4
14436 2
14439 1
14441 1
14442 1
14443 1
14444 2
14448 1
14451 1
14454 1
14455 2
14456 1
14458 1
14459 2
14460 1
14461 1
14462 1
14463 1
14471 2
14473 1
14475 2
14478 2
14479 1
14480 1
14481 1
14483 1
14485 1
14486 1
14495 1
14496 1
14497 1
14498 4
14500 1
14501 1
14502 2
14503 2
14504 2
14506 1
14515 1
14519 1
14520 1
14522 1
14525 1
14527 2
14529 1
14531 1
14539 1
14540 2
14543 1
14544 1
14545 2
14546 2
14547 2
14550 1
14552 1
14555 1
14557 1
14558 1
14560 1
14562 2
14567 1
14570 2
14571 1
14572 2
14573 2
14575 2
14582 1
14585 1
14586 1
14587 2
14589 2
14590 1
14594 1
14595 1
14597 2
14598 1
14599 3
14600 2
14609 1
14610 2
14611 1
14612 1
14614 2
14616 2
14618 2
14619 1
14620 1
14622 1
14624 2
14625 1
14627 1
14634 3
14635 1
14637 2
14641 2
14643 1
14644 1
14646 1
14647 1
14651 1
14654 1
14655 1
14656 1
14661 3
14663 1
14664 1
14666 1
14669 1
14670 1
14671 2
14680 1
14681 1
14684 1
14686 1
14687 1
14688 2
14690 1
14691 2
14694 2
14696 1
14698 1
14699 1
14705 1
14709 1
14710 2
14711 1
14713 2
14714 1
14715 2
14726 1
14728 1
14730 1
14732 1
14734 1
14736 3
14737 1
14738 3
14739 1
14749 1
14751 1
14752 1
14753 2
14754 2
14756 2
14757 2
14758 1
14759 1
14760 1
14761 1
14762 1
14763 1
14764 1
14765 1
14770 1
14774 2
14775 1
14777 2
14780 2
14785 1
14790 1
14793 1
14794 1
14798 2
14799 1
14800 5
14801 1
14802 1
14803 1
14804 2
14806 1
14808 1
14809 2
14810 1
14811 1
14812 1
14813 1
14817 2
14821 1
14822 1
14824 1
14827 1
14829 1
14836 1
14837 1
14841 1
14844 1
14845 1
14846 1
14847 2
14848 1
14849 2
14852 2
14854 1
14855 2
14860 1
14862 1
14864 2
14865 1
14868 1
14869 1
14870 1
14872 1
14873 2
14875 2
14877 1
14879 2
14881 1
14883 1
14888 1
14889 2
14891 2
14892 1
14893 2
14895 1
14896 2
14899 1
14900 1
14901 1
14902 1
14904 1
14907 1
14908 1
14911 1
14916 2
14918 1
14920 1
14921 1
14923 1
14925 1
14926 2
14927 1
14931 1
14933 1
14936 1
14939 1
14941 1
14943 2
14945 1
14947 1
14948 1
14949 3
14950 1
14951 3
14963 1
14964 1
14965 1
14966 2
14967 1
14968 1
14974 1
14976 2
14978 1
14986 1
14988 1
14990 2
14991 2
14992 1
14993 3
14994 1
14995 1
15002 1
15005 1
15006 1
15007 1
15010 2
15012 1
15016 1
15017 1
15018 1
15020 2
15030 2
15034 2
15035 1
15039 2
15040 1
15041 1
15044 1
15045 2
15048 1
15054 1
15055 1
15056 1
15059 1
15061 1
15062 1
15063 1
15065 3
15067 1
15072 1
15076 1
15077 1
15082 2
15086 1
15088 1
15092 2
15100 2
15101 1
15102 3
15103 1
15104 1
15105 1
15106 1
15111 1
15115 2
15116 1
15117 1
15119 2
15120 1
15123 1
15126 1
15129 1
15131 1
15136 1
15139 1
15141 1
15142 1
15143 1
15144 1
15146 1
15150 1
15157 1
15158 1
15159 1
15160 2
15166 1
15170 1
15175 2
15177 2
15179 1
15180 1
15181 1
15183 2
15184 1
15185 1
15188 1
15195 1
15196 1
15198 2
15199 1
15201 1
15202 1
15203 2
15204 2
15206 2
15209 1
15213 1
15214 1
15215 1
15218 1
15221 3
15223 1
15225 1
15227 1
15231 2
15233 1
15238 1
15241 1
15243 1
15245 3
15247 1
15248 1
15249 1
15251 2
15253 1
15255 1
15257 1
15258 1
15260 1
15262 1
15265 1
15266 1
15267 1
15268 2
15269 1
15270 1
15274 1
15275 1
15289 2
15292 2
15293 2
15294 1
15295 1
15296 1
15297 1
15299 2
15300 2
15309 1
15310 1
15312 2
15313 1
15314 1
15315 1
15316 1
15317 1
15320 2
15327 1
15332 2
15336 2
15337 2
15338 1
15340 1
15341 1
15342 1
15343 1
15347 2
15354 1
15355 1
15356 1
15359 1
15360 1
15361 2
15364 1
15365 1
15367 1
15369 1
15370 3
15371 2
15372 3
15374 1
15378 1
15380 1
15384 2
15388 1
15390 1
15394 2
15395 1
15396 2
15397 2
15405 1
15407 1
15408 1
15411 2
15413 1
15414 2
15415 1
15416 1
15421 1
15423 1
15425 1
15426 1
15431 1
15433 1
15438 2
15439 1
15440 1
15441 1
15443 1
15450 1
15451 1
15452 1
15455 2
15458 1
15465 1
15466 1
15468 1
15469 1
15477 1
15482 1
15485 1
15486 3
15498 1
15501 1
15506 2
15508 2
15509 1
15510 2
15521 1
15522 1
15523 2
15524 1
15525 1
15526 1
15527 1
15533 1
15537 1
15540 1
15545 1
15547 2
15549 1
15550 2
15554 2
15560 1
15562 1
15563 1
15564 2
15566 1
15567 1
15568 1
15570 1
15571 1
15580 1
15581 2
15582 1
15587 2
15591 2
15595 1
15597 2
15602 1
15604 1
15605 1
15607 1
15608 1
15609 2
15611 1
15615 1
15616 1
15617 1
15620 1
15622 2
15624 3
15626 1
15627 1
15633 1
15634 1
15635 2
15639 1
15640 2
15645 1
15648 1
15649 1
15651 3
15652 1
15658 1
15659 1
15661 1
15662 1
15663 2
15666 2
15668 1
15672 2
15674 1
15676 2
15678 1
15680 1
15681 1
15686 1
15693 1
15696 2
15698 2
15703 1
15705 1
15707 1
15713 2
15715 1
15716 1
15720 1
15721 1
15723 1
15736 1
15738 1
15740 2
15741 1
15744 1
15746 2
15748 1
15753 1
15757 2
15759 1
15760 1
15761 1
15763 2
15765 1
15772 1
15776 1
15777 2
15780 1
15782 1
15787 1
15788 2
15790 2
15792 1
15799 1
15800 1
15801 1
15804 1
15806 1
15809 1
15811 1
15812 1
15814 1
15815 1
15816 1
15817 2
15821 1
15825 1
15826 2
15828 1
15829 1
15835 2
15836 1
15842 1
15850 1
15852 2
15856 1
15859 1
15860 1
15861 1
15862 2
15863 1
15864 2
15870 1
15871 1
15872 1
15873 1
15879 1
15886 1
15887 1
15888 1
15889 1
15897 1
15899 1
15903 1
15906 2
15911 1
15913 1
15922 1
15929 2
15930 2
15931 1
15932 1
15935 1
15942 1
15943 1
15945 1
15947 1
15951 1
15953 3
15954 1
15955 1
15958 1
15965 1
15966 1
15968 1
15969 1
15970 1
15971 1
15973 1
15974 1
15975 3
15978 1
15987 1
15989 1
15995 1
15999 2
16001 3
16003 1
16011 1
16013 2
16015 1
16016 1
16017 2
16018 2
16025 1
16026 1
16027 1
16028 1
16029 1
16030 1
16038 1
16042 2
16046 1
16047 1
16052 1
16053 1
16054 1
16055 1
16056 1
16061 2
16062 1
16067 1
16069 2
16071 1
16072 3
16079 1
16080 1
16082 1
16084 1
16085 1
16089 1
16090 1
16092 1
16096 2
16097 1
16101 1
16106 1
16108 1
16111 1
16112 1
16117 1
16119 2
16124 1
16125 1
16127 1
16128 1
16129 1
16142 1
16143 1
16144 1
16148 1
16150 1
16152 1
16154 1
16161 1
16165 1
16166 1
16167 2
16168 1
16172 1
16181 1
16185 1
16187 1
16191 2
16193 1
16208 1
16211 1
16212 1
16227 1
16228 1
16229 1
16230 1
16233 1
16235 1
16237 1
16242 1
16246 1
16247 1
16249 1
16254 1
16256 1
16257 1
16266 1
16268 1
16271 1
16272 1
16273 2
16277 1
16283 1
16285 1
16291 1
16296 1
16297 1
16301 2
16307 1
16309 2
16310 1
16315 1
16317 1
16318 1
16319 1
16320 1
16324 2
16327 1
16332 1
16338 1
16344 2
16351 2
16353 1
16363 1
16367 1
16374 2
16375 1
16376 1
16377 2
16379 1
16382 1
16386 1
16387 1
16392 1
16394 1
16395 1
16396 1
16398 1
16399 1
16400 1
16405 1
16410 2
16418 1
16419 1
16420 2
16421 2
16422 2
16423 2
16431 1
16432 1
16434 1
16438 2
16446 2
16458 1
16462 2
16463 2
16465 1
16467 2
16473 1
16474 1
16475 1
16476 1
16483 1
16490 1
16491 1
16493 1
16500 1
16501 1
16510 1
16513 1
16514 1
16516 1
16517 2
16533 1
16534 1
16537 2
16548 1
16550 1
16556 1
16557 1
16560 1
16571 1
16572 1
16574 1
16575 1
16576 1
16578 1
16588 1
16589 1
16593 1
16595 1
16598 1
16599 1
16608 1
16612 2
16616 1
16617 1
16630 1
16632 2
16633 1
16634 1
16640 1
16649 1
16651 1
16656 1
16657 1
16659 1
16673 1
16675 1
16676 1
16678 1
16689 1
16693 1
16694 1
16702 2
16712 1
16713 1
16717 2
16718 1
16722 1
16723 1
16725 2
16727 1
16728 1
16730 1
16740 1
16741 1
16748 1
16755 1
16764 1
16765 2
16767 1
16769 1
16771 1
16787 1
16788 1
16789 1
16798 2
16800 1
16812 1
16819 1
16821 1
16822 1
16824 1
16827 1
16833 1
16839 2
16841 2
16842 2
16844 1
16850 1
16852 2
16862 1
16866 2
16867 1
16868 1
16871 1
16876 1
16878 1
16879 1
16883 2
16886 1
16888 1
16890 1
16895 1
16899 1
16910 1
16912 1
16914 2
16919 1
16921 1
16932 1
16937 1
16938 1
16942 1
16955 1
16958 2
16961 1
16978 1
16981 1
16982 2
16993 1
16997 1
16999 1
17004 1
17005 1
17009 1
17016 1
17019 1
17020 1
17021 1
17023 1
17025 1
17026 1
17027 1
17029 1
17033 1
17037 1
17038 1
17043 1
17051 1
17055 1
17061 1
17069 1
17071 1
17075 1
17077 1
17078 1
17079 2
17080 1
17089 1
17096 1
17104 1
17121 1
17123 2
17134 1
17143 1
17144 1
17146 2
17147 1
17148 1
17168 1
17170 2
17172 1
17185 1
17188 1
17190 1
17191 1
17193 1
17201 1
17208 1
17212 1
17214 1
17216 1
17218 1
17232 1
17234 1
17237 1
17243 1
17244 1
17245 1
17254 1
17260 1
17262 1
17273 1
17278 1
17280 1
17283 1
17284 1
17286 1
17287 1
17289 1
17297 1
17299 1
17307 1
17311 1
17316 1
17323 1
17328 1
17330 1
17335 2
17340 1
17346 1
17353 1
17358 1
17359 2
17363 1
17371 1
17373 1
17377 1
17382 1
17387 1
17400 1
17402 1
17403 1
17425 1
17427 1
17442 1
17444 1
17446 1
17447 1
17448 1
17449 1
17450 1
17454 1
17470 1
17471 1
17472 2
17473 1
17474 2
17482 1
17485 1
17490 1
17492 1
17493 1
17497 1
17500 2
17510 1
17514 1
17516 2
17524 1
17525 1
17527 1
17534 1
17536 1
17539 1
17564 1
17588 1
17591 1
17593 1
17599 1
17611 1
17612 1
17622 1
17632 1
17636 1
17638 1
17639 1
17648 1
17655 1
17660 1
17663 1
17665 1
17675 1
17679 1
17682 1
17689 1
17701 1
17702 1
17704 1
17718 1
17725 1
17744 1
17749 1
17751 1
17756 1
17773 1
17774 1
17775 2
17776 1
17777 1
17779 1
17780 1
17789 1
17791 1
17792 1
17793 1
17794 1
17799 1
17803 1
17816 1
17818 2
17823 1
17831 1
17841 1
17847 1
17848 1
17849 1
17851 1
17891 1
17893 1
17894 1
17895 2
17903 1
17906 1
17913 1
17914 1
17918 2
17919 1
17930 1
17935 1
17938 1
17940 1
17942 1
17945 1
17948 1
17957 1
17961 1
17963 1
17965 1
17972 1
17981 1
17988 1
18004 1
18005 1
18006 1
18020 1
18043 1
18044 1
18048 2
18053 1
18059 1
18067 1
18077 2
18079 1
18081 1
18083 1
18084 1
18088 1
18093 1
18095 1
18096 1
18100 2
18105 1
18120 2
18125 1
18131 1
18143 1
18146 1
18149 1
18196 1
18197 1
18198 1
18210 1
18214 1
18220 2
18221 1
18222 1
18234 1
18237 1
18238 1
18239 1
18244 1
18252 1
18263 1
18265 1
18270 1
18272 1
18276 1
18294 1
18296 1
18306 1
18307 1
18308 1
18314 1
18324 1
18338 1
18339 1
18348 1
18350 2
18351 1
18361 1
18379 1
18384 1
18385 1
18386 1
18392 1
18402 2
18408 2
18409 1
18410 2
18422 1
18425 1
18427 1
18433 1
18435 1
18445 1
18449 1
18451 1
18452 1
18454 1
18464 1
18469 2
18493 2
18497 1
18500 1
18504 1
18509 1
18516 1
18524 2
18533 1
18535 1
18536 1
18540 1
18541 2
18547 1
18552 1
18559 1
18563 1
18564 1
18565 1
18576 1
18578 1
18588 1
18601 1
18609 1
18641 1
18643 1
18655 1
18659 1
18673 1
18686 1
18710 2
18712 1
18717 1
18727 1
18729 1
18751 1
18753 1
18754 1
18771 2
18795 2
18806 1
18813 1
18818 1
18826 1
18831 1
18837 1
18839 1
18843 1
18849 1
18853 1
18855 2
18856 1
18865 1
18866 1
18867 1
18872 1
18875 1
18880 1
18885 1
18890 1
18897 1
18899 1
18901 1
18909 1
18911 1
18918 1
18942 1
18945 1
18956 1
18957 1
18961 1
18969 1
18980 2
18981 1
18984 1
18992 1
18994 1
18997 1
19004 1
19008 1
19013 1
19025 1
19030 1
19054 1
19056 1
19067 1
19068 1
19110 2
19120 1
19133 1
19139 1
19155 1
19157 2
19162 1
19174 1
19182 1
19199 1
19205 1
19249 1
19260 1
19271 1
19276 2
19284 1
19286 1
19294 1
19296 1
19300 1
19301 1
19310 1
19315 1
19322 1
19332 1
19346 1
19356 1
19358 1
19363 1
19401 1
19412 1
19415 1
19439 1
19446 1
19458 1
19470 1
19472 1
19477 1
19489 1
19501 1
19513 1
19514 1
19531 2
19551 1
19555 2
19578 2
19586 1
19602 1
19603 1
19609 1
19625 1
19626 1
19627 2
19650 1
19669 1
19670 1
19671 1
19694 1
19705 1
19717 1
19721 1
19741 2
19760 1
19764 1
19767 1
19779 1
19803 1
19833 1
19857 1
19860 1
19880 1
19882 1
19893 1
19917 1
19922 1
19924 1
19927 1
19929 1
19934 1
19959 1
19971 1
19972 1
19996 2
20019 1
20023 1
20031 1
20043 1
20046 1
20048 1
20054 1
20056 1
20066 1
20070 1
20072 1
20075 1
20090 1
20092 1
20114 1
20116 1
20118 1
20162 2
20182 1
20184 1
20185 1
20186 1
20209 1
20224 1
20226 1
20230 1
20273 1
20298 1
20303 1
20311 1
20321 1
20327 1
20338 1
20348 1
20350 1
20372 1
20374 1
20392 1
20416 1
20464 1
20477 1
20485 1
20487 1
20488 1
20493 1
20501 1
20511 1
20520 1
20528 1
20532 1
20539 1
20563 1
20575 1
20605 1
20629 1
20651 1
20675 1
20677 1
20689 1
20694 1
20718 1
20731 1
20732 1
20756 1
20787 1
20795 1
20803 1
20826 1
20830 1
20922 1
20932 1
20944 1
20949 1
20953 1
20973 1
20977 1
20979 1
20984 1
20986 1
20996 1
21020 1
21058 1
21081 1
21098 1
21110 1
21122 1
21134 1
21139 1
21152 1
21176 1
21224 1
21234 1
21247 1
21248 1
21251 1
21271 1
21275 1
21292 1
21335 1
21365 1
21377 1
21389 1
21400 1
21424 1
21441 1
21543 1
21547 1
21555 1
21590 1
21679 1
21713 1
21737 1
21739 1
21756 1
21780 1
21845 1
21994 1
22011 1
22035 1
22149 1
22160 1
22184 1
22201 1
22439 1
22451 1
22570 1
22594 1
22605 1
22872 1
22896 1
23211 1
23632 1
23656 1
End
