NMec = 95584
T = 17
P = 5
Profits not ignored
Valid tasks:                                                            27717
Solution time = 5.004e-04
Task data
    3  14  1463 -1
    3  16  3453 0
    3  16  1465 -1
    4  14  1292 -1
    4  15  2783 1
    4  16   972 -1
    6  20  2910 2
    8  23  4305 3
    9  15  1109 -1
   10  17  1002 -1
   11  19  1619 -1
   12  25  2889 4
   13  32  1467 -1
   14  18   800 -1
   20  26   996 0
   21  31  1740 1
   23  33   839 2
Best profit: 19915
All profits:
0 1
800 1
839 1
972 1
996 1
1002 1
1109 1
1292 1
1463 1
1465 1
1467 1
1619 1
1639 1
1740 1
1772 1
1796 1
1802 1
1811 1
1835 1
1841 1
1909 1
1948 1
1968 1
1974 1
1998 1
2081 1
2092 1
2105 1
2111 1
2131 1
2263 1
2264 1
2265 1
2267 1
2288 1
2294 1
2302 1
2304 1
2306 1
2401 1
2419 1
2435 1
2437 1
2439 1
2458 1
2459 1
2461 1
2463 1
2465 1
2467 1
2469 1
2540 1
2572 1
2574 1
2576 1
2579 1
2591 1
2611 1
2615 1
2621 1
2635 1
2641 1
2712 1
2728 1
2736 1
2742 1
2748 1
2755 1
2757 1
2759 1
2768 1
2774 1
2783 1
2798 1
2807 1
2813 1
2837 1
2849 1
2881 1
2889 1
2905 1
2910 1
2911 2
2920 1
2928 1
2930 1
2931 1
2932 1
2944 1
2950 1
2970 1
3032 1
3064 1
3077 1
3082 1
3083 1
3084 1
3086 1
3088 1
3094 1
3102 1
3103 1
3104 1
3106 1
3107 1
3127 1
3133 1
3201 1
3203 1
3205 1
3207 1
3235 1
3237 1
3239 1
3240 1
3258 1
3259 1
3260 1
3261 1
3263 1
3265 1
3266 1
3267 1
3269 1
3274 1
3276 1
3278 1
3290 1
3298 1
3300 1
3302 1
3304 1
3306 1
3308 1
3359 1
3372 1
3373 1
3374 1
3376 1
3379 1
3391 1
3397 1
3403 1
3411 1
3413 1
3415 2
3421 1
3430 1
3431 1
3433 1
3435 1
3437 1
3439 1
3441 1
3453 1
3454 1
3460 1
3461 1
3463 1
3465 1
3512 1
3528 1
3536 1
3542 1
3544 1
3546 1
3548 1
3551 1
3555 1
3557 1
3559 1
3567 1
3568 1
3570 1
3572 1
3574 1
3575 1
3576 1
3578 1
3581 1
3583 1
3587 1
3593 1
3594 1
3596 1
3598 1
3607 1
3613 1
3617 1
3622 1
3637 1
3649 1
3688 1
3689 1
3700 1
3708 1
3710 1
3711 1
3714 1
3720 1
3724 1
3727 1
3728 2
3729 1
3730 2
3731 1
3732 1
3738 1
3744 1
3749 1
3750 2
3751 1
3753 1
3755 2
3757 1
3759 1
3761 1
3767 1
3769 1
3770 1
3771 1
3779 1
3785 1
3809 1
3821 1
3832 1
3845 1
3851 1
3861 1
3864 1
3866 1
3868 1
3871 1
3877 1
3882 2
3883 2
3884 1
3885 1
3886 1
3891 1
3892 1
3900 1
3902 1
3903 1
3904 1
3906 1
3907 2
3912 1
3913 1
3916 1
3921 1
3922 1
3923 1
3924 1
3925 1
3926 1
3927 1
3928 1
3930 1
3932 1
3933 1
3934 1
3946 1
3998 1
4003 1
4004 1
4005 1
4007 1
4019 1
4020 1
4028 1
4034 1
4037 1
4039 1
4040 1
4041 1
4042 1
4044 1
4046 1
4054 1
4056 1
4058 1
4060 1
4066 1
4074 1
4075 1
4076 1
4078 2
4079 1
4080 1
4082 1
4084 1
4086 1
4088 1
4090 1
4098 1
4099 1
4100 1
4102 1
4104 1
4105 1
4106 1
4108 1
4129 1
4141 1
4159 1
4173 1
4175 1
4177 1
4179 1
4181 1
4191 1
4193 1
4195 1
4197 1
4198 1
4199 1
4201 1
4202 1
4203 2
4205 1
4207 1
4209 1
4211 1
4212 1
4213 1
4215 1
4220 1
4222 1
4224 1
4230 1
4231 1
4233 1
4235 1
4236 1
4237 1
4239 1
4241 1
4242 1
4246 1
4248 1
4250 1
4253 1
4254 1
4260 1
4261 1
4262 1
4263 1
4265 1
4270 1
4272 1
4274 1
4276 1
4278 1
4280 1
4292 1
4300 1
4302 1
4304 1
4305 1
4312 1
4314 1
4316 1
4331 1
4344 1
4346 1
4348 1
4351 1
4352 1
4354 1
4355 1
4356 1
4361 1
4367 1
4368 1
4369 1
4370 1
4372 1
4373 1
4374 2
4375 3
4376 2
4377 1
4378 2
4381 1
4383 1
4385 1
4387 2
4393 1
4394 1
4395 1
4396 1
4398 1
4399 1
4402 1
4407 1
4409 1
4411 1
4413 1
4415 1
4417 2
4422 1
4425 1
4426 1
4432 1
4433 1
4435 1
4437 1
4449 1
4455 1
4456 1
4468 1
4488 1
4495 1
4497 1
4499 1
4500 1
4508 2
4514 1
4523 1
4524 1
4527 1
4528 1
4529 2
4530 1
4531 1
4538 1
4539 1
4540 1
4542 1
4544 1
4546 1
4547 2
4548 1
4549 2
4550 2
4551 2
4553 2
4555 2
4557 1
4559 1
4561 1
4562 1
4563 1
4566 1
4567 1
4568 1
4569 2
4570 2
4571 1
4572 1
4574 1
4577 1
4579 1
4585 1
4589 1
4590 1
4592 1
4594 2
4596 1
4598 1
4600 1
4609 1
4618 1
4621 1
4624 1
4629 1
4645 1
4650 1
4651 2
4660 1
4661 1
4664 1
4666 1
4668 2
4670 1
4671 1
4672 1
4682 1
4683 1
4684 1
4685 1
4690 1
4691 1
4692 1
4696 1
4700 2
4702 2
4703 1
4704 1
4705 1
4706 1
4707 2
4710 1
4712 1
4713 1
4716 1
4721 2
4722 2
4723 2
4724 2
4725 2
4726 2
4727 1
4728 1
4729 1
4730 2
4731 2
4732 1
4733 1
4734 1
4739 1
4741 1
4743 1
4745 2
4746 2
4751 2
4752 1
4753 1
4755 1
4757 2
4763 1
4765 1
4767 1
4769 1
4771 1
4773 1
4781 1
4798 1
4804 1
4817 1
4819 1
4820 1
4822 1
4823 1
4824 1
4826 1
4828 1
4834 1
4836 1
4837 2
4838 1
4839 1
4840 1
4841 1
4842 1
4843 1
4844 1
4846 1
4847 1
4854 1
4856 1
4857 1
4858 2
4859 1
4860 1
4862 1
4863 1
4864 2
4866 1
4867 1
4868 1
4870 1
4873 1
4875 1
4876 1
4878 3
4879 2
4880 2
4882 1
4884 2
4885 1
4886 1
4887 1
4888 2
4893 1
4894 1
4895 1
4896 1
4897 1
4898 1
4899 1
4900 1
4902 1
4904 1
4905 1
4906 1
4908 1
4909 1
4914 1
4916 1
4917 1
4918 2
4919 1
4920 1
4921 1
4923 1
4925 1
4926 1
4927 1
4928 1
4929 1
4930 1
4941 1
4970 1
4975 1
4977 1
4979 1
4980 1
4981 1
4991 2
4992 1
4993 1
4994 1
4995 1
4998 1
4999 1
5000 2
5001 1
5002 1
5003 1
5005 1
5006 1
5007 1
5009 2
5011 1
5012 1
5013 1
5014 1
5015 1
5016 2
5018 1
5020 2
5021 1
5022 2
5024 1
5030 2
5032 1
5033 1
5034 1
5035 1
5036 1
5037 1
5038 1
5039 1
5040 1
5041 2
5042 2
5043 1
5044 1
5046 2
5047 1
5048 2
5050 2
5052 1
5054 1
5056 1
5058 1
5059 1
5060 1
5061 1
5062 1
5063 1
5070 1
5071 1
5072 2
5074 1
5076 1
5077 1
5078 1
5080 2
5082 1
5084 1
5085 1
5087 1
5089 1
5092 1
5100 1
5101 1
5102 1
5104 1
5105 1
5112 1
5113 1
5114 1
5116 1
5131 1
5137 1
5143 1
5144 1
5151 1
5152 1
5153 2
5154 1
5155 2
5156 1
5161 1
5163 1
5165 1
5167 1
5169 1
5170 1
5171 1
5173 2
5174 2
5175 3
5176 1
5177 3
5178 1
5179 1
5181 1
5183 2
5184 1
5185 1
5187 2
5189 1
5191 2
5192 1
5193 3
5194 2
5195 3
5196 1
5197 1
5198 1
5199 1
5200 1
5201 1
5202 1
5203 1
5204 1
5205 1
5207 1
5208 1
5209 1
5211 1
5212 1
5213 2
5214 2
5215 2
5216 2
5217 2
5218 2
5220 2
5222 2
5224 1
5225 1
5226 2
5232 1
5233 1
5234 1
5235 1
5237 1
5238 1
5241 1
5242 1
5244 1
5246 1
5248 1
5249 1
5250 1
5252 1
5255 1
5256 1
5264 1
5268 1
5272 1
5274 1
5276 1
5277 1
5284 1
5286 1
5288 2
5290 1
5294 1
5295 1
5297 1
5299 1
5301 1
5307 2
5308 2
5310 1
5311 1
5312 1
5314 1
5316 1
5318 1
5323 1
5324 1
5326 1
5327 1
5328 1
5329 2
5331 1
5333 2
5334 1
5336 1
5338 1
5339 1
5340 1
5342 1
5344 1
5345 1
5346 2
5347 4
5348 3
5349 2
5350 3
5351 1
5352 1
5353 1
5354 1
5355 1
5356 1
5357 2
5358 1
5359 1
5362 2
5363 1
5366 1
5367 1
5368 2
5369 2
5370 3
5371 2
5372 2
5373 1
5374 3
5375 1
5376 1
5377 2
5378 1
5379 2
5380 1
5381 1
5383 1
5385 1
5386 1
5387 1
5388 1
5389 2
5390 2
5391 1
5392 1
5394 2
5396 1
5397 1
5398 2
5400 1
5401 1
5404 1
5409 1
5411 1
5413 1
5414 1
5418 1
5421 1
5424 1
5427 1
5428 1
5429 1
5440 1
5450 1
5451 2
5460 1
5461 1
5463 1
5464 1
5465 1
5467 1
5468 2
5469 1
5470 2
5471 1
5472 1
5480 1
5482 1
5483 1
5484 2
5485 1
5486 1
5487 1
5489 1
5490 2
5491 1
5493 1
5495 2
5496 1
5497 1
5499 1
5500 1
5501 2
5502 1
5503 1
5504 2
5505 1
5507 2
5509 1
5510 2
5511 2
5519 2
5521 2
5522 1
5523 2
5524 1
5525 3
5526 1
5527 1
5529 1
5530 1
5531 3
5533 1
5534 1
5535 1
5538 1
5539 1
5540 1
5541 2
5542 2
5543 2
5544 1
5545 3
5546 2
5547 1
5549 2
5551 3
5552 1
5553 2
5555 1
5557 2
5558 1
5562 1
5563 1
5564 2
5565 2
5566 1
5567 1
5568 1
5569 1
5570 1
5571 1
5572 1
5573 1
5581 1
5584 1
5590 1
5592 1
5594 1
5596 2
5597 1
5601 1
5604 1
5606 1
5608 1
5617 2
5620 1
5622 2
5623 2
5624 1
5625 1
5626 1
5631 1
5632 1
5636 1
5637 1
5638 2
5640 2
5642 1
5643 1
5644 2
5646 2
5647 2
5648 1
5652 1
5653 1
5656 2
5657 1
5658 2
5659 1
5660 2
5661 1
5662 2
5663 2
5664 3
5665 2
5666 2
5667 2
5668 2
5669 1
5670 2
5672 2
5673 1
5674 1
5675 1
5676 1
5677 1
5678 2
5679 2
5680 1
5684 1
5685 1
5686 1
5687 2
5688 1
5693 2
5694 2
5695 1
5696 2
5697 1
5698 2
5699 1
5700 1
5701 1
5702 2
5703 2
5704 1
5705 1
5706 1
5707 1
5708 1
5709 2
5711 1
5713 1
5714 1
5715 1
5716 1
5717 3
5718 3
5719 1
5720 1
5721 1
5723 2
5724 1
5725 2
5726 2
5727 3
5728 1
5729 1
5730 1
5733 1
5735 1
5737 1
5738 1
5739 1
5741 2
5743 1
5745 1
5747 2
5748 1
5753 1
5755 1
5757 1
5759 2
5760 1
5765 1
5767 1
5768 1
5769 1
5770 2
5772 1
5777 1
5779 1
5780 1
5781 1
5791 1
5792 1
5794 2
5796 1
5798 1
5799 1
5800 3
5806 1
5809 2
5811 1
5813 1
5814 1
5815 2
5816 2
5817 1
5818 2
5819 2
5820 2
5821 3
5822 2
5824 1
5826 1
5828 1
5830 3
5831 1
5832 2
5833 2
5834 2
5835 1
5836 1
5837 1
5838 3
5839 4
5840 3
5841 3
5842 3
5843 2
5844 1
5845 1
5846 1
5847 1
5848 2
5850 2
5852 2
5854 3
5855 1
5856 1
5858 1
5859 2
5860 3
5861 2
5862 1
5863 1
5864 1
5865 1
5866 2
5867 1
5869 2
5871 1
5872 2
5874 1
5876 1
5877 1
5878 1
5880 3
5881 1
5882 2
5884 1
5885 1
5886 1
5887 1
5888 1
5889 2
5890 2
5891 1
5892 1
5893 1
5895 1
5897 1
5898 1
5899 1
5900 1
5901 1
5902 1
5910 1
5911 1
5912 1
5913 1
5914 1
5916 2
5918 1
5919 1
5920 1
5921 2
5922 1
5923 1
5924 1
5931 1
5933 1
5935 1
5937 1
5942 1
5943 1
5944 1
5951 1
5952 1
5953 2
5955 1
5960 1
5962 1
5963 1
5964 1
5965 1
5966 1
5967 1
5970 1
5971 2
5972 1
5973 2
5974 1
5975 2
5976 1
5977 2
5979 1
5981 1
5982 1
5983 1
5984 1
5986 1
5987 2
5988 2
5989 1
5990 1
5991 2
5992 3
5993 4
5994 4
5995 2
5996 3
5997 1
5998 1
6000 1
6001 1
6002 2
6003 1
6004 2
6005 2
6006 1
6007 1
6008 1
6009 1
6010 1
6011 1
6012 2
6013 3
6014 4
6015 2
6016 4
6017 2
6018 4
6020 3
6022 3
6023 1
6024 1
6025 1
6026 2
6027 1
6028 1
6029 1
6030 1
6031 1
6032 2
6033 1
6034 2
6035 2
6036 1
6037 2
6038 1
6039 1
6040 1
6041 1
6042 2
6043 2
6044 3
6045 1
6046 1
6048 1
6049 1
6050 1
6052 2
6054 1
6055 1
6056 1
6057 2
6059 2
6061 2
6063 1
6064 1
6065 1
6068 1
6072 1
6073 1
6074 2
6076 1
6077 1
6081 1
6083 1
6084 1
6085 1
6086 1
6087 1
6088 2
6089 1
6090 1
6091 1
6092 1
6094 2
6096 1
6101 1
6107 2
6108 1
6109 1
6110 1
6111 1
6112 1
6113 1
6114 2
6115 2
6116 3
6117 1
6118 2
6123 1
6124 1
6125 1
6126 1
6127 2
6128 1
6129 2
6131 1
6133 2
6134 1
6135 1
6136 1
6138 1
6139 1
6140 1
6142 1
6145 1
6146 2
6147 3
6148 2
6149 3
6150 3
6151 1
6152 1
6153 1
6154 1
6155 3
6156 2
6157 3
6158 1
6159 2
6161 1
6162 1
6163 2
6165 3
6166 1
6167 3
6168 2
6169 2
6170 3
6171 2
6172 3
6173 2
6174 2
6175 2
6176 2
6177 2
6178 1
6179 3
6180 2
6181 2
6183 1
6184 1
6185 2
6186 3
6187 3
6188 3
6189 5
6190 2
6191 3
6192 1
6193 2
6194 2
6195 2
6196 3
6197 2
6198 3
6200 1
6201 1
6204 1
6206 1
6208 2
6209 2
6210 3
6211 2
6212 2
6213 3
6214 3
6215 1
6216 2
6217 1
6218 3
6219 1
6220 2
6221 1
6222 2
6224 1
6227 1
6228 1
6230 1
6236 2
6237 1
6240 1
6243 1
6244 1
6246 1
6248 2
6251 1
6253 1
6260 1
6261 1
6262 1
6263 1
6264 1
6265 1
6266 1
6267 1
6268 1
6269 2
6270 1
6271 1
6273 1
6279 2
6280 2
6282 2
6283 2
6284 2
6285 1
6286 3
6287 2
6288 1
6289 2
6290 3
6291 2
6292 1
6293 1
6295 2
6297 1
6299 1
6300 1
6301 3
6302 2
6303 3
6304 3
6305 1
6306 1
6307 2
6308 1
6309 2
6310 3
6311 2
6312 1
6313 1
6314 1
6319 3
6320 1
6321 2
6322 2
6323 2
6324 2
6325 4
6326 2
6327 2
6328 1
6329 3
6330 2
6331 3
6332 1
6333 1
6334 3
6335 2
6336 1
6338 2
6340 3
6341 2
6342 4
6343 4
6344 2
6345 2
6346 2
6347 2
6348 1
6349 4
6350 3
6351 3
6352 2
6353 2
6354 1
6355 1
6357 1
6358 3
6359 1
6360 1
6361 1
6362 2
6363 2
6364 5
6365 1
6366 1
6368 1
6369 1
6370 3
6371 1
6372 2
6373 2
6374 1
6375 1
6376 2
6377 1
6379 1
6381 3
6382 1
6383 2
6384 2
6385 2
6386 2
6388 1
6390 2
6392 2
6393 1
6394 1
6396 2
6397 2
6400 1
6401 1
6403 1
6404 1
6406 1
6408 1
6410 1
6416 1
6417 1
6420 1
6422 1
6423 2
6425 1
6431 1
6432 1
6433 1
6435 1
6436 2
6437 1
6438 1
6440 2
6442 2
6443 1
6444 2
6445 1
6446 2
6447 2
6448 1
6452 1
6453 1
6454 1
6455 1
6456 4
6457 2
6458 2
6459 2
6460 1
6461 3
6462 2
6463 3
6464 2
6465 4
6466 2
6467 3
6468 1
6469 2
6470 2
6471 2
6472 2
6473 1
6474 1
6475 1
6476 2
6477 2
6478 1
6479 3
6480 1
6481 2
6482 2
6483 4
6484 1
6485 4
6486 3
6487 3
6488 1
6489 1
6491 2
6492 1
6493 2
6494 1
6495 2
6496 1
6497 4
6498 1
6499 2
6500 1
6501 1
6502 1
6503 4
6504 1
6505 2
6506 3
6507 3
6508 1
6509 2
6510 1
6511 3
6512 1
6513 3
6514 1
6515 2
6517 3
6518 1
6519 1
6521 2
6523 2
6524 1
6525 2
6526 2
6527 3
6529 1
6530 1
6532 1
6533 2
6534 1
6535 2
6536 2
6537 3
6538 2
6539 2
6540 1
6541 2
6542 1
6543 1
6544 1
6545 2
6547 3
6548 1
6549 1
6550 1
6552 1
6553 1
6554 1
6555 1
6556 1
6557 1
6559 2
6560 2
6564 1
6565 1
6566 1
6567 1
6568 2
6569 2
6570 1
6572 1
6576 1
6577 2
6578 1
6579 1
6580 2
6581 1
6586 1
6589 1
6592 1
6593 1
6594 1
6596 1
6597 1
6598 2
6599 3
6600 2
6602 1
6603 1
6604 2
6606 1
6607 1
6608 1
6609 2
6610 2
6611 1
6613 1
6615 1
6616 2
6617 1
6618 4
6619 4
6620 3
6621 2
6622 1
6624 2
6625 1
6626 1
6627 1
6628 3
6630 2
6631 1
6632 2
6633 2
6634 3
6635 1
6636 2
6637 2
6638 3
6639 5
6640 4
6641 2
6642 3
6643 1
6644 3
6645 1
6646 2
6647 1
6648 3
6649 2
6650 2
6651 1
6652 2
6654 4
6655 1
6656 3
6657 1
6658 4
6659 3
6660 6
6661 3
6662 2
6663 2
6664 1
6665 4
6666 4
6667 3
6668 2
6669 3
6670 1
6671 2
6672 1
6673 1
6674 2
6675 1
6676 1
6677 2
6678 2
6679 2
6680 3
6681 3
6682 2
6683 2
6685 1
6686 1
6687 1
6688 1
6689 3
6690 3
6691 1
6692 1
6693 2
6695 2
6696 1
6697 1
6698 2
6699 2
6700 1
6701 1
6702 1
6703 1
6704 1
6705 2
6706 2
6707 1
6708 1
6709 1
6710 2
6711 2
6712 1
6713 2
6714 1
6715 1
6716 2
6717 1
6718 1
6719 3
6720 2
6721 2
6722 1
6723 1
6724 1
6727 1
6729 2
6731 3
6732 1
6733 1
6734 1
6735 1
6737 1
6739 1
6740 2
6741 1
6742 2
6743 1
6744 1
6749 1
6751 2
6752 1
6753 3
6755 3
6756 1
6757 2
6759 1
6760 2
6761 2
6762 2
6763 1
6764 2
6766 2
6768 1
6770 2
6771 2
6772 4
6773 2
6774 3
6775 2
6776 2
6777 1
6778 1
6779 1
6781 3
6782 1
6783 1
6786 1
6787 2
6788 2
6789 1
6790 2
6791 1
6792 3
6793 3
6794 2
6795 1
6796 5
6798 1
6799 1
6800 1
6801 2
6802 4
6803 2
6804 1
6805 2
6806 1
6807 1
6809 1
6810 3
6811 3
6812 4
6813 3
6814 4
6815 2
6816 2
6817 4
6818 2
6819 1
6820 3
6821 1
6822 3
6823 3
6824 2
6825 2
6826 3
6827 3
6828 1
6829 2
6830 1
6831 2
6832 3
6833 3
6834 3
6835 5
6836 3
6837 4
6838 2
6839 3
6840 2
6841 3
6842 2
6843 3
6844 4
6845 2
6846 1
6848 1
6849 1
6850 2
6852 2
6853 1
6854 2
6855 1
6856 3
6857 3
6859 2
6861 3
6862 1
6863 2
6864 1
6865 2
6866 1
6867 1
6868 2
6869 1
6871 1
6873 1
6874 2
6876 1
6877 1
6878 1
6879 1
6881 2
6882 1
6883 2
6884 2
6885 1
6886 1
6887 1
6888 2
6889 1
6890 1
6891 2
6892 2
6893 2
6894 2
6895 1
6896 2
6903 1
6905 1
6907 2
6908 1
6909 2
6912 1
6913 2
6914 3
6915 2
6916 3
6917 2
6918 2
6920 1
6923 2
6924 1
6925 1
6926 2
6927 2
6928 1
6929 2
6930 2
6931 2
6932 1
6933 2
6934 1
6935 3
6936 1
6937 1
6938 1
6939 1
6940 1
6942 1
6943 1
6944 1
6945 1
6946 1
6947 3
6948 2
6949 3
6950 2
6951 2
6952 2
6953 2
6954 2
6955 3
6956 3
6957 2
6958 2
6959 1
6960 2
6961 1
6962 2
6963 2
6964 3
6965 2
6966 3
6967 2
6968 3
6969 1
6970 2
6971 1
6972 2
6973 2
6974 2
6975 2
6976 2
6977 2
6978 2
6979 1
6980 1
6981 2
6982 1
6984 2
6985 2
6986 4
6987 2
6988 5
6989 5
6990 4
6991 2
6992 3
6993 2
6994 3
6995 3
6996 3
6997 2
6998 3
6999 1
7000 2
7001 1
7002 1
7003 1
7004 2
7005 1
7006 2
7007 2
7008 3
7009 3
7010 4
7011 2
7012 3
7013 2
7014 3
7015 2
7016 4
7017 2
7018 4
7019 2
7020 3
7021 1
7022 2
7023 1
7024 1
7025 2
7027 2
7028 2
7029 2
7030 3
7031 2
7032 1
7033 2
7034 1
7035 1
7036 2
7037 2
7039 1
7040 1
7041 1
7043 1
7044 1
7045 1
7046 2
7047 2
7048 2
7049 1
7051 2
7053 2
7055 1
7057 2
7059 2
7060 2
7061 2
7062 2
7063 1
7064 2
7066 2
7068 1
7069 2
7070 1
7071 1
7073 2
7075 1
7079 2
7080 2
7082 2
7083 2
7084 2
7085 2
7086 3
7087 4
7088 4
7089 2
7090 4
7091 2
7092 2
7094 1
7095 1
7096 1
7097 1
7098 1
7099 1
7100 1
7101 2
7102 2
7103 3
7104 1
7105 1
7106 1
7107 2
7108 2
7109 3
7110 3
7111 3
7112 3
7113 3
7114 3
7115 1
7116 1
7117 1
7118 2
7119 3
7120 2
7121 2
7122 3
7123 3
7124 2
7125 4
7126 3
7127 3
7128 2
7129 4
7130 4
7131 3
7132 2
7134 3
7135 1
7136 1
7137 2
7138 2
7139 1
7140 3
7141 2
7142 4
7143 3
7144 3
7145 1
7146 2
7147 1
7149 3
7150 2
7151 4
7152 3
7153 3
7154 2
7155 1
7156 1
7157 2
7158 4
7159 3
7160 2
7161 5
7162 1
7163 4
7164 4
7165 2
7166 2
7167 2
7168 3
7169 1
7170 4
7171 1
7172 3
7173 2
7174 2
7175 1
7176 2
7177 2
7178 1
7179 1
7180 2
7181 5
7182 4
7183 4
7184 3
7185 3
7186 3
7187 1
7188 2
7189 2
7190 4
7191 3
7192 3
7193 2
7194 3
7196 1
7197 1
7198 1
7200 2
7201 1
7202 2
7203 3
7204 1
7205 1
7206 1
7208 3
7209 1
7210 3
7211 1
7212 2
7213 1
7214 2
7215 3
7216 3
7218 1
7220 3
7222 2
7223 2
7224 2
7225 2
7226 1
7227 1
7232 2
7233 2
7235 2
7236 2
7237 2
7238 1
7239 1
7240 1
7241 1
7242 1
7243 1
7244 2
7245 1
7247 1
7249 1
7250 1
7251 1
7254 1
7255 1
7256 2
7257 1
7258 2
7259 2
7261 3
7262 3
7263 4
7264 3
7265 4
7266 2
7267 3
7269 1
7270 1
7271 3
7272 1
7273 1
7274 2
7275 2
7276 2
7277 1
7278 2
7279 3
7280 2
7281 3
7282 4
7283 5
7284 4
7285 5
7286 4
7287 2
7288 3
7289 1
7291 4
7292 1
7293 3
7294 1
7295 3
7296 2
7297 6
7298 3
7299 2
7300 2
7301 1
7302 2
7303 2
7304 4
7305 3
7306 5
7307 2
7308 2
7309 2
7310 2
7311 2
7312 3
7313 2
7314 2
7315 3
7317 3
7318 1
7319 3
7320 1
7321 4
7322 3
7323 2
7324 3
7325 2
7326 3
7327 4
7328 1
7329 2
7330 3
7331 2
7332 3
7333 2
7334 3
7335 2
7336 6
7337 3
7338 2
7339 2
7340 1
7342 2
7343 1
7344 3
7345 5
7346 2
7347 2
7348 1
7349 2
7350 1
7351 1
7352 2
7353 3
7354 2
7355 2
7356 2
7357 3
7358 1
7359 1
7360 4
7362 1
7364 2
7365 2
7366 3
7368 1
7369 2
7372 1
7373 1
7374 1
7375 2
7376 2
7377 3
7378 3
7379 2
7380 2
7381 2
7382 1
7383 2
7384 2
7385 1
7386 3
7387 2
7388 3
7389 2
7391 1
7392 1
7393 1
7396 1
7397 1
7398 2
7399 3
7400 2
7402 1
7403 1
7404 2
7405 1
7406 1
7407 2
7408 2
7409 2
7410 2
7411 1
7412 2
7413 1
7415 1
7416 2
7417 1
7418 4
7419 3
7420 2
7424 1
7425 1
7427 2
7428 2
7429 1
7431 1
7432 1
7433 3
7434 3
7435 2
7436 3
7437 3
7438 5
7439 4
7440 4
7441 2
7442 3
7443 2
7444 3
7445 1
7446 2
7447 2
7448 2
7449 4
7450 2
7451 4
7452 3
7453 2
7454 3
7455 3
7456 4
7457 5
7458 6
7459 4
7460 4
7461 4
7463 4
7464 1
7465 4
7466 3
7467 5
7468 2
7469 3
7470 1
7471 3
7472 2
7473 4
7474 1
7475 2
7476 1
7477 2
7478 3
7479 5
7480 3
7481 5
7482 2
7483 6
7484 1
7485 5
7486 1
7487 4
7488 2
7489 2
7490 3
7491 1
7492 1
7493 3
7494 1
7495 3
7496 1
7497 2
7498 2
7499 4
7500 1
7501 2
7502 2
7503 1
7504 3
7505 4
7506 4
7507 4
7508 4
7509 4
7510 4
7511 2
7512 2
7513 3
7514 1
7515 1
7516 1
7517 2
7519 3
7520 1
7521 1
7522 2
7524 1
7526 1
7527 1
7528 3
7529 3
7531 3
7532 2
7533 1
7534 2
7535 2
7536 1
7537 2
7538 1
7539 3
7540 4
7541 2
7542 1
7543 1
7544 1
7545 1
7546 1
7548 1
7549 2
7550 1
7551 2
7552 2
7553 3
7554 1
7555 3
7556 2
7557 3
7558 1
7559 2
7560 1
7561 4
7562 1
7563 1
7564 1
7565 1
7566 1
7568 1
7570 3
7571 3
7572 4
7573 2
7574 4
7575 1
7576 2
7577 1
7578 3
7579 4
7580 2
7581 5
7582 3
7583 3
7585 1
7587 1
7588 1
7589 1
7590 2
7591 2
7592 3
7593 2
7594 4
7595 3
7596 3
7598 1
7599 2
7600 3
7601 3
7602 3
7603 3
7604 1
7605 3
7606 3
7607 2
7609 2
7610 3
7611 4
7612 6
7613 3
7614 4
7615 3
7616 2
7617 4
7618 2
7619 2
7620 6
7621 3
7622 4
7623 3
7624 3
7625 1
7626 4
7627 2
7628 3
7629 2
7630 3
7631 2
7632 4
7633 3
7634 3
7635 7
7636 2
7637 4
7638 2
7639 4
7640 4
7641 5
7642 4
7643 2
7644 4
7645 1
7646 4
7647 1
7648 2
7649 2
7650 3
7651 3
7652 3
7653 3
7654 4
7655 2
7656 7
7657 1
7658 3
7659 2
7660 2
7661 4
7662 5
7663 4
7664 2
7665 3
7666 1
7667 3
7668 2
7669 1
7670 1
7671 1
7673 3
7674 2
7675 3
7676 3
7677 4
7678 4
7679 3
7680 2
7681 3
7682 2
7683 3
7684 3
7685 2
7686 1
7687 1
7688 2
7689 2
7690 1
7691 2
7692 2
7693 2
7694 1
7695 2
7696 1
7699 1
7700 1
7701 2
7702 2
7703 2
7704 1
7705 1
7706 2
7707 2
7708 3
7709 2
7710 1
7711 2
7712 2
7713 3
7714 2
7715 2
7716 2
7717 1
7718 2
7720 2
7723 2
7724 1
7725 2
7726 2
7727 4
7728 2
7729 3
7730 2
7731 3
7732 3
7733 4
7734 3
7735 3
7736 4
7737 1
7738 2
7740 1
7742 2
7743 1
7744 3
7745 2
7746 3
7747 4
7748 3
7749 3
7750 1
7751 3
7752 1
7753 6
7754 3
7755 4
7756 3
7757 4
7758 4
7759 2
7760 2
7762 3
7763 1
7764 3
7765 3
7766 4
7767 4
7768 5
7769 4
7770 3
7771 2
7772 2
7773 3
7774 6
7775 4
7776 3
7777 4
7778 3
7779 1
7780 1
7781 1
7782 2
7783 3
7784 3
7785 2
7786 3
7787 2
7788 4
7789 5
7790 3
7791 2
7792 5
7793 1
7794 4
7795 4
7796 3
7797 4
7798 4
7799 4
7800 1
7801 3
7802 1
7803 4
7804 2
7805 5
7806 2
7807 5
7808 3
7809 3
7810 3
7811 1
7812 3
7813 2
7814 4
7815 3
7816 4
7817 3
7818 2
7819 3
7820 2
7821 2
7822 2
7823 2
7824 2
7825 4
7826 2
7827 5
7828 5
7829 6
7830 3
7831 5
7832 1
7833 3
7834 1
7835 2
7836 2
7837 3
7838 2
7839 3
7840 3
7841 3
7842 1
7843 1
7844 1
7845 1
7846 3
7847 2
7848 2
7849 3
7850 1
7851 3
7852 1
7853 2
7855 3
7856 1
7857 2
7859 2
7860 2
7861 2
7862 2
7863 2
7864 3
7865 1
7866 2
7867 1
7868 2
7869 2
7870 2
7871 1
7872 1
7873 2
7875 2
7877 1
7879 2
7880 3
7881 2
7882 1
7883 2
7884 2
7885 3
7886 3
7887 3
7888 4
7889 2
7890 4
7891 1
7892 2
7894 1
7895 2
7896 2
7897 1
7898 3
7899 3
7900 1
7901 4
7902 2
7903 4
7904 1
7905 4
7907 3
7908 2
7909 4
7910 4
7911 4
7912 3
7913 2
7914 2
7915 1
7916 2
7917 1
7918 2
7919 5
7920 2
7921 4
7922 3
7923 3
7924 2
7925 3
7926 5
7927 4
7928 4
7929 4
7930 5
7931 4
7932 4
7933 2
7934 3
7935 2
7936 3
7937 3
7938 3
7939 2
7940 2
7941 2
7942 2
7943 2
7944 3
7945 2
7946 4
7947 2
7948 5
7949 4
7950 5
7951 4
7952 5
7953 5
7954 3
7955 1
7956 3
7957 3
7958 4
7959 3
7960 5
7961 4
7962 4
7963 1
7964 3
7965 1
7966 4
7967 2
7968 4
7969 3
7970 4
7971 2
7972 2
7973 2
7974 2
7975 1
7976 4
7977 3
7978 3
7979 1
7980 3
7981 3
7982 5
7983 3
7984 3
7985 1
7986 2
7987 1
7988 2
7989 1
7990 4
7991 3
7992 3
7993 3
7994 3
7995 2
7996 2
7997 3
7998 2
7999 3
8000 5
8001 3
8002 5
8003 4
8004 3
8005 3
8006 2
8007 1
8008 2
8009 2
8010 2
8011 2
8012 3
8013 2
8014 2
8015 3
8016 3
8017 1
8018 1
8019 2
8020 3
8021 2
8022 3
8023 4
8024 2
8025 3
8026 2
8027 2
8029 2
8030 1
8031 1
8032 4
8033 3
8034 1
8035 2
8036 1
8037 1
8038 1
8039 1
8040 1
8041 2
8042 2
8043 3
8044 3
8045 2
8047 3
8049 2
8050 1
8051 2
8052 1
8053 2
8054 2
8055 3
8056 2
8057 1
8058 2
8059 3
8060 3
8061 2
8062 5
8063 4
8064 4
8065 4
8066 4
8067 3
8068 1
8069 2
8070 1
8071 4
8072 2
8073 3
8074 3
8075 4
8076 3
8077 2
8078 2
8079 1
8080 3
8081 3
8082 5
8083 5
8084 6
8085 3
8086 4
8087 3
8088 3
8089 3
8090 4
8091 4
8092 2
8093 4
8094 2
8095 2
8096 1
8097 4
8098 3
8099 2
8100 2
8101 3
8102 5
8103 5
8104 7
8105 5
8106 4
8107 3
8108 1
8109 4
8110 3
8111 3
8112 4
8113 3
8114 4
8115 3
8116 3
8117 3
8118 2
8119 4
8120 1
8121 6
8122 4
8123 6
8124 4
8125 5
8126 4
8127 4
8128 3
8129 1
8130 6
8131 2
8132 5
8133 3
8134 3
8135 2
8136 6
8137 3
8138 2
8139 2
8140 2
8141 1
8142 1
8143 2
8144 2
8145 4
8146 1
8147 1
8148 1
8149 2
8150 2
8151 2
8152 2
8153 5
8154 3
8155 4
8156 4
8157 4
8158 3
8159 2
8160 4
8161 2
8162 2
8163 3
8164 1
8165 2
8166 5
8168 2
8169 3
8170 2
8171 2
8172 2
8173 4
8174 3
8175 4
8176 3
8177 4
8178 3
8179 3
8180 2
8181 2
8182 3
8183 4
8184 5
8185 2
8186 4
8187 4
8188 4
8189 1
8190 1
8191 1
8192 2
8194 3
8195 1
8196 6
8197 3
8198 3
8199 4
8200 2
8201 1
8203 1
8204 3
8205 4
8206 1
8207 3
8208 2
8209 2
8210 2
8211 2
8212 3
8215 1
8216 3
8217 3
8218 5
8219 2
8220 3
8221 2
8222 4
8223 3
8224 2
8225 2
8226 3
8227 4
8228 3
8229 3
8230 1
8231 2
8232 1
8233 3
8234 3
8235 3
8236 3
8237 4
8238 4
8239 5
8240 2
8241 2
8242 1
8243 4
8244 2
8245 1
8246 4
8247 2
8248 2
8249 2
8250 2
8251 4
8252 3
8253 2
8254 2
8255 3
8256 2
8257 6
8258 4
8259 5
8260 3
8261 4
8262 1
8263 5
8264 2
8265 4
8266 4
8267 5
8268 3
8269 3
8270 3
8272 3
8273 4
8274 2
8275 3
8276 4
8277 5
8278 4
8279 6
8280 5
8281 4
8282 3
8283 3
8284 4
8285 3
8286 3
8287 6
8288 3
8289 4
8290 6
8291 3
8292 3
8293 5
8294 3
8295 3
8296 2
8297 2
8298 2
8299 3
8300 4
8301 1
8302 4
8303 1
8304 4
8305 2
8306 4
8307 4
8308 5
8309 4
8310 4
8311 3
8312 2
8313 2
8314 1
8315 1
8316 1
8317 3
8318 1
8319 2
8320 2
8321 2
8322 3
8323 2
8324 4
8325 2
8326 3
8327 1
8328 3
8329 4
8330 1
8331 3
8332 4
8333 3
8334 2
8335 2
8336 2
8337 2
8338 3
8339 3
8340 3
8341 3
8342 1
8344 1
8345 2
8346 3
8347 3
8348 3
8349 4
8350 3
8351 3
8352 2
8353 3
8354 1
8355 2
8356 3
8357 2
8358 3
8359 4
8360 2
8361 4
8362 1
8363 1
8365 1
8367 1
8368 1
8370 3
8371 4
8372 4
8373 2
8374 4
8375 2
8376 3
8377 2
8378 3
8379 7
8380 5
8381 4
8382 3
8383 4
8384 3
8385 2
8386 1
8387 2
8388 2
8389 2
8390 3
8391 2
8392 3
8393 3
8394 4
8395 3
8396 3
8397 1
8398 2
8399 2
8400 6
8401 2
8402 2
8403 2
8404 2
8405 4
8406 4
8407 3
8408 2
8409 3
8410 3
8411 4
8412 3
8413 3
8414 5
8415 3
8416 2
8417 3
8418 2
8419 2
8420 5
8421 4
8422 2
8423 3
8424 1
8425 1
8426 1
8427 2
8428 2
8429 5
8430 5
8431 4
8432 4
8433 5
8434 4
8435 5
8436 3
8437 2
8438 3
8439 3
8440 4
8441 4
8442 4
8443 3
8444 4
8445 5
8446 5
8447 3
8448 3
8449 2
8450 2
8451 5
8452 4
8453 6
8454 4
8455 4
8456 5
8457 3
8458 3
8459 6
8460 4
8461 5
8462 6
8463 5
8464 2
8465 3
8466 1
8467 4
8468 1
8469 3
8470 2
8471 1
8472 1
8473 3
8474 3
8475 4
8476 3
8477 3
8478 4
8479 4
8480 3
8481 5
8482 3
8483 5
8484 2
8485 3
8486 3
8487 1
8488 2
8489 1
8490 2
8491 2
8492 3
8493 3
8494 3
8495 4
8496 2
8497 3
8498 1
8499 2
8500 4
8501 4
8502 3
8503 3
8504 3
8505 1
8506 5
8507 3
8508 4
8509 3
8510 3
8511 4
8512 5
8513 3
8514 3
8515 2
8516 3
8517 1
8518 3
8520 2
8521 1
8522 1
8523 1
8524 3
8525 2
8526 1
8527 4
8528 2
8529 3
8530 2
8531 3
8532 2
8533 5
8534 1
8535 3
8536 5
8537 1
8538 2
8540 2
8541 2
8542 5
8543 1
8544 2
8545 3
8546 2
8547 4
8548 2
8549 3
8550 3
8551 4
8552 3
8553 7
8554 5
8555 4
8556 2
8557 4
8558 3
8559 2
8560 1
8561 1
8562 2
8563 3
8564 2
8565 3
8566 6
8567 5
8568 5
8569 3
8570 4
8571 2
8572 3
8573 4
8574 5
8575 6
8576 4
8577 6
8578 2
8579 4
8580 1
8581 3
8582 3
8583 6
8584 4
8585 4
8586 3
8587 3
8588 3
8589 4
8590 4
8592 4
8593 1
8594 3
8595 1
8596 4
8597 6
8598 3
8599 3
8600 1
8601 3
8602 2
8603 4
8604 4
8605 5
8606 5
8607 6
8608 5
8609 4
8610 2
8611 2
8612 2
8613 5
8614 5
8615 4
8616 6
8617 5
8618 4
8619 5
8620 2
8621 3
8622 4
8623 3
8624 4
8625 2
8626 4
8627 4
8628 6
8629 3
8630 4
8631 6
8632 2
8633 4
8634 3
8635 5
8636 5
8637 6
8638 3
8639 1
8640 3
8642 3
8643 1
8644 4
8645 3
8646 4
8647 4
8648 5
8649 6
8650 2
8651 3
8652 2
8653 3
8654 2
8655 3
8656 3
8657 3
8658 3
8659 2
8660 2
8661 3
8662 1
8663 3
8664 2
8665 3
8666 4
8667 3
8668 3
8669 3
8670 4
8671 2
8672 2
8673 3
8674 2
8675 4
8676 2
8677 3
8678 3
8679 5
8680 6
8681 3
8682 2
8683 4
8684 1
8685 3
8686 2
8687 3
8688 3
8689 2
8690 4
8691 2
8692 3
8694 1
8695 2
8696 1
8697 1
8698 1
8699 3
8700 1
8701 3
8702 1
8703 4
8704 5
8705 3
8706 2
8707 3
8708 3
8709 2
8710 4
8711 1
8712 2
8713 1
8714 2
8715 1
8716 3
8717 1
8718 2
8719 3
8720 3
8721 3
8722 3
8723 2
8724 2
8725 4
8726 5
8727 5
8728 5
8729 6
8730 6
8731 4
8732 3
8733 2
8734 3
8735 2
8736 3
8737 4
8738 4
8739 3
8740 4
8741 4
8742 4
8743 5
8744 4
8745 2
8746 3
8747 3
8748 4
8749 6
8750 6
8751 4
8752 3
8753 4
8754 4
8755 4
8756 4
8757 2
8758 6
8759 2
8760 7
8761 4
8762 4
8763 2
8764 3
8765 4
8766 1
8767 3
8768 1
8769 6
8770 5
8771 7
8772 3
8773 4
8774 3
8775 3
8776 5
8777 4
8778 2
8779 4
8780 2
8781 2
8782 4
8783 2
8784 4
8785 3
8786 5
8787 5
8788 4
8789 3
8790 4
8791 4
8792 4
8793 3
8794 1
8795 3
8796 2
8797 5
8798 2
8799 7
8800 7
8801 7
8802 4
8803 5
8804 2
8805 4
8806 1
8807 2
8808 3
8809 3
8810 4
8811 3
8812 3
8813 3
8814 1
8815 2
8816 2
8817 2
8818 2
8819 3
8820 4
8821 4
8822 4
8823 5
8824 3
8825 3
8826 3
8827 4
8828 2
8829 3
8830 2
8831 3
8832 4
8833 3
8834 3
8835 2
8836 2
8837 1
8838 2
8839 2
8840 3
8841 3
8842 4
8843 4
8844 4
8845 3
8846 1
8847 4
8848 1
8849 3
8850 1
8851 5
8852 2
8853 4
8854 2
8855 3
8856 2
8857 2
8858 2
8859 2
8860 3
8861 1
8862 5
8863 3
8864 4
8865 3
8866 4
8867 3
8868 2
8869 2
8870 2
8871 4
8872 2
8873 2
8874 3
8875 3
8876 3
8877 4
8878 1
8879 2
8880 3
8881 3
8882 5
8883 4
8884 3
8885 2
8886 2
8887 2
8889 2
8890 3
8891 4
8892 3
8893 4
8894 4
8895 3
8896 2
8897 5
8898 5
8899 6
8900 2
8901 7
8902 3
8903 7
8904 4
8905 5
8906 4
8907 4
8908 2
8909 3
8910 4
8911 2
8912 5
8913 2
8914 5
8915 3
8916 4
8917 4
8918 3
8919 3
8920 3
8921 6
8922 5
8923 8
8924 6
8925 5
8926 6
8927 3
8928 6
8929 3
8930 7
8931 3
8932 6
8933 5
8934 3
8935 2
8936 3
8937 3
8938 4
8939 2
8940 4
8941 3
8942 4
8943 4
8944 5
8945 3
8946 5
8947 1
8948 6
8949 3
8950 5
8951 3
8952 4
8953 5
8954 5
8955 5
8956 5
8957 3
8958 4
8959 1
8960 4
8961 1
8962 5
8963 3
8964 4
8965 3
8966 3
8967 2
8968 1
8969 4
8970 2
8971 5
8972 6
8973 6
8974 5
8975 5
8976 5
8977 3
8978 4
8979 2
8980 2
8982 1
8983 2
8984 3
8986 1
8987 1
8988 2
8989 2
8990 1
8991 2
8992 3
8993 3
8994 5
8995 4
8996 7
8997 4
8998 5
8999 4
9000 3
9001 4
9002 4
9003 3
9004 5
9005 6
9006 3
9007 4
9008 2
9009 1
9010 3
9011 2
9012 3
9013 1
9014 1
9015 2
9016 3
9017 3
9018 4
9019 4
9020 2
9021 3
9022 3
9023 4
9024 4
9025 3
9026 5
9027 3
9028 5
9029 2
9030 2
9031 3
9032 1
9033 2
9034 4
9035 4
9036 5
9037 5
9038 4
9039 4
9040 2
9041 1
9042 1
9043 2
9044 4
9045 3
9046 6
9047 2
9048 4
9049 3
9050 4
9051 3
9052 3
9053 1
9054 2
9055 3
9056 2
9057 6
9058 3
9059 6
9060 3
9061 5
9062 6
9063 4
9064 3
9065 4
9066 5
9067 5
9068 4
9069 5
9070 5
9071 3
9072 4
9073 5
9074 4
9075 5
9076 6
9077 5
9078 6
9079 4
9080 5
9081 1
9082 5
9083 2
9084 5
9085 6
9086 3
9087 4
9088 1
9089 4
9090 3
9091 3
9092 2
9093 5
9094 2
9095 4
9096 4
9097 5
9098 5
9099 6
9100 7
9101 4
9102 5
9103 4
9104 4
9105 5
9106 5
9107 4
9108 5
9109 6
9110 2
9111 4
9112 3
9113 4
9114 2
9115 3
9116 3
9117 5
9118 3
9119 5
9120 3
9121 4
9122 2
9123 5
9124 3
9125 6
9126 6
9127 4
9128 6
9129 5
9130 4
9131 3
9132 6
9133 3
9134 1
9135 1
9137 2
9138 1
9139 2
9140 3
9141 4
9142 2
9143 2
9144 1
9145 3
9146 5
9147 5
9148 3
9149 4
9150 2
9151 3
9152 2
9153 3
9154 2
9155 2
9156 4
9157 1
9158 4
9159 3
9160 2
9161 2
9162 3
9163 2
9164 3
9165 2
9166 2
9167 3
9168 4
9169 4
9170 2
9171 6
9172 3
9173 4
9174 2
9175 5
9176 4
9177 4
9178 5
9179 6
9180 7
9181 3
9182 2
9183 4
9184 4
9185 2
9186 2
9187 2
9188 2
9189 4
9190 5
9191 4
9192 5
9193 3
9194 3
9195 2
9196 5
9197 2
9198 5
9199 4
9200 6
9201 5
9202 2
9203 3
9204 1
9205 3
9206 2
9207 3
9208 1
9209 3
9210 2
9211 5
9212 3
9213 5
9214 5
9215 2
9216 3
9217 1
9218 6
9219 5
9220 6
9221 5
9222 4
9223 8
9224 3
9225 5
9226 2
9227 3
9228 2
9229 4
9230 5
9231 4
9232 6
9233 4
9234 5
9235 5
9236 4
9237 3
9238 3
9239 6
9240 3
9241 3
9242 3
9243 1
9244 5
9245 4
9246 5
9247 5
9248 5
9249 4
9250 4
9251 4
9252 5
9253 9
9254 3
9255 3
9256 2
9257 3
9259 5
9260 3
9261 3
9262 5
9263 2
9264 3
9265 3
9266 3
9267 2
9268 6
9269 5
9270 4
9271 4
9272 5
9273 4
9274 6
9275 5
9276 2
9277 3
9278 2
9279 4
9280 4
9281 4
9282 5
9283 5
9284 4
9285 5
9286 7
9287 3
9288 2
9289 3
9290 2
9291 4
9292 5
9293 4
9294 4
9295 4
9296 5
9297 3
9298 4
9299 2
9300 5
9301 3
9302 3
9303 4
9304 2
9305 4
9306 3
9307 3
9308 2
9309 2
9310 2
9311 2
9312 4
9313 2
9314 5
9315 1
9316 3
9317 2
9318 4
9319 3
9320 4
9321 3
9322 3
9323 1
9324 1
9325 4
9326 1
9327 4
9328 1
9329 3
9330 3
9331 4
9332 2
9333 5
9334 2
9335 5
9336 2
9337 2
9338 2
9339 2
9340 2
9341 2
9342 5
9343 4
9344 2
9345 3
9346 4
9347 4
9348 3
9349 2
9350 5
9351 6
9352 7
9353 5
9354 5
9355 6
9356 2
9357 4
9358 2
9359 3
9360 3
9361 3
9362 2
9363 5
9364 3
9365 1
9366 5
9367 3
9368 4
9369 2
9370 2
9371 2
9372 6
9373 3
9374 4
9375 8
9376 4
9377 6
9378 1
9379 4
9380 3
9381 5
9382 5
9383 4
9384 5
9385 3
9386 6
9387 2
9388 4
9389 5
9390 4
9391 3
9392 6
9393 6
9394 4
9395 3
9396 6
9397 3
9398 2
9399 2
9400 2
9401 4
9402 6
9403 4
9404 4
9405 5
9406 5
9407 6
9408 3
9409 4
9410 2
9411 2
9412 1
9413 5
9414 2
9415 4
9416 5
9417 5
9418 4
9419 4
9420 3
9421 5
9422 5
9423 6
9424 5
9425 6
9426 4
9427 4
9428 5
9429 4
9430 2
9431 3
9432 2
9433 2
9434 2
9435 3
9436 5
9437 4
9438 2
9439 3
9440 3
9441 4
9442 4
9443 4
9444 4
9445 3
9446 4
9447 4
9448 5
9449 5
9450 2
9451 2
9452 2
9453 3
9454 4
9455 5
9456 4
9457 6
9458 7
9459 4
9460 4
9461 3
9462 2
9463 3
9464 1
9465 4
9466 5
9467 4
9468 3
9469 5
9470 5
9471 4
9472 2
9473 3
9474 3
9475 4
9476 4
9477 1
9478 3
9479 4
9480 2
9481 3
9482 3
9483 3
9484 3
9485 2
9486 4
9487 5
9488 7
9489 4
9490 4
9491 3
9492 3
9493 3
9494 2
9495 3
9496 4
9497 4
9498 3
9499 5
9500 3
9501 2
9502 4
9503 3
9504 4
9505 4
9506 3
9507 5
9508 5
9509 5
9510 5
9511 1
9512 4
9513 3
9514 7
9515 2
9516 4
9517 3
9518 5
9519 3
9520 4
9521 2
9522 4
9523 4
9524 2
9525 5
9526 4
9527 6
9528 4
9529 8
9530 4
9531 5
9532 3
9533 1
9534 4
9535 3
9536 4
9537 3
9538 7
9539 3
9540 4
9541 2
9542 3
9543 7
9544 3
9545 5
9546 3
9547 6
9548 2
9549 7
9550 4
9551 2
9552 3
9553 2
9554 6
9555 5
9556 5
9557 4
9558 4
9559 4
9560 5
9561 4
9562 4
9563 2
9564 5
9565 5
9566 4
9567 5
9568 5
9569 8
9570 4
9571 5
9572 3
9573 3
9574 1
9575 4
9576 4
9577 6
9578 4
9579 8
9580 4
9581 5
9582 4
9583 2
9584 3
9585 3
9586 4
9587 1
9588 4
9589 3
9590 3
9591 2
9592 3
9593 6
9594 2
9595 6
9596 2
9597 4
9598 2
9599 5
9600 7
9601 4
9602 5
9603 5
9604 3
9605 3
9606 3
9607 2
9608 5
9609 5
9610 5
9611 3
9612 4
9613 4
9614 2
9615 4
9616 4
9617 2
9618 4
9619 3
9620 5
9621 5
9622 3
9623 6
9624 3
9625 5
9626 4
9627 5
9628 4
9629 4
9630 4
9631 4
9632 4
9633 3
9634 3
9636 3
9637 1
9638 5
9639 5
9640 5
9641 6
9642 6
9643 4
9644 5
9645 4
9646 2
9647 3
9648 1
9649 5
9650 3
9651 6
9652 4
9653 4
9654 2
9655 2
9656 1
9657 3
9658 1
9659 5
9660 1
9661 5
9662 6
9663 6
9664 4
9665 3
9666 5
9667 5
9668 3
9669 2
9670 4
9671 5
9672 5
9673 4
9674 4
9675 6
9676 5
9677 4
9678 2
9679 5
9680 2
9681 4
9682 4
9683 5
9684 4
9685 4
9686 4
9687 2
9688 4
9689 3
9690 4
9691 4
9692 5
9693 3
9694 2
9695 2
9696 3
9697 4
9698 1
9699 6
9700 3
9701 6
9702 4
9703 4
9704 2
9705 2
9706 7
9707 1
9708 3
9709 5
9710 3
9711 3
9712 4
9713 4
9714 4
9715 4
9716 5
9717 3
9718 5
9719 2
9720 4
9721 4
9722 6
9723 4
9724 4
9725 2
9726 5
9727 2
9728 3
9729 3
9730 6
9731 3
9732 7
9733 7
9734 4
9735 4
9736 4
9737 6
9738 3
9739 5
9740 5
9741 2
9742 5
9743 3
9744 4
9745 5
9746 4
9747 3
9748 4
9749 4
9750 4
9751 4
9752 4
9753 3
9754 5
9755 4
9756 6
9757 3
9758 3
9759 1
9760 4
9761 2
9762 3
9763 5
9764 2
9765 4
9766 2
9767 5
9768 1
9769 4
9770 2
9771 4
9772 6
9773 5
9774 3
9775 5
9776 3
9777 5
9778 5
9779 4
9780 4
9781 3
9782 4
9783 4
9784 4
9785 3
9786 1
9787 3
9788 3
9789 3
9790 1
9791 4
9792 4
9793 5
9794 4
9795 6
9796 7
9797 3
9798 5
9799 3
9800 4
9801 4
9802 5
9803 5
9804 4
9805 4
9806 4
9807 2
9808 2
9809 2
9810 3
9811 3
9812 5
9813 5
9814 4
9815 6
9816 5
9817 4
9818 2
9819 3
9820 1
9821 1
9822 2
9823 3
9824 6
9825 2
9826 5
9827 3
9828 5
9829 3
9830 4
9831 2
9832 2
9833 2
9834 3
9835 3
9836 5
9837 4
9838 3
9839 4
9840 4
9841 3
9842 4
9843 6
9844 5
9845 7
9846 6
9847 6
9848 2
9849 6
9850 3
9851 4
9852 3
9853 3
9854 4
9855 3
9856 4
9857 4
9858 4
9859 4
9860 2
9861 3
9862 5
9863 6
9864 2
9865 4
9866 2
9867 6
9868 3
9869 4
9870 7
9871 3
9872 4
9873 5
9874 4
9875 4
9876 5
9877 4
9878 4
9879 3
9880 1
9881 2
9882 1
9883 3
9884 4
9885 6
9886 4
9887 4
9888 3
9889 5
9890 3
9891 4
9892 3
9893 5
9894 4
9895 5
9896 4
9897 6
9898 5
9899 6
9900 4
9901 6
9902 4
9903 4
9904 3
9905 5
9906 6
9907 3
9908 5
9909 5
9910 4
9911 3
9912 4
9913 4
9914 5
9915 4
9916 4
9917 5
9918 5
9919 6
9920 6
9921 4
9922 5
9923 6
9924 5
9925 4
9926 5
9927 4
9928 5
9929 3
9930 2
9931 2
9932 4
9933 2
9934 4
9935 4
9936 6
9937 4
9938 3
9939 4
9940 4
9941 2
9942 3
9943 1
9944 4
9945 2
9946 4
9947 4
9948 5
9949 4
9950 6
9951 4
9952 5
9953 3
9954 2
9955 2
9956 5
9957 2
9958 5
9959 2
9960 3
9961 3
9962 3
9963 4
9964 5
9965 5
9966 5
9967 6
9968 6
9969 7
9970 4
9971 5
9972 4
9973 3
9974 4
9975 2
9976 4
9977 3
9978 3
9979 5
9980 4
9981 2
9982 1
9983 3
9984 3
9985 3
9986 3
9987 1
9988 2
9989 3
9990 4
9991 3
9992 6
9993 3
9994 3
9995 3
9996 4
9997 5
9998 7
9999 6
10000 6
10001 6
10002 3
10003 6
10004 2
10005 4
10006 4
10007 4
10008 5
10009 2
10010 4
10011 1
10012 4
10013 3
10014 4
10015 2
10016 3
10017 3
10018 5
10019 7
10020 6
10021 5
10022 6
10023 6
10024 4
10025 2
10026 4
10027 3
10028 4
10029 5
10030 8
10031 5
10032 6
10033 5
10034 4
10035 4
10036 1
10037 1
10038 3
10039 3
10040 5
10041 3
10042 7
10043 1
10044 5
10045 3
10046 6
10047 4
10048 5
10049 3
10050 5
10051 3
10052 4
10053 6
10054 1
10055 3
10056 1
10057 5
10058 2
10059 5
10060 4
10061 4
10062 7
10063 4
10064 6
10065 3
10066 4
10067 3
10068 4
10069 6
10070 5
10071 8
10072 7
10073 5
10074 7
10075 5
10076 4
10077 3
10078 5
10079 3
10080 4
10081 4
10082 1
10083 2
10084 1
10085 3
10086 4
10087 5
10088 4
10089 5
10090 3
10091 7
10092 7
10093 6
10094 3
10095 5
10096 4
10097 3
10098 3
10099 5
10100 4
10101 5
10102 4
10103 4
10104 5
10105 6
10106 1
10107 4
10108 2
10109 3
10110 3
10111 4
10112 4
10113 5
10114 4
10115 2
10116 3
10117 1
10118 4
10119 5
10120 5
10121 6
10122 5
10123 4
10124 4
10125 6
10126 5
10127 3
10128 3
10129 2
10130 3
10131 2
10132 2
10133 5
10134 2
10135 5
10136 4
10137 4
10138 3
10139 4
10140 3
10141 2
10142 4
10143 4
10144 4
10145 2
10146 4
10147 2
10148 3
10149 3
10150 3
10151 3
10152 4
10153 3
10154 4
10155 4
10156 2
10157 4
10158 2
10159 4
10160 4
10161 2
10162 1
10163 2
10164 4
10165 2
10166 4
10167 4
10168 4
10169 6
10170 4
10171 7
10172 6
10173 5
10174 6
10175 4
10176 4
10177 4
10178 1
10179 2
10180 3
10181 4
10182 6
10183 3
10184 4
10185 6
10186 6
10187 4
10188 2
10189 2
10190 3
10191 4
10192 5
10193 6
10194 7
10195 6
10196 5
10197 4
10198 4
10199 3
10200 3
10201 5
10202 6
10203 5
10204 2
10205 4
10206 4
10207 5
10208 3
10209 2
10210 4
10211 2
10212 3
10213 3
10214 5
10215 5
10216 7
10217 4
10218 4
10219 6
10220 2
10221 8
10222 3
10223 7
10224 4
10225 7
10226 5
10227 4
10228 6
10229 2
10230 3
10231 3
10232 6
10233 2
10234 5
10235 4
10236 3
10237 2
10238 2
10239 2
10240 7
10241 5
10242 7
10243 5
10244 6
10245 4
10246 7
10247 5
10248 5
10249 7
10250 2
10251 2
10252 2
10253 2
10254 2
10255 4
10256 4
10257 1
10258 4
10259 1
10260 3
10261 2
10262 4
10263 5
10264 7
10265 5
10266 5
10267 6
10268 4
10269 3
10270 6
10271 3
10272 2
10273 4
10274 2
10275 5
10276 6
10277 4
10278 4
10279 3
10280 4
10281 3
10282 4
10283 2
10284 2
10285 3
10286 2
10287 5
10288 6
10289 5
10290 4
10291 4
10292 5
10293 7
10294 5
10295 3
10296 6
10297 5
10298 5
10299 3
10300 1
10301 3
10302 1
10303 1
10304 1
10305 3
10306 4
10307 4
10308 5
10309 5
10310 7
10311 1
10312 4
10313 2
10314 5
10315 2
10316 2
10317 3
10318 3
10319 3
10320 2
10321 4
10322 5
10323 7
10324 2
10325 5
10326 3
10327 6
10328 3
10329 4
10330 3
10331 2
10332 3
10333 1
10334 3
10335 2
10336 3
10337 4
10338 6
10339 4
10340 4
10341 3
10342 4
10343 4
10344 6
10345 3
10346 7
10347 6
10348 7
10349 6
10350 4
10351 2
10352 3
10353 5
10354 6
10355 5
10356 5
10357 6
10358 3
10359 5
10360 3
10361 3
10362 7
10363 1
10364 5
10365 3
10366 6
10367 4
10368 8
10369 5
10370 5
10371 5
10372 1
10373 5
10374 2
10375 5
10376 4
10377 8
10378 5
10379 6
10380 4
10381 2
10382 5
10383 3
10384 6
10385 3
10386 5
10387 3
10388 7
10389 7
10390 3
10391 4
10392 2
10393 6
10394 3
10395 7
10396 5
10397 6
10398 6
10399 5
10400 6
10401 4
10402 3
10403 5
10404 3
10405 4
10406 2
10407 3
10408 3
10409 3
10410 2
10411 4
10412 2
10413 4
10414 3
10415 6
10416 6
10417 7
10418 8
10419 8
10420 8
10421 6
10422 3
10423 5
10424 3
10425 3
10426 2
10427 3
10428 3
10429 3
10430 3
10431 3
10432 5
10433 2
10434 3
10435 2
10436 1
10437 3
10438 2
10439 6
10440 2
10441 6
10442 3
10443 4
10444 4
10445 5
10446 3
10447 4
10448 3
10449 3
10450 5
10451 3
10452 3
10453 3
10454 3
10455 3
10456 3
10457 2
10458 3
10459 4
10460 6
10461 6
10462 7
10463 5
10464 5
10465 3
10466 6
10467 5
10468 4
10469 4
10470 4
10471 5
10472 3
10473 2
10474 1
10475 3
10476 2
10477 4
10478 3
10479 4
10480 4
10481 5
10482 5
10483 6
10484 7
10485 3
10486 3
10487 1
10488 2
10489 4
10490 4
10491 6
10492 4
10493 5
10494 5
10495 5
10496 5
10497 3
10498 5
10499 2
10500 5
10501 5
10502 4
10503 3
10504 3
10505 3
10506 5
10507 1
10508 1
10509 5
10510 5
10511 6
10512 4
10513 4
10514 7
10515 6
10516 6
10517 4
10518 5
10519 5
10520 3
10521 5
10522 7
10523 5
10524 6
10525 6
10526 5
10527 7
10528 3
10529 3
10530 5
10531 4
10532 6
10533 3
10534 2
10535 4
10536 4
10537 4
10538 4
10539 6
10540 7
10541 7
10542 4
10543 4
10544 2
10545 6
10547 2
10548 5
10549 4
10550 6
10551 6
10552 7
10553 5
10554 5
10555 3
10556 6
10557 4
10558 3
10559 2
10560 4
10561 4
10562 5
10563 4
10564 4
10565 5
10566 5
10567 6
10568 4
10569 5
10570 4
10571 6
10572 7
10573 6
10574 4
10575 5
10576 3
10577 2
10578 4
10579 2
10580 3
10581 2
10582 3
10583 3
10584 5
10585 4
10586 3
10587 5
10588 5
10589 5
10590 4
10591 8
10592 3
10593 5
10594 3
10595 5
10596 4
10597 4
10598 3
10599 3
10600 3
10601 1
10602 5
10603 3
10604 4
10605 4
10606 4
10607 3
10608 2
10609 3
10610 2
10611 4
10612 5
10613 3
10614 5
10615 3
10616 6
10617 5
10618 4
10619 4
10620 3
10621 5
10622 3
10623 5
10624 3
10625 3
10626 2
10627 3
10628 2
10629 2
10630 5
10631 4
10632 4
10633 4
10634 7
10635 6
10636 4
10637 5
10638 3
10639 6
10640 1
10641 4
10642 3
10643 6
10644 2
10645 6
10646 4
10647 7
10648 4
10649 4
10650 2
10651 3
10652 4
10653 2
10654 5
10655 5
10656 4
10657 3
10658 4
10659 4
10660 2
10661 2
10662 3
10663 9
10664 5
10665 4
10666 5
10667 5
10668 8
10669 6
10670 4
10671 3
10672 3
10673 4
10674 1
10675 5
10676 3
10677 5
10678 6
10679 5
10680 3
10681 6
10682 3
10683 2
10684 5
10685 4
10686 7
10687 3
10688 6
10689 4
10690 4
10691 3
10692 4
10693 6
10694 4
10695 5
10696 3
10697 6
10698 5
10699 3
10700 2
10701 3
10702 6
10703 2
10704 4
10705 4
10706 4
10707 3
10708 4
10709 7
10710 3
10711 6
10712 5
10713 5
10714 6
10715 4
10716 6
10717 3
10718 5
10719 2
10720 4
10722 4
10723 3
10724 5
10725 4
10726 4
10727 4
10728 5
10729 5
10730 3
10731 4
10732 4
10733 5
10734 4
10735 5
10736 6
10737 5
10738 6
10739 4
10740 5
10741 5
10742 4
10743 3
10744 5
10745 5
10746 4
10747 3
10748 3
10749 3
10750 5
10751 4
10752 4
10753 3
10754 2
10755 2
10756 3
10757 4
10758 4
10759 7
10760 2
10761 5
10762 3
10763 3
10764 3
10765 3
10766 4
10767 3
10768 4
10769 2
10770 5
10771 3
10772 5
10773 4
10774 7
10775 6
10776 6
10777 4
10778 4
10779 3
10780 3
10781 1
10782 1
10783 3
10784 3
10785 5
10786 4
10787 5
10788 6
10789 5
10790 4
10791 4
10792 3
10793 2
10794 1
10795 2
10796 3
10797 4
10798 5
10799 5
10800 4
10801 3
10802 6
10803 3
10804 4
10805 5
10806 5
10807 4
10808 7
10809 5
10810 4
10811 4
10812 3
10813 4
10814 2
10815 5
10816 4
10817 4
10818 6
10819 4
10820 6
10821 1
10822 6
10823 2
10824 3
10825 2
10826 2
10827 2
10828 2
10829 3
10830 3
10831 5
10832 4
10833 3
10834 2
10835 4
10836 4
10837 5
10838 6
10839 7
10840 6
10841 7
10842 7
10843 5
10844 4
10845 6
10846 4
10847 6
10848 4
10849 7
10850 3
10851 5
10852 5
10853 5
10854 2
10855 2
10856 2
10857 4
10858 4
10859 5
10860 4
10861 4
10862 3
10863 4
10864 3
10865 6
10866 5
10867 2
10868 4
10869 5
10870 6
10871 5
10872 6
10873 4
10874 2
10875 1
10876 1
10877 2
10878 1
10879 2
10880 5
10881 7
10882 4
10883 4
10884 4
10885 5
10886 7
10887 6
10888 4
10889 5
10890 2
10891 5
10892 3
10893 4
10894 3
10895 3
10896 3
10897 4
10898 3
10899 3
10900 3
10901 4
10902 5
10903 4
10904 5
10905 5
10906 4
10907 4
10908 5
10909 5
10910 6
10911 8
10912 5
10913 6
10914 5
10915 5
10916 5
10917 2
10918 5
10919 4
10920 4
10921 4
10922 2
10923 5
10924 4
10925 3
10926 4
10927 3
10928 2
10929 3
10930 4
10931 4
10932 6
10933 4
10934 3
10935 2
10936 4
10937 1
10938 4
10939 3
10940 4
10941 3
10942 5
10943 5
10944 6
10945 4
10946 4
10947 3
10948 3
10949 4
10950 2
10951 4
10952 4
10953 4
10954 5
10955 3
10956 3
10957 4
10958 4
10959 7
10960 6
10961 7
10962 4
10963 6
10964 4
10965 6
10966 3
10967 2
10968 2
10969 3
10970 5
10971 4
10972 8
10973 3
10974 6
10975 5
10976 5
10977 4
10978 2
10979 6
10980 3
10981 3
10982 4
10983 2
10984 3
10985 3
10986 3
10987 4
10988 6
10989 2
10990 4
10991 4
10992 5
10993 8
10994 4
10995 5
10996 2
10997 2
10998 2
10999 3
11000 3
11001 5
11002 3
11003 4
11004 3
11005 4
11006 4
11007 3
11008 5
11009 4
11010 7
11011 3
11012 6
11013 4
11014 7
11015 5
11016 4
11017 4
11018 3
11019 5
11020 3
11021 5
11022 5
11023 5
11024 7
11025 7
11026 7
11027 4
11028 2
11029 3
11030 1
11031 3
11032 4
11033 3
11034 6
11035 3
11036 5
11037 2
11038 4
11039 1
11040 6
11041 3
11042 5
11043 4
11044 3
11045 5
11046 4
11047 5
11048 3
11049 5
11050 1
11051 2
11052 2
11053 3
11054 4
11055 4
11056 4
11057 2
11058 7
11059 3
11060 7
11061 1
11062 6
11063 4
11064 4
11065 6
11066 5
11067 7
11068 4
11069 3
11070 6
11071 4
11072 2
11073 5
11074 2
11075 4
11076 3
11077 3
11078 3
11079 5
11080 3
11081 5
11082 3
11083 7
11084 4
11085 5
11086 6
11087 6
11088 7
11089 3
11090 3
11091 4
11092 4
11093 4
11094 5
11095 5
11096 3
11097 4
11098 4
11099 4
11100 3
11101 4
11102 2
11103 2
11104 3
11105 2
11106 5
11107 5
11108 3
11109 5
11110 2
11111 2
11112 4
11113 2
11114 4
11115 7
11116 6
11117 5
11118 4
11119 3
11120 3
11121 3
11122 5
11123 3
11124 2
11125 3
11126 4
11127 4
11128 6
11129 6
11130 4
11131 6
11132 8
11133 5
11134 4
11135 3
11136 4
11137 3
11138 1
11139 2
11140 4
11141 2
11142 5
11143 2
11144 6
11145 4
11146 5
11147 4
11148 3
11149 6
11150 1
11151 2
11152 1
11153 4
11154 2
11155 3
11156 3
11157 2
11158 2
11159 2
11160 2
11161 6
11162 8
11163 4
11164 6
11165 5
11166 6
11167 4
11168 4
11169 4
11170 2
11171 3
11172 1
11173 5
11174 2
11175 1
11176 5
11177 4
11178 4
11179 4
11180 3
11181 3
11182 3
11183 4
11184 3
11185 4
11186 4
11187 5
11188 4
11189 6
11190 3
11191 3
11192 2
11193 5
11194 4
11195 5
11196 4
11197 8
11198 6
11199 5
11200 4
11201 4
11202 3
11203 3
11204 2
11205 2
11206 5
11207 3
11208 3
11209 3
11210 4
11211 3
11212 4
11213 3
11214 4
11215 4
11216 3
11217 5
11218 5
11219 6
11220 4
11221 5
11222 5
11223 5
11224 3
11225 2
11226 3
11227 5
11228 6
11229 2
11230 4
11231 2
11232 3
11233 1
11234 4
11235 5
11236 7
11237 5
11238 6
11239 7
11240 5
11241 5
11242 6
11243 5
11244 2
11245 3
11246 1
11247 2
11248 2
11249 2
11250 5
11251 2
11252 6
11253 1
11254 5
11255 2
11256 6
11257 3
11258 6
11259 6
11260 6
11261 4
11262 4
11263 5
11264 2
11265 4
11266 4
11267 5
11268 5
11269 8
11270 5
11271 6
11272 5
11273 3
11274 2
11275 1
11276 3
11277 2
11278 4
11279 2
11280 5
11281 3
11282 4
11283 5
11284 4
11285 3
11286 4
11287 2
11288 2
11289 7
11290 4
11291 3
11292 3
11293 5
11294 6
11295 4
11296 3
11297 4
11298 3
11299 5
11300 5
11301 5
11302 5
11303 4
11304 4
11305 4
11306 4
11307 2
11308 3
11309 3
11310 5
11311 1
11312 3
11313 2
11314 3
11315 5
11316 4
11317 5
11318 5
11319 7
11320 3
11321 5
11322 3
11323 4
11324 3
11325 3
11326 2
11328 3
11330 5
11332 4
11333 6
11334 5
11335 5
11336 5
11337 5
11338 3
11339 4
11340 6
11341 4
11342 5
11343 3
11344 4
11345 4
11346 3
11347 1
11348 5
11349 6
11350 5
11351 5
11352 4
11353 4
11354 3
11355 2
11356 5
11357 2
11358 6
11359 1
11360 4
11361 4
11362 5
11363 6
11364 5
11365 5
11366 6
11367 4
11368 3
11369 4
11370 3
11371 5
11372 4
11373 4
11374 4
11375 3
11376 4
11377 2
11378 4
11379 6
11380 6
11381 3
11382 4
11383 3
11384 4
11385 3
11386 2
11387 4
11388 3
11389 7
11390 5
11391 7
11392 7
11393 6
11394 4
11395 6
11396 5
11397 4
11398 1
11399 4
11400 2
11401 4
11402 3
11403 5
11404 3
11405 4
11406 5
11407 6
11408 3
11409 5
11410 4
11411 7
11412 5
11413 7
11414 6
11415 6
11416 6
11417 4
11418 3
11419 5
11420 2
11421 3
11422 4
11423 4
11424 5
11425 4
11426 4
11427 4
11428 3
11429 3
11430 5
11431 3
11432 3
11433 2
11434 3
11435 4
11436 3
11437 5
11439 6
11440 2
11441 5
11442 4
11443 6
11444 3
11445 4
11446 5
11447 3
11448 3
11449 3
11450 2
11451 3
11452 4
11453 3
11454 4
11455 5
11456 6
11457 4
11458 5
11459 2
11460 3
11461 2
11462 4
11463 4
11464 5
11465 3
11466 6
11467 2
11468 4
11469 5
11470 4
11471 3
11472 5
11473 7
11474 3
11475 5
11476 3
11477 4
11478 3
11479 2
11480 2
11482 3
11483 1
11484 2
11485 5
11486 7
11487 7
11488 5
11489 5
11490 4
11491 4
11492 2
11493 4
11494 4
11495 3
11496 4
11497 3
11498 4
11499 1
11500 3
11501 1
11502 4
11503 4
11504 1
11505 4
11506 2
11507 6
11508 4
11509 3
11510 4
11511 4
11512 5
11513 5
11514 4
11515 6
11516 5
11517 8
11518 6
11519 6
11520 7
11521 4
11522 3
11523 4
11524 4
11525 4
11526 3
11527 3
11528 4
11529 3
11530 1
11531 4
11532 4
11533 5
11534 3
11535 3
11536 6
11537 4
11538 4
11539 2
11540 3
11541 4
11542 2
11543 4
11544 5
11545 3
11546 4
11547 3
11548 4
11549 3
11550 5
11551 3
11552 5
11553 4
11554 4
11555 5
11556 3
11557 3
11558 3
11559 3
11560 2
11561 2
11562 4
11563 4
11564 5
11565 4
11566 5
11567 5
11568 6
11569 5
11570 5
11571 3
11572 4
11574 3
11575 2
11576 6
11577 2
11578 3
11579 5
11580 5
11581 5
11582 3
11583 7
11584 5
11585 5
11586 5
11587 4
11588 4
11589 6
11590 5
11591 4
11592 3
11593 5
11594 2
11595 2
11596 4
11597 3
11598 4
11599 2
11600 2
11601 2
11602 4
11603 3
11604 1
11605 3
11606 1
11607 4
11608 2
11609 6
11610 5
11611 5
11612 3
11613 5
11614 5
11615 4
11616 4
11617 5
11618 3
11619 4
11620 1
11621 1
11622 3
11623 3
11624 5
11625 3
11626 8
11627 7
11628 5
11629 4
11630 5
11631 3
11632 4
11634 1
11635 4
11636 1
11637 6
11638 3
11639 7
11640 3
11641 7
11642 3
11643 4
11644 4
11645 4
11646 1
11647 5
11648 4
11649 4
11650 5
11651 2
11652 3
11653 2
11654 4
11655 2
11656 3
11657 4
11658 6
11659 6
11660 6
11661 4
11662 4
11663 3
11664 4
11665 4
11666 3
11668 3
11669 2
11670 3
11671 5
11672 2
11673 3
11674 3
11675 5
11676 3
11677 4
11678 3
11679 3
11680 5
11681 3
11682 5
11683 2
11684 4
11685 2
11686 6
11687 4
11688 7
11689 6
11690 6
11691 5
11692 5
11693 4
11694 2
11695 2
11696 4
11697 3
11698 2
11699 3
11700 2
11701 3
11702 2
11703 4
11704 5
11705 6
11706 3
11707 5
11708 4
11709 6
11710 4
11711 4
11712 4
11713 2
11714 3
11715 2
11716 4
11717 2
11718 3
11719 4
11720 5
11721 4
11722 3
11723 5
11724 2
11725 4
11726 3
11727 2
11728 2
11729 3
11730 4
11731 2
11732 6
11733 6
11734 4
11735 3
11736 5
11737 4
11738 5
11739 3
11740 4
11741 4
11742 3
11743 5
11744 3
11745 4
11746 4
11747 3
11748 3
11749 3
11750 3
11751 3
11752 3
11753 4
11754 5
11755 4
11756 2
11757 5
11758 2
11759 4
11760 4
11761 5
11762 6
11763 6
11764 4
11765 3
11766 5
11767 1
11768 4
11769 2
11770 6
11771 3
11772 5
11773 2
11774 3
11775 2
11776 1
11777 1
11778 3
11779 3
11780 2
11781 5
11782 5
11783 3
11784 6
11785 4
11786 5
11787 3
11788 4
11789 2
11790 3
11791 2
11792 4
11793 5
11794 2
11795 5
11796 1
11797 3
11798 4
11799 5
11800 6
11801 4
11802 5
11803 4
11804 4
11805 2
11806 2
11807 3
11808 1
11809 6
11810 5
11811 8
11812 7
11813 6
11814 8
11815 5
11816 4
11817 1
11818 4
11819 2
11820 2
11821 1
11822 1
11823 2
11824 2
11825 2
11826 2
11827 6
11828 3
11829 5
11830 2
11831 6
11832 7
11833 6
11834 5
11835 3
11836 4
11837 3
11838 2
11839 4
11840 6
11841 5
11842 5
11843 6
11844 6
11845 7
11846 2
11847 3
11848 3
11849 3
11850 2
11851 2
11852 2
11853 6
11854 3
11855 1
11856 4
11857 2
11858 6
11859 3
11860 5
11861 5
11862 5
11863 3
11864 4
11865 4
11866 6
11867 3
11868 3
11869 1
11870 2
11871 1
11872 2
11873 4
11874 2
11875 3
11876 4
11877 4
11878 3
11879 4
11880 4
11881 3
11882 6
11883 4
11884 5
11885 3
11886 5
11887 4
11888 4
11889 3
11890 2
11891 1
11892 2
11893 3
11894 2
11895 2
11896 1
11897 4
11898 3
11899 5
11900 3
11901 4
11902 3
11903 2
11904 5
11905 4
11906 8
11907 6
11908 5
11909 6
11910 4
11911 5
11912 3
11913 2
11914 3
11915 3
11916 3
11917 5
11918 2
11919 3
11920 3
11921 2
11922 6
11923 3
11924 1
11925 5
11926 4
11927 3
11928 2
11929 2
11930 3
11931 2
11932 3
11933 3
11934 5
11935 5
11936 4
11937 5
11938 6
11939 4
11940 5
11941 3
11942 2
11943 2
11944 2
11945 3
11946 5
11947 4
11948 3
11949 3
11950 3
11951 5
11952 3
11953 3
11954 4
11955 4
11956 5
11957 5
11958 1
11959 6
11960 1
11961 7
11962 2
11963 4
11964 4
11965 5
11966 5
11967 6
11968 7
11969 2
11970 4
11971 4
11972 5
11973 3
11974 2
11975 4
11976 1
11977 1
11978 3
11979 3
11980 6
11981 4
11982 6
11983 6
11984 7
11985 4
11986 6
11987 3
11988 5
11989 5
11991 1
11993 2
11994 2
11995 4
11996 3
11997 3
11998 2
11999 1
12000 3
12001 3
12002 3
12003 5
12004 5
12005 5
12006 6
12007 5
12008 5
12009 3
12010 5
12011 3
12012 5
12013 5
12014 3
12015 5
12016 6
12017 5
12018 4
12019 4
12020 4
12021 3
12022 2
12023 3
12024 1
12025 2
12026 1
12027 2
12028 5
12029 4
12030 5
12031 2
12032 5
12033 3
12034 4
12035 2
12036 8
12037 4
12038 4
12039 2
12040 1
12041 4
12042 2
12043 3
12045 4
12046 1
12047 2
12048 1
12049 3
12050 5
12051 2
12052 4
12053 3
12054 5
12055 2
12056 4
12057 3
12058 7
12059 4
12060 4
12061 4
12062 5
12063 5
12064 2
12065 3
12066 3
12067 3
12068 1
12069 3
12070 2
12071 2
12072 4
12073 2
12074 6
12075 5
12076 4
12077 5
12078 5
12079 7
12080 4
12081 5
12082 5
12083 2
12084 4
12086 3
12087 2
12088 5
12089 5
12090 6
12091 4
12092 2
12093 4
12094 5
12095 4
12096 1
12097 3
12098 1
12099 1
12100 2
12101 2
12102 6
12103 2
12104 3
12105 2
12106 3
12107 2
12108 7
12109 5
12110 5
12111 5
12112 4
12113 4
12114 2
12115 3
12116 1
12117 3
12118 3
12119 6
12120 3
12121 4
12122 4
12123 4
12124 5
12125 3
12126 2
12127 2
12128 5
12129 4
12130 3
12131 2
12132 4
12133 6
12134 4
12135 5
12136 6
12137 3
12138 6
12139 3
12140 7
12141 3
12142 4
12143 4
12144 2
12145 4
12147 1
12148 1
12149 3
12150 1
12151 3
12152 2
12153 2
12154 4
12155 3
12156 5
12157 7
12158 6
12159 4
12160 5
12161 3
12162 2
12163 3
12164 2
12165 2
12166 1
12167 3
12168 2
12169 5
12170 2
12171 3
12172 5
12173 3
12174 2
12175 3
12176 2
12177 2
12178 2
12179 4
12180 4
12181 5
12182 3
12183 4
12184 3
12185 5
12186 2
12187 3
12188 4
12189 4
12190 5
12191 4
12192 3
12193 4
12194 2
12195 4
12196 4
12197 3
12198 2
12199 3
12200 4
12201 4
12202 6
12203 3
12204 4
12205 1
12206 4
12207 3
12208 3
12209 4
12210 2
12211 4
12212 2
12213 3
12214 3
12215 4
12216 2
12217 2
12218 4
12219 3
12220 2
12221 2
12222 3
12223 3
12224 5
12225 2
12226 3
12227 2
12228 4
12229 3
12230 4
12231 8
12232 5
12233 4
12234 4
12235 6
12236 3
12237 3
12238 3
12239 3
12240 2
12241 3
12242 3
12243 2
12244 3
12245 2
12246 5
12247 1
12248 4
12249 3
12250 4
12251 2
12252 6
12253 4
12254 5
12255 5
12256 4
12257 3
12258 4
12259 2
12260 2
12261 5
12262 5
12263 6
12264 5
12265 8
12266 5
12267 4
12268 1
12269 2
12270 1
12271 2
12272 2
12273 3
12274 3
12275 3
12276 4
12277 2
12278 4
12279 4
12280 2
12281 3
12282 4
12283 1
12284 2
12285 3
12286 3
12287 2
12288 2
12289 2
12290 3
12291 4
12292 5
12293 4
12294 5
12295 6
12296 6
12297 5
12298 3
12299 2
12300 3
12301 1
12302 4
12303 2
12304 4
12305 5
12306 5
12307 5
12308 5
12309 4
12310 3
12311 5
12312 4
12313 5
12314 2
12315 4
12316 2
12317 2
12318 2
12319 1
12320 1
12321 2
12322 1
12323 1
12324 3
12325 3
12326 5
12327 4
12328 6
12329 5
12330 4
12331 4
12332 4
12333 4
12334 2
12335 3
12336 3
12337 4
12338 3
12339 2
12340 2
12341 1
12342 3
12343 3
12344 3
12345 4
12346 2
12347 3
12348 2
12349 4
12350 3
12351 3
12352 6
12353 2
12354 5
12355 2
12356 5
12357 2
12358 5
12359 4
12360 3
12361 3
12362 3
12363 4
12364 3
12365 3
12366 2
12367 4
12368 4
12369 3
12370 5
12371 4
12372 5
12373 2
12374 4
12375 4
12376 4
12377 2
12378 2
12379 4
12380 1
12381 2
12382 2
12383 5
12384 2
12385 6
12386 4
12387 4
12388 5
12389 3
12390 2
12391 4
12392 3
12393 3
12394 2
12395 3
12396 3
12397 2
12398 3
12399 5
12400 1
12401 4
12402 4
12403 7
12404 4
12405 4
12406 5
12407 5
12408 5
12409 7
12410 3
12411 3
12412 2
12413 1
12414 3
12415 4
12416 2
12417 4
12418 4
12419 4
12420 4
12421 3
12422 4
12423 2
12424 3
12425 2
12426 4
12427 3
12428 5
12429 3
12430 3
12431 3
12432 4
12433 5
12434 1
12435 6
12436 3
12437 4
12438 3
12439 2
12440 2
12441 3
12442 3
12443 1
12444 3
12445 3
12446 3
12447 2
12448 4
12449 6
12450 4
12451 2
12452 2
12453 2
12454 3
12455 1
12456 3
12457 3
12458 4
12459 2
12460 3
12461 2
12462 4
12463 3
12464 3
12465 7
12466 5
12467 5
12468 4
12469 5
12470 4
12471 4
12472 1
12473 2
12474 2
12475 2
12476 2
12477 2
12478 5
12479 4
12480 4
12481 4
12482 5
12483 4
12484 4
12485 2
12486 3
12487 2
12488 2
12489 5
12490 2
12491 3
12492 3
12493 2
12494 2
12495 1
12496 2
12497 4
12498 2
12499 7
12500 1
12501 5
12502 2
12503 4
12504 4
12505 4
12506 2
12507 2
12508 3
12509 3
12510 6
12511 3
12512 5
12513 5
12514 4
12515 7
12516 4
12517 3
12518 2
12519 1
12520 3
12521 2
12522 2
12523 4
12524 1
12525 4
12526 3
12527 5
12528 5
12529 4
12530 2
12531 3
12532 2
12533 2
12534 1
12535 2
12536 2
12537 1
12538 4
12539 4
12540 4
12541 2
12542 4
12543 3
12544 3
12545 3
12546 3
12547 3
12548 4
12549 3
12550 2
12551 5
12552 2
12553 3
12554 1
12555 4
12556 5
12557 3
12558 4
12559 3
12560 4
12561 2
12562 4
12563 2
12564 2
12565 2
12566 2
12567 1
12568 4
12569 2
12570 2
12571 4
12572 7
12573 3
12574 4
12575 3
12576 4
12577 5
12578 3
12579 4
12580 3
12581 4
12582 4
12583 1
12584 4
12585 6
12586 4
12587 3
12588 3
12589 5
12590 2
12591 1
12592 4
12593 3
12594 2
12595 2
12596 1
12597 1
12598 4
12599 2
12600 3
12601 3
12602 2
12603 3
12604 1
12605 4
12606 3
12607 3
12609 5
12610 2
12611 4
12612 2
12613 3
12614 1
12615 1
12616 2
12617 1
12618 3
12619 3
12620 4
12621 4
12622 6
12623 3
12624 4
12625 2
12626 3
12627 2
12628 3
12629 2
12630 1
12631 4
12632 2
12633 5
12634 3
12635 2
12636 3
12637 4
12638 3
12639 2
12640 3
12641 2
12642 3
12643 3
12644 2
12645 4
12646 3
12647 1
12648 2
12649 3
12650 5
12651 5
12652 5
12653 6
12654 6
12655 3
12656 3
12657 1
12658 4
12659 1
12660 1
12661 2
12662 2
12663 2
12664 3
12665 2
12666 4
12667 5
12668 1
12669 1
12670 1
12671 3
12672 5
12673 2
12674 2
12675 3
12676 4
12677 2
12678 3
12679 3
12680 4
12681 3
12682 6
12683 6
12684 8
12685 5
12686 4
12687 4
12688 4
12689 3
12691 2
12692 4
12693 3
12694 1
12695 4
12696 1
12697 5
12698 1
12699 6
12700 3
12701 5
12702 2
12703 3
12704 2
12705 6
12706 3
12707 1
12708 1
12709 1
12710 3
12711 2
12712 5
12713 3
12714 3
12715 4
12716 3
12717 3
12718 2
12719 5
12720 1
12721 3
12722 3
12723 3
12724 2
12725 4
12726 4
12727 2
12728 6
12729 2
12730 2
12731 2
12732 3
12733 3
12734 3
12735 3
12736 2
12737 2
12738 2
12739 4
12740 3
12741 4
12742 2
12743 2
12744 2
12745 4
12746 3
12747 3
12748 2
12749 4
12750 4
12751 1
12752 3
12753 3
12754 2
12755 3
12756 4
12757 5
12758 5
12759 5
12760 4
12761 5
12762 3
12763 2
12764 4
12765 3
12766 2
12767 1
12768 1
12772 1
12773 2
12774 4
12775 2
12776 1
12777 2
12778 3
12779 2
12780 3
12781 2
12782 3
12783 2
12784 3
12785 2
12786 3
12787 3
12788 4
12789 4
12790 3
12791 4
12792 1
12793 2
12794 2
12795 4
12796 3
12798 4
12799 2
12800 3
12802 4
12803 4
12804 4
12805 6
12806 6
12807 5
12808 5
12809 3
12810 4
12811 4
12812 2
12813 2
12814 2
12815 1
12816 3
12817 2
12818 2
12819 5
12820 2
12821 5
12822 1
12823 6
12824 3
12825 5
12826 3
12827 4
12828 5
12829 3
12830 2
12831 1
12832 3
12833 2
12834 3
12835 5
12836 4
12837 3
12838 4
12839 4
12840 4
12841 3
12842 3
12843 1
12844 2
12845 2
12846 4
12847 4
12848 2
12849 4
12850 2
12851 1
12852 3
12853 2
12854 4
12855 6
12856 5
12857 3
12858 5
12859 5
12860 4
12861 3
12862 4
12863 2
12864 1
12865 1
12866 2
12867 3
12868 4
12869 5
12870 3
12871 5
12872 5
12873 2
12874 4
12875 3
12876 4
12877 1
12878 2
12879 1
12880 4
12881 1
12882 5
12883 1
12884 4
12885 2
12886 2
12887 2
12888 3
12889 4
12890 1
12891 1
12892 1
12893 3
12894 3
12895 3
12896 3
12897 4
12898 2
12899 2
12900 1
12901 5
12902 6
12903 2
12904 3
12905 2
12906 3
12907 2
12908 2
12909 4
12910 2
12911 5
12912 3
12913 6
12914 3
12915 2
12916 2
12917 2
12918 4
12919 2
12920 1
12921 2
12922 1
12923 1
12925 1
12926 2
12927 3
12928 3
12929 5
12930 3
12931 4
12932 3
12933 7
12934 3
12935 3
12936 3
12937 2
12938 1
12939 1
12940 2
12941 3
12942 4
12943 2
12944 1
12945 1
12946 2
12947 3
12948 2
12949 2
12950 2
12951 1
12952 3
12953 2
12954 2
12955 2
12956 1
12957 4
12958 3
12959 3
12960 5
12961 3
12962 5
12963 5
12964 2
12965 2
12966 2
12967 4
12968 2
12969 1
12970 2
12971 2
12972 1
12973 2
12974 4
12975 5
12976 6
12977 4
12978 6
12979 5
12980 4
12981 4
12982 3
12983 2
12984 2
12985 1
12988 1
12989 1
12990 2
12991 3
12992 4
12993 1
12994 2
12995 2
12996 6
12997 2
12998 3
12999 4
13000 4
13001 2
13002 3
13003 3
13004 2
13005 2
13006 3
13007 4
13008 6
13009 6
13010 4
13011 4
13012 5
13013 3
13014 2
13015 2
13016 1
13017 1
13018 1
13019 2
13020 2
13021 3
13022 2
13023 2
13024 3
13025 2
13026 3
13027 1
13028 2
13029 3
13030 4
13031 3
13032 5
13033 4
13034 4
13035 3
13036 1
13037 3
13038 2
13039 4
13040 2
13041 3
13042 3
13043 3
13044 1
13045 2
13046 3
13047 1
13048 5
13049 2
13050 4
13051 1
13052 2
13053 4
13054 4
13055 3
13056 2
13057 2
13058 3
13059 3
13060 2
13061 4
13062 1
13063 4
13064 1
13065 2
13066 3
13067 1
13068 2
13069 2
13070 6
13071 2
13072 3
13073 3
13074 5
13075 3
13076 3
13077 3
13078 1
13079 2
13080 3
13081 3
13082 4
13083 2
13084 6
13085 3
13086 3
13087 3
13088 1
13089 2
13090 2
13091 3
13092 2
13093 1
13094 1
13096 1
13097 1
13098 2
13100 2
13101 2
13102 4
13103 3
13104 7
13105 5
13106 5
13107 1
13108 3
13110 2
13111 2
13112 2
13113 3
13114 3
13115 5
13116 3
13117 3
13118 2
13119 2
13120 2
13121 1
13123 1
13125 2
13126 1
13127 2
13128 3
13129 5
13130 4
13131 5
13132 6
13133 4
13134 3
13135 5
13136 5
13137 3
13138 2
13139 2
13140 1
13141 2
13143 2
13144 2
13145 4
13146 3
13147 3
13148 3
13149 4
13150 4
13151 3
13152 5
13153 3
13154 3
13155 1
13156 3
13157 1
13158 1
13159 3
13160 1
13162 3
13163 1
13164 3
13165 2
13166 3
13167 5
13168 3
13169 3
13170 3
13171 2
13172 2
13173 2
13174 2
13175 3
13176 4
13177 4
13178 1
13179 3
13180 3
13181 3
13182 3
13183 3
13184 3
13185 3
13186 4
13187 3
13188 4
13189 1
13190 3
13191 2
13192 3
13193 1
13194 2
13195 2
13196 3
13197 3
13198 4
13199 1
13200 2
13201 1
13202 3
13203 3
13204 3
13205 3
13206 3
13207 3
13208 2
13209 3
13210 3
13211 3
13212 1
13213 2
13214 2
13215 3
13216 1
13217 2
13218 2
13219 1
13220 2
13221 1
13222 3
13223 3
13224 4
13225 3
13226 5
13227 6
13228 4
13229 3
13230 2
13231 3
13232 1
13233 2
13234 1
13235 3
13236 2
13237 3
13238 4
13239 1
13240 3
13241 2
13242 4
13243 2
13244 2
13245 4
13246 1
13247 2
13248 4
13249 2
13250 2
13251 3
13252 2
13253 5
13254 3
13255 4
13256 4
13257 5
13258 4
13259 5
13260 3
13261 2
13262 1
13263 1
13265 2
13266 2
13267 3
13268 2
13269 3
13270 1
13271 1
13272 3
13273 1
13274 3
13275 2
13276 2
13277 3
13278 1
13279 2
13280 1
13281 1
13282 1
13283 3
13284 3
13285 1
13286 2
13287 2
13288 4
13289 3
13290 2
13291 1
13292 2
13293 2
13294 2
13295 1
13296 3
13297 2
13298 4
13299 2
13300 4
13301 4
13302 4
13303 4
13304 5
13305 4
13306 3
13307 3
13308 3
13309 4
13310 2
13311 2
13312 2
13314 1
13316 2
13317 1
13318 2
13319 2
13320 3
13321 5
13322 3
13323 6
13324 4
13325 3
13326 2
13327 2
13328 3
13329 3
13330 3
13331 2
13332 3
13333 3
13334 2
13335 1
13336 1
13337 1
13338 2
13339 2
13340 1
13341 2
13342 2
13343 1
13344 2
13345 2
13346 1
13347 3
13348 2
13349 4
13350 4
13351 5
13352 4
13353 2
13354 6
13355 2
13356 3
13357 2
13358 1
13359 3
13360 1
13361 1
13362 4
13363 2
13364 4
13365 2
13366 5
13367 5
13368 3
13369 1
13370 3
13371 1
13372 3
13374 1
13375 4
13377 3
13378 3
13379 4
13380 3
13381 4
13382 3
13383 2
13384 2
13385 1
13387 2
13388 2
13389 2
13390 4
13391 1
13392 3
13393 1
13394 3
13395 4
13396 2
13397 3
13398 3
13399 4
13400 3
13401 2
13402 4
13403 2
13404 5
13405 3
13406 3
13407 2
13408 3
13409 1
13410 4
13411 5
13412 2
13413 3
13414 1
13415 2
13416 2
13417 1
13418 2
13419 1
13420 3
13421 1
13422 2
13423 2
13424 5
13425 4
13426 4
13427 3
13428 6
13429 5
13430 3
13431 5
13432 2
13433 2
13436 1
13437 3
13438 2
13439 1
13440 2
13441 1
13442 2
13444 1
13445 3
13446 2
13448 1
13449 1
13450 2
13451 2
13452 3
13453 1
13454 2
13455 2
13456 2
13457 2
13458 4
13459 4
13460 3
13461 6
13462 2
13463 4
13465 1
13466 2
13467 1
13468 1
13469 2
13470 2
13471 2
13472 4
13473 4
13474 3
13475 3
13476 4
13477 3
13478 1
13479 2
13480 1
13481 2
13482 1
13483 2
13484 3
13485 3
13486 2
13487 1
13488 2
13489 3
13490 1
13491 3
13492 1
13493 4
13494 2
13495 4
13496 1
13497 5
13498 1
13499 2
13500 3
13501 4
13502 3
13503 3
13504 3
13505 3
13506 6
13507 1
13508 2
13510 3
13511 2
13512 1
13513 1
13514 1
13515 1
13516 1
13517 2
13518 2
13519 4
13521 3
13522 3
13523 4
13524 5
13525 3
13526 3
13527 3
13528 1
13529 1
13530 1
13531 2
13532 2
13533 1
13534 4
13535 4
13536 2
13537 2
13538 3
13539 3
13540 3
13541 2
13542 1
13543 2
13544 3
13545 2
13547 2
13549 4
13550 1
13551 4
13552 5
13553 4
13554 4
13555 3
13556 3
13557 2
13558 4
13562 1
13564 4
13565 3
13566 2
13567 5
13568 3
13569 3
13570 2
13571 2
13572 3
13573 4
13574 3
13575 2
13576 3
13577 2
13578 3
13579 3
13580 4
13581 3
13582 2
13583 3
13584 2
13585 3
13586 1
13588 2
13591 2
13592 1
13593 2
13594 3
13595 1
13596 5
13597 4
13598 4
13599 3
13600 3
13601 2
13602 2
13603 2
13604 1
13605 1
13606 1
13607 1
13612 2
13613 3
13614 2
13615 1
13616 1
13617 2
13618 2
13620 2
13621 1
13622 2
13623 2
13624 2
13625 3
13626 2
13627 4
13628 2
13629 2
13630 3
13632 1
13633 2
13634 2
13635 1
13637 1
13638 2
13639 1
13640 1
13641 3
13642 2
13643 2
13644 3
13645 3
13646 4
13647 5
13648 3
13649 3
13650 2
13651 2
13654 2
13655 2
13656 1
13657 2
13658 2
13659 3
13660 3
13661 2
13662 3
13663 3
13665 2
13666 1
13667 1
13668 3
13669 1
13670 1
13671 2
13672 2
13673 1
13674 4
13675 2
13676 3
13677 4
13678 5
13679 5
13680 4
13681 3
13682 1
13683 1
13684 1
13685 2
13686 2
13687 3
13688 2
13689 2
13690 1
13691 4
13692 1
13693 3
13694 2
13695 3
13696 1
13697 3
13698 2
13699 2
13700 2
13701 3
13702 2
13703 1
13704 1
13705 1
13706 3
13707 3
13708 4
13709 2
13710 3
13711 3
13712 2
13713 2
13715 3
13717 1
13718 2
13719 3
13720 3
13721 4
13722 3
13723 3
13724 4
13725 1
13726 3
13727 2
13728 4
13729 2
13730 1
13731 2
13732 1
13733 3
13734 1
13735 2
13736 2
13737 3
13738 1
13740 3
13741 2
13742 1
13743 1
13744 2
13745 3
13746 3
13747 2
13748 4
13749 4
13750 3
13751 4
13752 4
13753 5
13754 3
13755 2
13756 2
13757 2
13758 2
13759 1
13760 2
13761 1
13763 1
13765 1
13767 1
13768 1
13769 2
13770 3
13771 1
13772 2
13774 3
13775 2
13776 3
13778 1
13780 1
13781 2
13782 1
13783 2
13784 1
13785 3
13786 2
13787 1
13788 1
13790 1
13791 1
13792 1
13793 2
13794 2
13795 2
13796 3
13797 2
13798 4
13799 3
13800 3
13801 3
13802 3
13803 1
13804 2
13805 1
13806 2
13807 1
13809 2
13810 1
13812 3
13813 2
13814 4
13815 6
13816 2
13817 6
13818 2
13819 5
13820 1
13821 2
13822 2
13824 1
13827 1
13828 2
13829 2
13830 4
13831 5
13832 1
13833 3
13834 2
13835 3
13836 1
13837 1
13838 1
13839 1
13840 1
13841 1
13842 3
13843 3
13844 2
13845 1
13846 2
13847 2
13848 4
13849 3
13850 3
13851 4
13852 4
13853 2
13854 3
13855 2
13856 1
13857 2
13858 1
13859 3
13860 2
13861 2
13862 2
13863 2
13864 3
13865 3
13866 1
13867 2
13868 2
13869 2
13870 3
13871 3
13872 3
13873 3
13874 2
13875 2
13876 3
13878 2
13880 2
13881 2
13882 2
13883 3
13884 2
13885 3
13887 2
13888 1
13889 3
13890 2
13891 1
13892 4
13893 2
13894 3
13895 1
13896 1
13897 3
13898 2
13899 1
13900 3
13901 1
13902 2
13903 2
13904 1
13905 4
13906 1
13907 2
13908 3
13909 3
13910 2
13911 2
13912 2
13913 3
13914 1
13915 2
13916 1
13918 1
13919 1
13920 3
13921 3
13922 2
13923 5
13924 3
13925 4
13926 2
13927 1
13928 2
13929 3
13930 2
13931 2
13932 1
13933 1
13935 1
13936 2
13937 2
13938 1
13939 1
13942 3
13944 2
13945 1
13946 1
13947 2
13949 3
13950 1
13951 2
13952 1
13953 2
13954 3
13955 2
13956 3
13958 3
13959 1
13962 1
13963 1
13964 1
13966 2
13967 3
13968 4
13969 3
13970 3
13971 6
13972 4
13973 1
13974 3
13975 3
13976 2
13977 1
13979 1
13980 1
13981 1
13982 1
13983 1
13984 2
13985 1
13986 1
13987 1
13988 4
13989 2
13990 2
13991 1
13992 4
13993 2
13994 1
13995 2
13996 2
13997 1
13998 2
14001 3
14002 3
14003 3
14004 3
14005 4
14006 4
14007 1
14009 1
14011 2
14013 1
14014 2
14015 2
14016 2
14017 2
14018 2
14019 4
14020 1
14021 1
14022 2
14023 1
14024 1
14025 2
14026 3
14027 3
14028 1
14029 2
14030 1
14031 2
14032 2
14033 2
14034 1
14035 4
14036 2
14037 3
14038 1
14039 2
14040 2
14041 1
14042 3
14043 1
14044 4
14045 2
14046 3
14047 2
14048 2
14049 2
14050 1
14051 1
14053 2
14054 1
14055 2
14056 1
14057 2
14058 1
14059 2
14060 1
14061 1
14062 3
14063 1
14064 1
14065 3
14066 3
14067 3
14068 2
14069 2
14070 1
14072 2
14073 1
14074 1
14075 2
14076 3
14077 4
14078 3
14079 2
14080 3
14081 1
14082 1
14083 3
14084 1
14087 1
14088 1
14089 1
14090 1
14091 1
14092 2
14093 1
14094 2
14095 1
14096 3
14097 1
14098 4
14099 2
14100 2
14101 2
14102 1
14103 1
14104 1
14105 1
14106 1
14107 3
14108 4
14109 2
14110 2
14111 2
14112 2
14113 1
14116 1
14118 1
14119 1
14121 1
14122 2
14123 2
14124 1
14125 3
14126 2
14127 1
14128 3
14129 2
14131 3
14132 1
14133 2
14135 1
14136 1
14137 2
14138 1
14139 4
14140 2
14141 3
14142 3
14143 2
14144 3
14145 1
14146 3
14147 2
14148 2
14149 2
14150 2
14151 1
14152 2
14154 2
14155 1
14156 1
14157 1
14158 2
14159 1
14160 3
14162 3
14163 2
14164 2
14165 1
14166 2
14167 1
14168 2
14169 2
14170 1
14171 3
14172 2
14173 4
14175 3
14176 2
14177 1
14178 2
14179 1
14180 2
14181 1
14182 2
14183 1
14184 3
14185 1
14186 3
14187 1
14188 1
14189 3
14190 3
14191 1
14192 1
14193 1
14194 2
14196 1
14197 1
14198 2
14199 1
14200 1
14201 2
14202 2
14203 3
14204 2
14205 3
14206 3
14207 2
14208 1
14209 1
14210 1
14211 2
14213 1
14214 3
14215 1
14216 1
14217 1
14218 2
14219 4
14220 2
14221 2
14222 3
14223 2
14224 2
14225 1
14226 1
14227 1
14228 1
14229 3
14230 1
14231 2
14232 1
14233 1
14234 2
14235 1
14236 1
14237 2
14238 2
14239 2
14240 1
14241 3
14243 3
14244 2
14245 3
14246 1
14247 2
14248 1
14249 4
14250 3
14251 4
14252 2
14253 2
14254 1
14255 4
14256 1
14261 1
14262 2
14263 2
14264 2
14265 2
14266 2
14267 1
14268 3
14269 2
14270 2
14271 1
14272 1
14275 1
14276 1
14277 1
14278 1
14279 3
14280 2
14281 2
14282 1
14283 2
14284 1
14285 2
14289 1
14290 2
14291 3
14292 2
14293 2
14294 2
14295 2
14296 4
14297 2
14298 3
14299 1
14300 3
14301 2
14302 2
14303 1
14304 1
14305 2
14306 1
14307 1
14308 3
14309 1
14310 2
14311 1
14312 4
14313 2
14314 2
14315 1
14316 2
14317 2
14318 1
14319 2
14320 1
14321 1
14322 1
14323 1
14324 2
14325 3
14326 2
14327 1
14328 2
14329 2
14330 1
14332 1
14333 1
14334 1
14335 1
14336 1
14337 1
14338 2
14339 1
14340 2
14341 2
14343 2
14345 3
14346 2
14347 2
14349 3
14350 2
14351 1
14352 2
14353 1
14354 1
14355 1
14356 1
14357 2
14358 4
14359 1
14360 2
14361 1
14362 4
14363 1
14364 1
14366 1
14368 1
14371 2
14373 3
14374 3
14375 1
14376 4
14377 1
14378 3
14379 1
14380 1
14382 1
14383 1
14384 1
14385 1
14386 2
14388 1
14389 1
14390 1
14391 3
14392 3
14393 3
14394 2
14395 2
14396 2
14397 2
14398 2
14400 2
14402 3
14403 2
14404 2
14405 2
14406 2
14407 4
14408 1
14409 1
14412 2
14414 1
14415 1
14416 3
14417 1
14418 3
14419 2
14420 3
14421 3
14422 3
14423 4
14424 4
14425 2
14426 2
14427 2
14428 1
14432 2
14433 2
14435 3
14437 2
14439 1
14445 1
14446 1
14447 1
14448 1
14451 1
14452 2
14453 3
14454 2
14455 2
14456 2
14457 2
14458 1
14459 2
14461 1
14462 1
14463 1
14464 2
14465 3
14466 3
14467 1
14468 3
14469 2
14472 2
14473 1
14474 1
14476 1
14477 2
14479 3
14480 2
14481 1
14482 2
14484 1
14485 3
14486 1
14487 2
14489 2
14490 1
14492 1
14493 3
14494 1
14495 1
14496 2
14497 2
14498 4
14499 1
14500 2
14501 1
14502 2
14503 1
14506 2
14511 1
14513 2
14514 1
14515 2
14517 1
14518 2
14519 2
14520 2
14521 1
14522 1
14523 1
14524 1
14526 2
14527 1
14528 2
14529 2
14530 3
14531 2
14532 1
14533 1
14534 1
14535 1
14536 1
14539 2
14540 1
14544 1
14545 3
14546 2
14547 2
14548 2
14549 2
14550 1
14551 2
14552 1
14553 1
14554 2
14557 1
14558 1
14559 3
14560 3
14561 2
14562 1
14563 2
14564 1
14565 1
14567 2
14568 2
14569 2
14570 2
14571 2
14572 3
14573 1
14574 1
14575 5
14576 2
14578 1
14579 1
14580 1
14582 1
14583 1
14584 1
14585 1
14586 1
14587 1
14588 2
14589 2
14590 2
14591 1
14592 4
14593 3
14594 2
14595 2
14596 2
14597 1
14598 1
14599 3
14600 1
14601 1
14602 1
14603 1
14609 2
14610 1
14612 1
14614 2
14615 1
14616 1
14618 1
14619 1
14620 1
14621 1
14622 2
14623 1
14624 1
14626 1
14627 1
14628 1
14629 1
14630 1
14632 1
14633 1
14634 1
14635 1
14636 2
14637 2
14639 2
14640 1
14641 2
14642 1
14643 2
14645 1
14647 1
14648 1
14649 2
14650 2
14651 3
14652 2
14653 2
14654 2
14655 1
14656 1
14657 2
14658 2
14661 1
14666 2
14667 2
14668 1
14669 2
14670 3
14671 1
14672 2
14673 2
14674 2
14675 2
14676 1
14681 2
14682 3
14683 2
14685 1
14687 2
14688 1
14689 2
14690 1
14691 1
14692 1
14693 1
14694 2
14695 1
14696 2
14698 2
14699 1
14700 2
14702 2
14703 1
14704 1
14705 1
14706 1
14707 1
14708 1
14709 1
14710 1
14711 1
14712 1
14713 1
14714 2
14715 1
14716 3
14717 1
14718 2
14719 1
14720 2
14721 1
14722 3
14723 1
14724 2
14725 1
14727 1
14728 1
14729 2
14731 1
14732 1
14733 1
14736 2
14739 1
14740 2
14742 3
14743 2
14744 3
14745 2
14746 3
14747 4
14748 3
14749 3
14750 2
14751 1
14754 1
14755 1
14759 1
14761 2
14763 2
14764 1
14765 1
14766 1
14767 1
14768 1
14770 2
14771 1
14772 3
14774 2
14775 1
14776 2
14777 2
14778 1
14781 1
14786 1
14788 3
14789 2
14790 1
14791 1
14792 1
14793 2
14794 2
14795 1
14797 1
14799 1
14801 2
14802 1
14803 1
14805 1
14806 2
14807 1
14809 2
14810 2
14811 3
14812 1
14813 2
14814 2
14815 2
14819 1
14820 2
14821 1
14822 2
14823 2
14824 3
14825 1
14826 2
14827 2
14829 1
14831 1
14832 1
14835 1
14840 1
14841 2
14842 2
14843 2
14844 3
14845 4
14846 2
14847 1
14848 2
14849 1
14850 3
14852 1
14853 2
14854 2
14855 3
14856 2
14857 1
14858 1
14861 1
14865 1
14866 1
14867 2
14868 1
14869 2
14870 1
14871 3
14872 3
14873 1
14874 1
14875 1
14876 1
14877 2
14878 1
14879 1
14881 1
14883 2
14884 2
14885 3
14886 1
14887 1
14888 2
14889 1
14890 1
14892 2
14893 1
14894 1
14895 1
14896 2
14897 1
14898 1
14899 1
14901 1
14902 1
14904 1
14907 1
14908 1
14909 1
14911 1
14912 1
14913 1
14914 2
14915 2
14916 4
14917 3
14918 2
14919 3
14920 1
14921 2
14922 2
14926 2
14928 1
14930 1
14932 1
14938 2
14940 1
14942 1
14943 1
14945 1
14946 1
14947 3
14948 2
14949 1
14950 2
14951 2
14952 1
14957 1
14959 1
14960 1
14961 1
14962 1
14963 2
14964 2
14965 1
14966 1
14967 2
14968 2
14970 1
14971 1
14972 1
14975 1
14976 1
14977 2
14978 3
14979 1
14980 2
14981 1
14982 1
14983 1
14984 2
14985 2
14986 1
14988 1
14989 1
14991 1
14992 1
14993 1
14994 1
14995 1
14996 1
14997 2
14998 2
14999 2
15001 1
15002 1
15007 1
15008 1
15009 1
15010 1
15012 2
15014 2
15015 2
15016 1
15017 1
15018 1
15019 1
15020 1
15021 2
15022 2
15023 3
15024 1
15025 2
15028 2
15029 2
15033 1
15036 2
15037 1
15038 2
15039 1
15040 2
15041 2
15042 1
15043 2
15044 2
15045 1
15046 1
15049 3
15054 1
15056 1
15058 2
15060 1
15061 1
15062 1
15063 2
15064 1
15065 1
15067 1
15068 1
15069 1
15070 2
15072 1
15073 1
15074 1
15075 1
15077 1
15079 2
15084 1
15085 1
15087 1
15088 1
15089 1
15090 3
15091 1
15092 2
15094 4
15101 1
15102 1
15103 2
15104 2
15105 1
15107 1
15114 1
15115 1
15118 2
15119 1
15120 1
15121 1
15122 2
15124 1
15128 1
15130 1
15131 1
15132 2
15133 1
15134 1
15135 4
15136 1
15137 1
15139 1
15140 1
15142 2
15143 1
15144 2
15145 1
15146 1
15147 1
15148 2
15149 1
15150 2
15151 1
15152 2
15153 2
15155 1
15156 2
15158 1
15160 1
15162 1
15163 1
15164 1
15165 2
15166 1
15167 2
15168 2
15169 2
15170 1
15171 2
15173 1
15175 1
15176 2
15177 1
15178 1
15180 1
15182 1
15185 2
15186 2
15188 1
15189 1
15190 1
15191 2
15192 2
15193 1
15194 1
15196 1
15197 1
15198 1
15199 2
15200 1
15201 3
15203 1
15206 1
15209 1
15210 2
15211 1
15212 2
15213 1
15214 1
15215 2
15216 1
15217 1
15219 1
15221 1
15224 1
15225 1
15226 1
15228 1
15231 2
15233 1
15235 1
15237 2
15238 1
15239 2
15240 1
15241 4
15242 1
15243 1
15245 1
15246 2
15247 1
15251 1
15255 1
15257 1
15258 1
15259 2
15260 1
15262 3
15263 1
15264 1
15265 2
15266 1
15267 1
15271 1
15272 1
15274 2
15275 1
15276 1
15277 1
15279 1
15284 1
15285 1
15286 1
15287 2
15289 1
15291 1
15292 3
15293 1
15294 1
15295 1
15296 1
15297 2
15298 2
15304 3
15305 2
15306 2
15307 2
15308 2
15309 1
15310 1
15311 1
15312 1
15313 2
15315 2
15316 1
15317 1
15318 1
15319 2
15321 1
15324 1
15325 1
15328 1
15331 1
15332 1
15333 1
15334 2
15335 1
15336 2
15337 3
15338 1
15339 2
15340 1
15341 1
15342 1
15345 2
15346 1
15348 1
15350 1
15352 1
15353 2
15354 1
15355 1
15357 1
15358 2
15363 1
15365 1
15367 1
15368 1
15369 1
15370 1
15372 1
15374 1
15375 1
15378 2
15383 1
15384 1
15385 1
15387 2
15388 1
15389 1
15391 1
15392 1
15393 1
15394 1
15398 2
15399 2
15401 1
15403 1
15408 1
15410 1
15411 1
15412 2
15414 5
15416 1
15417 1
15418 1
15419 2
15421 1
15427 1
15428 2
15431 2
15433 1
15435 1
15438 1
15440 1
15441 1
15442 1
15448 1
15449 2
15451 1
15455 1
15457 1
15458 1
15459 1
15460 1
15461 2
15462 2
15464 1
15466 1
15467 1
15468 1
15469 1
15470 1
15471 1
15472 1
15473 1
15475 1
15476 1
15478 1
15480 1
15481 1
15482 1
15484 1
15485 1
15486 1
15488 2
15489 3
15490 2
15491 2
15492 1
15493 2
15494 2
15496 1
15502 1
15505 2
15507 1
15509 1
15510 1
15511 1
15512 1
15514 2
15515 1
15520 1
15521 1
15522 1
15524 1
15525 1
15526 2
15528 1
15535 2
15539 1
15540 1
15541 2
15542 1
15544 1
15547 1
15553 1
15555 4
15556 1
15557 2
15559 1
15561 1
15564 1
15566 1
15568 2
15571 2
15579 1
15581 1
15582 2
15583 1
15584 1
15585 2
15586 2
15587 2
15588 1
15589 2
15594 1
15595 1
15597 1
15599 2
15610 1
15611 2
15613 1
15615 1
15616 1
15623 1
15624 1
15627 1
15628 1
15629 1
15630 1
15632 2
15633 1
15638 1
15640 1
15641 1
15642 1
15643 1
15644 1
15645 3
15646 1
15647 1
15648 2
15649 1
15650 1
15651 1
15653 2
15654 1
15659 1
15661 2
15662 2
15663 3
15664 1
15665 2
15666 2
15667 1
15668 1
15669 1
15671 1
15677 1
15678 1
15682 1
15684 2
15685 1
15686 1
15687 1
15688 1
15691 1
15692 1
15693 1
15694 2
15695 1
15696 2
15698 1
15706 1
15707 1
15708 1
15709 1
15710 1
15711 2
15712 2
15714 2
15716 2
15718 1
15723 1
15724 1
15728 1
15732 1
15734 1
15735 1
15736 2
15738 1
15739 1
15741 1
15742 1
15743 1
15744 1
15746 1
15751 1
15753 1
15755 2
15757 2
15759 1
15760 1
15765 1
15767 1
15768 1
15769 1
15770 1
15771 1
15772 1
15773 1
15782 1
15784 2
15786 1
15790 1
15795 1
15797 1
15798 1
15799 1
15800 1
15802 2
15803 1
15805 2
15807 1
15815 1
15816 2
15817 2
15818 2
15819 1
15820 2
15821 1
15822 1
15823 2
15831 1
15836 1
15837 1
15838 2
15839 1
15840 1
15841 2
15843 1
15845 1
15846 1
15847 1
15848 2
15849 1
15850 1
15851 1
15852 1
15853 1
15859 1
15861 1
15862 1
15863 1
15867 1
15868 2
15869 1
15871 1
15873 1
15875 1
15877 1
15879 1
15880 2
15882 1
15884 1
15888 2
15889 1
15891 1
15893 1
15898 1
15906 1
15909 2
15910 1
15911 1
15912 1
15913 1
15914 1
15918 1
15919 1
15922 1
15924 1
15926 1
15942 1
15943 1
15944 1
15953 1
15954 1
15955 1
15957 1
15959 1
15970 1
15971 1
15973 1
15974 2
15975 1
15976 1
15978 1
15980 1
15981 1
15983 1
15985 1
15987 1
15989 1
15991 1
15992 1
15994 1
15995 1
16002 1
16004 2
16005 1
16006 1
16008 1
16009 1
16010 1
16012 1
16014 1
16015 2
16016 1
16017 1
16018 1
16019 1
16020 1
16024 1
16025 2
16030 1
16031 1
16032 1
16034 1
16036 1
16038 1
16040 1
16042 1
16045 2
16048 1
16050 1
16052 1
16063 1
16065 1
16066 1
16077 1
16079 1
16080 1
16081 1
16086 1
16090 2
16092 1
16094 1
16097 1
16098 1
16111 1
16114 1
16116 1
16124 1
16126 1
16131 1
16132 1
16136 1
16137 1
16138 1
16140 1
16142 2
16143 1
16144 1
16145 1
16146 1
16147 1
16149 1
16152 1
16154 1
16156 1
16158 2
16159 1
16161 1
16163 2
16164 1
16166 1
16172 2
16173 1
16175 1
16177 1
16179 1
16185 1
16187 2
16188 1
16189 1
16192 1
16193 1
16194 1
16196 1
16197 1
16202 1
16204 1
16205 1
16206 1
16207 1
16208 1
16209 1
16217 1
16227 1
16233 1
16234 1
16236 1
16237 1
16238 1
16246 1
16251 1
16253 1
16258 1
16266 1
16267 1
16269 1
16270 1
16279 1
16280 1
16288 1
16293 1
16294 1
16299 1
16300 2
16301 1
16303 1
16307 1
16308 1
16309 1
16310 1
16311 1
16312 1
16313 1
16314 1
16315 2
16324 1
16328 1
16329 1
16330 1
16331 1
16332 2
16333 2
16334 1
16335 1
16336 1
16340 1
16341 1
16354 1
16359 1
16361 1
16363 1
16364 1
16374 1
16379 1
16380 1
16381 1
16383 1
16390 1
16394 1
16395 1
16406 1
16407 1
16410 2
16423 1
16434 1
16436 1
16438 1
16462 2
16463 1
16465 1
16467 1
16468 1
16469 1
16480 1
16483 1
16484 1
16485 1
16486 2
16487 1
16488 1
16490 1
16501 2
16503 1
16505 1
16506 1
16507 1
16508 1
16510 1
16516 1
16517 1
16535 1
16537 1
16551 1
16553 1
16555 1
16557 1
16575 1
16578 1
16581 1
16582 1
16583 1
16585 1
16589 1
16590 1
16595 1
16607 1
16612 1
16623 1
16625 1
16633 1
16634 1
16635 1
16636 1
16637 1
16641 1
16644 1
16654 1
16655 1
16656 1
16657 2
16658 1
16659 2
16662 1
16678 1
16680 1
16682 1
16684 1
16687 1
16688 1
16689 1
16690 1
16692 1
16707 1
16708 1
16710 1
16712 1
16719 1
16728 1
16730 1
16732 2
16737 1
16749 1
16751 1
16753 1
16758 1
16760 1
16761 1
16762 1
16763 1
16764 1
16789 1
16794 1
16796 1
16809 1
16810 1
16813 1
16815 1
16817 1
16819 1
16830 1
16834 1
16843 1
16844 1
16855 1
16857 1
16859 1
16864 1
16871 1
16873 1
16875 1
16884 1
16902 1
16905 1
16915 1
16916 1
16929 1
16931 1
16933 1
16936 1
16950 1
16966 1
16971 1
16977 1
16979 1
16981 1
16987 1
16998 1
17000 1
17002 2
17005 1
17011 2
17026 1
17027 1
17032 1
17044 1
17046 1
17048 1
17073 1
17075 1
17077 1
17085 1
17086 1
17088 1
17090 1
17093 1
17108 1
17118 1
17132 1
17133 1
17138 2
17139 1
17150 1
17154 1
17159 1
17168 1
17171 1
17173 1
17175 1
17179 1
17189 1
17198 1
17200 1
17202 1
17229 1
17242 1
17245 1
17262 1
17265 1
17275 1
17295 1
17296 1
17301 1
17304 1
17306 1
17322 1
17325 1
17327 1
17329 1
17336 1
17402 1
17428 1
17434 1
17458 1
17464 1
17472 1
17474 1
17476 1
17479 1
17493 1
17495 1
17497 1
17571 1
17585 1
17599 1
17601 1
17603 1
17628 1
17629 1
17631 1
17633 1
17649 1
17650 1
17652 1
17654 1
17754 1
17755 1
17756 1
17758 1
17760 1
17785 1
17805 1
17806 1
17826 1
17912 1
17925 1
17927 1
17932 1
17977 1
17998 1
18007 1
18028 1
18080 1
18081 1
18104 1
18114 1
18134 1
18135 1
18175 1
18241 1
18297 1
18318 1
18424 1
18468 1
18470 1
18489 1
18491 1
18493 1
18595 1
18597 1
18624 1
18645 1
18751 1
18919 1
19076 1
19915 1
End
