NMec = 95584
T = 17
P = 2
Profits not ignored
Valid tasks:                                                            16588
Solution time = 2.867e-04
Task data
    3   7   791 0
    4  13  1174 1
   13  34  3483 0
   15  33  4686 1
   16  18   230 -1
   17  22  1239 -1
   20  29  1423 -1
   21  25  1160 -1
   24  25   210 -1
   24  44  2559 -1
   34  47  2716 1
   39  45  1120 0
   44  53   734 -1
   47  52  1080 0
   51  61  2960 1
   52  65  1046 -1
   53  71  2379 0
Best profit: 20389
All profits:
0 1
210 1
230 1
440 1
734 1
791 1
944 1
964 1
1001 1
1021 1
1046 1
1080 1
1120 1
1160 1
1174 2
1231 1
1239 1
1256 1
1276 1
1290 1
1310 1
1330 1
1350 1
1370 1
1384 1
1390 1
1404 1
1423 1
1449 1
1469 1
1486 1
1520 1
1525 1
1560 1
1600 1
1614 1
1633 1
1653 1
1679 1
1735 1
1755 1
1780 1
1814 1
1837 1
1854 1
1863 1
1871 1
1894 1
1908 1
1911 1
1951 1
1965 2
1973 1
1990 1
2010 1
2024 1
2030 1
2044 1
2047 1
2064 1
2067 1
2081 1
2084 1
2101 1
2104 1
2118 1
2121 1
2124 1
2126 1
2138 1
2141 1
2157 1
2161 1
2166 1
2175 1
2181 1
2183 1
2195 1
2200 1
2203 1
2206 1
2214 1
2220 2
2240 2
2254 2
2260 1
2277 1
2280 1
2285 1
2294 2
2311 1
2319 1
2334 2
2336 1
2348 1
2351 1
2356 1
2359 1
2367 1
2376 1
2379 1
2387 1
2391 1
2396 1
2399 1
2405 1
2410 1
2413 2
2416 1
2424 1
2430 2
2436 1
2444 1
2450 2
2464 1
2469 1
2470 2
2484 1
2490 1
2495 1
2503 1
2504 1
2510 1
2515 1
2524 1
2529 1
2543 1
2544 1
2549 1
2559 1
2564 1
2566 1
2569 1
2571 1
2583 1
2589 2
2597 2
2605 1
2606 1
2609 2
2623 1
2629 1
2640 1
2643 1
2645 1
2646 1
2654 1
2660 1
2662 1
2679 1
2680 1
2685 1
2694 1
2699 2
2713 1
2716 1
2720 1
2725 1
2733 1
2734 1
2753 1
2759 1
2764 1
2769 1
2773 1
2774 1
2781 1
2789 1
2799 1
2801 1
2807 1
2813 1
2815 1
2819 1
2827 1
2835 1
2839 1
2853 1
2855 1
2872 1
2875 1
2892 1
2895 1
2900 1
2909 2
2915 1
2917 1
2926 1
2929 1
2934 1
2940 1
2943 1
2946 1
2948 1
2954 1
2957 1
2960 1
2974 2
2983 1
2988 1
2991 1
2994 1
2997 1
2999 1
3011 2
3014 1
3019 1
3028 1
3031 1
3037 1
3045 2
3053 1
3068 1
3071 1
3076 1
3085 2
3093 1
3102 1
3110 2
3113 1
3125 2
3127 1
3130 1
3133 1
3139 1
3144 1
3147 2
3150 2
3156 1
3158 1
3164 2
3167 1
3170 3
3178 1
3184 2
3187 1
3190 2
3198 1
3201 1
3203 1
3204 3
3207 1
3218 1
3221 2
3224 1
3227 1
3229 1
3237 1
3238 1
3241 2
3244 1
3246 1
3249 1
3255 1
3258 1
3260 1
3261 1
3263 1
3275 1
3277 1
3278 1
3281 1
3283 1
3286 2
3293 1
3294 1
3295 1
3298 1
3300 1
3301 1
3303 1
3306 1
3315 1
3317 1
3320 1
3323 2
3326 1
3331 1
3334 1
3335 1
3340 3
3343 2
3350 1
3355 1
3357 2
3360 2
3363 1
3365 1
3374 3
3377 1
3380 4
3388 2
3394 1
3396 1
3397 1
3400 3
3405 1
3413 1
3414 3
3420 1
3425 1
3428 1
3431 1
3433 1
3434 1
3437 1
3439 1
3445 1
3447 1
3450 1
3451 1
3453 1
3454 2
3456 1
3459 3
3467 1
3468 1
3470 1
3471 1
3476 1
3479 1
3483 1
3485 1
3487 1
3490 1
3493 2
3496 1
3499 1
3503 1
3504 1
3507 2
3508 1
3510 1
3511 1
3516 2
3519 1
3523 1
3524 1
3525 1
3530 1
3533 2
3536 1
3539 1
3541 1
3544 1
3547 1
3549 1
3550 2
3553 2
3556 1
3560 1
3561 1
3564 1
3565 1
3570 2
3573 2
3575 1
3580 1
3584 1
3587 1
3589 1
3590 3
3595 1
3598 1
3604 2
3605 1
3606 1
3610 2
3615 1
3618 2
3623 1
3624 1
3626 1
3629 1
3630 1
3635 2
3639 1
3643 2
3644 2
3649 1
3655 2
3660 1
3663 2
3664 1
3669 3
3675 1
3677 2
3679 1
3680 1
3683 1
3684 1
3686 1
3689 3
3691 1
3693 1
3694 1
3700 1
3703 2
3708 1
3709 2
3713 1
3717 3
3719 1
3723 1
3725 1
3726 1
3729 2
3731 1
3733 2
3734 1
3737 1
3740 1
3742 1
3743 1
3745 1
3749 2
3751 1
3757 1
3759 1
3762 1
3763 2
3765 1
3766 1
3769 1
3771 1
3774 1
3779 2
3780 1
3782 1
3783 2
3790 1
3796 1
3798 1
3799 1
3800 1
3802 1
3803 1
3805 2
3810 1
3814 1
3815 1
3819 2
3820 1
3828 2
3833 1
3835 1
3836 3
3844 1
3845 1
3848 1
3849 1
3853 2
3854 1
3859 2
3865 1
3869 1
3873 1
3876 1
3879 1
3884 1
3885 1
3887 1
3889 1
3890 2
3893 2
3894 1
3899 2
3901 1
3904 2
3907 1
3909 1
3918 1
3919 1
3921 1
3923 1
3924 2
3927 1
3933 2
3935 1
3938 2
3939 1
3941 1
3943 1
3947 2
3949 1
3952 1
3955 3
3959 1
3961 2
3963 1
3972 2
3973 1
3975 2
3979 1
3981 1
3982 1
3987 1
3989 2
3992 2
3993 1
3994 1
3995 1
4006 2
4008 1
4009 1
4012 2
4013 1
4015 1
4020 1
4026 1
4028 2
4029 2
4032 1
4035 1
4037 1
4040 2
4045 1
4046 2
4049 1
4054 1
4058 1
4060 1
4063 1
4066 2
4068 1
4069 1
4074 2
4077 1
4079 1
4080 1
4083 1
4084 1
4086 1
4089 1
4091 1
4094 2
4100 1
4106 1
4108 2
4114 3
4117 2
4119 1
4120 2
4122 1
4131 2
4134 4
4139 2
4148 3
4151 1
4154 1
4156 1
4157 1
4165 3
4168 1
4171 2
4173 2
4179 1
4182 1
4185 2
4187 1
4188 1
4191 1
4193 2
4196 1
4199 1
4202 1
4204 1
4205 2
4212 1
4213 1
4216 2
4217 1
4219 1
4222 1
4224 1
4227 1
4230 1
4233 1
4236 3
4238 2
4241 1
4242 1
4245 2
4247 1
4250 4
4253 1
4258 1
4259 1
4267 2
4270 3
4273 1
4274 1
4276 2
4278 1
4284 3
4287 2
4290 3
4294 1
4298 1
4299 1
4301 1
4304 2
4307 2
4310 2
4314 1
4316 1
4318 1
4321 1
4323 1
4324 4
4327 1
4330 3
4332 1
4338 2
4339 1
4340 1
4341 1
4344 4
4347 1
4349 2
4350 1
4352 2
4357 1
4358 1
4361 2
4363 1
4364 3
4366 1
4369 2
4373 1
4375 1
4377 1
4378 2
4380 1
4381 2
4383 2
4386 1
4389 1
4395 2
4396 1
4397 2
4398 1
4401 1
4403 3
4406 2
4409 3
4411 1
4414 1
4415 1
4417 1
4418 1
4420 2
4423 3
4426 2
4427 1
4429 1
4430 1
4434 2
4435 1
4437 2
4440 1
4442 1
4443 2
4446 3
4447 1
4451 2
4453 1
4454 1
4455 1
4457 1
4460 4
4463 2
4466 1
4467 1
4468 2
4470 1
4471 1
4475 1
4476 1
4477 2
4480 4
4483 2
4484 1
4485 2
4491 1
4494 2
4496 1
4497 2
4499 1
4500 4
4503 1
4504 1
4505 1
4508 2
4510 1
4514 2
4516 1
4517 3
4520 3
4524 2
4525 1
4529 1
4531 1
4532 1
4533 2
4534 3
4536 1
4537 1
4539 1
4540 2
4545 1
4548 2
4549 1
4550 1
4553 2
4554 3
4557 1
4560 2
4562 2
4563 1
4565 1
4567 1
4569 1
4570 2
4571 1
4573 1
4574 3
4579 4
4582 1
4583 1
4585 1
4587 3
4588 1
4589 1
4590 1
4591 1
4593 3
4594 1
4596 1
4599 2
4603 2
4605 1
4606 1
4607 1
4610 2
4611 1
4613 3
4616 1
4619 4
4621 1
4624 2
4626 1
4627 4
4628 1
4630 1
4633 3
4636 2
4639 2
4640 1
4641 1
4643 1
4644 2
4645 1
4650 2
4652 1
4653 2
4656 1
4657 2
4659 1
4660 1
4661 1
4664 2
4667 3
4669 1
4670 2
4672 1
4673 2
4676 1
4677 1
4678 1
4680 1
4681 3
4683 1
4684 1
4685 2
4686 2
4689 1
4690 3
4693 2
4695 2
4697 1
4698 2
4700 1
4706 2
4707 1
4709 2
4710 2
4713 2
4714 1
4715 3
4716 1
4718 1
4721 1
4722 1
4723 1
4724 2
4725 1
4726 2
4727 1
4729 1
4730 2
4734 1
4735 2
4738 2
4739 1
4740 1
4742 1
4743 1
4744 1
4746 3
4747 1
4749 2
4750 1
4754 1
4755 2
4759 2
4762 1
4763 4
4764 2
4765 1
4766 1
4769 1
4770 1
4773 2
4775 2
4778 2
4779 2
4780 2
4783 3
4784 1
4788 1
4789 2
4792 2
4793 1
4795 2
4797 4
4799 2
4800 1
4803 3
4804 1
4809 4
4813 3
4814 1
4815 1
4817 2
4819 1
4820 2
4823 3
4828 1
4829 4
4831 1
4833 1
4834 1
4836 1
4837 3
4839 1
4840 1
4842 1
4843 2
4844 1
4846 1
4848 1
4849 3
4851 2
4853 1
4854 3
4857 2
4860 1
4862 1
4863 2
4865 1
4867 1
4868 1
4869 1
4870 1
4871 1
4873 2
4874 2
4877 2
4878 1
4879 1
4882 4
4883 2
4885 1
4887 1
4889 1
4891 2
4893 1
4894 1
4895 1
4896 1
4897 1
4899 3
4900 1
4903 2
4905 1
4906 1
4907 1
4908 2
4910 1
4911 2
4915 1
4916 4
4918 1
4919 1
4922 2
4923 2
4925 3
4928 1
4930 2
4932 1
4933 2
4935 1
4936 2
4938 1
4939 3
4940 1
4943 1
4945 1
4946 1
4948 2
4953 1
4955 1
4956 4
4958 1
4962 1
4964 2
4965 1
4968 1
4969 2
4970 2
4972 2
4973 2
4974 1
4976 3
4979 3
4984 2
4985 1
4988 1
4989 2
4990 1
4993 2
4995 1
4996 1
4998 1
5001 1
5002 1
5003 2
5004 1
5005 1
5007 2
5008 2
5009 1
5010 2
5013 2
5018 2
5019 2
5022 1
5023 1
5024 2
5025 1
5027 3
5028 1
5029 2
5033 2
5035 1
5038 1
5039 2
5041 2
5043 2
5044 2
5050 2
5052 1
5053 1
5054 1
5058 3
5059 2
5061 2
5062 1
5063 1
5064 3
5067 3
5069 1
5072 2
5073 1
5074 1
5075 2
5078 3
5081 2
5083 2
5084 1
5088 1
5092 4
5093 1
5095 3
5097 1
5098 2
5099 1
5101 1
5102 1
5103 1
5104 1
5107 2
5108 1
5109 2
5112 3
5113 1
5114 1
5115 3
5117 1
5121 2
5123 1
5125 1
5126 4
5128 1
5129 3
5130 1
5132 2
5133 1
5135 2
5136 1
5138 1
5140 2
5141 1
5143 2
5146 3
5148 3
5149 1
5152 2
5153 1
5154 1
5155 1
5156 1
5160 3
5163 2
5164 1
5165 1
5166 4
5168 2
5169 1
5174 2
5178 1
5180 3
5182 1
5185 1
5186 4
5188 2
5189 1
5192 1
5194 3
5197 1
5199 1
5200 4
5202 2
5203 1
5206 2
5209 1
5211 2
5214 4
5218 2
5219 2
5220 2
5221 1
5226 1
5228 3
5231 1
5232 1
5233 1
5234 3
5237 2
5238 1
5240 2
5242 1
5244 1
5245 2
5248 1
5251 2
5253 1
5254 4
5258 2
5259 1
5260 1
5263 1
5265 1
5267 1
5268 3
5271 2
5274 2
5275 1
5276 1
5279 1
5280 1
5282 2
5284 1
5285 1
5287 1
5288 3
5291 2
5292 1
5293 1
5294 3
5296 1
5297 1
5299 2
5302 1
5305 3
5307 1
5308 3
5311 1
5313 4
5316 1
5318 1
5319 1
5320 1
5322 3
5323 1
5324 1
5325 4
5327 2
5328 1
5330 1
5332 1
5333 1
5336 2
5337 1
5339 3
5340 1
5344 1
5345 2
5347 2
5351 1
5353 3
5354 1
5356 4
5358 2
5359 2
5360 1
5361 1
5362 2
5365 1
5367 1
5370 5
5373 3
5374 1
5376 3
5377 1
5378 4
5379 1
5384 2
5386 1
5387 1
5390 4
5391 1
5393 1
5394 2
5395 1
5396 3
5398 1
5401 1
5404 3
5407 2
5410 6
5412 2
5415 2
5416 1
5418 1
5419 1
5420 1
5421 1
5424 4
5427 2
5429 2
5430 2
5432 2
5434 1
5436 1
5441 2
5443 1
5444 4
5447 1
5448 2
5449 1
5450 3
5451 1
5452 1
5455 2
5456 1
5458 2
5460 1
5461 1
5463 2
5464 4
5468 1
5469 1
5470 1
5472 2
5473 1
5474 1
5475 2
5476 1
5477 2
5478 1
5480 1
5481 2
5483 1
5484 3
5485 1
5486 1
5488 1
5489 3
5490 1
5493 1
5497 3
5498 2
5499 1
5500 1
5501 1
5503 1
5504 3
5505 1
5506 2
5507 2
5509 2
5512 2
5513 2
5514 1
5515 1
5516 1
5517 3
5518 1
5519 1
5521 1
5523 3
5524 1
5526 3
5527 1
5529 4
5530 1
5531 1
5533 2
5535 2
5537 3
5538 1
5540 2
5543 5
5546 2
5547 2
5549 2
5550 2
5553 1
5554 2
5555 2
5556 1
5557 4
5560 1
5562 1
5563 3
5564 1
5566 3
5567 1
5569 4
5570 2
5571 2
5574 1
5577 2
5578 1
5579 1
5580 3
5583 5
5584 1
5586 2
5588 3
5589 1
5590 1
5591 1
5594 1
5596 1
5597 2
5600 5
5601 1
5603 2
5604 3
5605 1
5606 2
5607 1
5608 2
5609 1
5611 2
5612 1
5614 2
5616 2
5617 2
5619 1
5620 5
5621 1
5622 1
5623 1
5624 1
5625 3
5627 1
5628 1
5630 2
5631 1
5633 1
5634 2
5635 1
5637 3
5639 2
5640 4
5642 2
5644 1
5645 3
5649 1
5650 2
5651 1
5653 1
5654 3
5656 2
5657 2
5658 1
5659 4
5660 1
5662 1
5664 2
5665 2
5666 1
5668 1
5669 1
5670 2
5672 1
5673 5
5674 3
5676 1
5677 1
5678 1
5679 1
5680 2
5682 2
5683 1
5684 1
5685 2
5686 1
5687 1
5689 1
5690 3
5691 1
5692 1
5693 1
5694 3
5696 1
5697 1
5698 1
5699 3
5702 1
5703 2
5705 1
5706 2
5707 5
5708 1
5709 1
5710 2
5713 4
5714 2
5715 1
5716 1
5719 3
5722 1
5723 3
5724 2
5726 1
5727 3
5729 3
5730 1
5731 1
5732 1
5733 1
5734 2
5735 1
5736 2
5737 3
5739 4
5741 1
5742 1
5743 1
5744 2
5746 1
5747 4
5749 2
5753 5
5756 2
5757 1
5759 3
5760 2
5761 2
5762 1
5763 4
5764 1
5765 1
5766 1
5767 4
5768 1
5770 2
5772 1
5773 3
5775 1
5776 1
5777 3
5779 2
5780 2
5784 3
5786 1
5787 3
5788 1
5789 1
5790 1
5792 2
5793 4
5794 1
5796 2
5798 1
5799 2
5800 1
5801 3
5802 1
5804 1
5805 1
5806 2
5807 1
5808 1
5809 1
5810 3
5813 2
5814 1
5815 1
5816 1
5817 1
5818 3
5819 2
5820 1
5822 1
5824 2
5826 4
5827 1
5829 3
5830 2
5831 1
5832 2
5833 2
5834 2
5835 2
5838 1
5839 1
5841 3
5842 2
5843 2
5844 1
5845 2
5846 3
5847 1
5849 3
5850 2
5852 1
5853 1
5854 1
5855 4
5857 1
5858 2
5859 2
5860 4
5862 1
5863 3
5864 1
5865 1
5866 3
5867 1
5869 4
5870 1
5872 2
5874 2
5875 3
5879 2
5880 2
5882 1
5883 5
5884 1
5885 1
5886 4
5887 1
5888 1
5889 3
5890 2
5893 2
5894 1
5895 2
5896 1
5898 2
5899 2
5900 3
5902 1
5903 4
5904 1
5906 2
5908 2
5909 2
5912 2
5913 2
5914 1
5915 1
5916 2
5917 4
5919 4
5920 4
5922 1
5923 3
5924 2
5925 1
5926 1
5927 1
5928 1
5929 3
5933 2
5934 1
5935 1
5936 1
5937 4
5939 3
5940 1
5942 1
5943 3
5944 1
5945 1
5947 2
5949 3
5951 1
5952 3
5953 2
5954 3
5955 1
5956 1
5957 5
5959 2
5962 3
5963 1
5964 1
5965 1
5966 1
5967 1
5968 1
5969 4
5971 3
5973 2
5974 2
5976 2
5977 3
5978 1
5979 1
5983 3
5984 1
5985 1
5986 1
5987 2
5988 1
5989 1
5990 1
5991 2
5992 1
5993 2
5994 3
5996 1
5997 3
5998 1
6002 5
6003 2
6004 1
6005 2
6007 1
6008 1
6009 1
6010 2
6011 1
6012 2
6013 1
6014 2
6015 1
6016 2
6017 1
6018 3
6019 1
6020 1
6022 2
6023 2
6025 1
6026 2
6028 3
6031 2
6033 1
6034 1
6035 1
6036 5
6038 1
6039 1
6042 4
6043 1
6044 1
6045 2
6047 2
6048 2
6049 2
6050 1
6051 1
6052 3
6053 2
6054 2
6056 5
6058 1
6059 5
6062 2
6063 1
6065 1
6066 1
6068 2
6069 1
6070 2
6071 1
6072 1
6073 3
6075 2
6076 3
6078 1
6079 2
6080 1
6081 1
6082 2
6083 1
6084 1
6085 3
6087 1
6088 2
6089 2
6090 5
6092 2
6093 3
6096 6
6098 1
6099 2
6102 1
6104 4
6105 1
6106 1
6107 1
6108 2
6109 3
6110 2
6112 3
6113 4
6115 1
6116 3
6118 2
6119 1
6120 1
6121 2
6122 1
6123 2
6124 1
6127 1
6128 2
6129 2
6130 4
6132 1
6134 1
6135 1
6136 2
6138 4
6139 1
6141 1
6142 1
6143 2
6144 2
6145 1
6146 1
6147 3
6148 1
6149 3
6150 3
6153 3
6154 1
6155 1
6158 2
6159 1
6161 3
6162 1
6163 1
6164 2
6167 2
6168 1
6169 3
6170 1
6172 3
6174 1
6175 3
6177 3
6178 2
6179 2
6181 2
6182 4
6184 3
6185 1
6186 1
6187 4
6192 2
6193 1
6194 2
6195 1
6198 3
6199 2
6201 3
6202 1
6203 2
6204 1
6206 2
6207 1
6208 1
6209 1
6211 1
6212 3
6213 1
6214 1
6215 4
6216 1
6217 1
6218 2
6220 2
6221 1
6223 1
6224 2
6226 1
6227 1
6228 3
6232 5
6233 1
6234 1
6235 3
6236 1
6237 1
6238 3
6240 1
6241 2
6242 1
6243 1
6245 1
6246 4
6247 1
6248 2
6249 1
6252 2
6253 1
6254 1
6255 3
6256 1
6257 1
6258 2
6260 1
6261 1
6262 1
6263 3
6264 2
6265 1
6266 5
6267 1
6268 2
6269 3
6272 4
6273 1
6274 1
6275 1
6276 2
6277 2
6278 1
6280 2
6281 1
6282 1
6283 2
6284 1
6286 4
6288 2
6289 3
6290 1
6291 2
6294 1
6295 1
6296 1
6297 1
6298 2
6299 1
6300 5
6301 1
6302 2
6303 3
6304 1
6305 1
6306 4
6308 2
6310 2
6311 1
6312 2
6314 3
6315 1
6317 3
6318 1
6320 5
6321 1
6322 4
6323 1
6324 1
6326 3
6328 2
6331 2
6334 7
6337 1
6338 4
6339 3
6340 4
6341 1
6342 2
6345 1
6346 1
6348 4
6351 3
6352 1
6353 1
6354 3
6355 1
6356 1
6357 1
6358 1
6359 2
6360 4
6361 1
6362 2
6364 1
6365 2
6366 1
6368 3
6369 1
6371 4
6373 1
6374 4
6378 1
6379 2
6380 2
6383 1
6385 3
6387 2
6388 2
6391 3
6392 2
6393 1
6394 2
6395 1
6397 1
6398 1
6399 2
6400 2
6402 3
6403 1
6404 1
6405 4
6407 3
6408 3
6409 1
6410 1
6411 1
6412 2
6413 1
6414 3
6416 2
6417 1
6418 1
6419 4
6421 1
6423 1
6424 2
6425 3
6428 3
6429 1
6430 1
6431 2
6432 1
6433 2
6435 1
6436 1
6437 1
6438 1
6439 2
6440 1
6441 2
6442 3
6443 1
6445 4
6447 3
6448 2
6449 1
6450 3
6453 2
6456 2
6457 2
6458 3
6459 2
6461 1
6462 1
6463 2
6464 1
6465 3
6466 2
6467 2
6468 2
6470 1
6471 2
6473 4
6474 1
6475 1
6476 2
6479 3
6480 1
6481 1
6482 1
6483 2
6484 1
6485 2
6487 3
6490 2
6492 1
6493 3
6494 2
6495 1
6496 4
6497 3
6498 3
6499 4
6500 1
6501 2
6502 1
6504 2
6506 2
6507 2
6510 3
6511 1
6513 2
6514 3
6515 1
6516 2
6518 2
6519 1
6520 2
6521 2
6523 1
6524 1
6525 1
6526 1
6527 3
6528 2
6530 6
6531 2
6532 2
6533 3
6534 1
6535 2
6536 3
6538 1
6540 2
6544 6
6547 2
6548 1
6549 2
6550 4
6551 2
6552 5
6553 1
6554 2
6557 1
6558 2
6559 1
6561 2
6563 1
6564 5
6565 2
6566 2
6567 1
6568 3
6569 2
6570 3
6571 1
6575 4
6576 1
6578 3
6579 1
6580 1
6581 2
6583 2
6584 4
6585 1
6586 1
6587 1
6589 2
6590 1
6591 1
6592 2
6593 2
6594 1
6595 2
6596 2
6597 2
6598 1
6599 2
6601 3
6603 2
6604 2
6606 1
6608 1
6609 4
6610 2
6613 2
6615 4
6617 4
6618 1
6620 3
6622 1
6623 3
6624 3
6625 1
6626 1
6627 1
6629 4
6630 2
6632 2
6633 2
6634 2
6635 2
6636 1
6637 4
6638 1
6639 2
6640 2
6643 2
6644 1
6646 3
6647 2
6648 1
6649 6
6650 2
6651 3
6653 3
6654 2
6655 2
6657 3
6658 1
6659 2
6660 2
6661 1
6663 5
6665 1
6666 2
6667 1
6668 2
6669 2
6670 1
6671 2
6673 3
6674 1
6675 1
6676 2
6677 5
6678 1
6679 2
6680 2
6681 2
6683 3
6684 1
6686 3
6687 2
6688 1
6689 4
6690 1
6691 3
6693 3
6694 1
6695 1
6696 1
6697 2
6698 1
6699 1
6700 2
6701 1
6702 1
6703 6
6704 2
6705 1
6706 1
6707 2
6708 1
6709 3
6710 4
6711 2
6712 1
6713 1
6714 1
6715 1
6716 1
6717 4
6719 1
6720 3
6721 1
6722 1
6723 2
6724 3
6726 2
6727 2
6728 3
6729 3
6730 2
6731 2
6733 1
6734 1
6736 3
6737 2
6738 2
6740 4
6741 1
6742 1
6743 5
6744 3
6745 2
6746 2
6748 2
6750 2
6752 2
6753 3
6754 1
6755 1
6756 2
6757 2
6758 2
6759 2
6760 5
6761 1
6762 4
6763 1
6764 1
6765 2
6767 1
6769 2
6770 2
6772 1
6774 4
6775 2
6776 3
6777 2
6778 2
6779 3
6780 2
6781 1
6782 2
6783 2
6784 1
6785 3
6786 2
6787 1
6788 2
6789 1
6790 1
6793 5
6794 2
6795 3
6796 4
6797 1
6798 1
6799 3
6802 1
6803 1
6804 2
6805 3
6806 2
6807 2
6808 1
6809 5
6810 1
6811 1
6812 1
6813 3
6814 3
6816 2
6817 2
6819 4
6822 1
6823 2
6824 2
6825 1
6826 2
6827 3
6829 2
6830 3
6832 1
6833 5
6834 1
6836 2
6838 2
6839 4
6840 2
6842 1
6843 5
6844 2
6845 2
6846 1
6847 5
6848 1
6849 2
6850 5
6852 1
6853 2
6854 2
6855 1
6856 2
6857 2
6859 4
6860 1
6861 1
6862 1
6863 2
6864 4
6866 2
6867 3
6869 3
6870 2
6871 1
6872 1
6873 3
6876 2
6877 1
6878 2
6879 3
6880 2
6881 3
6883 3
6884 2
6886 1
6887 6
6888 1
6889 2
6890 1
6892 1
6893 3
6895 2
6896 2
6897 2
6898 3
6899 3
6900 2
6901 1
6903 5
6904 2
6906 3
6907 2
6908 1
6909 3
6910 1
6911 3
6912 3
6913 4
6914 1
6915 1
6916 2
6918 1
6919 2
6920 2
6921 3
6922 1
6923 2
6925 1
6926 2
6927 2
6928 1
6929 2
6930 1
6932 3
6933 3
6934 2
6936 2
6937 3
6938 1
6939 3
6940 4
6941 1
6942 3
6944 2
6945 1
6946 3
6947 2
6949 2
6950 2
6951 1
6952 4
6953 2
6954 2
6958 2
6959 1
6960 1
6961 1
6962 2
6963 3
6965 2
6966 7
6967 1
6968 4
6969 1
6970 3
6971 1
6972 2
6973 4
6975 2
6976 2
6978 2
6979 1
6980 3
6982 3
6983 2
6984 1
6985 2
6986 2
6988 1
6989 4
6990 3
6992 4
6993 2
6994 1
6995 2
6996 1
6997 1
6998 1
6999 2
7000 3
7001 1
7002 1
7003 5
7004 1
7005 3
7006 7
7007 2
7008 1
7009 2
7013 1
7015 3
7016 2
7017 1
7018 1
7019 4
7020 2
7022 2
7023 6
7024 1
7025 1
7026 3
7027 1
7028 1
7029 4
7032 3
7033 1
7034 2
7035 1
7036 3
7037 3
7039 4
7040 3
7042 1
7043 3
7044 3
7045 1
7046 4
7047 1
7048 2
7049 4
7053 2
7054 2
7055 1
7056 2
7057 3
7058 2
7059 3
7060 5
7062 2
7063 3
7064 2
7065 2
7066 1
7067 2
7068 3
7069 2
7072 3
7073 3
7074 3
7076 1
7077 5
7079 3
7080 3
7082 4
7084 1
7085 1
7086 1
7087 1
7088 3
7089 2
7090 1
7091 3
7092 1
7093 5
7094 3
7095 1
7096 3
7097 3
7098 2
7099 3
7100 1
7101 2
7102 2
7103 2
7104 1
7105 2
7106 1
7108 3
7109 1
7111 2
7112 1
7113 3
7114 2
7116 2
7117 3
7118 1
7119 2
7121 1
7122 5
7123 1
7124 1
7125 5
7126 2
7127 1
7128 3
7129 3
7130 3
7131 2
7132 2
7133 3
7134 1
7136 3
7138 3
7139 2
7141 1
7142 5
7143 3
7144 1
7145 1
7146 1
7147 1
7148 2
7150 3
7151 1
7152 3
7153 1
7154 1
7155 2
7156 3
7157 1
7158 3
7159 2
7160 1
7162 6
7163 1
7164 1
7165 1
7166 1
7167 2
7168 1
7169 2
7170 2
7171 1
7172 3
7174 2
7176 7
7177 1
7178 3
7179 1
7181 1
7182 4
7183 1
7184 1
7186 2
7188 2
7189 2
7190 2
7191 1
7192 4
7193 2
7195 2
7196 6
7198 2
7199 2
7200 3
7201 2
7202 2
7203 1
7205 2
7207 2
7208 3
7209 1
7210 6
7212 2
7213 2
7214 1
7215 3
7216 6
7218 1
7219 2
7220 1
7221 1
7222 1
7223 3
7224 1
7225 1
7226 3
7227 1
7228 3
7229 2
7230 3
7231 1
7232 1
7233 6
7234 1
7236 5
7238 1
7239 1
7240 1
7241 2
7242 1
7244 1
7245 2
7246 1
7247 1
7248 1
7249 4
7250 4
7252 4
7253 2
7254 2
7255 2
7256 3
7257 3
7258 2
7259 2
7261 2
7262 3
7263 1
7264 3
7265 1
7266 2
7267 2
7270 5
7272 1
7273 1
7274 3
7275 1
7276 2
7278 4
7279 2
7281 2
7282 2
7283 2
7284 2
7285 1
7286 3
7287 3
7288 2
7289 3
7290 4
7291 1
7292 3
7293 1
7294 1
7295 5
7297 3
7298 3
7301 2
7302 3
7303 1
7304 2
7305 1
7306 1
7307 2
7308 1
7309 4
7310 1
7311 1
7312 4
7314 2
7315 2
7318 4
7319 2
7321 3
7322 3
7323 3
7324 2
7325 1
7326 2
7327 3
7328 1
7329 2
7331 1
7332 2
7334 1
7335 7
7336 1
7337 1
7338 1
7340 2
7341 2
7342 2
7343 4
7344 1
7346 2
7347 1
7348 3
7349 2
7351 2
7352 5
7353 1
7354 1
7355 3
7356 4
7357 1
7358 4
7359 2
7360 2
7361 2
7362 1
7366 3
7367 1
7368 4
7369 2
7371 1
7372 2
7373 2
7374 2
7375 2
7376 1
7377 2
7378 1
7380 4
7382 3
7383 1
7384 2
7385 3
7386 4
7387 3
7388 3
7389 2
7390 2
7392 4
7394 2
7395 1
7397 3
7398 1
7400 2
7401 2
7402 3
7404 1
7406 5
7407 2
7408 3
7409 1
7411 3
7412 1
7413 1
7414 3
7415 1
7416 1
7417 1
7418 2
7419 2
7420 4
7421 2
7422 2
7423 2
7425 2
7426 3
7427 1
7428 1
7429 2
7430 3
7431 3
7432 1
7433 1
7434 1
7435 1
7437 4
7438 4
7439 1
7440 5
7441 2
7442 2
7443 2
7444 2
7445 1
7446 5
7448 2
7450 2
7451 4
7453 1
7454 4
7455 1
7456 1
7457 1
7458 2
7459 3
7460 4
7462 2
7463 1
7464 2
7465 2
7466 1
7467 2
7468 2
7470 2
7471 4
7472 2
7474 3
7475 3
7476 2
7477 3
7478 1
7479 2
7480 4
7481 2
7482 3
7484 3
7485 1
7486 2
7487 2
7488 2
7489 3
7491 3
7492 2
7493 1
7494 6
7495 1
7496 2
7497 1
7498 1
7499 2
7500 3
7501 1
7502 1
7503 1
7504 2
7505 4
7507 1
7508 5
7509 1
7511 3
7512 3
7513 3
7514 2
7515 4
7516 1
7517 1
7518 1
7519 3
7520 3
7521 1
7522 2
7523 1
7525 6
7527 3
7528 2
7529 3
7530 1
7531 2
7532 1
7533 2
7534 2
7535 2
7536 1
7537 1
7538 1
7539 5
7541 1
7542 1
7543 3
7544 2
7545 5
7547 1
7548 1
7549 2
7550 1
7551 2
7552 2
7553 4
7554 1
7557 1
7559 3
7560 2
7561 3
7562 1
7563 2
7564 1
7565 5
7566 1
7567 3
7568 1
7570 3
7571 1
7572 1
7573 3
7574 1
7576 2
7577 4
7578 3
7579 5
7581 2
7582 1
7583 1
7584 2
7585 1
7586 4
7587 3
7588 2
7589 1
7590 3
7591 1
7593 3
7594 1
7595 2
7596 1
7597 2
7598 4
7599 3
7600 3
7601 1
7603 3
7604 2
7605 3
7607 3
7609 1
7610 3
7611 1
7612 2
7613 2
7614 2
7615 2
7616 2
7617 4
7619 3
7620 2
7621 3
7622 2
7623 1
7624 3
7626 1
7627 3
7630 2
7631 3
7632 3
7633 2
7634 2
7636 1
7637 3
7638 2
7639 3
7640 2
7641 4
7643 2
7644 2
7645 1
7646 2
7647 3
7648 3
7649 2
7650 2
7651 1
7653 3
7654 2
7655 3
7656 2
7657 2
7658 2
7659 1
7660 3
7661 2
7663 1
7664 2
7667 2
7668 1
7669 2
7670 3
7671 3
7672 2
7673 1
7674 3
7676 3
7677 1
7678 3
7679 1
7680 1
7681 3
7682 1
7683 1
7684 3
7685 2
7686 3
7687 1
7688 2
7689 3
7690 3
7692 2
7694 2
7695 3
7697 3
7698 2
7699 2
7700 3
7701 2
7702 3
7703 1
7704 5
7705 3
7706 2
7707 3
7709 3
7710 2
7711 2
7712 2
7713 1
7714 3
7716 1
7717 1
7718 2
7719 4
7721 1
7722 1
7723 4
7724 4
7725 2
7726 2
7727 1
7728 2
7729 2
7730 2
7731 2
7733 4
7734 1
7735 5
7737 3
7738 4
7739 3
7740 2
7741 2
7742 1
7743 4
7744 2
7745 3
7749 5
7750 2
7752 1
7753 3
7754 2
7755 3
7756 2
7757 6
7758 1
7759 5
7760 1
7761 1
7762 1
7763 3
7764 1
7765 1
7766 1
7767 2
7769 5
7770 3
7771 3
7773 6
7774 2
7775 3
7777 1
7778 1
7779 2
7780 3
7781 1
7783 6
7784 1
7786 1
7787 2
7788 2
7789 5
7790 2
7791 3
7792 1
7793 2
7794 4
7796 3
7797 5
7798 1
7799 2
7800 2
7801 1
7803 2
7804 3
7806 3
7807 3
7808 3
7809 4
7810 1
7811 2
7813 4
7814 3
7815 1
7816 1
7817 2
7820 3
7821 1
7822 2
7823 6
7824 2
7825 2
7826 1
7827 4
7828 2
7829 2
7830 4
7831 2
7832 1
7833 4
7834 1
7835 3
7836 1
7837 4
7838 1
7839 2
7840 3
7841 1
7842 5
7843 2
7844 1
7847 2
7848 1
7849 3
7850 3
7851 4
7852 1
7853 3
7854 1
7855 1
7856 5
7857 2
7858 1
7859 2
7860 2
7861 1
7862 1
7863 5
7864 3
7865 1
7866 2
7867 2
7868 3
7869 1
7870 3
7871 1
7872 1
7873 2
7875 1
7876 4
7877 2
7878 2
7879 4
7880 1
7882 3
7883 2
7884 5
7885 1
7886 3
7887 2
7888 1
7889 4
7890 3
7891 1
7892 2
7893 1
7894 2
7895 2
7896 4
7897 1
7898 2
7899 1
7900 2
7901 1
7902 2
7903 2
7904 2
7905 1
7906 2
7907 2
7908 3
7909 1
7910 2
7912 3
7913 3
7914 1
7915 3
7916 6
7917 2
7918 3
7919 3
7920 2
7922 3
7923 2
7924 2
7925 1
7926 2
7927 2
7928 1
7929 5
7930 3
7932 4
7933 3
7934 5
7935 2
7936 3
7937 1
7939 3
7941 1
7942 1
7943 3
7944 2
7945 1
7946 3
7947 1
7948 2
7949 6
7950 3
7951 1
7953 5
7954 1
7955 1
7956 2
7957 1
7958 2
7959 2
7960 2
7961 2
7962 1
7963 5
7965 2
7967 6
7968 3
7969 4
7970 3
7972 2
7973 3
7974 1
7975 1
7976 1
7977 1
7979 6
7980 3
7981 1
7982 1
7983 6
7984 2
7986 3
7987 4
7988 2
7989 3
7990 2
7991 3
7992 1
7993 3
7995 1
7996 1
7997 1
7998 3
7999 3
8000 3
8001 3
8003 4
8004 3
8006 2
8007 3
8008 1
8009 2
8010 3
8012 2
8013 2
8014 3
8015 1
8016 2
8017 4
8018 3
8019 5
8020 1
8021 1
8022 3
8023 2
8024 5
8026 2
8027 3
8028 1
8029 3
8030 1
8031 1
8032 3
8033 2
8034 2
8035 1
8036 4
8037 1
8038 3
8040 1
8041 2
8043 7
8044 1
8045 2
8046 3
8047 1
8048 2
8049 1
8050 1
8051 1
8052 7
8053 3
8054 1
8055 1
8056 1
8057 2
8058 1
8059 1
8060 2
8061 2
8062 3
8063 2
8065 2
8066 2
8067 2
8068 2
8069 4
8070 3
8071 1
8072 6
8073 3
8074 1
8075 1
8076 1
8077 2
8078 2
8080 2
8081 1
8082 1
8083 3
8085 2
8086 9
8087 1
8088 3
8089 3
8090 1
8091 1
8092 3
8093 4
8094 2
8095 1
8096 2
8098 1
8099 1
8100 4
8102 3
8103 2
8105 2
8106 5
8107 1
8108 2
8109 2
8110 2
8111 1
8112 3
8113 3
8114 3
8116 4
8117 1
8118 1
8119 3
8120 3
8123 2
8124 1
8125 3
8126 9
8127 1
8128 3
8132 1
8133 1
8135 1
8136 2
8137 2
8138 2
8139 4
8140 5
8142 7
8143 3
8144 1
8145 4
8146 4
8147 3
8148 1
8149 3
8150 2
8152 4
8153 1
8154 1
8156 3
8157 1
8159 5
8160 2
8162 2
8163 3
8164 3
8165 1
8166 4
8167 1
8168 2
8169 3
8171 3
8172 1
8173 3
8175 3
8176 3
8177 2
8178 4
8179 6
8180 5
8181 3
8183 2
8184 1
8185 2
8186 1
8188 2
8189 3
8191 1
8192 2
8193 4
8196 2
8197 4
8198 3
8199 2
8200 2
8201 1
8202 3
8203 1
8204 2
8205 3
8206 2
8208 3
8209 4
8210 3
8211 2
8212 1
8213 4
8214 1
8216 2
8217 1
8218 4
8219 2
8220 4
8221 3
8222 3
8223 1
8224 2
8225 2
8228 5
8229 2
8230 1
8231 1
8232 3
8233 2
8234 3
8235 2
8236 2
8237 3
8238 2
8239 4
8240 1
8242 7
8244 2
8245 2
8246 3
8247 2
8248 2
8249 2
8250 1
8251 2
8252 1
8253 4
8254 2
8256 3
8258 3
8259 2
8261 1
8262 7
8263 1
8264 1
8265 2
8266 3
8267 2
8268 2
8269 1
8270 2
8271 1
8272 4
8273 4
8275 3
8276 2
8277 1
8278 3
8279 3
8280 3
8282 6
8283 1
8285 4
8286 1
8287 2
8288 2
8290 2
8291 1
8292 3
8293 1
8295 3
8296 7
8297 1
8298 4
8299 5
8300 1
8301 2
8302 3
8303 3
8304 3
8305 1
8306 4
8307 1
8308 1
8309 1
8310 1
8312 2
8313 1
8314 1
8315 1
8316 8
8317 1
8318 3
8319 1
8320 2
8321 2
8322 3
8323 1
8324 1
8325 2
8326 2
8327 1
8328 1
8329 2
8330 5
8331 1
8332 3
8333 1
8334 2
8335 3
8336 8
8337 2
8338 2
8340 1
8341 3
8343 3
8344 1
8346 3
8348 2
8350 4
8351 2
8352 2
8353 1
8354 1
8355 4
8356 6
8357 1
8358 1
8361 3
8362 1
8363 1
8364 1
8365 3
8366 3
8367 1
8368 2
8369 4
8370 6
8372 4
8373 2
8374 1
8375 4
8376 2
8377 3
8379 1
8380 2
8381 3
8382 4
8383 1
8384 2
8385 1
8386 2
8387 1
8388 1
8389 6
8390 2
8391 2
8392 1
8393 1
8394 3
8395 2
8396 2
8397 1
8398 2
8399 2
8400 1
8401 3
8402 2
8403 3
8404 1
8405 4
8406 1
8407 2
8408 3
8409 1
8410 4
8411 2
8412 2
8413 2
8414 1
8415 5
8416 1
8417 2
8418 1
8419 3
8421 2
8422 2
8423 3
8424 1
8426 3
8428 4
8429 3
8430 2
8431 4
8432 3
8434 2
8435 3
8436 1
8437 1
8438 5
8439 3
8440 2
8441 1
8442 1
8444 2
8445 2
8446 1
8447 2
8448 4
8449 3
8450 2
8451 1
8452 3
8453 1
8454 2
8455 5
8457 1
8458 2
8459 1
8460 2
8461 1
8462 3
8463 2
8464 2
8465 4
8466 1
8467 4
8468 2
8469 4
8471 1
8472 5
8473 1
8475 3
8476 3
8477 1
8478 1
8479 2
8480 1
8481 2
8482 1
8483 4
8484 2
8485 1
8486 2
8487 1
8488 4
8489 3
8490 1
8491 2
8492 4
8493 2
8494 1
8495 3
8496 3
8497 2
8498 1
8499 1
8500 4
8501 1
8502 3
8503 2
8505 3
8506 1
8507 2
8508 1
8509 4
8510 4
8511 1
8512 1
8513 2
8514 3
8515 3
8516 2
8517 3
8518 2
8520 1
8521 2
8522 3
8524 1
8525 2
8526 6
8527 2
8528 3
8529 3
8530 3
8531 1
8532 2
8533 2
8534 3
8535 2
8536 2
8539 1
8540 4
8541 1
8542 2
8543 1
8544 1
8545 3
8546 3
8547 2
8548 4
8549 1
8550 3
8551 4
8553 1
8554 2
8555 2
8556 2
8557 1
8558 3
8559 2
8560 4
8561 7
8562 3
8564 4
8565 2
8566 5
8567 1
8568 1
8569 1
8570 1
8571 5
8573 1
8574 3
8575 2
8576 2
8578 2
8579 2
8580 4
8581 3
8582 2
8584 1
8585 5
8586 1
8587 3
8588 2
8590 3
8591 4
8592 2
8593 1
8594 2
8595 6
8596 1
8597 3
8598 1
8599 4
8600 4
8603 1
8604 2
8605 3
8606 1
8607 3
8609 2
8610 1
8611 3
8612 2
8613 3
8614 4
8615 2
8616 1
8617 1
8618 2
8619 3
8620 2
8621 2
8622 1
8623 1
8624 5
8625 4
8626 2
8627 1
8628 2
8629 3
8630 1
8631 2
8632 2
8633 6
8634 2
8635 2
8636 1
8638 1
8639 2
8640 3
8641 4
8642 2
8643 2
8644 2
8645 4
8646 1
8647 4
8648 1
8649 3
8650 2
8651 3
8652 2
8653 1
8654 2
8655 3
8656 1
8657 2
8658 3
8659 3
8660 1
8661 2
8662 1
8663 3
8665 3
8666 1
8667 3
8668 4
8669 2
8670 3
8673 4
8674 2
8675 3
8677 2
8678 3
8679 3
8680 3
8681 2
8682 1
8683 3
8684 1
8685 5
8686 1
8687 3
8689 4
8690 1
8691 1
8692 3
8693 2
8694 3
8695 2
8697 4
8699 6
8700 1
8701 3
8702 1
8703 3
8705 1
8706 2
8707 3
8709 3
8710 2
8711 1
8712 1
8713 5
8714 1
8715 1
8717 4
8718 4
8719 3
8720 4
8721 3
8723 5
8724 2
8725 3
8726 2
8727 3
8728 3
8730 2
8732 1
8733 2
8734 3
8735 2
8736 1
8737 4
8738 1
8739 3
8740 3
8741 3
8742 1
8743 1
8744 4
8746 2
8747 2
8750 2
8751 3
8752 4
8753 2
8754 3
8756 1
8757 1
8758 3
8759 3
8760 3
8761 2
8762 1
8763 2
8764 3
8765 2
8766 2
8767 1
8768 2
8769 1
8770 5
8771 1
8772 2
8773 1
8774 3
8775 3
8777 3
8778 4
8779 3
8780 3
8781 3
8782 1
8783 1
8784 3
8785 1
8786 2
8787 1
8788 2
8789 2
8790 1
8791 6
8792 2
8793 1
8794 3
8795 1
8796 3
8797 1
8798 2
8799 1
8800 2
8801 4
8802 1
8803 2
8804 2
8805 3
8806 3
8807 1
8808 3
8809 3
8810 3
8811 1
8812 1
8813 2
8814 2
8815 3
8817 4
8818 3
8819 2
8820 5
8821 2
8822 3
8823 2
8824 3
8825 5
8826 1
8827 3
8828 1
8829 4
8830 2
8832 1
8834 5
8835 1
8836 2
8837 3
8838 1
8839 3
8842 1
8843 5
8844 2
8845 2
8846 1
8848 2
8850 4
8851 3
8852 1
8853 4
8854 3
8855 2
8856 1
8857 1
8858 3
8859 5
8860 3
8861 2
8862 1
8863 4
8864 1
8866 2
8869 3
8870 1
8871 2
8872 1
8873 3
8874 3
8875 1
8876 4
8877 5
8878 2
8879 5
8880 3
8881 1
8882 2
8883 3
8884 2
8885 4
8886 1
8887 2
8888 2
8889 1
8890 1
8891 1
8893 6
8894 1
8895 2
8896 1
8897 3
8898 3
8899 3
8900 1
8902 2
8903 5
8904 2
8905 1
8907 4
8908 1
8909 4
8910 4
8911 2
8912 2
8913 2
8914 1
8915 4
8916 2
8917 5
8918 1
8919 4
8922 2
8923 2
8924 2
8927 3
8928 2
8929 4
8930 3
8931 5
8932 1
8933 7
8936 4
8937 3
8938 2
8939 1
8940 1
8943 6
8944 3
8945 1
8946 1
8947 5
8948 3
8949 1
8950 3
8951 1
8952 1
8953 4
8954 4
8955 2
8956 1
8957 3
8958 2
8959 2
8960 2
8962 5
8963 3
8964 4
8966 2
8967 2
8968 1
8969 2
8970 4
8971 3
8972 4
8973 2
8974 2
8975 1
8976 4
8977 1
8978 3
8980 4
8981 1
8982 3
8983 3
8984 2
8986 1
8987 2
8988 4
8989 2
8990 1
8991 1
8992 1
8993 2
8994 1
8995 1
8996 5
8997 2
8998 2
8999 3
9000 3
9001 1
9002 5
9003 1
9004 4
9006 2
9007 3
9008 1
9009 5
9010 3
9011 2
9012 4
9013 2
9014 2
9015 2
9016 5
9017 1
9018 2
9019 3
9022 2
9023 2
9024 1
9025 2
9026 4
9027 2
9028 3
9029 2
9030 6
9031 1
9032 1
9033 5
9035 2
9036 3
9037 2
9038 5
9039 2
9040 3
9042 3
9043 2
9044 3
9045 1
9047 2
9048 1
9049 3
9050 4
9052 3
9053 4
9054 2
9055 2
9056 4
9058 2
9059 2
9060 2
9061 2
9062 1
9063 4
9064 4
9066 4
9067 2
9068 2
9069 5
9070 3
9071 1
9072 2
9073 3
9075 1
9076 2
9077 1
9078 2
9079 1
9080 3
9081 3
9082 3
9083 4
9084 1
9086 2
9087 4
9088 2
9089 6
9090 5
9092 4
9093 1
9094 1
9095 3
9096 3
9097 2
9099 2
9100 2
9102 1
9103 5
9104 1
9106 4
9107 3
9108 4
9109 4
9110 1
9111 1
9112 1
9113 3
9114 1
9115 1
9116 3
9117 1
9118 2
9119 1
9120 2
9121 3
9122 2
9123 6
9124 1
9125 2
9126 1
9127 3
9128 2
9129 4
9130 1
9132 4
9134 3
9135 2
9137 6
9139 5
9140 1
9141 2
9142 5
9143 1
9145 1
9146 4
9147 4
9148 3
9149 2
9151 1
9152 2
9153 4
9154 2
9155 2
9156 3
9157 3
9158 2
9159 1
9160 2
9161 3
9162 2
9163 5
9164 1
9165 2
9166 4
9167 1
9168 2
9169 1
9171 2
9172 4
9173 4
9174 3
9175 2
9176 1
9177 2
9178 2
9180 2
9182 3
9183 2
9184 2
9185 1
9186 3
9187 1
9188 5
9189 3
9190 2
9191 1
9192 5
9193 3
9194 2
9195 1
9196 5
9198 1
9200 2
9201 1
9202 2
9203 3
9205 1
9206 6
9207 1
9208 4
9209 1
9210 4
9212 4
9213 1
9215 2
9216 1
9217 4
9218 3
9219 3
9220 3
9222 6
9223 2
9225 2
9226 6
9227 3
9228 2
9229 4
9230 2
9231 1
9232 4
9233 1
9234 1
9236 4
9237 1
9239 4
9240 2
9241 1
9242 2
9243 3
9244 2
9245 2
9246 7
9247 1
9248 3
9249 4
9250 1
9251 1
9252 1
9255 2
9256 2
9257 1
9258 2
9259 2
9260 6
9261 1
9262 3
9263 3
9265 3
9266 5
9267 3
9268 2
9269 1
9270 2
9271 1
9272 2
9273 2
9274 2
9275 2
9276 2
9277 1
9278 1
9279 3
9280 3
9281 1
9282 4
9283 2
9284 1
9285 2
9286 3
9288 3
9289 2
9290 2
9291 4
9293 3
9294 2
9296 2
9297 1
9298 2
9299 5
9300 5
9301 3
9302 3
9304 1
9305 3
9306 1
9307 1
9308 1
9309 2
9310 1
9311 2
9312 4
9313 3
9315 1
9316 4
9317 3
9318 3
9319 5
9320 2
9321 2
9322 2
9323 1
9324 2
9325 2
9326 4
9327 1
9329 1
9330 2
9331 3
9333 4
9336 2
9338 3
9339 3
9340 2
9341 1
9342 4
9343 1
9344 2
9345 5
9346 3
9347 2
9349 3
9350 3
9351 2
9352 7
9353 4
9355 4
9357 2
9358 2
9359 4
9360 1
9362 4
9363 1
9364 2
9365 4
9366 2
9367 4
9369 4
9371 2
9372 4
9373 1
9375 2
9376 4
9377 1
9378 4
9379 4
9381 3
9382 5
9383 3
9384 3
9385 4
9386 4
9387 1
9388 1
9389 1
9390 1
9391 1
9392 3
9393 1
9394 1
9395 3
9396 2
9398 4
9399 2
9400 2
9401 2
9402 6
9403 1
9404 1
9405 4
9406 1
9407 1
9408 2
9409 2
9410 1
9411 2
9412 2
9413 2
9414 1
9415 2
9416 6
9417 1
9418 5
9419 2
9420 2
9421 1
9422 1
9423 3
9424 2
9425 2
9426 3
9427 1
9428 2
9430 1
9431 1
9432 3
9433 2
9434 1
9435 2
9436 4
9437 2
9438 2
9439 2
9440 3
9441 2
9442 3
9443 1
9445 3
9446 3
9447 3
9449 3
9450 2
9451 1
9452 4
9453 1
9454 2
9456 5
9457 3
9458 2
9459 5
9460 1
9461 3
9463 1
9464 1
9465 1
9466 3
9467 1
9469 3
9470 2
9471 2
9472 3
9473 1
9474 3
9475 5
9476 4
9477 2
9478 3
9479 1
9480 2
9481 2
9483 3
9485 3
9488 2
9490 5
9491 3
9492 3
9493 1
9494 1
9495 3
9496 3
9497 1
9499 2
9500 2
9501 5
9503 2
9504 3
9505 1
9506 1
9508 3
9509 6
9510 2
9511 5
9512 4
9514 2
9515 3
9517 2
9518 2
9519 2
9520 1
9521 3
9522 1
9523 1
9524 2
9525 4
9526 1
9527 1
9528 3
9529 4
9530 4
9531 2
9532 1
9533 1
9534 2
9535 6
9536 1
9537 2
9539 3
9540 2
9541 2
9542 3
9543 3
9544 1
9545 2
9546 2
9548 2
9549 3
9550 1
9551 3
9553 1
9554 2
9555 4
9556 3
9557 2
9559 4
9560 2
9561 3
9563 3
9564 2
9565 2
9566 1
9568 4
9569 4
9570 2
9571 1
9572 3
9573 1
9574 2
9575 6
9576 1
9577 2
9579 4
9580 2
9582 4
9583 2
9584 1
9585 4
9586 1
9587 3
9588 1
9589 4
9590 1
9591 2
9592 2
9593 2
9594 3
9595 4
9596 2
9597 2
9599 2
9600 1
9601 1
9602 3
9603 2
9604 2
9605 3
9606 1
9607 1
9608 5
9609 4
9610 1
9611 2
9612 5
9613 3
9614 2
9615 4
9616 3
9618 1
9619 3
9620 2
9621 2
9622 2
9623 2
9624 2
9625 3
9626 1
9627 1
9628 4
9629 3
9630 2
9631 2
9632 2
9633 1
9634 2
9635 2
9636 2
9638 2
9639 3
9641 6
9642 3
9643 1
9644 2
9645 2
9646 3
9647 1
9648 1
9649 3
9650 3
9651 1
9652 1
9653 2
9655 2
9656 1
9657 1
9658 4
9660 3
9661 2
9662 2
9663 2
9664 2
9665 3
9666 1
9667 3
9668 3
9669 2
9670 4
9671 3
9673 1
9674 2
9675 2
9676 4
9677 1
9679 3
9681 3
9682 1
9684 5
9685 1
9686 2
9687 4
9688 3
9689 3
9690 1
9691 2
9692 1
9693 2
9694 3
9695 1
9696 1
9697 1
9698 2
9699 1
9700 3
9701 4
9702 2
9703 2
9704 3
9705 3
9706 3
9707 1
9708 3
9709 2
9710 3
9711 1
9713 3
9714 2
9715 3
9718 1
9719 3
9720 4
9721 4
9722 3
9723 1
9724 2
9725 2
9726 1
9727 2
9729 3
9730 1
9731 3
9732 1
9733 1
9734 3
9735 5
9736 2
9737 1
9738 5
9739 4
9740 1
9741 3
9742 1
9743 1
9744 2
9745 4
9746 2
9747 2
9748 2
9749 2
9750 2
9752 2
9753 4
9754 2
9755 5
9758 2
9759 3
9760 1
9761 3
9763 2
9764 5
9765 4
9766 1
9767 3
9769 7
9770 1
9771 3
9772 1
9773 2
9774 4
9775 1
9777 1
9778 1
9779 2
9780 2
9781 3
9783 2
9784 2
9785 2
9787 4
9788 2
9789 4
9790 2
9793 5
9794 1
9795 2
9797 2
9798 6
9799 2
9800 5
9801 1
9803 5
9804 2
9805 3
9806 1
9807 3
9808 1
9809 4
9810 2
9812 2
9813 1
9814 3
9815 2
9816 2
9817 4
9818 1
9819 3
9820 1
9821 4
9822 1
9823 2
9824 3
9825 2
9826 2
9827 2
9829 4
9830 2
9831 2
9832 2
9833 4
9834 2
9835 1
9837 1
9838 3
9839 2
9840 1
9841 2
9842 2
9843 3
9844 3
9845 2
9846 2
9847 2
9848 2
9849 3
9850 2
9851 1
9852 3
9853 1
9854 5
9855 2
9857 3
9858 3
9859 3
9860 4
9861 2
9863 3
9864 1
9866 3
9868 3
9869 1
9870 1
9871 5
9872 3
9873 3
9874 2
9875 2
9876 1
9877 1
9878 2
9879 1
9880 3
9881 2
9882 1
9883 4
9884 1
9885 1
9886 4
9887 2
9888 3
9890 2
9891 2
9892 2
9893 2
9894 6
9895 2
9897 5
9898 3
9899 3
9900 3
9901 1
9902 4
9904 3
9905 1
9906 2
9907 1
9908 2
9909 1
9911 2
9912 3
9913 1
9914 4
9915 1
9916 2
9917 1
9918 2
9920 3
9921 1
9923 2
9924 2
9925 1
9926 4
9928 5
9930 4
9931 4
9932 2
9933 4
9936 2
9937 1
9938 3
9939 4
9940 4
9941 1
9942 3
9944 4
9945 2
9946 2
9949 4
9950 2
9951 1
9952 3
9953 2
9954 3
9955 1
9956 4
9957 3
9958 1
9959 1
9960 1
9961 1
9962 2
9963 2
9964 1
9965 5
9966 4
9967 1
9968 3
9969 1
9970 1
9971 1
9972 1
9973 3
9974 2
9975 2
9976 1
9977 2
9978 2
9979 5
9980 3
9982 3
9983 5
9984 2
9985 1
9986 1
9987 1
9988 1
9989 1
9990 1
9991 3
9992 1
9993 2
9994 4
9995 1
9996 2
9997 2
9998 2
9999 7
10000 1
10001 2
10003 2
10004 2
10005 1
10006 2
10007 1
10008 3
10009 3
10010 3
10011 3
10013 5
10014 1
10016 1
10017 4
10018 4
10019 3
10020 2
10022 2
10023 4
10024 2
10025 3
10027 5
10028 3
10030 3
10032 2
10033 5
10034 2
10035 3
10036 1
10037 3
10038 1
10039 3
10040 3
10042 2
10043 1
10044 1
10046 1
10047 1
10048 2
10049 1
10050 2
10051 4
10052 2
10053 6
10054 1
10056 5
10057 3
10058 3
10059 3
10060 1
10061 2
10062 2
10063 3
10064 2
10066 1
10067 2
10068 2
10069 1
10071 1
10072 2
10073 3
10074 2
10076 3
10077 3
10079 3
10080 2
10081 1
10082 4
10083 1
10084 5
10085 1
10086 1
10087 2
10088 1
10089 3
10090 5
10091 2
10092 3
10093 4
10096 4
10098 4
10100 1
10101 2
10102 3
10103 4
10104 1
10105 1
10106 2
10107 3
10108 2
10109 1
10110 4
10111 1
10112 4
10113 3
10114 1
10115 1
10116 2
10117 3
10118 4
10120 2
10121 1
10122 5
10123 2
10124 5
10127 2
10128 1
10129 3
10130 2
10131 1
10132 3
10133 3
10134 2
10135 2
10136 6
10137 1
10138 5
10140 1
10141 2
10142 2
10143 2
10144 1
10146 5
10148 2
10149 3
10150 5
10151 1
10152 2
10153 1
10154 2
10155 1
10156 4
10157 2
10158 4
10160 4
10162 4
10163 2
10166 2
10167 3
10168 1
10169 3
10170 4
10172 4
10173 2
10174 2
10175 4
10176 7
10178 1
10180 2
10182 1
10183 5
10184 2
10186 5
10187 2
10188 1
10189 3
10190 2
10191 2
10192 3
10193 5
10196 3
10198 1
10199 2
10200 3
10201 1
10202 4
10203 3
10204 2
10205 3
10206 1
10207 3
10209 6
10210 3
10212 4
10213 1
10214 2
10215 2
10216 3
10217 3
10218 1
10219 3
10220 1
10221 2
10222 1
10223 2
10224 1
10226 2
10227 1
10228 3
10229 3
10230 2
10231 1
10232 2
10233 2
10235 3
10236 3
10237 1
10238 3
10239 1
10240 2
10241 4
10242 2
10243 5
10245 2
10246 1
10247 2
10248 2
10249 3
10250 2
10251 1
10252 3
10254 2
10255 4
10256 1
10257 4
10258 2
10261 1
10262 3
10263 3
10264 1
10265 1
10266 5
10267 1
10268 3
10269 5
10270 1
10271 1
10272 1
10273 1
10274 1
10275 1
10276 2
10277 1
10278 1
10279 1
10280 1
10281 2
10282 4
10283 4
10286 4
10287 2
10288 1
10289 1
10290 2
10291 1
10292 4
10293 1
10294 1
10295 5
10296 2
10297 3
10298 2
10299 2
10300 2
10302 4
10303 4
10306 3
10308 3
10309 3
10311 3
10312 3
10313 4
10314 2
10315 1
10316 5
10317 1
10319 3
10320 3
10321 3
10322 3
10323 2
10325 2
10326 4
10327 1
10328 4
10329 2
10330 3
10331 2
10332 2
10333 3
10335 2
10336 1
10337 2
10339 2
10340 3
10342 6
10345 3
10346 3
10347 4
10348 3
10349 1
10350 3
10351 2
10352 4
10353 1
10354 1
10355 2
10356 2
10358 1
10359 3
10360 2
10361 1
10362 4
10363 3
10364 1
10365 2
10366 5
10368 4
10369 2
10370 3
10371 1
10374 2
10376 3
10377 1
10378 1
10379 3
10380 3
10381 2
10382 3
10384 1
10385 2
10386 4
10387 2
10389 2
10390 2
10391 1
10392 4
10393 2
10394 2
10395 2
10396 4
10397 2
10398 2
10399 3
10400 2
10401 3
10402 2
10403 3
10404 1
10405 2
10406 5
10408 1
10410 3
10411 2
10413 4
10414 2
10415 3
10416 1
10417 1
10419 3
10420 3
10421 2
10422 4
10423 4
10424 1
10425 4
10426 1
10427 1
10429 3
10430 3
10431 1
10432 4
10433 2
10435 4
10436 1
10437 1
10439 4
10440 2
10441 3
10442 1
10444 2
10445 1
10446 3
10447 3
10449 6
10451 4
10452 1
10453 1
10454 2
10455 1
10456 2
10459 3
10460 1
10462 4
10463 2
10465 6
10466 2
10467 2
10468 1
10469 1
10470 3
10471 1
10472 4
10473 3
10475 5
10476 1
10478 3
10479 5
10480 1
10481 1
10482 1
10483 1
10484 1
10485 5
10486 2
10487 2
10488 1
10489 3
10491 2
10492 3
10493 2
10495 2
10496 3
10498 2
10499 3
10500 1
10501 1
10502 1
10503 1
10504 3
10505 5
10506 2
10507 1
10509 1
10510 1
10511 1
10512 4
10513 2
10515 1
10516 2
10517 1
10518 2
10519 3
10520 3
10521 3
10522 2
10523 1
10524 2
10525 4
10526 3
10527 4
10529 4
10530 1
10531 1
10532 2
10533 2
10536 2
10537 1
10538 4
10539 4
10540 1
10541 3
10543 5
10545 2
10546 4
10547 1
10548 1
10549 3
10550 2
10551 2
10552 3
10553 1
10554 1
10555 5
10556 2
10557 2
10558 4
10559 3
10560 5
10561 1
10562 1
10563 1
10565 3
10566 1
10569 2
10571 1
10572 6
10574 2
10575 2
10576 3
10577 1
10578 1
10579 4
10580 2
10581 3
10582 1
10583 1
10584 2
10585 2
10586 1
10587 1
10588 2
10589 4
10590 1
10591 3
10592 4
10594 3
10595 2
10596 1
10597 1
10598 2
10599 2
10600 2
10601 1
10602 1
10603 2
10604 1
10605 4
10606 1
10607 1
10608 3
10609 1
10610 1
10611 3
10612 1
10613 1
10614 3
10615 2
10616 3
10617 1
10619 3
10620 1
10621 4
10623 2
10624 2
10625 2
10626 2
10628 1
10629 2
10630 1
10631 4
10632 2
10633 2
10634 2
10635 3
10637 2
10638 1
10639 2
10640 2
10641 3
10643 2
10644 1
10645 4
10648 3
10649 4
10650 3
10651 2
10652 2
10654 2
10655 4
10657 3
10659 4
10660 1
10661 1
10662 2
10663 1
10664 2
10665 3
10666 1
10667 1
10669 3
10670 1
10671 2
10673 1
10674 3
10675 4
10676 1
10677 3
10678 1
10679 3
10680 1
10681 2
10682 1
10683 3
10684 4
10685 5
10686 2
10688 4
10689 3
10691 1
10692 2
10693 3
10695 5
10696 2
10697 2
10698 1
10699 4
10700 1
10702 3
10703 2
10704 4
10705 3
10706 1
10707 1
10708 2
10709 4
10710 1
10711 2
10714 4
10715 4
10716 1
10717 3
10719 4
10721 1
10722 4
10723 1
10725 2
10727 1
10728 1
10729 3
10730 3
10731 2
10732 1
10733 4
10734 2
10735 5
10736 1
10738 3
10739 1
10740 4
10741 1
10742 2
10743 3
10744 2
10745 2
10746 1
10747 2
10748 4
10749 3
10750 1
10751 2
10752 1
10753 1
10754 1
10756 3
10757 2
10759 4
10761 3
10762 2
10763 1
10764 2
10765 1
10766 1
10767 2
10768 5
10769 3
10770 1
10771 1
10773 3
10774 2
10775 2
10776 1
10777 1
10778 3
10779 1
10780 1
10781 2
10782 4
10783 2
10784 3
10785 2
10786 1
10787 2
10788 2
10789 3
10790 5
10792 1
10793 1
10794 1
10795 1
10796 2
10798 2
10799 3
10801 2
10802 4
10804 2
10805 1
10806 1
10807 2
10808 2
10809 3
10810 1
10811 1
10812 2
10813 2
10814 2
10815 3
10816 3
10817 1
10818 4
10819 2
10821 2
10822 1
10823 2
10824 4
10825 1
10826 2
10827 2
10828 1
10829 2
10830 1
10832 2
10833 2
10834 2
10835 3
10838 1
10839 2
10841 3
10842 2
10843 1
10844 6
10845 1
10846 1
10847 2
10849 3
10850 1
10851 2
10852 1
10853 1
10854 2
10855 2
10856 1
10857 1
10858 4
10859 1
10860 1
10861 3
10862 2
10863 3
10864 1
10865 2
10867 3
10868 4
10870 1
10871 1
10872 1
10873 2
10874 1
10875 3
10877 1
10878 3
10879 3
10880 2
10881 1
10882 1
10883 1
10884 4
10885 2
10887 2
10889 5
10890 1
10891 1
10892 1
10893 1
10894 5
10895 3
10896 1
10897 3
10899 1
10900 2
10901 2
10903 2
10904 2
10905 3
10906 1
10907 2
10908 1
10909 3
10910 1
10911 1
10912 2
10913 4
10914 3
10915 3
10918 3
10919 1
10920 2
10921 1
10922 1
10923 3
10924 3
10925 1
10926 2
10927 3
10929 6
10932 2
10934 3
10935 1
10937 3
10938 2
10939 3
10940 4
10941 4
10943 3
10944 3
10945 2
10947 2
10948 3
10949 3
10950 1
10951 2
10952 1
10953 2
10954 2
10955 2
10958 3
10959 1
10960 2
10961 1
10962 1
10963 4
10964 1
10965 1
10966 2
10967 3
10968 1
10969 1
10970 1
10971 1
10972 3
10973 1
10974 6
10975 2
10977 5
10978 4
10979 1
10980 1
10982 2
10983 2
10984 2
10986 2
10988 2
10990 1
10991 3
10992 2
10993 2
10994 2
10995 1
10996 3
10997 1
10998 3
11000 2
11001 2
11003 5
11004 2
11006 3
11007 2
11008 4
11009 1
11010 1
11011 2
11012 4
11013 1
11014 2
11017 2
11018 1
11019 3
11020 4
11022 4
11023 1
11024 2
11025 1
11026 4
11028 2
11029 1
11030 1
11031 1
11032 4
11033 1
11034 3
11036 2
11037 3
11038 1
11040 1
11041 1
11042 2
11043 1
11044 1
11045 2
11046 5
11047 1
11048 3
11049 1
11051 2
11052 2
11053 3
11054 2
11055 1
11056 1
11057 3
11059 2
11060 4
11062 4
11064 2
11066 1
11067 1
11068 2
11069 2
11070 1
11071 3
11072 2
11073 3
11074 3
11076 2
11077 1
11078 1
11079 1
11080 1
11081 1
11082 1
11084 1
11085 1
11086 5
11087 1
11088 5
11089 2
11090 1
11091 1
11092 1
11093 1
11094 1
11096 1
11097 2
11098 2
11099 3
11100 3
11102 4
11103 2
11104 3
11105 5
11107 4
11110 2
11111 1
11112 1
11113 2
11114 3
11115 1
11116 2
11119 4
11120 2
11121 1
11123 2
11124 3
11126 2
11127 1
11129 1
11130 3
11131 3
11132 1
11133 5
11135 1
11136 2
11137 1
11138 2
11139 3
11140 2
11141 2
11142 3
11143 2
11144 2
11145 2
11147 3
11148 1
11149 1
11152 1
11153 5
11154 3
11156 2
11157 3
11159 4
11160 2
11164 1
11165 2
11168 2
11169 2
11170 4
11171 2
11172 1
11173 4
11175 1
11177 1
11178 2
11179 1
11180 3
11181 3
11182 2
11183 3
11184 2
11185 3
11187 2
11188 2
11189 1
11192 4
11193 2
11194 1
11196 2
11197 4
11199 2
11200 1
11201 2
11202 3
11203 1
11204 5
11205 1
11206 2
11207 2
11208 2
11209 1
11210 1
11211 1
11212 2
11213 4
11214 2
11216 4
11218 2
11220 1
11221 2
11222 2
11223 1
11226 4
11227 2
11229 1
11230 5
11231 1
11232 5
11233 2
11234 1
11235 2
11236 2
11237 3
11238 4
11240 3
11242 2
11245 1
11246 1
11247 1
11248 1
11249 1
11250 2
11251 1
11252 1
11253 3
11254 2
11255 1
11256 7
11258 3
11259 1
11260 1
11261 3
11262 1
11263 2
11264 4
11266 5
11267 3
11269 1
11270 2
11271 1
11272 3
11274 1
11275 1
11276 4
11277 3
11278 1
11280 2
11282 4
11283 2
11284 1
11285 1
11286 2
11287 3
11289 2
11290 2
11292 3
11294 1
11295 3
11296 6
11297 2
11298 2
11300 1
11301 1
11303 2
11304 1
11306 3
11307 1
11308 1
11309 2
11310 3
11311 2
11312 4
11315 3
11316 4
11318 2
11320 1
11321 1
11322 2
11323 3
11324 1
11325 3
11326 2
11327 1
11329 4
11330 3
11331 1
11332 4
11334 3
11335 1
11336 2
11337 3
11338 1
11339 1
11340 2
11341 2
11342 3
11343 2
11344 1
11345 1
11346 3
11348 1
11349 5
11350 3
11351 3
11352 1
11354 1
11355 1
11356 1
11357 2
11359 1
11360 2
11361 2
11362 1
11363 6
11365 3
11366 1
11367 2
11368 1
11370 2
11372 2
11373 1
11374 1
11375 3
11376 2
11377 3
11378 2
11379 4
11381 1
11383 5
11386 2
11388 1
11389 4
11390 2
11391 2
11393 2
11394 1
11395 2
11396 3
11398 1
11399 2
11401 1
11402 2
11403 1
11405 3
11406 1
11407 1
11408 1
11409 2
11410 3
11412 3
11413 1
11415 6
11416 1
11417 3
11419 2
11422 5
11423 2
11425 1
11426 2
11428 1
11429 3
11431 2
11432 3
11433 1
11434 1
11435 1
11436 2
11438 2
11439 3
11440 2
11441 2
11442 3
11443 3
11444 2
11445 2
11446 3
11448 3
11449 1
11450 2
11451 1
11452 1
11453 1
11455 1
11456 2
11457 1
11459 1
11460 3
11461 1
11462 3
11465 2
11466 3
11467 1
11468 1
11469 3
11470 2
11471 3
11472 2
11474 3
11475 3
11476 3
11477 1
11478 1
11479 2
11480 1
11481 1
11482 2
11483 2
11485 1
11486 4
11487 1
11488 3
11489 1
11490 3
11491 1
11493 3
11494 2
11495 4
11496 2
11497 2
11499 2
11500 2
11501 1
11502 3
11505 3
11506 2
11507 2
11508 1
11509 2
11510 2
11512 1
11513 1
11515 1
11516 5
11518 1
11519 2
11520 1
11521 4
11522 2
11524 2
11525 3
11526 6
11527 1
11529 3
11530 1
11531 2
11532 1
11533 2
11534 2
11535 3
11536 3
11537 1
11538 1
11539 2
11540 2
11541 1
11542 4
11543 1
11545 2
11546 1
11547 1
11548 1
11550 3
11552 3
11553 3
11555 5
11556 1
11558 1
11559 4
11560 1
11561 1
11564 1
11565 1
11566 2
11567 2
11568 2
11569 4
11571 2
11572 2
11573 2
11574 2
11575 3
11579 2
11580 1
11581 1
11582 1
11584 1
11585 3
11587 2
11588 1
11589 4
11590 1
11592 1
11593 3
11594 1
11595 3
11596 1
11597 2
11598 2
11599 4
11600 1
11601 2
11603 2
11604 2
11605 2
11606 2
11607 2
11608 1
11609 4
11611 1
11613 2
11615 3
11618 3
11619 2
11620 2
11621 1
11623 4
11625 4
11626 3
11628 3
11629 1
11632 1
11633 2
11635 2
11636 1
11637 1
11638 1
11639 3
11640 3
11641 1
11642 1
11643 1
11644 1
11645 3
11646 2
11647 2
11649 5
11652 5
11653 2
11654 3
11655 1
11658 1
11659 5
11661 1
11662 2
11663 2
11665 1
11667 1
11668 2
11669 3
11670 2
11672 2
11673 1
11675 3
11676 2
11678 4
11679 2
11680 4
11681 1
11683 1
11685 3
11686 2
11688 3
11689 1
11691 2
11692 2
11694 2
11695 2
11696 2
11698 1
11699 2
11701 4
11702 1
11703 2
11704 2
11705 2
11706 1
11709 2
11711 1
11712 3
11713 1
11714 2
11715 2
11717 1
11718 2
11719 1
11720 3
11721 1
11722 1
11723 2
11724 1
11725 4
11726 1
11728 3
11729 2
11730 2
11731 3
11732 3
11734 3
11735 2
11736 1
11738 1
11739 2
11740 1
11741 1
11742 1
11743 1
11744 1
11745 2
11746 5
11748 1
11749 1
11750 1
11751 3
11752 1
11753 1
11754 3
11755 2
11756 2
11757 1
11758 2
11759 1
11760 1
11761 2
11762 1
11763 3
11764 1
11765 5
11766 2
11768 4
11769 2
11772 1
11774 1
11775 1
11777 3
11778 1
11779 4
11782 3
11783 1
11784 2
11785 3
11786 1
11787 1
11788 2
11789 2
11790 1
11794 2
11795 3
11797 3
11798 2
11799 3
11802 1
11803 2
11804 1
11805 3
11808 3
11809 1
11810 1
11811 3
11812 1
11813 3
11814 1
11815 2
11816 1
11817 1
11818 1
11819 3
11822 1
11823 1
11824 3
11825 1
11826 1
11828 3
11829 3
11831 1
11832 1
11833 1
11834 1
11835 1
11836 1
11837 2
11838 2
11839 1
11842 2
11843 1
11844 2
11845 3
11847 1
11848 3
11850 1
11851 1
11853 5
11854 1
11855 3
11858 5
11859 1
11860 2
11862 4
11863 3
11864 2
11867 2
11869 2
11870 2
11871 1
11872 1
11873 1
11876 2
11877 1
11878 3
11879 4
11880 1
11882 2
11883 1
11887 2
11888 4
11889 3
11890 1
11891 2
11892 1
11893 3
11894 1
11895 1
11896 3
11897 1
11898 1
11899 1
11902 2
11903 1
11904 4
11905 2
11906 1
11907 2
11908 2
11909 3
11910 3
11912 2
11913 1
11914 3
11915 1
11918 3
11919 1
11920 1
11921 2
11922 4
11923 1
11924 3
11925 1
11926 1
11930 1
11931 2
11932 2
11933 2
11934 1
11935 3
11936 3
11938 5
11939 1
11941 1
11942 2
11943 4
11944 2
11945 1
11947 2
11948 3
11949 1
11950 1
11951 1
11952 1
11954 1
11955 1
11956 1
11958 2
11959 2
11960 1
11961 2
11962 2
11964 5
11965 1
11966 1
11970 1
11971 1
11972 2
11973 1
11974 1
11975 2
11976 3
11977 1
11978 1
11980 1
11981 2
11982 1
11983 3
11985 1
11986 1
11987 3
11988 3
11990 1
11991 2
11992 2
11993 2
11994 1
11995 3
11997 1
11998 3
11999 1
12000 1
12001 1
12002 1
12004 3
12005 1
12007 3
12009 3
12012 1
12013 1
12014 1
12015 2
12017 2
12018 3
12020 3
12021 3
12023 2
12024 1
12025 2
12026 2
12027 2
12028 3
12029 2
12031 1
12032 2
12034 1
12035 1
12037 3
12038 2
12039 1
12040 1
12041 1
12042 3
12043 1
12044 1
12046 1
12047 3
12049 2
12052 2
12054 2
12055 2
12057 1
12058 3
12059 1
12060 1
12061 1
12062 1
12063 3
12064 1
12065 1
12066 2
12067 1
12068 4
12071 3
12073 2
12074 2
12075 1
12076 1
12077 1
12078 2
12080 1
12081 1
12083 4
12086 1
12087 3
12088 3
12089 1
12092 3
12094 1
12097 4
12098 2
12099 1
12100 2
12101 1
12102 1
12103 2
12106 2
12107 1
12108 3
12111 1
12112 1
12113 2
12114 3
12115 1
12116 3
12117 3
12118 3
12120 1
12121 2
12122 1
12123 3
12124 1
12125 1
12126 1
12127 1
12128 2
12129 1
12132 3
12133 2
12134 4
12137 2
12139 1
12140 3
12142 3
12143 1
12144 1
12146 2
12148 3
12149 1
12150 1
12151 2
12152 3
12153 2
12154 2
12156 3
12157 1
12162 1
12165 1
12166 3
12167 1
12168 5
12169 1
12170 2
12172 2
12173 1
12174 1
12175 1
12177 3
12178 1
12179 1
12180 3
12181 1
12182 4
12184 1
12185 1
12186 1
12187 1
12188 1
12189 1
12190 1
12191 2
12193 2
12194 2
12196 2
12199 2
12200 2
12201 1
12204 1
12206 5
12207 1
12208 1
12209 1
12210 2
12211 2
12212 1
12213 1
12215 1
12217 2
12220 2
12221 1
12222 2
12223 1
12224 1
12225 4
12227 3
12228 1
12229 2
12230 1
12231 1
12233 2
12234 2
12235 2
12236 2
12237 1
12239 2
12240 1
12243 2
12244 1
12245 1
12246 1
12247 1
12248 1
12249 1
12250 3
12251 2
12253 1
12255 1
12256 2
12258 1
12259 1
12260 2
12261 2
12262 4
12263 1
12264 1
12265 4
12267 2
12269 1
12270 1
12272 2
12273 3
12274 1
12276 3
12277 3
12279 3
12280 1
12281 2
12284 2
12285 2
12288 1
12290 1
12291 1
12293 3
12295 1
12298 1
12300 2
12301 2
12303 1
12305 2
12306 2
12307 4
12309 1
12310 2
12312 3
12313 2
12315 1
12316 1
12317 3
12318 2
12319 1
12321 1
12323 1
12324 1
12325 1
12326 1
12327 3
12328 2
12329 1
12331 1
12333 3
12334 1
12335 1
12336 1
12337 1
12338 1
12339 1
12340 1
12341 1
12342 1
12343 2
12344 4
12345 1
12346 4
12347 2
12350 1
12352 1
12354 1
12355 2
12356 1
12357 1
12358 2
12359 2
12360 1
12362 2
12363 1
12365 1
12366 1
12371 1
12373 1
12374 1
12376 4
12377 1
12378 2
12379 1
12380 2
12383 1
12384 2
12385 1
12386 3
12387 2
12388 1
12390 2
12392 3
12395 2
12396 1
12397 1
12398 1
12400 2
12402 2
12403 1
12404 2
12405 1
12406 3
12407 2
12409 3
12410 2
12411 1
12412 3
12414 2
12416 2
12417 1
12419 3
12420 1
12421 1
12423 1
12424 1
12425 1
12426 1
12429 2
12430 3
12431 2
12432 2
12434 1
12435 3
12436 2
12437 1
12438 2
12440 2
12441 2
12442 1
12443 3
12445 3
12450 2
12451 1
12452 1
12453 1
12454 1
12455 1
12456 2
12457 1
12458 1
12459 3
12460 1
12461 2
12463 2
12466 2
12469 5
12470 2
12471 3
12474 1
12475 1
12479 1
12480 3
12483 1
12485 4
12486 2
12489 1
12490 3
12492 3
12493 1
12495 3
12496 1
12497 2
12499 3
12500 1
12501 1
12503 4
12505 1
12506 2
12509 2
12510 1
12511 2
12512 1
12513 1
12514 2
12515 2
12516 2
12519 4
12521 1
12522 1
12523 1
12524 1
12525 4
12528 2
12529 1
12530 1
12533 1
12535 3
12536 1
12537 4
12539 3
12541 1
12542 2
12543 1
12545 2
12546 1
12547 1
12548 1
12549 3
12551 2
12552 1
12553 1
12554 2
12555 2
12556 1
12557 1
12559 1
12562 1
12563 2
12564 2
12565 2
12568 3
12569 1
12570 4
12572 1
12573 2
12575 2
12576 2
12577 1
12579 2
12581 1
12582 1
12584 1
12586 2
12588 1
12589 4
12590 1
12591 1
12594 1
12595 1
12596 3
12598 1
12599 2
12601 1
12602 2
12603 1
12605 1
12606 2
12607 1
12608 1
12609 1
12610 1
12612 1
12613 2
12615 3
12616 1
12617 2
12618 3
12619 1
12620 3
12622 3
12625 1
12628 1
12629 1
12633 1
12635 2
12636 3
12639 2
12642 1
12644 2
12645 2
12646 2
12647 1
12648 2
12649 4
12651 1
12652 1
12653 2
12654 3
12655 2
12656 1
12658 1
12660 1
12661 1
12662 2
12665 2
12667 1
12668 1
12669 3
12670 1
12671 1
12672 1
12673 2
12674 1
12675 1
12677 1
12678 1
12679 3
12680 1
12681 1
12682 1
12683 1
12684 1
12686 1
12688 1
12689 1
12690 1
12691 1
12692 1
12693 1
12695 4
12696 2
12698 2
12699 2
12700 3
12701 2
12703 1
12704 1
12705 2
12708 1
12709 3
12710 2
12712 1
12713 2
12714 1
12715 3
12716 1
12719 1
12720 1
12721 2
12722 1
12723 1
12724 1
12725 1
12726 2
12727 2
12729 6
12731 1
12732 1
12733 2
12734 3
12735 1
12738 2
12739 1
12740 1
12741 2
12742 1
12743 2
12745 1
12748 3
12749 4
12753 1
12755 3
12756 1
12758 2
12759 1
12760 1
12763 1
12765 1
12766 1
12767 1
12768 2
12769 3
12771 2
12772 3
12773 1
12774 3
12775 1
12777 2
12778 2
12779 2
12781 1
12782 2
12783 1
12785 1
12789 1
12792 3
12793 2
12795 1
12796 1
12798 3
12799 1
12800 3
12802 2
12803 1
12805 1
12806 2
12808 2
12809 2
12811 2
12812 2
12814 2
12816 1
12818 1
12819 2
12821 1
12823 2
12825 1
12826 3
12828 5
12829 2
12831 1
12832 1
12833 2
12836 1
12838 2
12841 1
12842 2
12843 2
12845 2
12846 1
12848 1
12849 2
12850 1
12852 3
12854 4
12855 1
12857 2
12858 1
12859 2
12862 4
12864 1
12865 2
12866 2
12868 2
12870 1
12872 1
12874 1
12875 1
12876 1
12878 2
12879 1
12883 2
12884 1
12885 1
12886 1
12888 4
12889 1
12891 2
12892 2
12898 1
12899 3
12902 2
12904 2
12905 2
12906 2
12908 2
12909 2
12912 1
12914 1
12915 1
12916 1
12917 1
12918 2
12919 1
12920 1
12921 1
12922 1
12923 1
12924 1
12925 4
12926 1
12928 3
12930 1
12931 2
12932 1
12933 2
12934 1
12935 1
12937 1
12938 1
12939 3
12940 1
12942 2
12943 1
12944 1
12948 2
12951 2
12953 1
12956 1
12957 1
12958 2
12959 4
12960 1
12961 1
12963 1
12964 2
12966 1
12968 3
12969 1
12970 1
12971 3
12972 1
12973 3
12978 2
12979 1
12982 3
12983 1
12984 3
12985 2
12987 2
12989 1
12990 2
12992 1
12998 3
13000 2
13002 3
13003 1
13006 1
13008 1
13011 2
13012 2
13013 2
13016 3
13018 2
13019 1
13022 2
13027 3
13028 1
13029 2
13032 1
13034 2
13036 1
13037 2
13038 2
13040 1
13041 2
13042 1
13044 1
13046 1
13047 1
13050 1
13051 1
13052 1
13053 2
13055 1
13056 3
13058 2
13061 3
13062 1
13063 3
13064 1
13066 1
13067 3
13068 3
13070 1
13071 2
13072 1
13075 1
13076 1
13078 2
13079 1
13081 1
13082 2
13083 1
13084 4
13085 1
13086 1
13092 2
13094 2
13095 1
13096 3
13097 1
13098 3
13100 1
13101 1
13105 1
13106 2
13107 1
13108 2
13109 1
13110 1
13112 3
13115 1
13117 4
13118 2
13119 1
13121 1
13122 2
13124 1
13126 1
13127 1
13131 1
13133 1
13134 1
13135 3
13136 1
13138 3
13139 1
13141 2
13143 1
13145 1
13146 3
13147 1
13148 2
13149 1
13150 1
13151 2
13152 1
13153 1
13154 1
13155 1
13157 2
13161 1
13162 2
13163 1
13165 1
13167 2
13168 1
13169 1
13175 1
13178 3
13179 1
13181 2
13183 1
13186 2
13188 2
13189 1
13191 2
13193 1
13194 2
13195 2
13196 1
13197 1
13198 2
13200 2
13201 2
13202 1
13203 2
13208 1
13211 1
13212 2
13214 2
13216 1
13217 1
13220 2
13221 1
13222 1
13223 1
13226 2
13228 2
13229 1
13232 2
13233 1
13234 1
13235 1
13236 2
13237 2
13240 1
13241 1
13242 1
13243 1
13245 1
13246 1
13247 2
13248 1
13250 1
13252 2
13257 3
13260 1
13261 1
13262 1
13264 1
13266 1
13268 1
13271 3
13273 1
13274 1
13276 3
13277 1
13280 1
13281 2
13286 2
13288 1
13290 3
13291 2
13292 2
13294 1
13295 1
13297 2
13300 1
13301 1
13302 1
13305 1
13306 1
13307 1
13308 2
13310 2
13311 1
13314 1
13315 1
13316 2
13319 2
13320 1
13324 1
13326 3
13327 2
13328 1
13329 1
13330 3
13331 1
13336 1
13337 1
13340 1
13341 1
13342 3
13345 2
13346 1
13347 2
13349 1
13351 1
13352 1
13353 2
13354 1
13355 2
13356 3
13357 1
13359 2
13361 2
13363 1
13364 1
13365 1
13367 1
13370 1
13371 1
13373 2
13375 2
13380 3
13381 1
13382 1
13383 1
13385 3
13386 1
13387 1
13389 1
13391 1
13392 1
13393 1
13396 1
13397 1
13398 1
13399 2
13401 1
13403 1
13404 2
13407 1
13408 1
13409 3
13411 2
13413 2
13420 2
13423 1
13424 2
13425 1
13426 1
13427 1
13430 3
13433 1
13435 1
13436 1
13438 2
13439 3
13441 1
13443 1
13445 1
13446 1
13447 1
13449 1
13450 1
13451 1
13453 1
13454 1
13456 2
13458 1
13459 1
13463 1
13464 2
13465 2
13466 1
13467 2
13468 1
13472 1
13475 1
13477 1
13479 1
13480 1
13482 2
13483 1
13484 1
13486 1
13487 1
13489 1
13491 1
13498 1
13499 1
13500 1
13501 1
13503 1
13505 1
13506 2
13508 1
13509 1
13510 1
13511 1
13512 2
13514 1
13515 1
13518 2
13520 3
13521 1
13522 1
13524 1
13529 1
13531 1
13532 2
13534 1
13536 1
13539 3
13540 2
13545 1
13549 2
13550 1
13551 1
13554 1
13557 1
13558 1
13559 1
13560 3
13561 1
13562 1
13563 1
13565 1
13566 1
13568 1
13571 1
13572 1
13573 1
13576 2
13579 2
13581 2
13583 3
13584 1
13586 1
13589 2
13590 1
13591 1
13593 2
13594 1
13595 1
13599 1
13600 1
13603 1
13605 3
13609 1
13610 2
13612 1
13615 2
13616 2
13617 2
13619 3
13622 1
13623 1
13627 1
13629 2
13632 1
13633 2
13634 2
13635 1
13637 1
13639 1
13640 1
13643 2
13644 1
13645 4
13648 2
13650 1
13653 1
13654 1
13655 1
13656 1
13657 1
13659 3
13660 1
13661 1
13663 1
13664 2
13666 1
13667 1
13669 2
13671 1
13674 1
13675 2
13677 1
13679 2
13682 1
13683 1
13688 2
13689 1
13693 3
13695 1
13696 1
13697 1
13698 1
13699 1
13700 1
13702 2
13704 1
13708 1
13709 2
13712 1
13713 1
13715 1
13716 1
13717 1
13719 3
13722 2
13723 1
13724 1
13725 1
13728 2
13729 1
13730 1
13733 1
13736 1
13738 3
13739 1
13740 1
13742 4
13744 1
13749 1
13750 1
13751 1
13752 1
13755 1
13758 1
13759 1
13762 2
13764 1
13767 1
13768 1
13769 2
13772 1
13773 1
13774 1
13775 2
13776 2
13778 2
13780 1
13781 1
13789 2
13791 1
13792 1
13793 1
13794 2
13801 1
13802 2
13803 1
13804 1
13809 1
13811 1
13813 1
13816 1
13818 3
13820 2
13821 2
13823 2
13825 1
13828 2
13829 1
13832 1
13835 1
13839 2
13842 1
13845 1
13846 1
13847 1
13848 1
13849 2
13851 1
13852 2
13853 1
13854 2
13855 1
13857 2
13858 1
13859 1
13861 1
13862 1
13865 1
13869 2
13870 1
13872 2
13873 1
13874 1
13875 3
13876 1
13878 1
13885 1
13886 1
13887 1
13888 1
13889 3
13891 1
13894 1
13895 1
13896 1
13897 2
13898 1
13899 1
13901 2
13903 2
13905 1
13908 4
13909 1
13912 2
13913 1
13915 1
13918 2
13922 2
13923 2
13926 1
13929 2
13930 1
13932 3
13934 3
13937 1
13938 1
13939 1
13942 2
13943 1
13945 1
13946 2
13948 4
13951 2
13952 2
13953 1
13954 1
13956 1
13966 1
13967 1
13968 1
13969 1
13970 1
13972 4
13977 2
13979 1
13980 2
13982 3
13985 2
13986 1
13988 1
13992 1
13998 1
13999 1
14001 1
14002 2
14003 1
14005 2
14006 1
14008 1
14011 2
14012 2
14019 2
14022 1
14026 1
14028 3
14031 3
14032 1
14034 1
14036 1
14038 2
14039 1
14041 1
14042 1
14044 1
14046 1
14048 3
14051 1
14052 1
14055 1
14058 1
14059 1
14062 2
14064 1
14065 2
14067 2
14071 1
14079 1
14080 1
14081 1
14082 1
14083 1
14086 1
14088 1
14091 2
14092 1
14093 1
14095 1
14099 2
14102 2
14105 2
14107 2
14109 1
14117 1
14118 1
14120 1
14121 1
14122 1
14125 1
14128 1
14131 2
14132 1
14133 2
14135 1
14138 2
14140 1
14142 2
14143 1
14144 1
14145 1
14147 2
14148 1
14152 1
14156 1
14157 1
14158 2
14160 1
14161 2
14162 1
14163 1
14164 3
14166 1
14172 1
14174 1
14176 3
14177 1
14178 1
14181 1
14182 1
14185 1
14186 1
14187 3
14190 2
14192 1
14195 1
14197 1
14201 1
14202 1
14203 1
14211 2
14214 1
14215 2
14216 1
14221 2
14225 1
14226 1
14229 1
14230 1
14231 1
14232 2
14235 1
14237 2
14241 2
14242 2
14245 1
14249 1
14255 1
14256 1
14258 3
14259 1
14261 1
14266 2
14268 2
14269 1
14270 1
14271 1
14272 1
14273 1
14274 1
14275 1
14281 1
14282 1
14289 1
14291 1
14297 1
14299 1
14300 1
14301 2
14305 1
14309 2
14310 1
14311 1
14312 1
14315 2
14317 1
14320 1
14321 1
14322 1
14323 1
14325 1
14327 1
14336 1
14337 1
14344 1
14349 1
14351 1
14352 1
14355 1
14356 1
14360 1
14362 1
14365 1
14367 1
14370 2
14372 2
14374 1
14377 1
14384 1
14386 1
14388 1
14391 1
14394 2
14396 1
14400 1
14401 1
14406 2
14407 2
14410 1
14411 1
14417 2
14420 1
14421 1
14425 1
14426 1
14431 1
14435 1
14436 1
14438 1
14439 1
14441 1
14445 1
14447 1
14450 3
14451 1
14455 2
14460 1
14462 1
14465 1
14466 2
14469 1
14471 1
14476 1
14479 2
14484 2
14489 1
14491 1
14493 2
14495 1
14500 2
14503 1
14504 1
14510 1
14511 1
14513 1
14519 2
14521 1
14527 1
14529 3
14530 1
14531 2
14533 2
14535 1
14544 1
14545 1
14547 1
14549 1
14558 1
14559 2
14560 1
14563 1
14566 1
14567 1
14569 1
14570 1
14578 1
14579 1
14583 1
14585 2
14586 1
14588 1
14592 1
14594 1
14600 1
14602 1
14604 1
14607 1
14609 1
14612 2
14614 1
14619 1
14623 1
14625 1
14628 1
14630 2
14636 1
14637 1
14638 1
14639 1
14640 1
14641 1
14642 1
14646 1
14648 1
14651 1
14652 1
14656 2
14659 1
14663 1
14669 1
14679 1
14680 3
14682 1
14685 1
14686 1
14688 1
14692 2
14696 2
14703 1
14706 1
14709 1
14713 2
14714 2
14723 2
14725 2
14734 1
14737 1
14739 2
14742 2
14743 1
14747 1
14753 1
14755 1
14757 1
14758 1
14759 1
14763 2
14768 1
14771 1
14773 1
14774 1
14776 1
14779 1
14784 2
14789 2
14790 1
14792 1
14793 1
14796 1
14797 1
14799 1
14802 1
14803 1
14808 1
14813 1
14818 1
14819 1
14820 1
14822 3
14824 1
14829 1
14830 1
14832 1
14833 1
14835 1
14837 1
14838 1
14839 1
14842 1
14848 1
14849 1
14853 1
14856 1
14858 1
14862 2
14870 1
14871 1
14872 1
14874 1
14878 1
14882 2
14884 1
14886 1
14891 1
14893 1
14896 2
14898 3
14900 1
14903 1
14912 1
14914 1
14916 1
14922 2
14925 1
14926 1
14933 1
14936 1
14941 2
14943 2
14948 1
14949 1
14951 1
14952 2
14954 1
14955 2
14965 1
14967 1
14968 1
14969 1
14972 1
14975 1
14976 1
14977 2
14978 2
14981 2
14985 1
14988 1
14992 2
14994 1
14995 1
14997 1
15006 1
15014 1
15016 1
15019 1
15021 1
15022 1
15023 1
15026 1
15028 2
15031 1
15032 1
15033 1
15035 1
15049 1
15050 1
15052 2
15057 1
15059 1
15060 2
15062 1
15063 1
15065 1
15068 1
15071 1
15072 1
15075 1
15082 1
15092 3
15100 2
15101 1
15102 1
15106 1
15108 2
15111 1
15112 1
15114 1
15116 1
15122 1
15125 1
15126 1
15128 2
15135 1
15141 1
15142 1
15146 1
15147 1
15151 3
15154 1
15156 1
15159 1
15161 1
15171 1
15172 1
15175 2
15179 1
15182 1
15185 3
15187 1
15202 1
15205 1
15206 1
15208 2
15211 1
15212 1
15215 1
15222 2
15225 1
15229 1
15238 1
15240 1
15241 3
15244 1
15245 1
15251 1
15255 1
15257 1
15260 1
15262 1
15265 1
15267 2
15270 1
15281 1
15283 1
15284 1
15291 1
15294 1
15295 1
15300 1
15302 1
15305 2
15310 1
15312 1
15321 1
15322 1
15334 1
15335 1
15336 1
15338 2
15350 1
15351 1
15352 1
15355 1
15361 2
15364 1
15369 1
15370 1
15371 1
15377 1
15379 1
15381 1
15385 1
15389 1
15390 1
15391 1
15395 1
15405 1
15416 1
15419 1
15429 1
15430 1
15432 1
15435 1
15440 1
15442 1
15445 1
15447 1
15450 1
15464 1
15471 2
15473 1
15474 1
15475 1
15484 1
15485 1
15487 1
15497 1
15514 1
15518 1
15525 1
15530 2
15544 1
15546 1
15558 1
15565 1
15568 1
15575 2
15580 1
15581 1
15591 1
15599 1
15609 1
15611 1
15613 1
15615 1
15624 1
15629 1
15639 1
15640 1
15650 1
15653 1
15665 1
15669 1
15682 1
15687 1
15689 1
15694 1
15703 1
15705 2
15708 1
15716 1
15732 2
15734 1
15743 1
15753 1
15756 1
15759 1
15760 1
15762 1
15766 1
15768 1
15772 1
15776 1
15783 1
15786 1
15788 1
15799 1
15802 1
15805 1
15810 1
15812 1
15822 1
15826 1
15833 1
15843 1
15851 1
15854 1
15859 1
15862 1
15866 1
15870 1
15883 1
15891 1
15899 1
15913 1
15916 1
15917 1
15919 1
15932 1
15933 1
15942 2
15945 1
15950 1
15952 1
15958 1
15962 1
15963 1
15966 1
15973 1
15976 1
15978 1
15994 1
15996 1
15997 1
16002 1
16006 1
16011 1
16013 1
16016 1
16023 1
16031 1
16032 1
16035 1
16036 1
16042 1
16045 1
16046 1
16056 1
16058 1
16061 1
16065 1
16072 2
16074 1
16075 1
16077 1
16091 1
16096 2
16099 1
16101 2
16115 1
16117 1
16125 1
16129 1
16139 1
16143 1
16146 1
16151 1
16152 1
16155 2
16162 1
16172 1
16180 2
16181 1
16182 1
16188 1
16195 1
16196 1
16221 1
16224 1
16226 1
16231 1
16234 1
16236 1
16255 1
16265 1
16266 1
16274 1
16275 1
16276 1
16288 1
16302 1
16305 1
16309 1
16321 2
16325 1
16331 1
16335 1
16345 1
16349 1
16359 1
16361 1
16364 1
16380 2
16382 1
16385 1
16390 1
16414 1
16415 1
16418 1
16425 1
16431 1
16441 1
16444 1
16458 1
16474 1
16484 1
16496 1
16499 1
16510 1
16539 1
16544 1
16551 1
16553 1
16555 1
16564 1
16565 1
16590 1
16593 1
16594 1
16604 1
16610 1
16624 1
16638 1
16645 1
16648 1
16661 1
16688 1
16704 1
16749 1
16785 1
16802 1
16814 1
16836 1
16856 1
16863 1
16868 1
16879 1
16882 1
16890 1
16892 1
16906 1
16908 1
16930 1
16942 1
16946 1
16971 1
16979 1
16986 1
17015 1
17025 1
17065 1
17093 1
17116 1
17122 1
17126 1
17136 1
17152 1
17155 1
17171 2
17176 1
17181 1
17185 1
17197 1
17205 1
17209 1
17216 1
17219 1
17235 1
17249 1
17265 1
17275 2
17301 1
17304 1
17330 1
17344 1
17346 1
17354 1
17355 1
17356 1
17385 1
17395 1
17398 1
17401 1
17429 1
17439 1
17479 1
17495 1
17505 1
17538 1
17554 1
17564 1
17619 1
17670 1
17673 1
17684 1
17713 1
17768 1
17784 1
17976 1
17988 1
18010 1
18066 1
18095 1
18135 1
18145 1
18189 1
18296 1
18329 1
18345 1
18355 1
18410 1
18424 1
18475 1
18478 1
18504 1
18518 1
18559 1
18575 1
18793 1
19215 1
19269 1
19309 1
19584 1
19598 1
20389 1
End
