NMec = 95584
T = 17
P = 1
Profits not ignored
Valid tasks:                                                              652
Solution time = 3.398e-05
Task data
    2 156 18883 -1
    8  11  1077 -1
    8  18  2551 0
   10  26  1248 -1
   20 162 20336 0
   47  57  1979 -1
   57  62   950 -1
   64  72  1057 -1
   70  75   752 -1
   71  97  2058 -1
   91 143  8390 -1
  104 109   960 -1
  104 122  1988 -1
  104 132  7151 -1
  105 112  1552 -1
  105 112  1651 -1
  146 158   972 -1
Best profit: 22887
All profits:
0 1
752 1
950 1
960 1
972 1
1057 1
1077 1
1248 1
1552 1
1651 1
1702 1
1712 1
1724 1
1829 1
1910 1
1922 1
1932 1
1979 1
1988 1
2000 1
2007 1
2017 1
2027 1
2029 1
2037 1
2049 1
2058 1
2134 1
2198 1
2208 1
2220 1
2304 1
2305 1
2403 1
2502 1
2524 1
2551 1
2601 1
2609 1
2623 1
2629 1
2662 1
2674 1
2684 1
2708 1
2728 1
2731 1
2740 1
2779 1
2789 1
2800 1
2801 1
2882 1
2899 1
2938 1
2939 1
2950 1
2951 1
2960 2
2967 1
2972 1
2979 1
2987 1
2989 1
2999 1
3008 1
3009 1
3018 1
3030 1
3036 1
3045 1
3056 1
3065 1
3084 1
3094 1
3106 1
3135 1
3158 1
3170 1
3180 1
3227 1
3236 1
3254 1
3255 1
3265 1
3276 1
3277 1
3303 1
3306 1
3353 1
3375 1
3381 1
3474 1
3480 1
3501 1
3511 1
3523 1
3531 1
3552 1
3559 1
3573 1
3579 1
3581 1
3601 1
3608 1
3610 1
3630 1
3634 1
3651 1
3658 1
3678 1
3680 1
3686 1
3690 1
3691 1
3700 1
3703 1
3709 1
3712 1
3739 1
3750 1
3751 1
3761 1
3772 1
3785 1
3808 1
3817 1
3849 1
3857 1
3871 1
3910 2
3911 1
3922 1
3932 1
3939 1
3956 1
3959 1
3967 1
3968 1
3979 1
3980 1
3988 1
3990 1
3995 1
3996 1
4008 1
4015 1
4016 1
4017 1
4028 1
4037 2
4044 1
4046 1
4056 1
4066 1
4085 1
4095 1
4103 1
4107 1
4113 1
4122 1
4130 1
4186 1
4187 1
4199 1
4202 1
4208 1
4215 1
4226 1
4227 1
4237 1
4253 1
4256 1
4263 1
4266 1
4275 1
4278 1
4283 1
4284 1
4293 1
4325 1
4331 1
4353 1
4382 1
4430 1
4452 1
4461 1
4473 1
4483 1
4502 1
4503 1
4524 1
4530 1
4531 1
4539 1
4551 1
4558 1
4560 1
4568 1
4580 1
4582 1
4588 1
4601 1
4602 1
4608 1
4609 1
4623 1
4630 1
4636 1
4650 1
4658 1
4659 1
4662 1
4663 1
4681 1
4687 2
4707 1
4711 1
4719 1
4722 1
4735 1
4757 1
4767 1
4768 1
4779 1
4780 1
4786 1
4789 1
4807 1
4821 1
4829 1
4855 1
4858 1
4878 1
4882 1
4906 1
4928 1
4938 1
4939 2
4940 1
4951 1
4954 1
4957 1
4960 1
4967 1
4968 1
4987 1
4988 1
4996 1
4997 1
5009 1
5016 1
5018 1
5024 1
5044 1
5045 1
5053 1
5057 1
5067 1
5072 1
5073 1
5075 1
5085 1
5094 1
5114 1
5123 1
5152 1
5158 1
5159 1
5160 1
5174 1
5187 1
5213 1
5215 1
5216 1
5225 1
5228 1
5235 1
5238 1
5243 1
5244 1
5255 1
5256 1
5259 1
5265 1
5282 1
5285 1
5291 1
5294 1
5303 1
5354 1
5360 1
5402 1
5433 1
5459 1
5474 1
5489 1
5490 1
5502 1
5511 1
5518 1
5530 1
5531 1
5532 1
5540 1
5559 1
5560 1
5569 1
5573 1
5580 1
5581 1
5587 1
5589 1
5596 1
5608 1
5630 1
5631 1
5637 1
5659 2
5665 1
5679 1
5688 1
5691 1
5707 1
5736 1
5739 1
5740 1
5751 1
5758 1
5764 1
5779 1
5796 1
5805 1
5808 1
5827 1
5830 1
5836 1
5850 1
5878 1
5904 1
5907 1
5910 1
5911 1
5926 1
5929 1
5935 1
5967 1
5968 1
5969 1
5996 1
6016 1
6017 1
6025 2
6044 1
6045 1
6073 1
6074 1
6082 1
6086 1
6095 1
6101 1
6110 1
6124 1
6132 1
6161 1
6181 1
6185 1
6187 1
6188 1
6209 1
6215 1
6216 1
6231 1
6241 1
6242 1
6244 1
6245 1
6254 1
6257 1
6260 1
6263 1
6266 1
6272 1
6332 1
6431 1
6461 1
6462 1
6490 1
6503 1
6518 1
6519 1
6531 1
6541 1
6546 1
6547 1
6559 1
6561 1
6568 1
6588 1
6597 1
6602 1
6609 1
6637 1
6660 1
6666 1
6708 1
6736 1
6765 1
6768 1
6777 1
6780 1
6808 1
6834 1
6837 1
6876 1
6879 1
6907 1
6933 1
6936 1
6939 1
6997 1
7045 1
7046 1
7054 1
7073 1
7082 1
7102 1
7111 1
7133 1
7139 1
7151 1
7153 1
7181 1
7210 1
7213 1
7214 1
7216 1
7217 1
7232 1
7238 1
7244 1
7270 1
7273 1
7490 1
7491 1
7518 1
7519 1
7547 1
7548 1
7560 1
7569 1
7575 1
7638 1
7737 1
7806 1
7809 1
7903 1
7905 1
7908 1
8074 1
8083 1
8101 1
8111 1
8123 1
8140 1
8182 1
8208 1
8210 1
8228 1
8239 1
8242 1
8245 1
8390 1
8399 1
8519 1
8520 1
8547 1
8576 1
8853 1
8875 1
8980 1
9073 1
9112 1
9130 1
9142 1
9151 1
9158 1
9178 1
9180 1
9200 1
9209 1
9211 1
9285 1
9340 1
9349 1
9362 1
9371 1
9447 1
9456 1
9467 1
9548 1
9638 1
9702 1
9825 1
9882 1
9930 1
9952 1
10092 1
10101 1
10102 1
10114 1
10123 1
10130 1
10150 1
10159 1
10181 1
10187 1
10207 1
10219 1
10235 1
10257 1
10286 1
10312 1
10321 1
10369 1
10378 1
10390 1
10397 1
10406 1
10417 1
10419 1
10428 1
10439 1
10454 1
10457 1
10524 1
10588 1
10610 1
10652 1
10674 1
10695 1
10759 1
10854 1
10902 1
10941 1
10959 1
11064 1
11073 1
11121 1
11130 1
11131 1
11159 1
11169 1
11179 1
11188 1
11191 1
11207 1
11236 1
11258 1
11264 1
11340 1
11341 1
11350 1
11362 1
11369 1
11378 1
11389 1
11404 1
11407 1
11426 2
11429 1
11435 1
11446 1
11474 1
11496 1
11560 1
11617 1
11624 1
11645 1
11667 1
11681 1
11693 1
11709 1
11731 1
11760 1
11891 1
11913 1
11931 1
11998 1
12093 1
12102 1
12141 1
12160 1
12198 1
12208 1
12236 1
12265 1
12312 1
12369 1
12376 1
12379 1
12398 1
12407 1
12418 1
12433 1
12436 1
12446 1
12503 1
12589 1
12617 1
12643 1
12653 1
12665 1
12674 1
12681 1
12710 1
12732 1
12738 1
12863 1
12920 1
12948 1
12970 1
13170 1
13237 1
13341 1
13405 1
13408 1
13475 1
13615 1
13646 1
13672 1
13682 1
13710 1
13739 1
13892 1
13920 1
13977 1
14644 1
14711 1
14949 1
18883 1
20336 1
21413 1
22887 1
End
