NMec = 95584
T = 18
P = 3
Profits not ignored
Valid tasks:                                                            14096
Solution time = 2.580e-04
Task data
    2  41  2997 -1
    3  58 12692 0
    8  38  2893 -1
   14  26  3380 1
   14  29  1669 -1
   16  28  2611 -1
   18  32  2688 2
   18  54  3527 -1
   20  29  2073 -1
   21  28  1108 -1
   22  35  1720 -1
   25  33   892 -1
   31  42  1464 1
   36  47  1725 2
   42  57  2721 -1
   47  55  1612 1
   48  54  1694 2
   52  56  1171 -1
Best profit: 25255
All profits:
0 1
892 1
1108 1
1171 1
1464 1
1612 1
1669 1
1694 1
1720 1
1725 1
2000 1
2063 1
2073 1
2279 1
2356 1
2504 1
2561 1
2572 1
2586 1
2611 1
2612 1
2617 1
2635 1
2688 1
2720 1
2721 1
2777 1
2783 1
2802 1
2828 1
2833 1
2840 1
2865 1
2891 1
2893 1
2896 1
2965 1
2997 1
3076 1
3133 1
3158 1
3171 1
3181 1
3184 1
3189 1
3244 1
3281 1
3306 1
3332 1
3337 1
3363 1
3380 1
3389 1
3394 1
3414 1
3419 1
3445 1
3464 1
3503 1
3527 2
3537 1
3580 1
3612 1
3613 1
3669 1
3675 1
3685 1
3694 1
3719 1
3720 1
3725 1
3732 1
3742 1
3743 1
3757 1
3767 1
3782 1
3783 1
3785 1
3788 1
3793 1
3796 1
3798 1
3829 1
3859 1
3889 1
3891 1
3892 1
3948 1
3968 1
3973 1
3999 1
4001 1
4004 1
4025 1
4050 1
4064 1
4073 1
4075 1
4076 1
4081 1
4105 1
4136 1
4152 1
4168 1
4173 1
4184 1
4185 1
4198 1
4223 1
4224 1
4229 1
4241 1
4247 1
4255 1
4266 1
4272 1
4280 1
4281 1
4286 1
4292 1
4297 1
4300 1
4304 1
4305 1
4306 1
4311 1
4329 1
4331 1
4333 1
4336 1
4337 1
4352 1
4355 1
4357 2
4360 1
4382 1
4389 1
4390 1
4408 1
4413 1
4414 1
4415 1
4419 1
4429 1
4440 1
4441 1
4445 1
4446 1
4452 1
4461 1
4471 1
4477 1
4488 1
4497 1
4502 1
4503 1
4505 1
4508 1
4522 1
4527 1
4534 1
4551 1
4553 1
4560 1
4562 1
4565 1
4577 1
4585 1
4587 1
4590 1
4609 1
4611 1
4613 1
4616 1
4618 1
4634 1
4635 2
4645 1
4659 1
4666 1
4674 1
4684 1
4685 1
4688 1
4690 1
4691 1
4698 1
4708 1
4717 1
4721 1
4722 1
4745 1
4751 1
4761 1
4770 1
4783 1
4784 1
4793 1
4794 1
4796 1
4801 1
4827 1
4840 1
4844 1
4850 1
4853 1
4856 1
4858 1
4865 1
4875 1
4878 1
4883 1
4890 1
4891 1
4893 1
4896 1
4901 1
4906 1
4909 1
4913 1
4938 1
4956 1
4964 1
4966 1
4967 2
4969 1
4975 1
4991 1
4992 1
4997 1
5000 1
5001 1
5006 1
5026 1
5031 1
5044 1
5049 1
5057 1
5060 1
5070 1
5074 1
5076 1
5077 1
5083 1
5088 1
5100 1
5105 1
5114 1
5115 1
5133 1
5139 3
5149 1
5158 1
5172 2
5183 1
5184 1
5189 1
5192 1
5196 2
5197 1
5206 1
5221 2
5223 1
5225 1
5228 1
5231 1
5244 1
5246 1
5247 2
5249 2
5252 2
5257 1
5260 1
5262 1
5274 1
5276 1
5281 1
5282 1
5293 1
5299 1
5300 1
5305 1
5306 1
5307 1
5323 1
5331 1
5332 2
5333 1
5337 1
5338 1
5344 1
5353 1
5354 1
5355 1
5356 1
5363 1
5369 1
5379 1
5380 1
5388 1
5394 2
5395 1
5397 1
5400 1
5405 1
5408 1
5409 1
5410 1
5412 1
5413 1
5414 1
5419 1
5426 1
5436 1
5437 1
5439 1
5441 1
5443 1
5444 1
5445 1
5451 1
5452 1
5453 1
5454 1
5457 1
5462 1
5463 1
5465 2
5467 1
5468 1
5471 1
5476 1
5477 1
5479 1
5482 1
5487 1
5490 1
5492 1
5498 1
5501 1
5502 1
5504 2
5505 1
5507 1
5508 1
5510 1
5516 1
5518 1
5521 1
5523 1
5527 1
5528 2
5537 1
5549 1
5553 1
5554 1
5558 1
5560 1
5561 1
5569 1
5576 1
5579 1
5581 1
5583 1
5584 1
5585 1
5586 1
5590 1
5600 2
5608 1
5609 1
5611 1
5612 1
5613 1
5614 2
5616 1
5617 1
5632 1
5637 1
5642 1
5653 1
5659 1
5662 1
5668 1
5670 1
5673 1
5676 1
5685 2
5686 1
5687 1
5688 1
5693 2
5695 1
5698 1
5717 1
5718 1
5719 1
5721 1
5724 1
5726 1
5733 1
5736 1
5744 1
5745 1
5748 1
5750 1
5758 1
5764 1
5767 1
5769 1
5770 1
5774 1
5775 1
5780 1
5782 1
5784 1
5789 1
5792 1
5795 1
5797 1
5798 1
5799 1
5800 1
5801 1
5805 1
5806 1
5816 1
5821 1
5825 1
5830 2
5837 1
5846 1
5853 1
5854 1
5855 1
5856 1
5858 1
5859 1
5861 1
5862 1
5867 1
5869 1
5872 1
5877 1
5878 1
5879 1
5883 1
5884 1
5888 1
5890 1
5892 2
5893 2
5898 1
5902 1
5904 1
5905 1
5909 1
5910 1
5916 1
5917 1
5918 1
5923 1
5932 1
5935 1
5941 2
5943 1
5948 1
5949 1
5952 1
5961 1
5962 1
5964 1
5965 1
5966 2
5967 1
5969 2
5972 1
5974 1
5975 1
5980 1
5986 1
5991 2
5992 1
5994 1
5997 1
5998 1
6000 1
6002 1
6005 1
6006 1
6015 1
6017 1
6020 1
6021 1
6024 1
6025 2
6026 1
6027 1
6029 1
6030 1
6031 2
6041 1
6046 1
6049 1
6051 2
6053 1
6054 1
6056 1
6058 1
6064 1
6068 1
6072 1
6073 1
6074 1
6075 1
6077 3
6080 1
6082 2
6083 1
6084 1
6088 1
6098 1
6099 1
6100 1
6101 1
6102 1
6107 1
6109 1
6110 1
6113 1
6114 1
6115 1
6123 1
6130 1
6133 1
6134 1
6135 1
6137 1
6138 2
6139 2
6140 1
6144 1
6146 1
6148 1
6149 1
6152 1
6154 1
6155 1
6157 1
6162 1
6163 1
6165 1
6166 1
6168 1
6172 1
6174 1
6177 1
6178 1
6181 1
6182 1
6185 1
6186 1
6191 2
6196 1
6197 1
6199 1
6202 1
6208 1
6213 1
6215 2
6220 1
6222 1
6223 1
6224 1
6225 2
6228 1
6230 1
6241 1
6245 1
6246 1
6247 3
6248 2
6254 1
6256 1
6257 1
6258 1
6259 1
6271 2
6273 1
6276 1
6278 1
6282 1
6285 1
6286 1
6287 1
6296 1
6297 1
6300 1
6301 1
6302 1
6303 1
6304 2
6305 1
6307 1
6310 2
6312 1
6314 1
6320 1
6328 1
6329 3
6333 1
6334 1
6336 1
6338 1
6339 1
6343 1
6345 1
6353 1
6354 1
6355 2
6357 1
6359 1
6360 3
6363 1
6365 1
6367 1
6368 1
6370 1
6373 1
6377 2
6378 1
6379 1
6382 1
6384 1
6386 1
6390 1
6391 1
6392 1
6394 1
6396 2
6399 1
6402 1
6404 1
6406 1
6407 1
6409 1
6410 1
6411 1
6413 1
6415 1
6416 1
6418 1
6420 3
6423 1
6428 1
6430 2
6431 1
6433 1
6439 1
6440 1
6441 1
6442 1
6445 1
6446 1
6452 1
6453 1
6455 1
6456 1
6461 1
6462 1
6463 1
6464 1
6465 1
6470 2
6471 1
6473 1
6476 1
6477 1
6478 1
6481 1
6486 1
6487 1
6488 1
6490 1
6492 1
6495 1
6500 1
6502 1
6503 2
6504 1
6505 1
6506 1
6508 1
6509 1
6513 2
6514 1
6517 1
6518 1
6519 1
6521 1
6524 2
6525 1
6534 2
6538 1
6544 1
6547 1
6550 1
6551 1
6552 1
6559 1
6561 1
6564 1
6565 1
6568 1
6569 1
6575 1
6576 1
6577 1
6578 2
6579 2
6580 1
6581 1
6584 1
6585 1
6587 1
6590 1
6595 1
6600 1
6603 2
6607 1
6609 1
6610 2
6612 2
6615 1
6616 1
6618 1
6624 1
6625 1
6626 1
6633 1
6635 1
6636 3
6638 1
6650 1
6656 1
6658 1
6660 2
6661 3
6663 1
6669 1
6672 1
6675 1
6676 1
6681 1
6682 1
6685 1
6686 2
6687 2
6689 3
6691 2
6692 2
6694 1
6695 1
6698 1
6700 1
6708 2
6711 1
6712 1
6713 1
6716 2
6717 1
6720 1
6722 2
6725 1
6726 1
6729 1
6738 1
6739 1
6740 1
6743 1
6745 1
6746 1
6747 1
6751 1
6752 1
6754 1
6763 1
6764 1
6769 2
6770 1
6771 2
6774 1
6779 1
6780 1
6782 1
6784 2
6785 2
6790 1
6793 1
6794 2
6795 2
6796 2
6797 1
6799 1
6801 1
6802 1
6808 3
6809 1
6818 1
6824 1
6825 1
6826 1
6827 1
6833 2
6835 1
6840 1
6841 1
6843 1
6844 1
6852 1
6856 2
6857 1
6858 2
6859 2
6861 2
6864 2
6866 2
6869 1
6872 1
6873 1
6874 1
6877 1
6878 1
6883 2
6886 1
6888 1
6889 1
6890 2
6892 1
6894 1
6897 2
6900 1
6903 1
6905 1
6907 2
6908 1
6909 1
6911 1
6912 1
6915 1
6916 2
6917 3
6918 1
6919 1
6921 2
6922 1
6926 1
6929 1
6931 1
6935 1
6938 1
6940 1
6941 2
6943 2
6944 1
6945 2
6946 2
6948 1
6950 1
6951 1
6954 1
6956 1
6960 1
6962 1
6963 1
6965 1
6966 1
6968 3
6969 1
6970 1
6971 1
6972 2
6974 2
6975 1
6976 1
6980 1
6982 1
6985 1
6987 1
6991 1
6992 2
6993 2
6994 1
6996 1
6998 1
6999 1
7000 1
7001 2
7002 1
7006 1
7007 1
7013 1
7017 1
7018 1
7019 1
7021 1
7022 1
7024 2
7025 3
7026 2
7027 1
7029 1
7030 1
7031 1
7032 1
7038 1
7040 2
7043 1
7045 1
7047 1
7048 2
7049 1
7050 1
7051 1
7052 1
7054 1
7055 1
7056 1
7057 2
7058 1
7061 1
7063 1
7064 2
7065 1
7066 1
7069 1
7072 1
7073 1
7074 2
7075 1
7076 1
7077 2
7078 3
7079 1
7080 1
7081 1
7082 1
7088 2
7089 1
7091 1
7094 1
7099 2
7102 1
7103 1
7104 1
7105 1
7106 1
7107 1
7110 1
7112 1
7113 1
7114 1
7116 1
7117 2
7119 1
7120 1
7122 2
7123 1
7128 1
7129 1
7130 1
7132 1
7133 3
7134 2
7135 1
7137 2
7138 1
7139 2
7140 3
7145 1
7146 1
7147 1
7148 1
7149 2
7150 1
7151 1
7156 1
7157 1
7159 2
7161 2
7162 2
7163 1
7164 1
7165 2
7166 1
7168 1
7170 1
7171 1
7173 3
7176 2
7177 1
7178 1
7179 1
7181 1
7182 1
7185 1
7187 1
7188 2
7190 2
7191 1
7192 1
7193 1
7195 1
7196 2
7197 1
7198 1
7199 1
7201 1
7202 2
7204 1
7209 1
7210 1
7212 3
7215 1
7218 1
7220 1
7221 2
7222 2
7223 1
7224 2
7226 2
7227 1
7229 2
7230 1
7231 1
7238 1
7239 1
7241 1
7243 1
7244 1
7245 1
7246 2
7248 3
7250 1
7252 2
7253 2
7254 1
7255 1
7256 1
7259 1
7262 1
7263 1
7265 1
7269 3
7270 2
7271 1
7272 1
7273 1
7274 1
7275 1
7277 1
7278 1
7280 1
7281 1
7282 1
7283 2
7284 1
7285 1
7286 1
7289 1
7294 3
7297 1
7298 1
7301 3
7302 1
7303 1
7304 1
7305 1
7306 2
7307 1
7308 2
7309 1
7310 2
7311 1
7312 1
7315 1
7319 1
7320 2
7322 1
7323 2
7325 2
7326 1
7328 2
7330 1
7331 1
7332 1
7333 3
7334 2
7336 1
7337 1
7338 1
7339 1
7345 1
7347 1
7348 1
7349 1
7352 1
7353 1
7354 2
7355 1
7356 3
7357 2
7362 3
7364 1
7366 1
7367 1
7370 1
7372 1
7378 1
7379 3
7380 1
7381 2
7382 1
7384 1
7386 2
7387 2
7393 1
7394 1
7395 2
7396 2
7401 1
7404 1
7405 3
7406 1
7407 1
7409 1
7410 2
7411 2
7412 2
7413 1
7415 1
7416 1
7417 1
7418 2
7419 1
7420 1
7426 1
7427 1
7428 1
7429 1
7430 1
7433 1
7437 1
7438 2
7439 1
7442 2
7443 1
7444 2
7446 1
7449 1
7453 1
7455 1
7456 1
7458 2
7461 1
7464 1
7466 1
7467 1
7468 2
7469 1
7470 2
7471 1
7472 1
7473 1
7474 1
7475 1
7476 1
7478 1
7481 1
7482 1
7483 1
7484 1
7485 2
7486 1
7489 2
7491 1
7492 1
7494 1
7495 2
7499 2
7500 2
7502 1
7504 1
7505 1
7507 1
7509 1
7510 1
7514 1
7515 1
7516 1
7517 2
7519 1
7520 1
7522 1
7524 2
7526 1
7528 2
7530 1
7531 2
7532 1
7536 1
7538 1
7541 2
7544 1
7546 1
7547 1
7548 2
7549 1
7550 2
7552 2
7553 2
7555 1
7557 1
7559 1
7561 1
7562 1
7563 1
7564 1
7565 1
7566 1
7567 1
7571 2
7573 1
7574 2
7575 1
7577 3
7578 3
7579 1
7580 1
7581 1
7582 1
7583 1
7584 2
7586 2
7587 2
7591 1
7592 1
7594 1
7596 1
7597 1
7598 1
7599 1
7601 2
7602 1
7603 2
7604 2
7608 1
7609 1
7610 2
7611 1
7612 2
7613 1
7614 1
7615 1
7617 2
7618 1
7621 1
7622 1
7626 1
7627 2
7629 1
7630 1
7632 2
7633 1
7634 1
7635 1
7636 1
7637 1
7638 1
7641 1
7642 2
7643 1
7644 1
7646 1
7652 1
7654 1
7655 2
7656 1
7657 1
7658 1
7659 1
7660 2
7661 1
7663 3
7666 2
7668 1
7671 1
7672 1
7676 1
7677 2
7679 1
7680 1
7681 1
7684 2
7685 2
7686 3
7687 3
7688 2
7689 3
7690 1
7691 1
7692 1
7694 3
7695 1
7696 1
7699 1
7700 2
7705 1
7709 1
7710 1
7711 3
7712 1
7713 1
7714 1
7715 1
7716 1
7717 1
7718 2
7719 1
7720 1
7722 1
7723 1
7725 2
7727 1
7732 1
7735 2
7737 2
7740 1
7742 1
7745 1
7746 2
7747 1
7748 1
7749 2
7750 3
7751 2
7752 1
7756 1
7758 2
7760 1
7761 1
7762 1
7764 1
7765 1
7766 2
7767 1
7768 2
7769 2
7770 1
7771 3
7774 2
7776 2
7778 1
7780 1
7781 1
7782 1
7783 1
7788 1
7789 1
7790 1
7791 1
7792 1
7793 3
7794 1
7795 1
7797 2
7798 1
7799 2
7800 1
7802 2
7803 2
7804 1
7806 1
7807 2
7808 1
7809 2
7813 1
7817 1
7819 1
7820 1
7821 1
7823 1
7824 2
7825 1
7826 1
7827 3
7831 2
7832 3
7833 1
7834 1
7835 1
7836 1
7837 1
7838 1
7841 1
7842 1
7843 1
7846 1
7848 1
7850 1
7851 1
7853 1
7854 1
7855 1
7856 1
7857 2
7858 2
7859 1
7860 5
7862 2
7863 2
7864 1
7866 1
7868 2
7870 1
7871 2
7872 1
7873 1
7874 1
7875 1
7877 1
7879 2
7880 1
7882 2
7883 1
7884 3
7885 2
7887 2
7888 1
7893 3
7894 2
7897 1
7899 1
7902 1
7903 1
7904 1
7905 1
7906 1
7907 1
7909 2
7910 2
7913 1
7914 1
7916 4
7917 3
7918 1
7919 2
7922 1
7924 1
7926 1
7927 1
7933 1
7934 1
7935 2
7940 4
7941 2
7942 3
7944 1
7945 2
7948 1
7949 1
7950 2
7951 1
7952 1
7953 1
7955 1
7956 1
7957 1
7961 1
7963 1
7964 2
7965 3
7966 2
7967 4
7968 2
7969 1
7970 3
7971 1
7972 3
7973 2
7976 1
7977 1
7978 1
7979 2
7980 1
7981 2
7982 1
7983 1
7988 1
7989 2
7990 1
7991 1
7993 1
7994 1
7995 1
7996 2
7997 1
7998 4
8002 1
8003 1
8006 1
8007 1
8008 2
8011 1
8014 1
8015 2
8016 1
8019 1
8020 1
8021 2
8022 1
8023 2
8025 2
8026 1
8027 1
8028 1
8029 2
8030 2
8032 4
8035 1
8037 1
8039 2
8040 1
8042 2
8043 1
8044 1
8045 1
8046 1
8047 1
8048 1
8049 2
8051 1
8052 1
8053 2
8054 4
8057 1
8058 1
8059 1
8061 1
8064 2
8065 1
8067 1
8068 1
8070 1
8071 2
8073 1
8074 2
8075 1
8076 2
8078 2
8079 1
8080 3
8082 2
8083 1
8084 1
8085 2
8087 1
8088 3
8089 2
8090 2
8092 1
8093 2
8097 2
8098 2
8099 1
8100 2
8101 2
8102 2
8103 1
8104 2
8107 1
8109 1
8111 1
8112 2
8114 3
8115 2
8116 1
8117 1
8118 1
8119 1
8121 2
8122 1
8124 2
8125 2
8126 1
8127 1
8129 2
8131 2
8132 1
8133 1
8134 1
8135 1
8136 3
8139 2
8140 2
8141 1
8143 1
8145 3
8146 2
8147 1
8150 2
8151 1
8153 2
8155 3
8156 2
8157 1
8158 1
8159 1
8160 1
8162 1
8163 1
8164 3
8165 2
8166 1
8167 1
8169 1
8170 1
8171 1
8172 2
8173 2
8174 1
8175 2
8176 1
8177 1
8178 1
8180 2
8181 1
8183 1
8184 1
8186 4
8187 1
8188 1
8189 2
8190 2
8192 2
8193 2
8194 1
8195 1
8196 2
8197 2
8198 2
8199 1
8200 1
8201 1
8202 1
8203 2
8206 1
8207 2
8208 1
8211 3
8212 1
8213 1
8215 1
8216 1
8217 1
8218 2
8219 1
8222 2
8223 1
8224 1
8225 2
8226 1
8227 1
8228 3
8229 1
8230 1
8231 1
8233 1
8235 1
8236 1
8237 2
8238 2
8239 1
8242 1
8243 1
8244 1
8245 2
8247 1
8248 4
8249 4
8250 1
8253 1
8254 1
8255 1
8257 1
8258 2
8259 2
8262 1
8263 1
8269 1
8270 2
8271 1
8272 3
8273 2
8274 1
8275 1
8276 1
8278 1
8279 1
8281 1
8284 1
8286 1
8287 1
8288 3
8289 1
8290 1
8293 2
8296 1
8297 2
8298 1
8299 2
8300 1
8301 2
8302 2
8303 2
8304 4
8305 2
8306 1
8309 1
8310 2
8311 1
8312 1
8318 1
8319 1
8320 4
8321 2
8323 1
8325 1
8327 1
8328 2
8329 2
8330 4
8332 2
8334 2
8335 2
8336 1
8337 2
8341 1
8344 2
8346 1
8347 2
8349 1
8350 2
8351 1
8352 1
8353 1
8354 1
8355 1
8356 1
8358 2
8359 1
8360 1
8361 3
8363 1
8364 1
8366 1
8369 1
8370 1
8371 1
8374 1
8375 2
8376 1
8380 3
8381 4
8383 4
8385 2
8386 3
8389 1
8391 2
8392 2
8394 2
8395 1
8397 2
8400 1
8401 1
8402 3
8405 2
8406 3
8407 2
8408 1
8409 2
8410 2
8411 2
8412 2
8414 3
8416 2
8417 1
8419 1
8420 1
8421 1
8423 2
8424 1
8427 1
8432 1
8433 3
8434 1
8436 2
8437 1
8438 2
8439 1
8440 3
8441 2
8442 1
8445 1
8446 1
8447 1
8448 1
8450 1
8453 1
8454 2
8456 1
8457 2
8460 1
8462 1
8463 2
8464 2
8465 3
8466 1
8468 2
8469 1
8470 1
8471 1
8472 2
8473 1
8474 1
8476 1
8477 1
8478 2
8479 2
8483 2
8484 1
8485 1
8487 1
8488 2
8489 2
8490 2
8491 2
8493 2
8494 3
8495 3
8496 2
8499 1
8501 2
8502 2
8503 1
8504 3
8505 2
8507 1
8509 2
8510 1
8512 1
8513 1
8515 2
8516 1
8518 2
8519 4
8520 2
8521 2
8522 1
8525 2
8526 1
8527 2
8528 2
8529 2
8530 1
8533 2
8534 1
8535 1
8537 1
8538 2
8541 1
8542 1
8543 2
8546 2
8549 1
8550 2
8551 2
8552 3
8553 2
8555 2
8557 1
8558 3
8560 1
8563 2
8566 2
8567 1
8568 1
8569 1
8572 1
8574 1
8575 1
8576 4
8577 3
8578 2
8579 1
8580 3
8581 2
8582 2
8583 2
8584 2
8586 4
8587 1
8588 1
8590 1
8591 2
8592 1
8593 1
8594 1
8597 4
8598 1
8599 1
8601 2
8602 1
8603 2
8604 2
8605 2
8606 1
8608 2
8609 2
8610 3
8611 3
8612 1
8613 2
8614 2
8615 2
8617 1
8619 1
8620 1
8623 1
8625 2
8626 1
8627 2
8628 1
8629 2
8630 1
8631 1
8632 2
8634 1
8635 1
8636 1
8637 4
8638 1
8639 2
8640 2
8641 3
8642 3
8643 1
8644 1
8651 1
8652 2
8653 1
8654 2
8655 1
8656 2
8657 2
8659 1
8660 2
8662 3
8663 1
8664 1
8665 1
8666 3
8668 2
8669 1
8670 2
8673 2
8674 1
8676 2
8679 2
8682 1
8683 1
8684 1
8685 3
8686 2
8687 2
8688 3
8690 4
8691 1
8692 1
8693 3
8694 1
8695 2
8696 1
8699 1
8700 1
8701 1
8703 1
8705 1
8707 1
8709 1
8710 1
8711 1
8712 3
8713 2
8714 1
8715 1
8716 2
8717 2
8718 3
8719 3
8721 2
8723 3
8724 2
8725 1
8726 1
8727 1
8729 1
8730 1
8733 2
8734 3
8735 1
8736 1
8737 1
8738 1
8739 1
8741 2
8742 2
8744 2
8745 3
8746 3
8747 2
8748 2
8749 2
8750 2
8751 2
8752 2
8754 1
8755 2
8757 1
8758 2
8759 1
8760 1
8761 1
8762 1
8763 1
8765 2
8766 1
8767 1
8768 2
8769 1
8770 2
8771 2
8772 3
8773 2
8774 2
8775 2
8776 1
8777 2
8779 1
8780 1
8781 1
8783 1
8784 1
8785 3
8786 1
8787 1
8788 2
8789 3
8790 1
8791 1
8792 2
8793 2
8794 1
8795 1
8796 1
8797 2
8798 3
8799 2
8800 1
8801 2
8802 2
8803 3
8804 1
8806 1
8807 1
8808 1
8809 2
8810 1
8811 2
8813 2
8814 1
8816 2
8817 1
8818 1
8819 1
8820 1
8821 1
8822 1
8823 1
8824 2
8825 1
8826 3
8827 2
8828 2
8830 1
8831 2
8832 1
8833 1
8834 3
8835 1
8836 2
8837 1
8839 1
8841 1
8842 2
8843 3
8844 1
8845 1
8847 1
8848 1
8850 2
8851 2
8852 1
8853 1
8854 1
8855 1
8856 1
8857 3
8858 5
8859 4
8860 4
8862 2
8864 2
8865 4
8867 2
8868 1
8869 1
8870 3
8871 2
8872 1
8873 2
8874 2
8875 2
8876 1
8878 1
8879 1
8881 4
8882 4
8883 1
8884 4
8885 1
8886 1
8887 2
8888 1
8889 2
8890 2
8891 1
8893 1
8895 2
8896 1
8898 3
8899 1
8901 2
8902 1
8903 1
8906 3
8907 1
8908 2
8910 1
8912 2
8913 3
8914 1
8915 1
8916 1
8917 2
8918 2
8920 2
8921 2
8922 2
8923 1
8924 2
8927 1
8929 2
8931 1
8932 3
8933 1
8934 2
8935 3
8936 2
8937 2
8938 1
8939 2
8940 4
8941 1
8942 2
8943 1
8944 2
8945 2
8946 4
8947 2
8949 3
8950 1
8951 1
8953 1
8956 1
8959 2
8961 2
8962 1
8963 4
8964 3
8965 1
8966 3
8967 1
8968 3
8969 1
8970 2
8971 3
8973 2
8974 2
8975 2
8976 1
8977 2
8978 2
8979 1
8980 3
8981 1
8983 1
8984 2
8988 3
8990 2
8991 2
8992 3
8993 1
8994 4
8995 4
8996 1
8997 1
8998 2
8999 1
9000 1
9002 1
9003 2
9004 1
9005 1
9006 2
9007 2
9008 2
9009 1
9012 1
9013 1
9014 3
9016 1
9017 5
9018 1
9019 2
9021 2
9022 3
9023 2
9024 1
9025 2
9026 3
9027 3
9028 3
9029 1
9030 1
9031 3
9032 1
9033 1
9034 1
9035 2
9037 1
9038 1
9039 2
9041 2
9042 2
9043 1
9044 1
9045 2
9046 1
9047 1
9048 4
9049 1
9050 4
9051 2
9053 2
9055 3
9056 3
9057 1
9058 2
9059 1
9060 1
9064 1
9065 3
9066 2
9067 1
9068 1
9070 1
9072 1
9073 2
9074 2
9075 2
9076 3
9077 1
9078 2
9079 1
9080 3
9081 4
9082 1
9084 1
9086 1
9087 3
9088 2
9089 2
9090 2
9091 1
9094 1
9095 1
9096 1
9097 3
9098 3
9099 3
9100 1
9101 1
9103 1
9104 3
9105 1
9106 3
9107 2
9108 1
9110 1
9111 3
9112 1
9113 1
9115 1
9116 1
9117 1
9118 1
9119 1
9120 2
9121 2
9122 1
9123 1
9124 1
9125 1
9127 2
9128 2
9129 1
9130 3
9131 2
9132 2
9134 2
9135 2
9136 2
9137 1
9138 2
9139 1
9140 3
9141 4
9142 1
9143 2
9144 2
9145 1
9147 1
9148 1
9149 2
9150 2
9151 3
9152 2
9153 2
9154 1
9155 1
9158 2
9159 1
9160 2
9161 1
9162 2
9163 2
9164 4
9165 1
9166 1
9167 1
9169 3
9171 1
9173 1
9174 1
9175 2
9176 1
9177 1
9178 2
9179 3
9180 1
9181 1
9182 1
9183 2
9186 2
9187 1
9189 3
9190 1
9191 2
9192 2
9193 2
9194 2
9195 1
9196 3
9197 1
9199 1
9200 1
9201 2
9202 1
9203 2
9206 1
9207 1
9208 1
9209 1
9210 3
9211 2
9212 1
9213 3
9214 2
9216 1
9217 1
9218 1
9220 2
9221 1
9222 4
9223 1
9224 2
9225 2
9226 2
9227 1
9229 1
9230 1
9232 1
9233 1
9234 2
9235 3
9238 1
9239 1
9240 1
9241 1
9242 2
9244 3
9245 2
9246 2
9247 2
9249 1
9251 2
9252 1
9253 3
9254 1
9255 2
9256 2
9257 1
9258 1
9259 1
9260 1
9261 2
9263 2
9264 1
9265 1
9266 2
9267 2
9268 3
9269 2
9270 2
9271 2
9272 4
9273 2
9274 1
9275 2
9277 2
9278 2
9280 1
9282 2
9283 1
9284 2
9285 2
9286 1
9288 1
9289 2
9290 1
9291 2
9292 1
9293 1
9295 2
9296 3
9297 2
9298 3
9299 3
9300 3
9302 3
9303 2
9304 1
9305 1
9306 2
9307 2
9308 1
9309 1
9311 3
9312 2
9315 1
9316 2
9317 1
9321 3
9322 1
9323 2
9324 3
9326 4
9327 2
9328 2
9329 1
9330 2
9331 1
9332 1
9333 1
9335 2
9336 2
9337 2
9338 1
9339 1
9343 1
9344 1
9345 1
9346 3
9347 2
9348 2
9349 3
9351 2
9352 1
9354 2
9356 1
9357 6
9358 2
9359 1
9360 2
9361 1
9362 1
9363 2
9364 1
9365 1
9366 1
9367 1
9369 1
9370 2
9371 2
9373 1
9374 2
9375 1
9377 2
9378 2
9379 2
9380 4
9381 4
9382 4
9383 3
9384 1
9385 1
9386 1
9388 3
9389 1
9393 1
9394 1
9395 1
9396 2
9397 2
9399 1
9400 1
9401 1
9402 1
9403 1
9404 3
9405 3
9406 3
9407 2
9408 2
9409 2
9410 3
9411 3
9412 3
9413 2
9414 2
9415 1
9416 1
9417 1
9418 1
9419 4
9420 1
9421 2
9425 2
9426 1
9427 1
9428 1
9429 4
9430 1
9431 3
9432 1
9433 1
9434 2
9435 1
9436 3
9437 1
9438 1
9439 1
9440 2
9442 1
9443 4
9444 2
9445 2
9447 1
9450 2
9452 1
9453 1
9454 1
9455 1
9457 2
9458 1
9459 2
9460 3
9461 1
9462 4
9463 1
9464 1
9466 1
9467 2
9468 1
9469 1
9470 2
9471 1
9472 3
9473 2
9474 2
9475 3
9476 1
9477 1
9479 1
9480 1
9482 1
9483 3
9484 2
9485 2
9486 1
9487 2
9489 1
9490 2
9491 3
9492 2
9493 3
9494 3
9495 1
9496 5
9497 1
9499 2
9500 2
9501 3
9503 2
9505 3
9506 2
9507 1
9508 1
9510 1
9511 2
9513 2
9514 2
9515 2
9516 2
9517 3
9518 4
9519 1
9520 1
9521 2
9522 2
9524 1
9525 1
9526 1
9528 3
9529 3
9530 1
9531 2
9532 2
9534 1
9535 1
9539 1
9542 2
9544 2
9545 2
9546 2
9547 2
9548 1
9549 1
9551 2
9552 5
9553 1
9554 3
9556 3
9557 4
9558 1
9561 2
9562 3
9564 1
9565 3
9566 1
9567 1
9568 2
9571 1
9573 3
9575 2
9576 4
9577 3
9578 4
9579 3
9580 2
9581 2
9582 4
9583 2
9585 3
9587 3
9588 2
9590 1
9591 1
9593 3
9595 3
9596 1
9597 1
9598 1
9599 1
9600 2
9603 1
9604 4
9605 2
9607 2
9608 1
9609 3
9610 4
9611 2
9612 1
9613 1
9618 2
9619 2
9620 1
9621 2
9624 1
9627 3
9628 3
9629 2
9630 1
9632 1
9633 2
9634 3
9635 2
9636 2
9637 3
9638 3
9639 3
9641 2
9642 3
9643 1
9644 2
9647 2
9649 1
9650 2
9651 2
9652 1
9654 1
9655 1
9656 2
9657 2
9658 3
9659 3
9660 3
9661 3
9662 2
9663 1
9664 3
9665 3
9666 4
9667 3
9669 1
9670 1
9671 1
9672 2
9675 2
9676 2
9677 1
9678 1
9680 1
9681 2
9682 2
9683 2
9684 1
9686 3
9687 2
9688 2
9689 4
9690 4
9691 2
9692 5
9693 2
9694 1
9695 2
9696 1
9697 1
9699 1
9700 2
9701 4
9702 2
9703 1
9704 1
9705 1
9706 1
9709 4
9710 1
9711 1
9712 2
9713 3
9714 3
9715 2
9716 1
9717 2
9718 1
9719 3
9720 1
9721 1
9722 1
9723 3
9726 3
9727 1
9731 1
9733 2
9734 2
9736 2
9737 1
9738 1
9739 1
9740 4
9741 1
9743 2
9744 1
9745 2
9746 2
9747 2
9748 3
9749 1
9750 2
9751 3
9752 3
9753 1
9755 1
9757 4
9758 1
9760 1
9761 2
9762 2
9763 1
9764 2
9765 2
9766 1
9767 3
9768 4
9769 2
9770 1
9771 1
9772 3
9773 1
9774 3
9775 1
9776 3
9777 2
9778 1
9779 2
9781 2
9782 3
9783 2
9784 3
9785 2
9786 2
9787 2
9789 1
9790 1
9791 2
9792 2
9793 2
9794 1
9795 2
9796 3
9798 5
9799 2
9800 3
9801 2
9802 1
9803 2
9804 1
9805 3
9806 1
9807 1
9808 3
9809 1
9810 2
9811 1
9812 2
9813 3
9814 2
9815 2
9818 1
9819 1
9820 2
9822 2
9823 4
9824 1
9825 3
9826 2
9827 1
9828 2
9829 1
9830 2
9833 3
9834 2
9835 2
9837 3
9838 2
9839 3
9840 2
9841 1
9843 2
9844 2
9845 2
9847 3
9849 3
9850 3
9851 1
9853 1
9854 3
9855 2
9856 3
9857 1
9858 2
9859 2
9860 2
9861 4
9863 1
9864 2
9865 2
9866 4
9867 2
9868 1
9869 2
9870 3
9871 2
9872 1
9874 1
9875 2
9876 1
9877 1
9878 2
9880 3
9881 2
9882 2
9883 3
9884 3
9885 2
9886 2
9887 3
9888 1
9889 2
9890 2
9891 1
9892 2
9894 3
9895 1
9896 1
9897 4
9898 2
9899 1
9900 4
9901 1
9902 1
9904 3
9905 4
9906 1
9908 2
9909 2
9910 1
9911 3
9912 2
9914 3
9915 1
9916 2
9917 4
9918 4
9919 2
9920 1
9921 1
9922 2
9923 1
9924 1
9925 1
9926 1
9927 1
9928 1
9929 1
9930 1
9931 2
9932 3
9933 3
9936 3
9937 1
9938 1
9939 1
9941 3
9942 5
9943 4
9944 1
9945 1
9947 2
9948 3
9949 1
9950 1
9951 2
9952 1
9953 1
9955 1
9956 2
9957 1
9958 3
9959 3
9960 2
9961 1
9962 2
9963 1
9964 1
9965 2
9966 2
9967 2
9968 2
9969 3
9970 2
9971 1
9972 2
9973 5
9974 2
9977 1
9978 1
9979 1
9980 2
9981 1
9982 4
9983 3
9984 1
9986 1
9987 2
9989 1
9990 4
9991 2
9992 3
9993 2
9994 1
9995 3
9996 2
9997 3
9998 3
9999 2
10001 1
10003 2
10004 1
10006 1
10007 2
10010 1
10012 1
10013 3
10014 3
10015 3
10016 1
10017 1
10018 2
10019 1
10021 2
10022 5
10023 2
10024 3
10025 1
10026 1
10027 1
10028 2
10029 3
10030 3
10031 2
10033 2
10035 2
10036 2
10038 2
10039 1
10040 3
10041 4
10043 2
10044 4
10045 4
10046 3
10047 1
10048 1
10049 2
10050 2
10052 4
10053 2
10054 4
10055 5
10057 1
10058 1
10059 1
10060 1
10061 2
10062 1
10065 1
10066 2
10068 1
10069 4
10070 1
10071 1
10072 3
10073 1
10074 3
10075 4
10076 1
10077 2
10078 2
10079 1
10080 1
10081 1
10083 3
10084 2
10085 2
10086 1
10088 2
10089 2
10091 2
10093 1
10094 1
10095 3
10096 2
10099 2
10100 4
10101 1
10102 2
10103 3
10105 5
10106 5
10107 2
10108 3
10111 2
10113 1
10114 1
10115 2
10116 3
10117 4
10118 1
10119 1
10120 2
10121 1
10122 1
10125 1
10126 3
10127 3
10128 1
10130 3
10131 3
10132 3
10133 1
10134 4
10135 1
10136 1
10137 3
10138 1
10139 1
10141 1
10142 2
10143 1
10144 1
10146 1
10147 2
10148 2
10149 2
10150 1
10151 2
10152 1
10154 2
10155 1
10156 1
10157 1
10158 3
10159 3
10160 1
10161 1
10162 1
10163 2
10164 2
10165 4
10166 2
10167 1
10170 1
10171 1
10173 1
10174 1
10175 2
10176 1
10177 3
10178 1
10179 2
10181 1
10182 2
10185 3
10187 2
10188 7
10189 4
10190 3
10191 2
10192 1
10193 2
10194 2
10195 1
10196 1
10197 2
10198 4
10199 3
10201 1
10202 2
10203 2
10204 1
10205 1
10206 2
10207 1
10208 2
10209 4
10210 2
10212 2
10213 3
10214 1
10215 2
10216 3
10218 2
10219 4
10220 3
10221 2
10222 2
10223 2
10224 2
10226 2
10227 2
10228 1
10229 2
10230 1
10231 1
10232 1
10235 1
10236 2
10237 3
10238 2
10239 2
10240 2
10241 2
10243 1
10244 2
10245 2
10246 1
10247 2
10249 4
10250 1
10251 2
10252 4
10253 3
10254 2
10255 1
10257 2
10259 1
10260 1
10262 2
10263 2
10265 1
10266 2
10267 2
10268 3
10269 2
10270 4
10271 3
10272 2
10273 2
10274 4
10275 2
10276 1
10277 2
10278 3
10279 1
10280 4
10281 1
10282 1
10283 1
10284 1
10285 1
10286 1
10287 1
10288 3
10289 1
10290 1
10291 4
10292 1
10294 1
10295 2
10296 1
10297 2
10298 3
10299 3
10300 2
10301 4
10302 3
10303 3
10304 2
10305 4
10306 1
10307 2
10308 2
10311 3
10312 2
10313 1
10315 2
10316 1
10317 1
10318 1
10319 1
10320 1
10321 3
10322 6
10323 2
10324 3
10325 2
10326 3
10328 2
10329 2
10330 2
10331 4
10333 2
10334 3
10335 5
10336 3
10337 1
10338 1
10339 1
10342 2
10345 3
10346 3
10347 1
10348 3
10349 1
10350 2
10351 2
10352 2
10353 3
10354 3
10356 2
10357 1
10358 1
10359 2
10360 2
10362 3
10363 2
10364 2
10365 2
10366 1
10367 3
10370 1
10372 1
10373 2
10375 1
10376 2
10377 3
10378 2
10379 1
10380 1
10381 3
10382 3
10383 1
10384 4
10385 2
10387 3
10389 1
10391 1
10392 1
10393 4
10396 1
10397 2
10398 2
10399 2
10400 1
10401 2
10402 1
10403 1
10404 4
10405 3
10406 2
10407 3
10408 3
10409 1
10410 4
10411 2
10412 1
10413 3
10415 5
10416 1
10417 2
10418 1
10419 1
10420 1
10421 2
10423 2
10424 2
10425 2
10426 1
10427 2
10428 2
10429 1
10430 2
10431 1
10432 3
10434 2
10435 3
10436 2
10437 3
10438 5
10439 3
10440 2
10441 3
10442 2
10443 2
10444 3
10446 1
10448 3
10449 2
10452 1
10453 1
10454 1
10455 3
10456 2
10457 1
10458 4
10459 3
10460 1
10461 1
10462 2
10463 1
10464 2
10466 2
10467 3
10468 1
10469 3
10470 4
10471 5
10472 2
10473 2
10474 1
10475 1
10477 1
10478 1
10479 4
10480 1
10481 2
10482 3
10483 3
10484 1
10485 2
10486 3
10487 2
10488 1
10489 2
10490 2
10491 2
10492 3
10493 2
10494 2
10495 2
10496 3
10497 3
10498 1
10499 1
10500 1
10501 1
10502 1
10503 2
10504 1
10506 1
10507 1
10508 1
10509 2
10510 3
10511 1
10512 2
10513 2
10514 3
10515 1
10517 2
10518 2
10519 3
10520 6
10521 1
10522 1
10523 2
10524 2
10525 1
10526 1
10527 1
10528 3
10529 3
10530 3
10531 1
10533 1
10534 2
10535 1
10536 2
10537 1
10538 2
10539 1
10540 1
10541 3
10542 1
10543 1
10544 3
10545 2
10546 2
10547 1
10548 3
10550 1
10551 5
10552 5
10553 4
10554 3
10555 1
10556 2
10558 2
10559 3
10561 3
10562 2
10563 1
10564 1
10567 1
10568 3
10569 1
10570 1
10571 2
10572 1
10573 1
10574 1
10575 5
10576 3
10577 2
10578 2
10579 2
10580 1
10581 3
10582 3
10583 5
10584 3
10585 3
10587 1
10588 1
10589 3
10590 2
10592 5
10593 2
10594 1
10595 3
10596 2
10598 2
10599 1
10600 4
10601 1
10602 3
10603 2
10604 3
10605 3
10606 5
10607 5
10608 1
10609 2
10610 1
10611 1
10612 1
10614 2
10615 2
10616 1
10618 2
10620 1
10623 2
10624 2
10625 1
10626 3
10627 1
10628 3
10629 2
10630 2
10631 3
10633 4
10634 2
10635 2
10637 4
10638 3
10639 2
10640 3
10641 1
10642 1
10643 4
10645 1
10646 1
10647 2
10649 1
10650 1
10651 1
10653 2
10654 3
10655 3
10656 3
10657 3
10658 2
10659 1
10660 4
10661 4
10663 2
10664 3
10665 4
10666 2
10667 4
10668 1
10669 2
10670 1
10671 2
10672 2
10674 4
10675 1
10676 1
10677 3
10678 3
10681 1
10682 3
10684 4
10685 3
10686 5
10687 3
10688 6
10689 3
10690 2
10691 2
10692 1
10693 2
10695 1
10696 1
10697 1
10698 1
10699 3
10700 1
10701 1
10702 2
10703 2
10705 2
10706 1
10708 2
10709 2
10710 2
10711 3
10712 1
10713 2
10714 1
10715 3
10716 2
10717 3
10718 2
10719 4
10720 3
10722 1
10723 2
10724 2
10725 3
10727 1
10728 3
10729 3
10730 1
10731 1
10732 3
10733 2
10734 1
10735 1
10736 4
10737 2
10738 1
10739 3
10740 1
10741 1
10742 5
10743 1
10744 2
10746 4
10747 4
10749 3
10750 3
10751 1
10752 2
10753 5
10754 1
10756 2
10757 1
10758 1
10759 3
10760 2
10761 2
10762 1
10763 3
10764 3
10766 3
10767 3
10768 2
10769 1
10770 3
10771 2
10772 1
10773 1
10774 1
10775 5
10776 3
10780 2
10781 2
10785 2
10787 1
10788 1
10789 1
10790 4
10791 4
10792 3
10793 1
10794 1
10795 1
10797 1
10798 2
10799 2
10800 3
10801 4
10802 1
10803 2
10804 1
10805 2
10806 2
10807 1
10808 2
10809 3
10810 3
10811 2
10812 2
10813 3
10814 2
10815 2
10818 3
10819 2
10820 1
10821 2
10822 4
10823 3
10824 4
10825 2
10826 1
10827 1
10828 3
10829 3
10830 1
10831 1
10832 1
10833 2
10834 3
10835 4
10836 1
10838 2
10839 1
10840 1
10841 1
10842 2
10843 2
10844 1
10845 3
10846 3
10847 3
10848 1
10849 1
10850 1
10852 3
10853 3
10854 1
10856 1
10857 3
10858 2
10859 2
10860 4
10861 2
10862 1
10863 3
10864 2
10865 3
10866 3
10867 1
10868 1
10869 2
10870 1
10871 2
10872 3
10873 2
10874 3
10875 3
10876 3
10877 2
10878 1
10880 3
10881 1
10882 2
10883 4
10884 2
10885 3
10886 2
10887 1
10888 1
10889 3
10890 3
10891 1
10892 1
10893 1
10894 3
10895 1
10896 2
10897 1
10898 1
10900 2
10901 2
10902 1
10903 1
10904 3
10906 1
10907 4
10908 2
10910 1
10911 4
10912 1
10913 1
10914 4
10915 2
10916 3
10917 1
10919 2
10920 1
10921 2
10922 1
10923 2
10924 2
10926 1
10927 2
10928 3
10929 1
10931 1
10932 2
10933 2
10934 1
10935 1
10936 2
10937 2
10938 5
10939 3
10941 1
10942 1
10943 2
10945 2
10946 2
10947 4
10948 2
10949 2
10950 1
10951 2
10954 2
10955 2
10956 1
10957 3
10958 3
10959 2
10960 4
10961 1
10962 1
10963 2
10964 3
10965 2
10966 3
10967 1
10968 1
10969 5
10970 2
10971 3
10972 2
10974 1
10975 2
10976 3
10977 2
10978 3
10979 2
10980 2
10981 2
10982 1
10983 1
10984 1
10985 2
10986 2
10987 1
10988 1
10989 1
10990 2
10991 2
10992 3
10993 5
10994 3
10995 2
10996 2
10997 3
10999 1
11000 1
11005 2
11006 1
11007 1
11008 2
11009 4
11010 2
11011 1
11014 2
11015 1
11016 3
11017 2
11018 3
11019 1
11020 4
11021 2
11022 3
11023 2
11024 2
11025 3
11026 1
11027 2
11029 2
11030 1
11031 2
11032 1
11033 1
11036 1
11037 3
11038 1
11039 2
11040 3
11041 5
11042 2
11043 2
11044 1
11045 1
11046 3
11047 1
11048 2
11049 2
11050 1
11051 5
11052 2
11053 1
11054 1
11055 2
11056 1
11057 3
11058 2
11059 1
11061 1
11062 1
11063 1
11064 1
11065 2
11067 1
11068 4
11069 2
11070 1
11071 4
11072 2
11073 3
11074 4
11075 2
11076 3
11077 1
11079 3
11080 1
11081 1
11082 4
11083 1
11085 3
11088 1
11089 2
11090 2
11091 3
11092 1
11094 1
11095 2
11096 2
11097 1
11098 2
11099 2
11100 2
11101 2
11102 4
11103 2
11104 2
11105 3
11106 2
11107 4
11108 2
11109 1
11111 1
11112 2
11113 3
11114 1
11115 2
11116 1
11118 1
11119 2
11120 1
11121 2
11122 3
11123 4
11124 1
11125 2
11126 2
11127 1
11128 3
11129 3
11130 5
11131 2
11132 2
11133 2
11135 1
11136 2
11137 1
11138 1
11140 2
11141 1
11142 1
11143 1
11144 4
11145 1
11146 1
11147 1
11148 1
11150 1
11151 2
11153 3
11154 6
11155 1
11156 4
11157 1
11158 1
11159 1
11160 1
11161 4
11162 2
11163 2
11164 2
11165 2
11166 2
11167 2
11168 2
11169 3
11170 1
11171 1
11173 2
11174 2
11175 1
11177 3
11178 2
11179 1
11180 1
11181 1
11182 1
11183 2
11184 3
11185 2
11186 1
11187 2
11188 1
11189 2
11190 3
11191 1
11192 1
11193 3
11194 2
11195 3
11197 3
11198 1
11199 2
11200 2
11202 1
11204 4
11205 2
11207 3
11208 2
11209 2
11210 2
11211 3
11212 4
11214 2
11215 4
11216 4
11217 2
11218 1
11219 1
11220 1
11221 2
11222 3
11224 1
11225 4
11226 3
11228 2
11230 2
11231 1
11232 1
11233 2
11235 1
11236 4
11238 1
11239 3
11240 4
11241 2
11242 2
11243 2
11245 2
11246 5
11247 2
11248 2
11249 2
11250 3
11251 3
11253 1
11254 1
11255 2
11256 2
11259 3
11260 1
11262 3
11264 3
11266 1
11267 3
11268 1
11269 3
11270 3
11271 2
11272 2
11273 2
11276 5
11277 4
11278 1
11279 3
11281 1
11282 1
11284 3
11286 1
11287 4
11289 3
11290 3
11293 2
11294 1
11296 1
11297 4
11298 4
11299 4
11300 1
11301 5
11302 3
11303 2
11304 2
11305 1
11306 1
11307 4
11308 1
11312 2
11313 3
11314 1
11315 2
11318 4
11320 2
11321 2
11322 2
11323 1
11324 2
11325 1
11326 1
11327 2
11328 1
11329 4
11330 3
11331 4
11332 2
11333 1
11334 1
11335 2
11336 2
11338 1
11341 1
11344 1
11345 1
11346 3
11347 1
11348 3
11349 1
11350 2
11351 1
11352 4
11353 3
11354 1
11355 1
11356 1
11357 1
11358 4
11359 3
11360 3
11361 4
11362 4
11363 3
11364 3
11366 1
11368 1
11369 2
11370 1
11372 3
11373 2
11374 1
11375 3
11376 2
11377 1
11378 2
11379 1
11380 4
11381 3
11382 2
11383 5
11384 2
11385 1
11386 3
11387 2
11388 1
11389 3
11390 1
11391 2
11394 2
11395 3
11396 1
11397 3
11400 3
11401 1
11403 2
11405 2
11406 3
11407 2
11408 2
11409 2
11410 1
11411 3
11412 4
11413 2
11414 2
11415 2
11416 1
11417 1
11420 3
11421 1
11422 1
11423 1
11424 2
11425 2
11426 3
11427 1
11428 1
11430 1
11431 1
11432 1
11433 1
11434 5
11435 2
11436 1
11437 3
11438 3
11439 1
11440 2
11441 1
11442 2
11443 1
11444 4
11445 4
11446 3
11447 1
11450 1
11451 5
11454 3
11455 3
11456 2
11457 1
11458 1
11459 3
11460 1
11461 3
11462 4
11463 1
11465 3
11466 2
11467 1
11468 2
11469 1
11470 1
11471 2
11472 2
11473 1
11474 1
11475 2
11476 4
11477 2
11478 2
11479 1
11480 1
11481 1
11482 2
11483 1
11485 1
11486 3
11487 2
11488 1
11489 2
11490 1
11491 1
11492 4
11493 4
11494 4
11495 2
11496 2
11497 3
11498 2
11499 3
11501 2
11502 4
11504 3
11505 2
11506 4
11507 2
11508 3
11509 4
11510 1
11511 1
11512 2
11513 2
11514 1
11516 5
11517 3
11518 3
11519 2
11520 2
11521 1
11522 2
11523 4
11524 2
11525 2
11526 1
11527 2
11528 1
11529 1
11530 3
11531 2
11532 2
11533 2
11534 1
11535 1
11536 1
11537 2
11538 2
11539 2
11540 1
11543 1
11544 2
11545 2
11546 1
11547 3
11548 4
11549 2
11550 2
11552 2
11553 3
11555 2
11557 2
11558 3
11559 1
11560 3
11562 1
11563 3
11564 3
11565 1
11566 1
11567 1
11568 1
11569 3
11570 3
11571 2
11572 3
11573 1
11574 1
11575 3
11576 1
11577 2
11578 3
11579 5
11580 3
11581 4
11582 1
11583 2
11584 1
11585 1
11586 3
11588 3
11589 1
11590 1
11591 4
11592 2
11593 1
11594 4
11595 3
11596 2
11598 3
11599 2
11600 1
11601 1
11602 5
11603 3
11605 3
11606 2
11607 1
11608 4
11609 3
11610 2
11611 3
11612 3
11615 2
11616 1
11617 1
11619 3
11620 1
11622 3
11623 1
11625 2
11626 1
11627 1
11628 1
11629 5
11630 3
11631 1
11633 1
11634 3
11635 2
11636 1
11637 2
11638 1
11639 3
11641 2
11642 3
11643 2
11644 1
11645 2
11649 1
11650 3
11651 1
11652 5
11653 5
11654 2
11655 2
11656 4
11657 2
11658 1
11659 1
11660 2
11661 4
11662 2
11663 3
11664 1
11665 1
11666 4
11667 6
11668 2
11670 2
11671 1
11673 3
11676 1
11677 2
11680 3
11681 2
11682 2
11683 3
11684 6
11685 2
11686 1
11687 2
11688 1
11689 1
11690 1
11691 4
11692 3
11693 1
11694 2
11695 1
11696 1
11697 2
11698 1
11699 1
11700 1
11701 4
11702 1
11703 1
11704 1
11705 2
11706 1
11707 3
11708 1
11709 3
11710 1
11711 2
11712 3
11713 1
11714 2
11715 5
11716 3
11717 3
11718 2
11719 1
11720 1
11721 1
11722 1
11723 1
11724 1
11726 1
11727 2
11728 1
11729 1
11730 1
11732 3
11733 2
11734 2
11735 3
11737 1
11738 5
11739 3
11740 2
11741 1
11742 2
11743 3
11744 3
11746 2
11747 3
11748 3
11749 3
11750 1
11752 2
11753 1
11754 2
11755 4
11756 2
11758 2
11759 1
11760 2
11761 1
11762 1
11763 5
11764 2
11765 3
11766 5
11767 1
11768 2
11769 5
11770 2
11771 3
11772 2
11774 2
11775 2
11776 2
11777 5
11778 2
11779 2
11780 1
11783 1
11785 2
11786 3
11787 2
11788 1
11789 2
11790 1
11791 1
11793 1
11794 3
11795 1
11796 1
11797 2
11798 1
11799 4
11800 3
11801 1
11802 1
11803 1
11805 1
11806 1
11807 1
11808 2
11809 1
11810 3
11811 2
11813 1
11814 3
11816 1
11817 1
11818 3
11819 1
11820 4
11821 1
11822 1
11824 2
11825 3
11826 1
11827 3
11828 3
11829 1
11830 2
11831 5
11832 2
11834 1
11836 2
11837 2
11838 1
11839 1
11840 2
11841 2
11842 2
11843 1
11845 3
11846 1
11848 3
11849 2
11850 1
11851 3
11852 1
11853 2
11855 2
11856 2
11857 4
11858 1
11859 3
11861 3
11862 2
11863 1
11865 1
11866 1
11867 1
11868 2
11869 3
11870 1
11871 2
11872 2
11873 1
11874 2
11875 1
11876 2
11879 4
11880 2
11881 1
11882 3
11883 2
11884 3
11885 4
11887 1
11888 1
11889 1
11890 2
11891 2
11892 2
11895 1
11896 3
11899 2
11900 4
11901 2
11902 4
11903 2
11904 1
11905 1
11906 1
11907 2
11908 1
11910 3
11911 1
11912 2
11913 6
11914 3
11915 1
11916 1
11917 3
11918 2
11920 1
11921 1
11922 2
11923 3
11924 2
11927 2
11928 1
11930 2
11931 3
11932 2
11933 3
11934 5
11935 3
11937 1
11938 3
11939 1
11941 1
11943 6
11944 1
11945 1
11946 3
11947 3
11948 2
11949 1
11951 1
11953 1
11954 1
11956 3
11957 1
11958 1
11960 2
11961 3
11962 3
11963 2
11964 2
11965 3
11966 1
11967 1
11968 2
11970 1
11971 1
11972 3
11973 2
11974 5
11975 1
11976 1
11977 3
11978 1
11979 1
11981 1
11982 3
11983 1
11984 4
11985 2
11987 2
11988 2
11989 3
11990 2
11991 3
11992 2
11993 4
11994 3
11995 5
11996 1
11997 2
11998 1
11999 4
12000 1
12003 1
12004 2
12005 4
12006 1
12009 2
12010 2
12011 1
12012 2
12013 1
12014 2
12015 2
12016 6
12017 2
12018 2
12019 2
12020 3
12021 1
12022 1
12023 2
12024 2
12025 2
12027 2
12028 1
12029 1
12030 1
12031 1
12032 2
12033 2
12035 1
12036 3
12037 2
12038 1
12039 2
12040 2
12041 1
12042 2
12043 1
12044 2
12045 2
12046 4
12047 6
12048 1
12049 2
12050 2
12051 1
12053 3
12054 3
12056 4
12057 1
12058 1
12059 2
12060 2
12061 1
12064 2
12065 1
12066 1
12067 3
12068 1
12069 2
12070 5
12071 3
12072 2
12073 2
12074 1
12075 2
12076 1
12077 1
12078 3
12079 2
12081 2
12082 1
12083 1
12084 2
12085 2
12086 1
12087 3
12088 1
12090 2
12091 1
12092 2
12093 1
12094 1
12095 3
12096 1
12097 1
12098 4
12099 1
12100 1
12101 4
12102 2
12103 2
12104 2
12105 1
12106 1
12107 2
12108 1
12109 3
12110 1
12116 1
12117 2
12118 4
12119 2
12120 1
12121 2
12122 2
12124 2
12125 2
12126 2
12127 2
12128 2
12129 3
12130 3
12131 4
12132 5
12133 2
12135 3
12136 2
12137 1
12138 3
12139 1
12140 4
12141 2
12142 3
12143 1
12146 2
12147 1
12148 3
12149 3
12150 4
12151 2
12152 5
12153 2
12154 1
12155 2
12156 1
12157 2
12158 1
12159 1
12160 2
12161 2
12162 1
12163 4
12164 2
12165 1
12166 2
12167 2
12168 1
12169 1
12173 2
12174 1
12175 1
12176 1
12177 1
12178 2
12179 1
12180 3
12181 2
12182 1
12183 4
12184 1
12187 2
12188 3
12189 3
12190 2
12191 2
12192 2
12193 3
12194 2
12195 1
12196 2
12198 1
12200 3
12201 1
12202 1
12203 2
12204 5
12205 1
12206 2
12207 2
12208 2
12210 2
12211 3
12212 1
12213 2
12214 4
12215 2
12216 1
12217 5
12218 2
12219 1
12220 1
12221 2
12222 3
12223 2
12224 1
12226 1
12227 1
12228 2
12229 1
12230 1
12231 1
12232 2
12234 2
12235 2
12236 1
12237 1
12238 2
12239 3
12240 2
12243 1
12244 2
12245 5
12249 3
12250 1
12252 2
12253 2
12254 2
12255 4
12256 1
12262 2
12263 2
12264 1
12265 2
12266 2
12267 2
12268 1
12269 2
12270 2
12271 2
12272 2
12273 4
12274 1
12275 3
12276 2
12277 3
12278 4
12279 3
12281 1
12282 2
12283 2
12286 5
12287 2
12288 1
12289 2
12292 2
12293 2
12294 3
12296 3
12297 3
12298 2
12299 4
12300 4
12301 2
12302 2
12303 2
12304 2
12306 2
12307 1
12308 2
12309 2
12311 1
12314 2
12315 1
12316 2
12317 3
12318 2
12320 1
12321 2
12322 1
12324 1
12325 4
12326 2
12327 4
12329 2
12330 2
12331 2
12332 2
12333 1
12336 2
12337 2
12340 2
12341 1
12342 1
12343 1
12344 2
12345 1
12346 1
12347 1
12348 5
12349 2
12350 2
12351 2
12353 2
12354 3
12355 3
12356 2
12357 1
12358 3
12359 2
12360 2
12362 1
12363 1
12364 1
12365 2
12366 1
12368 4
12371 3
12372 2
12375 3
12376 2
12377 1
12378 5
12379 4
12380 4
12381 2
12383 2
12384 1
12385 2
12386 3
12387 1
12388 2
12389 1
12391 1
12392 2
12393 3
12396 1
12397 3
12399 3
12401 1
12402 3
12403 3
12404 1
12406 1
12407 4
12408 1
12409 3
12410 3
12411 2
12412 2
12413 3
12414 2
12415 1
12418 2
12419 1
12421 1
12422 4
12423 2
12424 2
12426 1
12427 1
12428 1
12430 5
12431 2
12432 1
12433 1
12434 1
12435 3
12436 3
12437 1
12438 1
12439 2
12440 5
12441 2
12443 1
12444 3
12445 1
12447 1
12448 1
12450 3
12451 1
12452 1
12453 1
12454 2
12455 2
12457 4
12458 2
12460 2
12461 5
12462 1
12464 2
12465 1
12468 1
12469 3
12470 3
12471 2
12472 4
12473 2
12474 2
12475 1
12478 3
12479 1
12481 2
12482 1
12483 2
12484 4
12485 1
12486 3
12487 1
12488 3
12489 3
12491 2
12492 1
12493 1
12494 1
12495 3
12497 1
12500 2
12501 2
12502 2
12503 1
12504 2
12505 2
12507 1
12508 1
12510 1
12512 3
12513 2
12514 1
12515 1
12516 2
12517 2
12518 1
12519 2
12520 1
12521 3
12522 2
12523 3
12524 1
12525 2
12526 3
12527 2
12528 2
12529 3
12531 2
12532 2
12533 2
12534 2
12535 4
12536 2
12537 1
12538 1
12539 2
12540 2
12541 1
12543 4
12544 3
12545 1
12546 3
12547 2
12549 2
12552 1
12553 2
12554 5
12555 2
12556 1
12558 2
12559 3
12560 3
12561 1
12563 1
12564 1
12565 1
12566 2
12567 1
12568 2
12569 2
12570 2
12571 4
12572 2
12574 1
12576 3
12577 3
12579 1
12580 1
12582 1
12583 3
12584 2
12585 2
12586 1
12587 3
12588 2
12589 1
12590 2
12591 1
12592 1
12593 1
12594 2
12595 1
12596 2
12597 2
12598 1
12599 1
12600 1
12601 1
12602 2
12603 1
12604 1
12605 4
12606 2
12607 3
12608 4
12609 2
12610 1
12611 1
12613 1
12615 2
12617 2
12618 2
12619 1
12620 1
12621 3
12622 1
12625 4
12626 4
12627 1
12628 1
12629 1
12630 1
12631 2
12632 3
12633 2
12635 2
12636 2
12638 2
12639 3
12640 1
12641 2
12645 1
12647 1
12648 3
12649 2
12652 1
12653 3
12654 2
12656 1
12657 3
12658 2
12659 2
12661 1
12662 2
12663 3
12664 2
12665 1
12666 1
12668 1
12669 3
12670 1
12671 2
12672 1
12673 1
12674 1
12675 2
12676 2
12677 2
12678 1
12679 4
12680 4
12682 2
12683 2
12684 1
12685 3
12686 2
12687 2
12688 1
12689 4
12690 2
12691 3
12692 1
12693 1
12694 3
12696 1
12697 1
12699 1
12700 2
12701 2
12702 1
12703 4
12704 2
12706 1
12707 1
12708 1
12710 3
12711 2
12712 2
12713 2
12714 1
12715 1
12716 2
12717 1
12718 2
12719 2
12720 1
12723 1
12724 1
12728 2
12730 1
12731 2
12733 2
12734 4
12735 1
12736 1
12737 1
12739 1
12740 3
12741 2
12742 3
12743 3
12744 1
12745 2
12747 1
12748 1
12749 1
12750 1
12751 2
12752 2
12753 1
12754 1
12757 1
12759 2
12760 1
12761 2
12762 4
12763 2
12764 1
12765 3
12766 4
12767 1
12768 2
12769 1
12770 1
12771 2
12773 3
12774 1
12775 1
12776 4
12777 1
12779 2
12781 1
12782 3
12783 2
12784 1
12785 1
12786 1
12787 1
12789 1
12790 3
12792 1
12793 4
12794 1
12795 2
12796 3
12797 1
12798 1
12799 1
12800 1
12801 2
12802 1
12804 1
12805 2
12809 1
12810 3
12812 1
12814 1
12815 1
12816 4
12817 1
12819 1
12820 1
12821 1
12822 2
12823 3
12824 3
12825 1
12826 3
12827 4
12829 1
12830 2
12832 1
12834 3
12836 1
12837 3
12838 3
12839 1
12840 2
12841 2
12842 1
12844 2
12847 3
12848 4
12850 1
12851 1
12852 1
12853 2
12854 1
12855 4
12856 1
12858 2
12859 1
12863 2
12864 1
12865 2
12867 2
12869 1
12870 1
12871 1
12872 2
12873 1
12874 1
12875 1
12876 3
12877 1
12878 2
12879 3
12880 2
12881 1
12882 1
12884 1
12885 2
12886 3
12887 2
12888 2
12889 2
12891 2
12892 1
12894 1
12896 2
12898 3
12899 2
12901 2
12902 2
12903 1
12905 1
12906 1
12908 2
12909 6
12910 2
12911 2
12914 2
12915 3
12916 1
12918 2
12919 3
12920 1
12922 1
12923 1
12924 1
12925 1
12926 2
12927 1
12929 3
12930 4
12932 2
12933 2
12935 1
12936 3
12937 3
12939 3
12940 4
12941 2
12942 1
12944 1
12945 2
12947 2
12950 2
12953 1
12956 2
12957 1
12958 4
12959 1
12960 3
12961 2
12962 2
12963 1
12964 1
12965 2
12966 1
12967 1
12968 1
12970 3
12971 2
12973 3
12974 1
12975 2
12976 2
12978 2
12980 2
12981 2
12984 3
12987 4
12988 1
12989 2
12991 4
12992 2
12993 2
12994 1
12995 4
12996 1
12998 1
13000 1
13001 4
13002 1
13003 1
13007 1
13008 1
13009 3
13010 1
13011 1
13012 5
13014 2
13016 1
13018 1
13021 2
13022 4
13023 1
13024 4
13025 1
13026 2
13027 1
13032 2
13033 1
13036 1
13037 1
13038 1
13039 1
13040 2
13041 1
13042 3
13043 4
13044 1
13045 1
13046 3
13047 3
13049 1
13050 2
13051 1
13052 3
13054 2
13055 3
13056 4
13057 1
13058 2
13062 1
13063 2
13066 4
13067 2
13069 2
13071 2
13072 2
13073 4
13074 1
13075 2
13077 2
13080 1
13081 2
13083 3
13084 2
13085 2
13086 2
13087 1
13089 1
13091 1
13093 1
13094 3
13095 1
13097 1
13098 2
13099 1
13100 1
13101 1
13102 1
13103 3
13104 1
13105 3
13106 3
13107 1
13108 2
13114 4
13116 1
13117 2
13118 1
13119 2
13120 4
13124 1
13125 4
13126 1
13127 1
13128 2
13129 1
13130 2
13131 2
13132 2
13134 1
13135 1
13136 1
13137 2
13138 1
13140 1
13144 2
13145 4
13146 2
13147 1
13148 3
13149 2
13151 1
13153 1
13155 3
13156 2
13157 1
13158 2
13159 3
13160 1
13161 1
13162 3
13163 2
13164 1
13165 2
13166 1
13168 1
13169 2
13170 4
13171 2
13172 1
13173 1
13175 1
13176 4
13178 1
13179 2
13180 3
13181 2
13182 1
13183 1
13184 1
13185 2
13186 1
13187 3
13190 1
13191 3
13192 2
13194 1
13196 2
13199 1
13200 3
13201 1
13202 1
13203 2
13205 1
13206 1
13207 3
13208 1
13210 2
13211 1
13212 2
13213 1
13214 2
13215 1
13216 1
13217 4
13218 2
13219 2
13220 2
13221 2
13222 1
13223 2
13224 2
13227 4
13228 1
13229 2
13230 1
13231 2
13233 1
13234 2
13235 1
13238 2
13239 1
13240 2
13241 7
13242 2
13243 1
13244 1
13246 1
13247 2
13249 2
13250 2
13251 3
13252 1
13255 1
13256 1
13257 2
13258 1
13259 1
13260 1
13262 2
13263 2
13264 2
13265 1
13267 1
13268 1
13269 2
13271 2
13272 3
13273 1
13274 2
13275 1
13277 2
13278 2
13282 3
13283 1
13285 1
13288 1
13289 3
13290 1
13291 1
13292 2
13294 1
13295 2
13296 2
13297 2
13298 2
13299 1
13300 2
13301 1
13302 1
13303 2
13304 3
13305 1
13306 2
13308 1
13309 2
13310 1
13311 1
13312 1
13313 5
13314 1
13316 2
13317 1
13319 3
13320 1
13321 4
13322 1
13323 5
13324 1
13325 2
13326 1
13327 3
13328 3
13330 1
13331 1
13332 1
13333 2
13334 1
13335 1
13336 1
13337 1
13340 1
13344 2
13345 1
13346 1
13347 1
13348 1
13349 2
13351 1
13353 1
13354 3
13355 1
13356 1
13359 2
13360 3
13361 2
13363 1
13364 4
13367 2
13371 1
13372 1
13374 3
13375 4
13376 1
13377 4
13378 4
13379 1
13380 1
13381 3
13382 2
13385 1
13386 4
13387 1
13388 2
13390 1
13391 1
13392 1
13394 1
13395 3
13396 1
13397 1
13398 2
13399 1
13402 2
13403 2
13405 2
13407 3
13408 2
13409 3
13410 2
13411 1
13412 1
13416 2
13417 1
13420 2
13422 1
13424 1
13425 1
13426 5
13427 1
13428 1
13429 2
13430 1
13432 2
13434 2
13435 1
13436 1
13437 2
13438 2
13439 1
13440 1
13441 3
13445 1
13446 3
13449 2
13451 1
13452 2
13453 2
13454 2
13455 2
13456 1
13457 3
13458 2
13459 2
13460 2
13462 1
13463 5
13464 1
13465 1
13467 2
13468 4
13469 1
13471 1
13473 2
13474 1
13475 1
13477 2
13478 1
13479 1
13480 3
13481 1
13482 1
13483 1
13484 1
13485 1
13487 2
13488 3
13489 1
13491 2
13492 1
13494 1
13496 2
13497 3
13500 1
13501 1
13502 2
13503 1
13508 1
13510 1
13511 4
13512 2
13513 1
13514 2
13517 1
13518 1
13519 1
13521 1
13522 1
13523 1
13524 2
13525 1
13526 1
13528 1
13529 1
13530 1
13531 1
13532 1
13533 1
13534 1
13535 1
13536 1
13539 3
13542 1
13543 2
13544 1
13545 3
13547 1
13548 1
13549 3
13550 3
13551 1
13552 1
13554 1
13555 1
13556 2
13559 2
13560 1
13562 2
13564 1
13565 1
13566 1
13567 1
13568 2
13570 2
13573 2
13574 2
13577 1
13578 1
13579 1
13580 2
13581 2
13582 1
13583 1
13584 2
13585 1
13586 2
13590 2
13591 1
13593 1
13594 2
13595 2
13596 4
13599 2
13601 2
13603 2
13604 3
13606 1
13607 3
13609 1
13610 2
13611 1
13615 1
13616 2
13617 2
13621 3
13622 1
13624 1
13625 3
13626 1
13627 2
13628 2
13631 1
13632 3
13633 1
13635 1
13636 1
13637 2
13642 2
13643 1
13644 1
13645 1
13647 1
13648 1
13650 1
13652 2
13653 1
13654 2
13655 2
13656 1
13657 2
13658 3
13659 2
13660 1
13662 1
13663 1
13664 1
13666 1
13667 1
13668 6
13669 1
13671 1
13672 1
13676 1
13678 3
13679 1
13681 4
13682 1
13683 2
13684 1
13685 3
13686 1
13687 2
13688 1
13690 1
13692 1
13693 2
13696 1
13697 1
13698 2
13699 3
13700 1
13702 2
13703 1
13704 1
13706 1
13707 2
13708 2
13709 2
13710 2
13712 1
13713 2
13714 3
13715 1
13716 2
13717 1
13718 2
13719 1
13720 1
13725 1
13727 1
13729 2
13730 2
13731 1
13734 1
13735 1
13736 1
13737 2
13738 1
13739 3
13740 1
13741 3
13742 1
13743 2
13744 1
13745 1
13747 1
13750 3
13752 1
13757 1
13758 3
13760 2
13761 3
13762 1
13763 2
13764 4
13765 2
13766 1
13767 2
13769 1
13770 1
13771 1
13772 3
13773 1
13778 3
13779 2
13780 1
13781 1
13782 1
13784 1
13785 1
13789 2
13790 2
13791 1
13792 1
13793 1
13794 1
13795 3
13796 1
13797 1
13800 3
13801 1
13802 1
13804 1
13806 2
13809 1
13810 1
13811 1
13812 4
13815 2
13816 1
13818 1
13819 1
13820 2
13821 2
13823 2
13824 1
13826 1
13827 1
13828 1
13829 2
13830 1
13832 1
13835 1
13836 1
13840 1
13841 1
13842 3
13843 2
13844 3
13845 1
13846 1
13847 1
13849 2
13850 3
13851 3
13852 1
13853 1
13856 2
13857 3
13860 1
13861 3
13862 1
13863 2
13864 1
13865 1
13866 1
13867 2
13868 1
13871 2
13872 2
13874 2
13875 2
13876 1
13877 3
13878 1
13882 2
13883 2
13886 2
13887 1
13888 1
13894 2
13895 1
13898 2
13899 1
13900 1
13901 1
13903 1
13904 2
13905 2
13908 1
13909 1
13912 1
13913 2
13914 1
13915 2
13916 1
13918 2
13921 1
13923 1
13924 1
13925 1
13926 1
13928 3
13929 1
13930 1
13932 2
13933 3
13934 1
13936 1
13938 2
13939 3
13942 1
13943 2
13945 1
13946 1
13947 2
13948 2
13949 1
13952 1
13953 1
13954 1
13955 1
13956 1
13957 1
13960 2
13963 1
13964 2
13965 1
13966 1
13968 2
13969 1
13972 1
13974 1
13976 1
13977 1
13980 1
13981 1
13983 1
13985 1
13987 3
13989 1
13990 4
13991 1
13992 2
13996 1
13997 1
13998 3
14000 3
14003 1
14005 2
14007 1
14008 2
14010 2
14011 4
14018 2
14019 3
14020 2
14021 1
14022 2
14024 2
14025 1
14026 1
14027 1
14034 2
14035 1
14036 2
14038 1
14040 1
14041 2
14043 1
14047 2
14048 1
14049 1
14050 1
14051 2
14052 2
14062 2
14066 1
14067 2
14069 3
14070 1
14071 1
14072 2
14073 3
14074 1
14075 1
14080 1
14081 1
14082 3
14083 1
14085 2
14087 1
14089 1
14090 2
14091 1
14093 2
14096 2
14097 1
14100 2
14101 1
14102 1
14103 3
14104 3
14105 1
14108 1
14109 1
14110 1
14112 1
14113 1
14117 1
14118 2
14122 1
14124 1
14126 1
14129 2
14132 1
14133 4
14134 1
14138 1
14139 1
14141 2
14143 1
14144 2
14146 1
14147 2
14148 1
14149 2
14151 2
14155 5
14156 2
14157 1
14158 1
14159 1
14163 1
14164 2
14165 2
14166 2
14167 1
14168 1
14172 1
14175 1
14176 1
14177 1
14180 2
14182 3
14183 2
14185 1
14186 1
14189 1
14192 1
14193 1
14194 1
14195 3
14197 2
14199 1
14203 1
14204 1
14206 2
14207 1
14208 1
14209 1
14211 1
14213 1
14214 2
14215 2
14216 1
14218 1
14219 1
14223 2
14225 2
14226 1
14227 2
14228 1
14229 2
14230 1
14232 1
14233 2
14237 5
14238 1
14239 1
14240 2
14243 1
14244 1
14245 1
14246 3
14247 1
14248 2
14250 1
14251 1
14252 1
14253 1
14254 2
14256 1
14257 1
14260 2
14261 1
14265 3
14266 1
14268 1
14269 1
14271 1
14274 2
14278 1
14279 2
14280 1
14281 2
14283 1
14284 1
14286 1
14287 1
14288 1
14290 2
14291 2
14293 1
14294 1
14296 2
14298 1
14299 1
14300 1
14301 3
14302 1
14304 1
14305 1
14308 1
14309 1
14312 1
14313 1
14315 1
14316 1
14317 1
14318 1
14319 3
14320 1
14322 1
14323 1
14327 1
14328 1
14329 2
14330 1
14331 1
14332 1
14333 2
14336 1
14340 1
14342 1
14343 2
14344 1
14346 1
14349 1
14350 3
14351 3
14352 1
14353 1
14354 1
14355 1
14356 1
14358 1
14360 1
14361 1
14363 1
14364 1
14365 1
14372 1
14373 3
14374 1
14378 2
14379 1
14380 1
14382 1
14383 1
14384 1
14386 1
14387 2
14388 2
14390 1
14391 1
14394 4
14396 1
14397 1
14400 1
14401 1
14402 2
14404 2
14405 3
14409 1
14410 1
14412 2
14414 1
14417 1
14421 1
14422 2
14424 1
14428 2
14431 1
14433 1
14435 2
14436 1
14437 1
14438 1
14439 1
14441 1
14442 1
14443 1
14445 1
14451 1
14453 3
14455 1
14456 1
14459 2
14460 1
14462 1
14465 2
14467 1
14468 1
14470 1
14476 3
14477 1
14478 1
14479 1
14482 1
14484 2
14485 1
14486 1
14487 2
14488 1
14489 1
14490 1
14491 2
14492 1
14494 1
14496 1
14498 2
14501 1
14504 1
14506 2
14508 1
14510 2
14515 1
14518 1
14521 1
14527 1
14528 1
14530 1
14534 1
14535 2
14541 2
14542 1
14545 2
14547 1
14548 2
14549 3
14551 1
14557 1
14558 1
14559 2
14561 1
14562 1
14564 1
14566 1
14567 1
14569 1
14570 1
14572 1
14574 1
14578 1
14580 1
14583 1
14588 1
14589 1
14590 2
14592 1
14596 1
14597 1
14599 1
14600 1
14601 1
14604 1
14605 2
14609 1
14610 1
14612 1
14613 1
14620 1
14621 1
14622 1
14623 2
14626 3
14627 1
14628 1
14630 1
14633 2
14634 3
14635 1
14636 2
14639 1
14641 1
14644 2
14648 1
14649 1
14651 2
14652 1
14655 2
14656 1
14658 1
14664 2
14665 1
14667 1
14669 1
14670 1
14674 1
14678 1
14679 1
14681 3
14682 1
14683 1
14684 1
14685 2
14687 2
14692 2
14693 1
14695 2
14698 1
14703 2
14704 1
14705 2
14706 2
14710 1
14712 1
14714 1
14715 1
14716 3
14718 1
14720 2
14725 1
14726 2
14731 1
14732 1
14733 1
14735 1
14737 3
14741 2
14746 1
14750 1
14752 1
14755 1
14756 1
14758 1
14760 1
14761 2
14762 1
14763 1
14765 2
14766 1
14767 3
14768 1
14769 1
14770 1
14771 1
14772 1
14774 2
14775 1
14777 3
14780 2
14783 1
14785 1
14787 1
14788 2
14791 2
14792 2
14794 1
14796 1
14797 1
14798 1
14799 1
14806 1
14808 1
14818 1
14819 2
14824 1
14825 1
14828 2
14829 1
14831 2
14838 1
14839 4
14840 1
14841 1
14842 1
14843 1
14845 1
14849 1
14850 2
14851 1
14852 1
14854 1
14856 2
14859 1
14862 1
14863 1
14867 1
14869 2
14870 1
14871 2
14872 1
14873 1
14874 2
14876 1
14880 1
14881 2
14883 1
14884 1
14886 1
14887 1
14888 1
14889 1
14890 1
14894 1
14898 1
14901 2
14902 1
14903 1
14910 3
14911 1
14916 1
14917 1
14921 1
14925 2
14928 1
14929 1
14931 1
14932 3
14933 1
14935 2
14937 1
14938 1
14940 1
14942 1
14943 1
14944 1
14945 1
14951 1
14952 1
14953 1
14958 1
14960 1
14961 1
14965 1
14966 4
14971 2
14975 2
14976 3
14983 1
14985 1
14987 1
14988 1
14990 1
14992 2
14994 1
15002 1
15006 1
15007 1
15008 1
15013 1
15014 2
15015 2
15017 1
15019 1
15020 1
15021 1
15022 1
15023 1
15024 1
15029 1
15032 1
15034 1
15037 1
15038 2
15041 1
15042 1
15043 1
15046 2
15047 1
15048 3
15050 1
15053 1
15057 1
15065 1
15067 1
15068 1
15069 1
15070 1
15071 1
15074 2
15079 1
15080 1
15085 1
15086 1
15089 2
15092 1
15096 1
15097 1
15099 2
15100 1
15101 1
15106 1
15109 1
15114 1
15119 1
15120 2
15122 1
15123 2
15124 1
15127 1
15128 2
15133 1
15135 1
15145 2
15147 1
15149 1
15151 2
15152 1
15156 1
15157 2
15160 1
15161 1
15163 1
15171 3
15172 1
15174 2
15176 1
15178 2
15179 1
15181 1
15182 2
15190 1
15191 1
15192 1
15193 1
15196 1
15202 1
15203 1
15205 2
15207 1
15208 1
15211 1
15212 1
15216 1
15222 2
15228 1
15233 1
15237 1
15242 1
15243 1
15248 1
15249 1
15253 2
15254 1
15256 1
15258 1
15259 1
15260 1
15264 3
15267 1
15273 1
15274 1
15275 3
15278 1
15279 1
15280 1
15284 1
15285 1
15290 1
15293 2
15297 1
15303 1
15304 2
15305 1
15309 1
15310 1
15311 1
15314 1
15315 2
15320 1
15321 1
15326 2
15327 1
15328 2
15329 1
15336 1
15341 1
15346 1
15347 1
15352 1
15357 1
15362 2
15370 1
15373 1
15375 1
15377 2
15379 2
15380 1
15382 1
15387 1
15392 2
15394 1
15396 1
15397 1
15403 1
15406 1
15407 1
15408 1
15409 1
15410 2
15412 2
15413 1
15417 1
15418 1
15421 1
15424 2
15427 1
15432 1
15433 2
15452 1
15454 2
15456 1
15461 1
15462 1
15463 1
15464 2
15469 2
15472 1
15474 1
15475 2
15483 2
15484 1
15486 1
15489 2
15490 1
15491 1
15494 1
15498 1
15500 1
15503 1
15510 1
15514 1
15515 1
15520 1
15521 1
15525 2
15531 1
15532 1
15537 1
15540 1
15544 1
15546 1
15551 1
15555 1
15557 1
15560 1
15561 1
15565 1
15567 1
15568 2
15569 1
15572 1
15575 1
15576 1
15583 1
15585 1
15586 1
15588 2
15593 1
15597 2
15602 1
15607 1
15608 1
15612 1
15619 1
15620 1
15623 1
15632 1
15646 1
15647 1
15649 1
15650 1
15653 1
15657 2
15658 2
15659 1
15661 1
15663 1
15668 1
15679 2
15683 1
15689 1
15694 1
15697 1
15701 2
15712 2
15714 1
15715 1
15716 1
15729 1
15730 2
15735 2
15743 1
15745 2
15760 1
15761 1
15763 1
15768 1
15777 1
15783 1
15787 1
15792 1
15794 1
15796 1
15798 1
15807 2
15812 1
15815 1
15816 1
15818 1
15825 1
15828 1
15837 1
15849 1
15850 1
15851 1
15852 1
15858 2
15863 1
15866 2
15868 1
15869 1
15873 1
15874 1
15876 1
15881 1
15889 1
15893 1
15897 1
15900 1
15902 1
15905 1
15908 1
15917 1
15929 1
15932 1
15934 1
15936 1
15940 2
15941 1
15943 1
15944 1
15948 2
15950 1
15951 1
15955 1
15956 1
15962 2
15965 1
15970 1
15972 1
15973 1
15985 1
15990 1
15992 1
15998 1
15999 1
16006 1
16009 1
16011 1
16012 1
16013 1
16021 1
16024 1
16025 1
16029 1
16033 1
16038 1
16042 1
16044 2
16047 1
16048 1
16052 1
16054 1
16055 1
16065 1
16069 1
16072 1
16074 1
16081 1
16086 1
16090 1
16098 1
16099 1
16103 1
16106 1
16111 1
16113 1
16115 1
16116 1
16129 1
16137 1
16146 1
16147 1
16156 2
16170 1
16176 1
16178 1
16184 1
16190 1
16195 2
16201 1
16202 1
16217 1
16219 2
16229 1
16235 1
16238 1
16253 1
16260 1
16270 1
16272 2
16283 1
16294 1
16299 1
16304 1
16305 1
16315 1
16320 1
16330 1
16338 1
16345 1
16347 1
16352 1
16353 1
16367 1
16374 1
16375 1
16376 1
16377 1
16381 1
16386 1
16389 2
16392 1
16404 1
16406 1
16411 1
16417 1
16424 1
16429 1
16430 1
16431 1
16434 1
16435 2
16440 1
16449 1
16451 1
16452 1
16456 1
16459 1
16466 1
16474 1
16475 1
16477 1
16479 1
16480 1
16481 1
16483 1
16485 2
16486 1
16488 2
16490 1
16493 1
16499 1
16510 1
16512 1
16521 1
16533 1
16544 1
16550 1
16551 1
16556 1
16563 1
16565 1
16570 1
16581 2
16583 1
16584 1
16587 1
16588 1
16592 1
16597 1
16627 1
16635 1
16636 1
16640 1
16654 1
16660 1
16665 1
16669 1
16686 1
16691 1
16693 1
16696 1
16701 1
16713 1
16717 2
16731 1
16739 1
16740 1
16742 1
16756 1
16757 1
16761 1
16767 1
16768 1
16773 1
16790 1
16793 1
16797 1
16817 1
16821 1
16828 1
16834 1
16839 1
16844 1
16860 1
16865 1
16870 1
16872 1
16876 2
16877 1
16885 1
16890 1
16897 1
16915 1
16916 2
16921 1
16927 1
16933 1
16939 1
16947 1
16953 1
16958 1
16964 1
16967 1
16972 1
16974 1
16978 1
16984 1
16989 2
16992 1
16996 1
16997 1
16998 1
17003 1
17004 1
17021 1
17022 1
17023 1
17025 1
17028 1
17029 1
17039 1
17044 1
17047 1
17049 2
17052 1
17071 1
17074 1
17081 1
17082 1
17100 1
17105 1
17106 1
17107 1
17111 1
17121 2
17132 1
17133 1
17137 1
17138 1
17143 1
17144 1
17153 1
17158 1
17163 1
17180 1
17194 1
17195 1
17197 1
17200 1
17209 1
17214 1
17219 1
17225 1
17226 1
17243 1
17245 1
17252 1
17254 1
17257 1
17262 1
17269 1
17277 1
17279 1
17280 1
17282 1
17301 1
17305 1
17308 1
17310 1
17313 1
17327 2
17337 1
17351 1
17357 1
17358 1
17366 1
17372 1
17376 1
17382 1
17383 1
17390 1
17400 1
17408 1
17409 1
17413 1
17414 1
17437 1
17443 1
17453 1
17454 1
17462 1
17475 1
17476 1
17485 1
17486 1
17488 1
17493 1
17512 1
17519 1
17536 1
17545 1
17548 1
17550 1
17557 1
17562 1
17567 1
17570 1
17575 1
17577 1
17582 1
17588 1
17598 1
17601 1
17605 1
17630 1
17648 1
17654 1
17656 1
17658 1
17659 3
17661 1
17666 1
17667 1
17681 1
17683 1
17684 1
17692 1
17693 1
17698 1
17718 1
17723 1
17736 1
17741 1
17749 1
17752 1
17758 1
17762 1
17763 1
17766 1
17768 1
17769 1
17775 1
17780 1
17792 1
17797 1
17806 1
17807 1
17831 3
17840 1
17841 1
17850 1
17864 1
17875 1
17881 1
17884 1
17888 2
17889 1
17895 1
17898 1
17913 2
17917 1
17920 1
17923 1
17938 1
17939 1
17944 2
17949 1
17952 1
17954 1
17966 1
17968 1
17974 1
17985 1
17991 1
17997 1
17998 1
17999 1
18015 1
18023 1
18024 1
18025 1
18029 1
18030 1
18036 1
18046 1
18047 1
18048 1
18071 1
18086 1
18087 1
18089 1
18092 1
18097 1
18100 2
18101 1
18102 1
18104 1
18105 1
18111 1
18118 1
18128 1
18129 1
18133 1
18135 1
18136 1
18143 1
18145 1
18149 1
18155 1
18157 1
18159 1
18160 1
18163 1
18168 1
18169 1
18171 1
18174 1
18177 1
18179 1
18182 1
18184 1
18190 1
18193 1
18194 1
18196 1
18199 1
18200 1
18202 1
18204 1
18210 1
18213 1
18215 1
18220 2
18241 1
18245 1
18246 1
18252 1
18253 1
18261 1
18271 1
18273 1
18275 1
18276 1
18281 1
18282 1
18292 2
18300 1
18303 1
18304 1
18305 1
18306 2
18308 1
18309 1
18324 1
18329 1
18334 1
18351 1
18354 1
18365 1
18368 1
18377 1
18378 1
18379 1
18385 2
18387 1
18390 1
18409 1
18410 1
18411 1
18416 1
18418 1
18425 1
18428 1
18436 1
18440 1
18442 1
18450 1
18456 1
18461 1
18467 1
18472 1
18476 1
18481 1
18487 1
18489 1
18491 1
18492 1
18498 1
18508 1
18513 1
18522 2
18529 1
18538 1
18545 1
18546 1
18547 1
18553 1
18554 1
18559 1
18569 1
18570 1
18571 1
18576 1
18580 1
18582 1
18584 2
18585 1
18590 1
18594 1
18596 1
18597 1
18601 1
18608 1
18609 1
18610 1
18615 1
18624 1
18627 1
18635 1
18640 1
18641 1
18644 1
18656 1
18657 1
18658 2
18659 1
18661 2
18664 1
18666 1
18672 1
18678 1
18683 2
18686 1
18689 1
18690 1
18694 1
18697 1
18707 1
18709 1
18712 1
18716 1
18717 2
18718 1
18721 1
18722 1
18723 2
18733 1
18738 1
18741 1
18743 2
18745 1
18746 1
18748 1
18760 1
18765 1
18769 1
18772 1
18774 1
18775 1
18776 1
18791 1
18792 1
18793 1
18794 1
18799 1
18802 1
18805 1
18806 1
18807 1
18815 1
18822 1
18825 1
18826 1
18827 1
18829 1
18830 2
18831 1
18832 1
18836 1
18840 1
18846 1
18847 1
18854 1
18855 1
18857 1
18858 1
18864 1
18866 1
18869 1
18874 1
18877 1
18888 1
18891 1
18905 1
18907 1
18912 1
18916 1
18917 2
18920 1
18922 1
18933 1
18937 1
18939 3
18940 2
18946 1
18948 1
18949 1
18950 1
18951 1
18963 2
18965 1
18968 1
18970 1
18977 1
18978 1
18979 1
18988 1
18993 1
18994 1
18995 1
18999 1
19002 1
19004 1
19012 1
19021 3
19025 1
19026 1
19030 1
19031 1
19046 1
19052 3
19055 1
19059 1
19060 1
19062 1
19065 1
19069 2
19070 1
19076 1
19083 1
19091 1
19094 1
19098 1
19101 1
19103 1
19107 1
19108 1
19110 1
19112 1
19115 1
19120 1
19122 1
19123 1
19125 1
19131 1
19132 1
19134 1
19137 1
19138 1
19145 1
19147 1
19148 1
19155 1
19156 1
19157 1
19162 2
19168 1
19178 1
19179 1
19180 1
19182 1
19187 1
19194 1
19195 1
19196 1
19198 1
19200 1
19201 1
19205 1
19206 1
19209 1
19210 1
19211 1
19213 1
19216 1
19217 1
19226 1
19230 1
19239 1
19244 1
19256 1
19260 1
19261 1
19268 1
19270 2
19271 2
19272 1
19273 1
19276 1
19282 1
19292 1
19295 2
19299 1
19302 1
19307 1
19316 1
19328 1
19330 1
19342 1
19350 1
19352 2
19353 3
19355 1
19361 1
19364 1
19367 1
19373 1
19374 1
19377 1
19378 1
19381 2
19383 1
19384 2
19387 1
19392 1
19404 1
19409 1
19412 1
19414 1
19417 1
19418 1
19432 1
19435 1
19438 1
19443 1
19444 1
19446 1
19455 1
19456 1
19462 1
19463 2
19466 1
19471 1
19476 1
19477 2
19486 1
19487 2
19488 1
19491 1
19493 1
19500 3
19501 1
19510 1
19517 1
19518 1
19532 1
19535 1
19548 1
19549 1
19550 1
19551 1
19556 1
19558 1
19561 1
19564 1
19565 1
19566 1
19569 1
19575 1
19578 1
19580 1
19581 1
19582 2
19586 1
19589 1
19592 1
19597 1
19599 2
19600 1
19603 1
19607 1
19609 2
19613 2
19614 1
19623 1
19627 1
19632 1
19633 1
19636 1
19637 1
19638 2
19643 1
19646 1
19648 1
19654 1
19658 1
19660 1
19662 1
19663 1
19664 1
19668 1
19674 1
19677 1
19679 1
19684 1
19685 2
19691 1
19693 2
19699 1
19705 1
19709 1
19713 1
19716 2
19717 2
19718 1
19719 1
19723 1
19724 1
19740 2
19744 1
19747 1
19748 1
19749 1
19750 1
19753 1
19755 1
19756 1
19757 1
19761 1
19764 1
19765 1
19767 1
19768 1
19769 1
19770 2
19771 1
19772 1
19783 1
19791 1
19794 1
19795 1
19796 1
19798 1
19802 1
19806 1
19808 1
19811 1
19812 1
19814 1
19815 1
19821 1
19822 1
19825 1
19826 1
19829 2
19830 1
19832 3
19837 1
19839 1
19842 1
19843 1
19849 1
19851 1
19853 2
19854 2
19860 1
19868 1
19870 1
19873 1
19874 1
19880 1
19883 1
19884 1
19885 1
19887 1
19888 2
19889 1
19890 1
19893 1
19894 1
19896 1
19901 1
19904 3
19907 1
19912 1
19914 2
19915 1
19918 2
19919 1
19921 1
19931 1
19935 1
19936 1
19940 1
19945 1
19955 1
19962 1
19963 1
19964 1
19965 1
19966 1
19967 1
19970 1
19973 1
19975 1
19977 1
19978 1
19986 2
19989 1
19990 1
19993 1
19994 1
19996 1
19998 1
19999 1
20000 2
20001 1
20007 1
20011 1
20017 2
20018 1
20022 1
20023 1
20025 1
20026 1
20028 1
20029 1
20030 1
20031 1
20037 1
20040 1
20045 1
20048 3
20054 1
20058 1
20059 1
20071 1
20072 1
20073 1
20076 1
20078 1
20079 2
20087 1
20088 2
20093 1
20097 1
20099 1
20102 1
20103 2
20104 2
20110 1
20112 1
20119 1
20120 1
20121 1
20122 1
20125 1
20130 2
20134 1
20135 1
20136 2
20141 1
20147 1
20150 2
20153 1
20158 1
20159 1
20161 1
20164 1
20165 1
20170 1
20174 1
20175 1
20181 2
20186 1
20192 1
20194 1
20197 1
20201 1
20202 1
20206 1
20207 1
20209 1
20212 1
20216 1
20223 2
20224 1
20233 1
20236 1
20238 1
20239 1
20240 2
20241 1
20247 1
20254 1
20256 1
20257 1
20263 1
20266 1
20270 2
20272 1
20274 1
20276 1
20278 1
20279 1
20283 1
20284 1
20288 1
20290 1
20291 1
20293 1
20294 1
20295 2
20301 1
20303 1
20305 1
20309 2
20318 1
20319 2
20321 1
20326 1
20328 1
20329 1
20330 1
20333 1
20334 1
20335 1
20338 1
20349 1
20352 1
20355 2
20360 1
20369 2
20372 1
20376 1
20377 2
20379 1
20380 2
20381 1
20382 1
20383 1
20384 1
20386 1
20387 1
20391 1
20397 1
20401 1
20403 2
20405 1
20406 1
20408 1
20410 1
20411 1
20412 1
20414 1
20415 1
20427 2
20429 1
20432 1
20434 1
20437 1
20441 2
20442 3
20452 1
20454 1
20458 1
20459 1
20462 1
20463 1
20466 1
20468 1
20473 1
20483 1
20485 2
20486 1
20487 1
20489 1
20496 1
20500 1
20501 1
20513 1
20516 1
20517 1
20518 1
20519 2
20523 2
20524 3
20527 1
20528 1
20529 1
20530 1
20533 1
20534 1
20540 1
20545 1
20551 1
20552 1
20554 1
20555 2
20560 1
20562 1
20565 1
20571 1
20575 1
20577 1
20580 1
20585 1
20589 1
20591 1
20596 1
20599 1
20601 1
20605 1
20606 1
20609 2
20610 1
20611 2
20616 1
20619 1
20626 1
20627 1
20632 1
20637 1
20641 1
20642 2
20643 1
20644 1
20657 1
20658 2
20659 2
20660 1
20662 1
20664 2
20670 1
20671 1
20673 2
20674 1
20681 2
20682 1
20687 1
20688 2
20689 1
20690 1
20695 1
20703 1
20712 1
20713 1
20715 1
20718 1
20720 1
20724 2
20732 1
20734 1
20735 1
20736 1
20737 1
20740 1
20744 1
20746 3
20756 1
20759 1
20763 2
20767 1
20770 1
20771 1
20774 1
20777 1
20780 2
20784 1
20785 1
20790 1
20794 2
20795 1
20806 1
20810 1
20814 1
20816 1
20817 2
20818 1
20819 1
20821 1
20825 1
20826 1
20828 2
20831 1
20832 1
20835 1
20838 1
20842 1
20845 1
20848 1
20849 1
20851 1
20856 3
20857 1
20862 1
20864 1
20866 1
20868 1
20870 1
20872 1
20873 1
20876 1
20878 1
20880 1
20882 1
20887 1
20892 1
20899 1
20900 1
20903 1
20904 1
20905 1
20907 1
20910 1
20914 1
20915 1
20917 1
20919 1
20920 2
20921 1
20923 1
20927 1
20928 1
20930 1
20931 1
20934 1
20935 1
20940 1
20941 2
20942 1
20950 1
20955 1
20964 3
20965 1
20979 1
20981 1
20982 1
20985 1
20992 1
20993 1
20994 1
20995 1
20996 3
20997 1
21001 1
21010 1
21013 2
21021 1
21022 1
21024 1
21026 1
21027 1
21041 1
21044 1
21045 1
21046 1
21047 1
21050 1
21056 1
21061 1
21063 1
21067 2
21068 1
21072 1
21075 1
21077 1
21078 3
21083 1
21086 1
21089 1
21092 1
21098 2
21099 1
21100 1
21103 1
21108 1
21112 1
21126 1
21129 1
21130 1
21132 1
21137 1
21138 1
21139 1
21146 1
21149 2
21157 1
21160 2
21165 1
21169 1
21171 1
21177 1
21180 1
21181 2
21182 1
21187 1
21188 1
21196 1
21197 1
21201 1
21202 1
21204 1
21208 1
21211 3
21212 2
21219 1
21221 1
21225 1
21226 1
21229 1
21234 1
21235 1
21242 1
21243 1
21250 1
21255 1
21258 1
21259 1
21260 1
21266 1
21268 1
21270 1
21272 1
21273 1
21274 1
21275 1
21283 1
21286 1
21289 1
21293 2
21294 1
21296 1
21297 2
21301 2
21303 3
21305 2
21306 1
21307 2
21317 2
21318 1
21324 2
21328 1
21332 1
21334 1
21345 1
21348 1
21352 2
21354 1
21356 1
21357 1
21358 1
21365 2
21368 2
21371 1
21376 1
21378 1
21379 1
21382 2
21383 1
21387 2
21393 1
21395 1
21399 1
21404 1
21409 1
21410 2
21418 1
21427 1
21428 1
21433 1
21434 1
21437 1
21438 1
21439 1
21441 1
21442 1
21443 1
21444 1
21447 1
21450 1
21451 1
21454 1
21458 1
21463 1
21464 2
21465 2
21466 1
21469 1
21472 1
21480 1
21481 1
21482 1
21486 1
21490 1
21492 1
21495 1
21501 1
21502 1
21508 1
21509 1
21513 1
21515 1
21516 1
21519 1
21520 1
21523 1
21531 1
21533 1
21536 1
21540 1
21543 2
21546 1
21548 1
21550 1
21551 2
21554 1
21557 1
21561 1
21562 1
21564 1
21567 1
21568 1
21574 1
21579 2
21583 1
21587 1
21595 1
21600 1
21605 1
21606 1
21608 1
21609 1
21610 1
21612 1
21613 1
21615 1
21623 1
21625 1
21626 1
21628 1
21629 1
21633 1
21637 1
21638 2
21639 1
21654 1
21656 1
21660 1
21669 1
21670 1
21683 1
21684 1
21686 1
21687 1
21688 1
21689 1
21690 1
21691 1
21692 1
21698 1
21700 2
21704 1
21705 1
21709 1
21711 2
21714 1
21719 1
21720 1
21724 1
21725 1
21726 1
21734 1
21736 1
21742 2
21748 2
21751 1
21752 1
21759 1
21762 1
21765 1
21767 1
21770 1
21773 2
21782 1
21786 1
21790 2
21791 1
21793 1
21796 1
21797 1
21798 1
21803 1
21804 1
21812 1
21813 2
21819 1
21822 1
21824 2
21828 1
21829 1
21830 1
21833 1
21836 1
21841 2
21843 1
21844 2
21845 1
21847 1
21850 1
21852 1
21855 2
21861 1
21866 1
21868 1
21869 1
21872 1
21875 1
21878 1
21883 1
21884 1
21888 1
21889 1
21895 1
21899 1
21905 1
21906 2
21917 1
21918 1
21926 1
21927 1
21932 1
21934 1
21937 1
21947 1
21948 1
21949 1
21950 1
21951 1
21960 1
21961 1
21964 1
21965 1
21966 1
21977 1
21981 1
21987 1
21988 2
21989 1
21991 1
21992 1
21995 1
21999 1
22003 1
22009 1
22013 1
22015 1
22020 1
22024 1
22028 1
22037 1
22039 1
22041 1
22043 1
22044 1
22049 1
22051 1
22053 1
22054 1
22063 1
22066 1
22070 1
22073 1
22074 2
22080 1
22088 1
22091 1
22094 1
22095 1
22097 1
22101 1
22102 2
22104 1
22105 1
22121 1
22123 1
22125 1
22126 1
22128 1
22131 1
22135 1
22145 1
22146 1
22152 2
22153 1
22156 1
22165 1
22166 1
22167 1
22176 1
22177 2
22179 1
22187 1
22192 1
22198 1
22207 1
22208 2
22211 1
22212 1
22221 1
22223 1
22227 1
22231 1
22234 1
22238 2
22248 1
22249 3
22254 1
22259 1
22269 1
22270 1
22271 1
22282 1
22285 2
22290 1
22300 1
22302 1
22310 1
22313 1
22320 3
22324 1
22326 1
22328 1
22330 1
22331 1
22335 1
22336 2
22351 1
22352 1
22364 1
22367 1
22368 1
22375 1
22379 1
22381 1
22382 1
22383 1
22384 1
22389 1
22392 1
22405 1
22406 3
22407 1
22412 1
22414 1
22428 1
22437 1
22440 1
22443 1
22457 1
22460 1
22465 1
22474 2
22478 1
22484 1
22485 1
22488 2
22490 1
22495 1
22499 1
22505 1
22511 1
22525 1
22529 1
22532 1
22536 1
22539 1
22542 2
22547 1
22551 1
22560 1
22562 1
22567 1
22572 1
22574 1
22575 1
22576 1
22581 2
22589 1
22591 1
22593 1
22594 1
22606 1
22610 1
22611 1
22617 1
22624 1
22625 1
22628 1
22629 1
22633 1
22640 1
22642 1
22652 1
22653 1
22666 1
22675 2
22676 1
22688 1
22689 1
22690 1
22704 1
22710 1
22714 1
22715 1
22717 1
22719 1
22721 1
22732 1
22735 1
22746 1
22757 1
22761 2
22769 1
22772 1
22781 1
22786 1
22792 2
22793 1
22797 1
22808 1
22809 1
22820 1
22823 2
22833 1
22843 1
22846 1
22851 1
22857 1
22863 1
22868 1
22871 1
22874 1
22885 1
22890 1
22902 1
22906 1
22915 2
22922 1
22928 1
22929 1
22930 1
22936 1
22937 1
22944 1
22945 1
22946 1
22961 1
22966 1
22967 1
22975 1
22977 1
22980 1
22983 1
22993 1
22995 1
22997 1
23007 1
23012 1
23014 1
23016 1
23018 2
23021 1
23022 1
23026 2
23028 1
23043 1
23051 1
23059 1
23070 2
23077 1
23089 1
23093 1
23097 1
23098 1
23103 1
23104 1
23112 1
23118 1
23120 1
23129 1
23133 1
23148 1
23150 1
23152 1
23155 1
23163 1
23173 1
23175 1
23176 1
23189 1
23191 1
23206 1
23212 1
23227 1
23234 1
23237 1
23240 1
23250 1
23254 1
23255 1
23268 1
23273 1
23275 1
23294 1
23298 1
23304 1
23316 1
23320 1
23331 1
23332 1
23347 1
23348 1
23350 1
23358 1
23379 1
23380 1
23394 1
23398 1
23402 1
23408 1
23409 1
23411 1
23425 1
23430 1
23445 1
23453 1
23455 1
23459 1
23467 1
23473 1
23484 2
23498 1
23501 1
23507 1
23515 1
23516 1
23518 1
23530 1
23537 1
23538 1
23544 1
23549 1
23552 1
23555 1
23559 1
23561 1
23566 1
23577 1
23589 1
23593 1
23608 1
23620 1
23641 1
23643 1
23656 1
23659 1
23671 1
23675 1
23713 1
23714 1
23735 1
23762 1
23764 1
23788 1
23791 1
23795 1
23798 1
23813 1
23839 1
23846 1
23870 1
23871 1
23881 1
23890 1
23902 1
23917 1
23932 1
23942 1
23948 1
23963 1
23993 1
23994 1
23996 1
24024 1
24039 1
24045 1
24075 1
24097 1
24100 1
24116 1
24117 1
24131 1
24179 1
24199 1
24236 1
24285 1
24287 1
24300 1
24321 1
24336 1
24377 1
24413 1
24425 1
24440 1
24480 1
24486 1
24517 1
24557 1
24562 1
24582 1
24639 1
24640 1
24655 1
24686 1
24732 1
24737 1
24762 1
24814 1
24823 1
24844 1
24866 1
24900 1
24948 1
25105 1
25178 1
25209 1
25255 1
End
