NMec = 95584
T = 18
P = 2
Profits not ignored
Valid tasks:                                                            14128
Solution time = 3.007e-04
Task data
    1  15  2077 0
    2  80 16373 1
    3  18  1526 -1
    9  68 12047 -1
   16  21   732 0
   17  18   209 -1
   22  30  2108 0
   22  38  4420 -1
   28  41  3388 -1
   31  88 13145 0
   35  42   793 -1
   44  53   750 -1
   47  69  4118 -1
   50  68  1774 -1
   51  58  1150 -1
   55  70  2867 -1
   57  72  2721 -1
   74  84  1352 -1
Best profit: 34435
All profits:
0 1
209 1
732 1
750 1
793 1
941 1
959 1
1002 1
1150 1
1352 1
1359 1
1482 1
1525 1
1526 1
1543 1
1561 1
1691 1
1734 1
1735 1
1752 1
1774 1
1882 1
1900 1
1943 1
1983 1
2077 1
2084 1
2091 1
2102 1
2108 1
2109 1
2145 1
2152 1
2258 1
2275 1
2276 1
2286 1
2293 1
2311 1
2317 1
2319 1
2354 1
2484 1
2485 1
2502 1
2506 1
2524 1
2528 1
2567 1
2632 1
2675 1
2676 1
2693 1
2711 1
2715 1
2721 1
2733 1
2776 1
2809 1
2827 1
2834 1
2840 1
2841 1
2858 1
2867 1
2870 1
2877 1
2878 1
2884 1
2885 1
2895 1
2901 1
2902 1
2924 1
2930 1
3008 1
3018 1
3036 1
3043 1
3049 1
3051 1
3067 1
3069 1
3076 1
3079 1
3086 1
3087 1
3104 1
3110 1
3126 1
3133 1
3227 1
3234 1
3252 1
3256 1
3258 1
3278 1
3295 1
3299 1
3300 1
3317 1
3335 1
3388 1
3408 1
3425 1
3426 1
3429 1
3436 1
3443 1
3453 1
3460 1
3461 1
3465 1
3467 1
3469 1
3471 1
3504 1
3508 1
3509 1
3514 1
3526 1
3559 1
3590 1
3597 1
3599 1
3602 1
3603 1
3610 1
3617 1
3620 1
3627 1
3628 1
3633 1
3634 2
3635 1
3638 1
3651 1
3656 1
3660 1
3662 1
3669 1
3671 1
3678 1
3680 1
3717 1
3723 1
3768 1
3799 1
3801 1
3808 1
3811 1
3812 1
3826 1
3829 1
3836 1
3837 1
3842 1
3843 1
3851 1
3858 1
3860 1
3865 1
3869 1
3871 1
3876 1
3880 1
3882 1
3919 1
3926 1
3959 1
3977 1
3984 1
3990 1
4008 1
4017 1
4020 1
4027 1
4028 1
4032 1
4045 1
4049 1
4050 1
4051 1
4060 1
4067 1
4073 1
4080 1
4085 1
4091 1
4093 1
4118 1
4120 1
4128 1
4138 1
4158 1
4161 1
4168 1
4179 1
4181 1
4185 1
4186 1
4192 1
4193 1
4199 1
4201 1
4203 1
4210 1
4217 1
4219 2
4222 1
4226 1
4229 1
4236 1
4237 1
4246 1
4247 1
4253 1
4254 1
4258 1
4259 1
4260 1
4264 1
4276 1
4282 1
4302 1
4327 1
4329 1
4335 1
4347 1
4349 1
4352 1
4353 1
4360 1
4366 1
4370 1
4383 1
4384 1
4388 1
4390 1
4392 1
4393 1
4394 1
4396 1
4401 1
4403 1
4410 1
4412 1
4419 1
4420 1
4421 1
4427 1
4428 2
4431 1
4449 1
4450 1
4455 1
4456 1
4462 1
4473 1
4485 1
4495 1
4538 1
4558 1
4561 1
4562 1
4579 1
4583 1
4592 1
4593 1
4601 2
4602 1
4603 1
4605 1
4608 1
4610 1
4614 1
4619 1
4621 1
4629 1
4630 1
4632 1
4636 1
4641 1
4644 1
4651 1
4652 1
4658 1
4659 1
4664 1
4669 1
4675 1
4704 1
4709 1
4740 2
4747 1
4749 1
4752 1
4753 1
4760 1
4767 1
4770 1
4777 1
4778 1
4782 1
4783 1
4784 1
4788 1
4792 1
4798 1
4801 1
4805 1
4810 2
4812 1
4817 1
4819 1
4821 1
4823 2
4825 1
4829 1
4830 1
4841 1
4843 1
4850 2
4853 1
4860 1
4861 1
4866 1
4868 1
4870 1
4873 1
4878 1
4884 1
4911 2
4913 1
4914 1
4917 1
4918 1
4931 1
4935 1
4942 1
4944 1
4949 2
4951 2
4954 1
4955 1
4958 1
4961 1
4962 1
4969 1
4972 1
4975 1
4976 1
4978 1
4979 2
4985 1
4986 2
4987 1
4992 1
4993 1
4996 1
4997 1
5001 1
5003 1
5007 1
5008 1
5010 1
5012 1
5014 1
5019 1
5030 1
5032 2
5038 1
5040 1
5052 1
5059 1
5069 1
5075 1
5077 1
5079 1
5085 1
5116 1
5120 2
5122 1
5123 1
5125 1
5126 1
5128 1
5140 1
5142 1
5143 1
5144 1
5146 1
5151 1
5152 1
5153 2
5159 1
5160 1
5162 1
5163 1
5164 1
5170 1
5177 1
5178 1
5181 1
5182 1
5184 1
5186 1
5187 1
5194 1
5195 1
5203 1
5205 1
5206 1
5210 1
5212 1
5213 1
5217 1
5221 1
5223 1
5227 1
5234 1
5241 1
5243 1
5245 1
5249 1
5268 1
5270 1
5278 1
5288 2
5311 1
5329 1
5331 1
5333 1
5335 1
5342 1
5351 1
5352 1
5353 1
5355 1
5360 1
5361 1
5364 1
5369 1
5371 1
5372 1
5373 1
5376 1
5377 1
5379 1
5384 1
5386 1
5391 1
5394 1
5395 1
5396 1
5397 1
5401 1
5402 1
5403 1
5407 1
5408 1
5412 1
5414 1
5422 1
5425 1
5432 1
5434 1
5436 1
5443 1
5445 1
5452 1
5454 1
5465 1
5470 1
5472 1
5477 1
5479 1
5485 1
5490 1
5496 1
5497 2
5499 1
5502 1
5503 1
5510 1
5516 1
5520 1
5530 1
5533 2
5534 1
5537 1
5538 1
5540 1
5542 2
5543 1
5544 1
5546 1
5548 1
5551 1
5553 1
5555 1
5560 1
5561 1
5562 1
5569 1
5570 1
5571 1
5573 1
5575 1
5577 1
5578 1
5579 1
5581 1
5582 1
5585 1
5586 1
5588 1
5591 1
5598 1
5599 1
5600 2
5603 1
5605 1
5606 1
5610 1
5611 1
5612 1
5616 2
5617 1
5622 1
5623 1
5634 1
5643 2
5644 1
5646 1
5654 1
5661 1
5663 1
5664 1
5667 1
5674 1
5676 1
5679 1
5681 1
5687 1
5694 1
5699 1
5701 1
5704 1
5705 2
5707 2
5708 1
5710 1
5711 2
5712 1
5718 1
5725 1
5728 1
5729 1
5733 1
5735 1
5736 1
5737 1
5739 1
5742 2
5743 1
5744 1
5745 1
5746 1
5748 1
5751 1
5752 1
5755 1
5757 1
5762 1
5764 2
5768 1
5769 1
5770 1
5772 2
5779 2
5780 1
5786 1
5788 1
5790 1
5794 1
5797 1
5800 1
5801 1
5802 1
5807 1
5808 1
5809 1
5825 2
5831 1
5847 1
5852 1
5853 1
5870 1
5872 1
5873 1
5875 1
5876 1
5878 1
5885 1
5890 1
5892 1
5894 1
5902 1
5903 1
5909 1
5910 1
5912 1
5913 1
5914 1
5916 2
5918 1
5919 1
5920 1
5934 1
5935 1
5936 1
5937 1
5942 1
5944 1
5945 2
5946 2
5948 1
5953 2
5954 1
5955 2
5957 1
5959 1
5963 1
5966 1
5971 1
5973 2
5975 1
5977 2
5979 1
5981 1
5984 1
5988 1
5993 1
5996 1
5999 1
6000 1
6003 1
6010 1
6011 1
6016 1
6020 2
6021 1
6027 1
6034 1
6038 1
6056 1
6061 2
6063 1
6064 1
6067 1
6081 1
6085 1
6092 1
6094 1
6099 1
6101 2
6103 1
6104 1
6105 1
6109 2
6111 1
6119 1
6121 1
6122 1
6123 1
6125 1
6126 1
6127 1
6128 1
6129 1
6134 1
6135 1
6136 1
6140 1
6144 1
6145 1
6146 1
6147 1
6150 1
6153 1
6154 1
6155 1
6157 2
6158 1
6162 2
6164 2
6166 1
6167 1
6168 1
6170 1
6172 1
6175 1
6177 1
6181 1
6182 1
6184 1
6186 1
6188 1
6190 1
6193 1
6194 1
6195 2
6197 1
6201 1
6202 2
6205 1
6209 1
6215 1
6220 1
6222 1
6225 1
6226 1
6228 1
6229 2
6230 1
6235 1
6236 1
6246 1
6247 1
6255 1
6258 1
6263 1
6265 1
6266 2
6269 1
6270 2
6272 1
6273 1
6275 1
6276 1
6278 1
6280 1
6283 1
6287 1
6289 1
6290 1
6292 1
6293 1
6294 1
6296 2
6301 1
6302 1
6303 2
6309 1
6310 1
6311 1
6312 1
6313 1
6314 1
6318 1
6320 2
6323 1
6324 1
6327 2
6328 1
6330 1
6331 2
6332 1
6334 1
6335 1
6336 2
6337 1
6338 1
6341 1
6344 1
6345 1
6348 1
6349 1
6353 1
6354 1
6355 2
6356 1
6359 1
6362 1
6363 1
6366 1
6367 1
6371 1
6372 1
6375 1
6376 2
6379 1
6381 1
6384 1
6390 1
6392 1
6393 2
6394 1
6396 1
6399 1
6403 1
6404 2
6406 1
6410 1
6411 1
6424 1
6426 1
6429 1
6431 1
6435 1
6437 3
6439 1
6443 1
6455 1
6457 2
6460 1
6461 1
6464 1
6467 1
6468 1
6469 1
6470 1
6472 1
6474 1
6475 1
6477 1
6478 1
6480 1
6487 1
6489 1
6492 1
6494 1
6495 1
6496 1
6497 1
6498 2
6500 1
6501 2
6502 1
6504 2
6505 2
6511 2
6514 1
6518 1
6520 1
6521 1
6522 2
6526 1
6527 1
6528 1
6529 3
6532 1
6533 1
6534 1
6536 2
6538 1
6539 1
6545 1
6547 1
6550 1
6557 2
6558 2
6562 1
6563 1
6564 1
6565 1
6572 2
6579 1
6581 1
6590 1
6593 1
6595 1
6597 1
6601 1
6602 1
6603 2
6615 1
6620 1
6622 1
6624 1
6635 1
6640 2
6644 1
6646 2
6666 2
6668 1
6669 1
6670 1
6678 2
6679 1
6680 1
6683 1
6685 2
6687 2
6688 1
6691 1
6695 1
6696 2
6698 1
6703 1
6704 1
6705 2
6706 1
6707 1
6709 2
6710 1
6711 1
6713 2
6716 1
6718 1
6723 1
6725 1
6727 1
6728 1
6729 2
6731 1
6735 1
6736 1
6737 1
6738 1
6739 1
6741 1
6743 1
6746 1
6747 1
6748 1
6749 2
6752 1
6753 1
6759 1
6760 1
6766 2
6767 1
6770 1
6771 1
6772 1
6774 1
6777 1
6781 1
6786 1
6788 1
6793 1
6794 1
6796 1
6804 1
6806 1
6812 1
6813 1
6814 2
6817 2
6824 1
6826 1
6829 1
6831 1
6833 1
6837 1
6839 1
6841 1
6844 1
6848 1
6849 2
6851 1
6853 1
6854 1
6855 2
6857 2
6859 2
6860 1
6861 1
6868 1
6875 1
6878 1
6879 1
6882 1
6885 1
6886 1
6887 1
6889 1
6890 1
6892 1
6894 3
6895 1
6896 2
6897 1
6898 1
6899 1
6900 2
6902 2
6904 1
6905 1
6906 1
6907 1
6912 1
6913 1
6914 2
6916 1
6917 1
6918 2
6920 2
6922 2
6925 1
6926 1
6927 3
6929 1
6931 1
6933 1
6934 1
6937 1
6938 2
6940 2
6943 1
6944 1
6945 1
6947 1
6948 1
6950 1
6951 1
6952 2
6955 1
6957 1
6958 3
6960 1
6961 1
6968 1
6969 1
6974 1
6975 1
6976 1
6978 1
6979 1
6980 1
6981 1
6985 1
6986 1
6987 2
6988 1
6990 1
6991 1
6995 2
6996 1
6998 1
7002 1
7003 1
7005 1
7008 1
7013 1
7015 1
7016 1
7019 2
7021 1
7022 2
7023 2
7025 1
7026 2
7028 2
7035 1
7039 1
7044 1
7046 1
7048 2
7050 1
7052 2
7053 1
7056 1
7057 1
7059 3
7060 1
7062 1
7063 2
7064 1
7066 2
7068 2
7069 1
7070 2
7073 1
7074 1
7077 1
7080 1
7081 1
7084 1
7085 1
7086 1
7087 2
7089 1
7091 1
7094 1
7095 2
7096 2
7103 1
7104 2
7105 2
7107 1
7109 2
7111 1
7113 2
7114 1
7115 1
7116 1
7117 1
7120 1
7121 1
7122 1
7124 1
7125 1
7126 2
7127 1
7129 1
7131 2
7135 1
7136 1
7138 1
7140 1
7141 1
7142 1
7146 1
7148 1
7149 2
7152 1
7153 1
7154 1
7156 1
7160 1
7161 1
7167 1
7169 2
7177 1
7183 1
7185 1
7187 2
7189 1
7193 1
7194 1
7196 2
7197 1
7199 1
7200 1
7202 1
7204 1
7205 1
7214 1
7217 1
7219 1
7220 1
7222 1
7224 1
7225 1
7227 1
7228 2
7229 1
7230 2
7231 1
7233 1
7236 1
7237 1
7239 1
7244 1
7246 1
7247 1
7248 1
7250 1
7251 1
7253 1
7254 2
7255 1
7257 1
7259 2
7260 1
7261 3
7263 1
7264 1
7268 2
7270 2
7271 1
7272 1
7278 1
7279 1
7282 1
7283 1
7286 1
7287 1
7288 1
7289 1
7290 2
7294 2
7295 1
7297 1
7298 2
7300 1
7304 2
7305 1
7307 1
7311 1
7313 1
7314 2
7315 1
7318 1
7320 1
7321 1
7322 3
7323 1
7325 1
7326 1
7327 1
7329 2
7331 1
7335 1
7340 1
7344 1
7345 1
7347 1
7350 1
7351 2
7352 1
7353 1
7355 1
7357 1
7365 2
7372 2
7373 1
7376 1
7378 1
7386 1
7390 1
7396 3
7405 1
7408 1
7413 1
7415 1
7416 1
7417 1
7418 1
7419 1
7420 1
7428 2
7429 1
7430 1
7433 1
7437 2
7438 2
7439 1
7441 1
7446 1
7448 1
7450 1
7453 1
7455 1
7456 1
7459 1
7460 1
7461 3
7463 2
7468 2
7469 1
7471 1
7472 1
7473 2
7474 1
7475 1
7477 1
7478 1
7479 2
7480 1
7481 3
7484 1
7485 1
7487 1
7489 1
7491 1
7492 1
7496 1
7497 1
7498 1
7499 3
7502 1
7503 2
7504 1
7505 1
7506 2
7507 1
7509 2
7510 1
7511 1
7513 1
7516 1
7518 1
7519 1
7520 1
7522 2
7524 1
7526 1
7529 1
7530 1
7531 1
7536 1
7538 1
7540 1
7542 2
7544 1
7546 3
7547 1
7549 1
7553 2
7554 1
7556 1
7560 1
7561 1
7562 1
7564 1
7567 1
7571 1
7573 1
7574 2
7576 1
7578 1
7580 1
7581 2
7582 1
7585 1
7587 3
7589 2
7591 1
7593 1
7598 1
7599 1
7605 2
7607 3
7610 2
7611 1
7614 1
7617 1
7618 1
7619 1
7620 1
7622 1
7624 1
7625 1
7626 1
7627 2
7628 1
7630 1
7632 2
7634 1
7635 1
7637 1
7638 1
7639 1
7641 1
7642 1
7644 1
7645 1
7646 2
7647 2
7648 2
7649 1
7650 2
7651 1
7652 2
7654 2
7655 1
7656 1
7659 1
7661 1
7663 1
7664 1
7665 1
7668 1
7670 2
7672 3
7675 1
7676 2
7677 2
7678 1
7679 1
7682 1
7683 2
7684 1
7686 1
7687 1
7688 2
7689 1
7690 3
7692 1
7693 2
7694 1
7696 1
7698 1
7699 1
7700 1
7706 1
7707 2
7708 3
7710 1
7711 1
7713 1
7714 1
7715 2
7717 1
7718 1
7719 2
7720 3
7721 1
7723 1
7724 1
7727 1
7728 2
7731 2
7733 1
7735 1
7737 2
7738 1
7740 1
7741 1
7745 2
7746 1
7748 1
7751 3
7752 1
7754 1
7755 1
7756 1
7758 1
7762 1
7769 1
7771 1
7772 1
7773 1
7776 1
7778 2
7780 2
7781 1
7782 1
7784 2
7785 1
7787 1
7789 2
7791 1
7795 1
7796 1
7798 2
7800 1
7802 1
7806 1
7807 1
7808 1
7809 2
7812 1
7813 1
7815 1
7816 3
7818 1
7819 2
7820 1
7821 1
7822 1
7828 2
7829 1
7837 2
7838 1
7839 1
7841 3
7843 1
7844 1
7845 2
7846 3
7847 1
7849 2
7850 1
7852 1
7853 2
7854 1
7856 2
7857 1
7859 1
7860 1
7861 1
7863 3
7864 1
7865 1
7867 1
7870 1
7872 1
7873 2
7874 2
7877 1
7878 1
7879 1
7880 2
7881 2
7883 1
7884 1
7885 2
7886 1
7887 1
7888 1
7889 1
7891 1
7897 1
7898 1
7899 1
7902 2
7905 1
7907 1
7908 1
7909 1
7910 1
7915 1
7916 1
7917 1
7919 2
7924 2
7926 1
7928 1
7929 2
7930 1
7933 1
7934 1
7942 1
7944 1
7946 2
7947 1
7949 1
7950 1
7952 1
7954 1
7955 2
7960 1
7961 1
7967 1
7969 1
7971 1
7976 1
7978 1
7979 1
7980 1
7981 1
7983 1
7986 1
7987 2
7989 2
7990 1
7991 1
7993 2
7995 1
7996 1
7998 2
8000 1
8002 1
8007 1
8009 1
8010 1
8011 1
8013 1
8017 1
8018 2
8019 1
8020 2
8021 1
8022 2
8023 1
8024 1
8026 1
8029 1
8030 2
8031 1
8032 2
8037 2
8039 1
8040 2
8043 1
8044 1
8046 1
8047 2
8048 2
8050 2
8052 2
8053 1
8054 4
8055 1
8056 1
8057 1
8058 1
8061 2
8062 1
8063 2
8065 1
8070 1
8071 1
8072 1
8073 1
8076 2
8077 1
8079 1
8080 1
8081 1
8082 1
8083 1
8085 1
8087 1
8088 1
8089 1
8091 1
8092 1
8093 1
8097 2
8098 2
8100 1
8101 1
8104 1
8105 1
8107 1
8108 1
8111 1
8115 1
8116 1
8118 1
8119 1
8122 1
8123 1
8124 1
8128 2
8129 1
8133 1
8137 2
8138 1
8140 1
8141 1
8143 1
8145 1
8146 2
8148 1
8150 1
8155 1
8158 1
8164 1
8165 1
8166 2
8169 2
8170 1
8171 1
8172 1
8176 1
8178 2
8180 1
8185 1
8186 1
8188 1
8189 1
8191 1
8193 1
8196 1
8198 2
8200 2
8202 1
8205 1
8206 1
8207 1
8209 3
8211 4
8212 1
8213 2
8217 2
8218 1
8219 1
8221 1
8222 1
8223 1
8224 1
8227 1
8228 1
8229 1
8230 1
8231 4
8232 1
8234 1
8235 1
8237 1
8238 2
8239 1
8241 2
8242 1
8243 1
8244 1
8246 2
8248 1
8249 2
8251 1
8252 1
8253 1
8254 3
8255 1
8256 2
8257 1
8258 1
8259 1
8261 2
8262 1
8263 2
8265 1
8266 1
8267 1
8268 1
8269 1
8270 2
8271 1
8272 3
8274 2
8275 1
8278 2
8279 2
8280 1
8285 2
8286 1
8289 1
8290 1
8291 1
8292 2
8294 1
8296 2
8297 1
8298 1
8299 2
8300 1
8302 2
8303 2
8305 1
8306 2
8307 1
8310 2
8312 1
8313 1
8317 1
8319 1
8321 1
8323 1
8324 1
8328 1
8330 1
8331 1
8332 2
8333 1
8337 3
8338 1
8339 3
8340 1
8342 1
8343 2
8346 2
8347 1
8349 1
8350 1
8352 1
8354 1
8355 2
8357 1
8360 1
8363 1
8364 2
8365 1
8366 1
8367 2
8369 1
8370 1
8371 1
8373 1
8374 2
8375 2
8377 1
8378 2
8379 1
8380 2
8381 1
8382 1
8383 1
8384 1
8385 1
8386 1
8387 1
8388 1
8389 1
8391 1
8395 1
8396 1
8397 2
8398 1
8400 3
8401 1
8402 1
8404 3
8405 1
8407 1
8408 1
8409 1
8410 1
8411 2
8413 1
8415 1
8418 2
8420 4
8421 1
8422 2
8425 1
8426 2
8428 3
8431 1
8432 2
8433 1
8436 1
8437 1
8438 1
8439 2
8440 3
8442 1
8443 1
8444 2
8446 1
8447 2
8448 2
8449 1
8452 2
8453 2
8456 1
8457 2
8458 1
8461 1
8463 2
8464 1
8465 3
8466 1
8467 2
8469 2
8470 3
8471 2
8473 1
8476 1
8477 1
8478 2
8479 1
8480 1
8481 1
8483 2
8484 2
8487 2
8488 1
8489 1
8493 1
8500 2
8501 3
8502 1
8504 1
8505 1
8506 1
8507 1
8508 2
8510 1
8511 2
8512 2
8513 2
8514 2
8516 1
8519 1
8521 2
8528 1
8530 2
8531 1
8532 1
8534 2
8537 1
8538 1
8539 2
8540 1
8541 2
8545 2
8546 1
8547 1
8548 2
8549 1
8551 1
8552 1
8554 1
8558 1
8565 1
8566 1
8569 1
8570 1
8571 1
8572 2
8573 1
8574 2
8575 1
8577 1
8578 3
8579 1
8580 1
8581 1
8582 1
8583 1
8585 1
8588 2
8591 2
8593 1
8594 1
8595 1
8596 1
8597 1
8598 1
8599 2
8600 1
8602 1
8603 1
8605 2
8606 3
8609 2
8610 1
8611 2
8612 1
8613 3
8615 2
8619 1
8621 1
8622 2
8623 1
8624 1
8629 1
8630 2
8631 2
8633 1
8634 2
8635 2
8637 3
8639 3
8640 1
8641 1
8642 2
8646 2
8647 1
8649 1
8653 1
8655 1
8656 3
8657 2
8658 1
8665 1
8666 3
8667 2
8670 1
8672 1
8673 1
8674 3
8675 1
8676 2
8678 2
8679 2
8680 3
8684 1
8687 1
8692 1
8696 1
8697 1
8698 1
8699 1
8701 1
8702 1
8703 1
8705 1
8709 1
8710 1
8711 1
8717 2
8719 1
8720 1
8721 1
8722 1
8723 2
8728 1
8730 1
8732 1
8737 1
8739 1
8740 1
8741 1
8743 2
8745 1
8747 1
8748 3
8749 1
8752 1
8754 1
8755 1
8757 1
8760 1
8761 1
8762 1
8764 1
8765 1
8767 1
8769 2
8770 1
8772 2
8773 1
8774 1
8776 1
8779 1
8780 2
8781 1
8782 2
8783 1
8784 1
8785 1
8786 2
8787 1
8788 1
8789 1
8790 2
8791 1
8793 2
8795 1
8796 1
8800 1
8802 2
8803 1
8804 2
8806 1
8808 1
8811 1
8812 2
8813 3
8814 1
8815 1
8816 1
8820 2
8821 1
8822 1
8823 1
8824 2
8825 1
8826 2
8830 2
8831 1
8832 1
8833 2
8836 1
8837 1
8839 1
8840 1
8841 1
8842 1
8843 2
8844 1
8847 2
8848 3
8849 1
8851 2
8854 1
8855 2
8856 1
8857 1
8858 1
8861 1
8863 1
8865 2
8866 1
8869 1
8870 2
8871 1
8873 1
8874 1
8875 1
8876 1
8878 2
8879 1
8881 1
8882 1
8883 1
8885 1
8887 1
8889 1
8890 1
8891 2
8893 1
8894 1
8896 1
8898 2
8901 1
8902 1
8904 1
8905 1
8906 1
8908 1
8910 1
8912 1
8914 1
8915 1
8916 2
8918 1
8921 1
8922 2
8923 1
8925 1
8926 2
8928 1
8930 2
8931 1
8932 1
8934 2
8936 1
8937 1
8939 2
8941 3
8943 2
8945 1
8947 1
8948 1
8949 1
8950 1
8952 1
8956 1
8957 2
8958 1
8959 2
8961 1
8962 1
8963 2
8965 1
8966 1
8967 2
8969 1
8970 1
8971 2
8972 1
8973 1
8974 1
8976 2
8978 2
8979 2
8981 1
8982 1
8984 1
8986 1
8987 2
8988 2
8989 1
8990 1
8991 2
8993 2
8994 2
8995 1
8997 1
8998 1
8999 3
9000 1
9001 1
9002 3
9003 2
9004 3
9005 1
9006 1
9007 1
9008 1
9010 2
9011 2
9012 1
9013 1
9015 1
9017 2
9020 1
9021 2
9022 3
9023 1
9024 2
9025 2
9028 2
9029 2
9030 2
9031 2
9032 1
9034 2
9035 4
9037 1
9039 1
9041 1
9042 2
9044 1
9045 1
9046 1
9048 2
9049 1
9050 1
9051 1
9052 2
9053 1
9055 1
9056 2
9057 1
9058 1
9060 2
9061 1
9062 2
9063 1
9064 2
9065 1
9066 1
9067 1
9068 1
9069 1
9071 1
9072 3
9073 1
9075 1
9078 1
9079 2
9080 1
9082 1
9083 1
9084 1
9087 2
9088 1
9089 2
9090 1
9092 1
9093 2
9095 2
9096 2
9097 1
9098 1
9099 2
9100 2
9102 1
9103 2
9104 1
9106 1
9110 1
9111 1
9113 1
9114 1
9115 1
9116 1
9117 1
9121 2
9123 1
9124 2
9125 3
9127 1
9129 1
9130 2
9131 2
9132 2
9133 2
9134 1
9136 3
9137 1
9139 1
9140 1
9143 2
9145 2
9147 1
9148 1
9150 2
9152 2
9154 1
9156 2
9157 1
9158 3
9160 3
9161 1
9163 1
9164 1
9167 2
9168 2
9169 1
9170 1
9171 1
9172 2
9173 1
9174 1
9176 2
9178 2
9180 2
9181 2
9182 2
9185 1
9187 1
9188 1
9189 2
9190 3
9191 1
9193 2
9194 1
9195 1
9196 1
9197 3
9198 3
9199 1
9201 1
9202 2
9203 3
9204 2
9208 2
9211 1
9212 2
9213 2
9215 2
9216 1
9217 1
9218 1
9219 2
9221 2
9222 1
9225 2
9226 2
9229 1
9230 2
9232 2
9233 1
9234 2
9235 1
9237 2
9238 1
9239 2
9240 1
9241 2
9243 3
9244 1
9245 1
9246 2
9249 1
9250 2
9254 1
9257 2
9258 1
9259 1
9260 2
9261 2
9262 1
9263 2
9264 2
9266 1
9269 1
9270 2
9271 3
9273 2
9277 2
9278 1
9280 2
9281 2
9282 1
9286 1
9288 1
9290 1
9291 1
9293 1
9295 1
9296 1
9297 1
9298 2
9299 1
9301 1
9302 2
9304 4
9305 1
9306 1
9307 1
9308 1
9310 1
9312 1
9313 1
9321 1
9322 1
9323 2
9324 2
9325 1
9327 1
9328 1
9330 2
9331 2
9332 1
9333 1
9334 2
9335 1
9336 1
9337 1
9338 2
9339 1
9341 2
9342 1
9343 1
9345 2
9347 2
9352 1
9354 1
9355 1
9356 1
9359 1
9361 2
9362 1
9363 2
9364 1
9365 3
9367 3
9369 2
9371 3
9372 2
9374 1
9375 1
9376 1
9378 2
9381 2
9382 1
9384 1
9387 2
9388 1
9389 2
9390 1
9391 2
9392 1
9395 1
9396 2
9398 2
9399 4
9400 1
9402 1
9403 1
9404 2
9405 1
9406 4
9407 1
9408 2
9409 1
9412 2
9413 1
9415 1
9416 1
9417 2
9421 1
9422 1
9423 1
9424 1
9425 1
9426 1
9427 1
9428 3
9429 1
9430 3
9431 1
9432 1
9434 2
9435 1
9437 1
9439 1
9444 1
9448 1
9449 3
9450 2
9452 2
9453 1
9455 1
9458 1
9459 1
9460 2
9463 1
9467 1
9468 1
9469 1
9470 1
9472 1
9473 3
9479 1
9480 2
9481 1
9482 1
9489 3
9490 1
9492 1
9493 1
9494 1
9495 2
9497 2
9498 1
9499 1
9502 1
9504 1
9505 1
9507 1
9510 1
9511 1
9513 2
9514 1
9515 1
9516 1
9517 1
9521 1
9522 1
9523 1
9524 1
9525 1
9526 1
9528 1
9530 1
9532 1
9533 1
9534 1
9535 1
9536 2
9537 1
9538 2
9540 2
9541 1
9543 1
9545 3
9546 2
9548 1
9550 2
9552 2
9554 2
9555 1
9556 1
9558 3
9561 1
9562 1
9563 3
9564 1
9565 1
9566 1
9569 2
9570 1
9571 1
9572 1
9573 2
9574 2
9575 1
9576 3
9578 1
9579 1
9580 3
9581 2
9582 2
9583 4
9584 1
9586 1
9587 1
9589 2
9590 2
9593 1
9595 1
9596 1
9597 2
9598 1
9599 1
9601 1
9602 1
9603 1
9604 1
9605 1
9606 2
9607 2
9608 1
9611 1
9613 2
9614 2
9615 2
9617 2
9618 1
9619 2
9621 1
9623 3
9624 1
9625 1
9626 2
9627 1
9630 2
9632 1
9634 1
9635 1
9637 2
9638 1
9639 1
9641 2
9643 1
9644 1
9646 1
9647 1
9648 2
9650 1
9651 1
9654 3
9655 1
9657 1
9658 3
9659 1
9661 1
9662 1
9663 2
9664 2
9665 1
9666 2
9668 1
9669 2
9671 1
9672 1
9673 1
9675 1
9676 1
9679 1
9680 1
9681 1
9682 2
9684 3
9688 1
9689 2
9690 2
9691 2
9695 2
9697 2
9698 2
9699 2
9701 1
9702 1
9703 1
9704 2
9707 1
9708 3
9709 1
9711 1
9712 1
9715 2
9716 2
9717 1
9718 1
9719 2
9720 1
9721 1
9722 2
9723 1
9724 2
9725 1
9726 2
9727 1
9728 1
9729 1
9730 1
9731 1
9732 1
9733 1
9734 2
9735 2
9736 1
9737 1
9738 1
9740 2
9741 1
9742 1
9743 2
9744 1
9745 1
9747 2
9749 3
9750 1
9752 1
9753 2
9754 1
9755 2
9756 1
9757 1
9759 1
9760 2
9761 1
9762 1
9763 2
9764 2
9765 1
9767 3
9769 2
9771 1
9772 3
9773 2
9775 1
9778 1
9780 4
9781 2
9782 1
9783 1
9784 3
9785 3
9787 2
9789 1
9790 1
9791 2
9792 4
9793 1
9794 2
9795 1
9796 3
9797 1
9798 2
9799 1
9800 1
9801 1
9804 2
9805 2
9806 1
9808 1
9810 1
9811 1
9812 1
9814 2
9815 2
9816 2
9817 2
9818 1
9819 1
9821 1
9822 3
9823 3
9825 3
9827 1
9828 4
9829 1
9831 1
9832 1
9834 1
9835 1
9836 2
9839 1
9841 1
9843 1
9845 2
9846 1
9847 1
9848 1
9849 1
9850 1
9852 1
9853 2
9854 2
9855 1
9856 2
9857 2
9858 1
9859 1
9860 1
9862 1
9863 2
9864 1
9865 2
9866 2
9868 1
9872 1
9873 1
9874 1
9875 2
9877 1
9880 1
9881 1
9882 2
9883 1
9884 1
9885 1
9886 3
9888 2
9889 2
9890 3
9892 2
9893 3
9895 1
9897 2
9899 2
9904 1
9905 1
9906 2
9908 2
9910 2
9914 2
9915 1
9917 4
9918 1
9919 1
9920 1
9921 1
9922 2
9923 2
9924 2
9925 1
9926 3
9927 1
9929 1
9930 3
9931 1
9933 1
9935 1
9936 2
9937 1
9938 1
9940 2
9941 1
9943 1
9945 2
9946 2
9947 1
9948 1
9949 2
9950 2
9951 2
9952 1
9953 1
9954 3
9957 2
9958 2
9960 1
9961 1
9962 3
9963 1
9964 1
9965 1
9966 1
9967 1
9968 1
9969 1
9971 2
9972 1
9973 1
9974 1
9975 2
9976 1
9978 1
9980 1
9981 2
9982 3
9983 1
9984 1
9985 1
9986 1
9987 1
9989 3
9990 1
9991 4
9992 1
9993 3
9994 1
9995 1
9996 2
9997 1
9998 1
9999 1
10001 1
10002 1
10003 1
10005 2
10006 1
10007 1
10008 2
10009 1
10010 1
10011 1
10012 1
10015 1
10018 1
10019 2
10020 2
10021 1
10023 2
10025 1
10026 1
10027 2
10028 2
10030 1
10031 2
10032 3
10034 2
10036 3
10037 2
10038 1
10042 1
10043 1
10050 1
10052 1
10053 1
10054 3
10055 1
10056 1
10057 1
10058 1
10060 1
10062 1
10063 3
10064 2
10066 2
10067 1
10068 1
10071 1
10072 1
10073 2
10074 1
10075 2
10077 1
10079 1
10081 1
10084 3
10086 1
10087 1
10089 1
10091 1
10092 1
10093 1
10094 1
10095 3
10096 1
10097 3
10098 1
10099 2
10101 2
10103 1
10104 1
10106 2
10107 1
10113 1
10114 2
10115 1
10116 1
10117 3
10119 1
10121 2
10123 1
10124 2
10125 1
10126 1
10127 1
10128 2
10129 1
10130 1
10131 3
10132 1
10134 1
10135 1
10136 1
10137 2
10138 2
10139 1
10140 2
10141 1
10145 2
10147 1
10148 2
10149 2
10150 1
10153 1
10154 2
10155 2
10156 2
10157 1
10158 2
10159 2
10160 2
10162 2
10163 1
10164 1
10165 2
10166 1
10168 1
10169 1
10171 1
10172 1
10174 1
10175 1
10176 1
10177 1
10178 1
10180 1
10181 2
10182 3
10184 3
10185 1
10188 1
10189 1
10190 1
10192 2
10193 1
10194 1
10195 1
10196 1
10199 2
10200 3
10201 1
10202 1
10205 2
10206 2
10208 1
10210 1
10213 1
10214 2
10217 2
10218 1
10220 1
10221 2
10222 2
10223 2
10224 1
10225 1
10227 3
10228 1
10229 1
10230 1
10231 1
10232 1
10237 1
10239 1
10241 1
10242 1
10243 2
10245 3
10246 1
10247 1
10248 1
10249 1
10251 1
10253 1
10254 1
10256 1
10258 1
10262 1
10263 2
10266 1
10267 2
10268 1
10270 1
10272 1
10273 2
10274 2
10275 1
10277 1
10278 1
10282 3
10283 1
10284 1
10286 3
10287 1
10288 3
10290 2
10293 2
10294 1
10295 3
10296 1
10298 1
10299 1
10300 1
10301 1
10302 1
10304 2
10305 2
10306 2
10308 4
10310 2
10312 1
10313 1
10314 2
10315 3
10317 1
10319 3
10321 1
10322 1
10323 2
10325 1
10326 2
10328 3
10329 1
10330 2
10331 2
10332 2
10333 2
10334 1
10336 1
10338 2
10339 3
10340 3
10343 1
10345 2
10346 4
10347 1
10348 1
10349 2
10351 2
10352 1
10354 2
10355 1
10356 2
10357 2
10359 1
10362 3
10363 1
10364 2
10365 1
10366 1
10367 2
10368 2
10369 3
10371 1
10373 4
10374 2
10375 2
10376 2
10377 2
10379 1
10380 1
10382 1
10383 2
10384 1
10386 1
10387 2
10389 1
10390 1
10391 2
10393 2
10394 1
10395 1
10396 1
10397 2
10398 1
10399 1
10400 1
10401 1
10404 2
10405 1
10407 2
10408 2
10409 1
10410 1
10411 1
10413 2
10414 3
10415 1
10416 3
10419 1
10420 2
10423 2
10427 1
10429 1
10430 1
10431 2
10432 2
10434 1
10436 2
10439 1
10440 4
10441 3
10442 1
10444 1
10445 1
10447 3
10448 2
10449 1
10450 1
10451 2
10452 2
10454 3
10455 1
10456 1
10457 1
10458 3
10459 1
10460 1
10461 1
10462 2
10463 1
10465 1
10466 1
10467 1
10468 1
10469 1
10472 2
10473 2
10474 1
10475 2
10476 1
10477 3
10478 1
10479 1
10481 2
10482 1
10483 2
10484 2
10485 1
10487 1
10488 1
10490 1
10491 1
10492 2
10493 1
10495 2
10497 4
10499 1
10501 1
10502 1
10503 1
10504 1
10505 3
10508 2
10509 1
10510 2
10512 2
10513 2
10514 3
10515 2
10516 1
10517 2
10519 3
10521 3
10523 2
10524 2
10525 1
10526 1
10528 3
10529 2
10530 2
10533 1
10534 2
10536 1
10537 2
10539 1
10540 2
10541 2
10542 3
10543 2
10544 1
10545 1
10546 2
10547 1
10548 2
10549 2
10550 1
10554 2
10555 4
10556 2
10557 2
10560 3
10561 2
10564 1
10565 2
10566 2
10567 1
10570 1
10571 1
10573 3
10574 1
10575 2
10577 3
10578 4
10579 1
10581 1
10582 3
10584 2
10585 2
10586 3
10587 2
10588 2
10589 1
10590 2
10591 1
10592 1
10593 1
10595 2
10596 1
10597 1
10598 2
10601 1
10602 1
10604 1
10605 1
10606 1
10607 2
10608 2
10609 1
10610 2
10612 1
10613 2
10614 1
10615 3
10616 3
10617 1
10618 2
10619 1
10621 2
10622 3
10623 1
10624 1
10625 2
10629 3
10632 1
10635 1
10636 1
10638 2
10639 1
10640 2
10642 2
10643 1
10645 1
10646 1
10647 2
10649 4
10650 2
10651 2
10654 1
10655 1
10656 3
10657 1
10658 1
10659 1
10660 1
10662 1
10667 2
10668 1
10670 1
10671 1
10673 1
10674 1
10675 2
10676 2
10677 1
10678 1
10679 1
10680 1
10681 1
10682 3
10683 2
10686 4
10687 1
10688 1
10689 1
10690 2
10692 1
10693 1
10695 1
10696 1
10698 1
10699 2
10700 1
10701 1
10702 1
10704 1
10706 1
10707 2
10708 2
10710 2
10711 1
10712 1
10713 2
10714 3
10715 1
10716 3
10717 2
10719 3
10721 1
10723 4
10724 1
10728 1
10729 1
10730 2
10731 1
10732 2
10733 2
10734 2
10738 1
10739 3
10740 2
10741 2
10742 1
10743 3
10744 1
10745 1
10747 3
10748 1
10750 1
10751 3
10752 2
10753 2
10754 1
10755 2
10756 2
10757 1
10758 1
10760 1
10761 2
10764 3
10765 2
10768 1
10769 2
10773 1
10774 2
10775 3
10776 1
10778 1
10779 1
10780 1
10782 3
10783 1
10784 3
10786 3
10787 2
10788 1
10791 1
10792 1
10795 1
10796 3
10797 1
10799 1
10800 1
10801 2
10804 1
10805 2
10806 1
10807 1
10809 1
10810 1
10812 1
10813 2
10814 2
10816 2
10817 1
10818 1
10819 1
10821 1
10822 1
10824 2
10825 3
10826 1
10827 1
10828 1
10829 1
10830 1
10831 2
10834 1
10838 1
10841 1
10844 1
10845 1
10846 2
10847 2
10848 1
10849 3
10851 2
10853 1
10855 1
10856 2
10857 2
10860 1
10861 1
10862 1
10863 2
10865 2
10866 1
10867 1
10868 1
10869 2
10870 1
10872 1
10873 1
10877 2
10878 1
10879 1
10880 2
10881 1
10884 1
10885 1
10886 1
10887 2
10888 2
10889 2
10890 3
10891 2
10892 2
10893 1
10895 1
10897 3
10898 2
10899 1
10900 1
10901 1
10906 1
10907 2
10908 1
10909 1
10910 3
10914 2
10915 1
10916 1
10917 1
10918 1
10919 1
10920 1
10921 2
10922 1
10924 2
10925 2
10926 1
10928 2
10930 2
10931 1
10932 3
10933 1
10934 3
10935 1
10938 2
10940 1
10941 2
10942 2
10943 1
10946 1
10947 1
10948 1
10949 3
10950 1
10951 1
10952 2
10953 1
10954 1
10955 2
10956 3
10958 1
10959 2
10962 1
10963 1
10964 1
10965 1
10966 1
10967 1
10969 1
10970 2
10971 1
10973 2
10974 1
10975 3
10977 3
10978 3
10979 1
10981 1
10982 1
10983 1
10984 1
10986 1
10987 1
10989 1
10991 1
10992 1
10993 2
10995 1
10998 1
10999 3
11000 1
11001 1
11006 2
11007 1
11008 1
11010 2
11013 1
11014 2
11015 3
11016 2
11017 1
11018 3
11020 3
11021 1
11022 1
11023 2
11024 2
11025 1
11026 1
11027 1
11031 1
11032 1
11033 1
11034 2
11035 1
11036 2
11037 1
11038 2
11039 1
11040 2
11042 2
11043 1
11044 2
11047 2
11049 2
11051 2
11053 1
11055 2
11056 2
11058 1
11060 4
11061 1
11063 1
11064 3
11065 2
11066 1
11067 1
11070 1
11071 2
11072 1
11074 1
11075 1
11076 2
11077 1
11078 3
11079 2
11080 2
11081 2
11082 1
11084 2
11086 2
11087 2
11088 2
11089 1
11090 1
11092 1
11094 1
11095 2
11096 3
11097 1
11098 2
11099 3
11100 1
11101 3
11102 2
11105 3
11106 1
11107 3
11108 3
11109 2
11111 1
11112 2
11115 1
11116 3
11118 1
11119 3
11121 2
11123 2
11124 1
11125 3
11126 1
11127 1
11129 2
11130 1
11131 1
11132 1
11133 3
11134 1
11136 1
11137 2
11138 1
11139 4
11140 1
11142 1
11143 2
11144 1
11145 2
11146 1
11147 1
11148 1
11149 2
11150 1
11152 1
11155 1
11156 1
11157 1
11158 1
11160 1
11161 2
11163 1
11164 2
11165 1
11166 3
11167 1
11168 2
11169 2
11170 2
11172 2
11173 2
11174 1
11175 1
11177 2
11179 1
11180 3
11181 1
11183 1
11184 1
11186 3
11187 2
11188 1
11190 2
11191 2
11192 2
11194 1
11195 1
11197 2
11198 1
11199 1
11200 1
11201 2
11202 1
11204 1
11205 1
11206 2
11207 2
11208 3
11209 2
11210 2
11213 1
11214 1
11216 2
11217 1
11222 1
11223 1
11224 1
11225 2
11226 1
11227 2
11229 3
11232 1
11233 3
11234 4
11235 2
11237 3
11238 1
11240 2
11241 2
11242 2
11244 2
11245 2
11246 1
11247 2
11248 1
11249 1
11251 3
11252 1
11253 3
11255 2
11256 1
11257 1
11258 2
11259 1
11260 2
11261 1
11262 2
11264 1
11265 1
11266 3
11267 1
11268 1
11269 3
11270 1
11271 2
11272 1
11273 2
11274 2
11275 2
11276 1
11277 1
11278 1
11279 2
11280 1
11281 1
11285 1
11286 1
11287 1
11288 2
11289 1
11290 2
11292 1
11293 2
11295 2
11296 1
11297 1
11298 3
11299 2
11301 1
11302 1
11303 1
11304 1
11305 2
11306 3
11307 3
11309 2
11310 2
11311 2
11312 1
11314 4
11315 1
11316 2
11317 2
11318 2
11319 1
11320 3
11321 1
11322 1
11323 1
11324 1
11326 1
11327 2
11330 1
11332 2
11333 1
11334 3
11335 1
11336 2
11337 2
11338 3
11340 3
11342 2
11343 2
11345 2
11346 1
11347 3
11348 3
11349 2
11351 2
11353 1
11354 3
11355 1
11357 2
11358 2
11360 2
11363 1
11364 1
11365 1
11366 1
11367 2
11368 1
11369 1
11370 1
11371 2
11372 3
11373 1
11374 1
11375 3
11377 1
11378 3
11379 3
11380 1
11381 3
11383 1
11386 2
11388 3
11389 2
11390 1
11394 1
11395 1
11396 1
11399 2
11400 2
11401 3
11404 1
11405 1
11406 3
11407 2
11408 2
11409 1
11410 1
11411 1
11412 2
11414 1
11415 2
11416 2
11418 2
11419 1
11420 1
11422 1
11423 1
11425 2
11429 1
11431 2
11432 2
11433 1
11436 2
11438 2
11439 2
11440 1
11442 2
11443 2
11444 2
11445 1
11446 2
11447 1
11448 2
11449 2
11450 1
11451 1
11453 1
11455 2
11458 1
11460 1
11461 1
11464 3
11465 1
11466 2
11467 1
11468 1
11469 2
11470 1
11471 1
11472 1
11473 3
11475 2
11476 2
11479 2
11480 2
11481 1
11482 1
11483 2
11484 1
11485 1
11486 2
11488 2
11489 2
11490 2
11492 1
11493 2
11494 1
11495 1
11496 1
11497 2
11499 1
11500 1
11501 2
11502 1
11503 1
11504 2
11505 1
11506 2
11507 4
11508 1
11509 1
11510 1
11511 2
11512 2
11514 2
11515 1
11516 2
11517 1
11521 1
11523 1
11524 2
11525 2
11526 1
11527 1
11529 2
11532 1
11533 3
11534 3
11535 1
11536 2
11537 2
11538 1
11540 1
11541 1
11542 1
11544 1
11545 2
11546 3
11547 2
11549 1
11551 1
11552 1
11554 1
11556 1
11557 3
11558 2
11560 1
11562 1
11566 3
11568 1
11569 2
11572 1
11573 1
11574 1
11575 1
11576 2
11577 1
11578 1
11579 2
11580 1
11581 2
11584 1
11587 1
11588 1
11589 2
11590 2
11594 1
11597 3
11598 1
11599 2
11600 1
11601 1
11602 1
11603 2
11605 2
11607 1
11610 2
11611 1
11612 1
11613 1
11614 1
11615 2
11616 1
11617 1
11618 1
11619 2
11620 1
11621 1
11622 2
11623 1
11624 1
11625 2
11627 1
11629 1
11630 1
11631 1
11632 1
11634 2
11638 1
11639 2
11640 3
11641 1
11642 3
11643 1
11645 1
11646 1
11647 2
11648 2
11649 1
11650 1
11651 1
11653 2
11655 1
11656 2
11657 2
11658 2
11659 1
11660 3
11662 2
11663 1
11664 1
11666 3
11667 2
11670 1
11671 2
11673 2
11674 2
11675 1
11678 1
11679 2
11680 2
11681 2
11682 2
11683 2
11684 3
11685 1
11686 1
11688 2
11690 2
11691 3
11692 1
11694 1
11695 1
11698 2
11699 1
11700 1
11701 1
11702 1
11703 2
11704 1
11705 1
11706 1
11707 1
11708 1
11709 2
11710 1
11711 1
11712 1
11714 2
11715 1
11716 1
11718 1
11719 1
11720 2
11721 2
11723 1
11724 1
11725 3
11726 1
11727 1
11728 1
11731 3
11733 1
11734 1
11735 1
11738 1
11740 2
11742 3
11743 3
11745 1
11746 2
11747 1
11748 1
11749 3
11750 1
11751 1
11752 1
11753 1
11755 1
11756 2
11757 1
11758 1
11759 1
11760 1
11763 1
11765 2
11766 3
11767 2
11768 1
11770 1
11771 3
11772 2
11773 1
11774 2
11775 2
11776 1
11777 1
11779 1
11781 1
11784 1
11785 3
11788 2
11789 1
11792 4
11793 3
11794 1
11796 2
11797 1
11799 2
11801 1
11803 1
11806 2
11807 1
11808 2
11809 1
11810 3
11811 2
11812 2
11813 1
11814 1
11816 3
11817 1
11819 1
11820 2
11821 1
11824 2
11825 2
11826 1
11827 2
11828 1
11829 1
11830 2
11831 1
11832 2
11833 1
11834 2
11836 2
11837 2
11838 1
11839 1
11840 2
11841 2
11842 1
11844 1
11845 1
11846 1
11848 1
11849 3
11850 1
11851 1
11852 1
11853 1
11854 1
11855 2
11857 4
11858 3
11859 1
11861 1
11864 1
11865 1
11866 3
11867 1
11868 1
11869 2
11870 1
11871 3
11872 2
11873 2
11875 3
11876 1
11877 2
11879 1
11880 2
11881 3
11883 1
11888 3
11889 3
11890 1
11892 2
11893 3
11894 2
11895 3
11896 1
11897 1
11898 2
11899 2
11900 3
11901 2
11902 3
11904 1
11905 1
11907 1
11909 2
11911 1
11912 2
11913 2
11916 1
11917 1
11918 3
11919 2
11920 1
11922 2
11923 2
11924 2
11925 2
11926 1
11927 2
11929 2
11930 3
11931 2
11933 3
11934 1
11936 1
11937 1
11938 1
11939 2
11940 2
11942 3
11946 1
11949 1
11951 1
11955 1
11956 1
11957 1
11958 2
11959 2
11960 2
11961 1
11962 3
11963 1
11964 1
11965 2
11966 4
11967 3
11968 1
11969 1
11970 1
11971 1
11973 2
11974 2
11976 2
11979 1
11980 1
11981 2
11982 1
11983 2
11984 2
11985 2
11987 2
11988 1
11990 2
11991 2
11992 1
11994 4
11996 1
11997 1
11998 3
11999 1
12001 4
12002 2
12003 3
12005 1
12007 2
12009 1
12010 1
12011 1
12012 1
12013 1
12016 1
12018 1
12019 2
12020 1
12022 2
12023 2
12025 3
12026 1
12027 3
12028 1
12029 1
12030 2
12031 2
12033 1
12034 3
12035 1
12038 2
12039 2
12040 1
12041 1
12042 1
12043 1
12044 1
12045 2
12046 2
12047 3
12048 2
12049 1
12050 1
12051 1
12052 2
12053 1
12054 1
12055 2
12056 1
12057 1
12058 2
12059 2
12060 1
12062 2
12063 1
12064 2
12065 1
12066 3
12067 2
12068 4
12069 1
12070 3
12071 1
12072 1
12074 1
12075 2
12076 1
12079 1
12080 1
12081 1
12082 1
12083 1
12084 2
12085 2
12086 2
12088 1
12089 1
12090 2
12091 1
12092 3
12093 1
12095 1
12096 1
12097 3
12098 1
12099 3
12101 1
12102 1
12103 2
12104 3
12105 2
12106 1
12107 2
12108 3
12109 1
12110 2
12111 2
12112 1
12113 3
12114 1
12116 2
12117 1
12119 1
12120 2
12125 1
12126 1
12127 3
12128 3
12129 1
12130 1
12131 3
12133 2
12134 1
12135 1
12136 3
12137 1
12138 2
12139 2
12140 3
12141 1
12142 1
12143 1
12144 2
12147 1
12148 3
12149 1
12150 1
12151 2
12153 1
12155 1
12157 2
12158 2
12161 2
12162 1
12164 1
12165 2
12166 2
12168 2
12169 1
12170 1
12171 3
12172 2
12174 1
12175 1
12176 2
12178 1
12179 1
12180 1
12181 2
12182 1
12183 1
12189 1
12190 1
12192 1
12193 1
12194 2
12196 1
12197 1
12198 2
12199 1
12200 2
12201 2
12203 1
12204 1
12205 2
12207 1
12208 1
12209 1
12212 1
12213 1
12214 2
12215 1
12216 1
12218 2
12220 1
12221 1
12222 2
12224 1
12225 2
12226 1
12229 1
12231 2
12232 2
12233 1
12235 1
12236 3
12237 1
12238 1
12239 2
12240 1
12241 1
12242 2
12243 2
12244 1
12245 1
12248 1
12249 2
12251 1
12253 1
12254 1
12256 1
12257 2
12258 3
12259 2
12261 3
12262 1
12264 1
12265 1
12266 4
12267 2
12269 2
12271 1
12272 1
12273 2
12274 1
12276 1
12277 2
12279 2
12280 1
12282 1
12283 2
12284 2
12285 1
12286 1
12287 1
12289 1
12290 3
12292 1
12293 1
12294 3
12295 1
12297 1
12298 2
12299 1
12300 2
12301 2
12302 1
12303 1
12304 3
12305 1
12306 1
12307 1
12308 2
12310 1
12311 1
12314 1
12316 1
12317 1
12318 1
12319 1
12322 3
12325 2
12326 1
12327 2
12328 1
12329 3
12330 2
12331 2
12333 1
12335 3
12336 1
12337 1
12339 2
12340 2
12344 2
12345 1
12346 1
12347 1
12349 1
12350 2
12351 2
12353 1
12355 1
12359 2
12360 1
12362 1
12364 2
12366 2
12367 2
12370 2
12371 1
12372 3
12374 1
12375 3
12376 1
12377 1
12378 1
12379 1
12380 1
12381 2
12382 1
12383 1
12385 1
12387 2
12389 2
12390 3
12391 2
12392 1
12394 1
12395 1
12396 3
12398 2
12399 1
12403 3
12405 2
12406 1
12407 2
12408 1
12409 1
12410 2
12411 1
12412 2
12413 2
12415 1
12416 3
12417 2
12418 2
12420 1
12422 1
12423 4
12425 1
12429 1
12430 1
12431 2
12432 1
12433 2
12434 1
12436 3
12438 1
12439 1
12440 2
12441 2
12442 1
12444 1
12445 1
12446 2
12448 2
12449 1
12450 3
12451 2
12452 1
12453 2
12454 2
12456 1
12457 2
12459 1
12460 3
12461 1
12463 1
12464 1
12467 2
12468 2
12470 2
12471 1
12472 1
12474 2
12475 2
12476 2
12477 1
12478 1
12481 4
12482 1
12483 1
12484 1
12485 2
12488 1
12490 2
12491 2
12492 2
12493 1
12496 1
12497 2
12498 1
12499 2
12501 1
12502 1
12503 2
12504 1
12505 1
12506 1
12507 1
12508 1
12509 1
12512 1
12513 3
12516 1
12517 3
12518 2
12519 1
12520 1
12521 2
12522 1
12524 3
12525 2
12526 1
12527 1
12528 1
12531 2
12533 1
12535 2
12536 2
12538 2
12539 2
12540 1
12542 2
12543 2
12544 3
12546 2
12548 1
12549 3
12550 1
12551 1
12552 1
12553 1
12556 1
12557 2
12558 2
12559 1
12560 2
12561 1
12562 1
12564 1
12565 1
12566 3
12567 1
12568 2
12569 2
12570 2
12574 1
12575 2
12577 1
12578 1
12579 1
12581 2
12582 1
12584 1
12585 2
12586 4
12587 2
12589 3
12590 2
12591 2
12592 1
12596 2
12598 2
12599 1
12600 2
12603 2
12604 1
12605 4
12606 1
12607 2
12609 1
12610 1
12611 1
12613 2
12614 2
12616 1
12617 1
12618 2
12620 3
12621 1
12622 3
12623 1
12625 2
12626 2
12627 2
12629 2
12631 4
12632 2
12633 1
12634 2
12637 1
12638 2
12642 2
12643 1
12644 1
12645 2
12647 2
12648 2
12649 1
12650 3
12651 3
12652 2
12654 1
12655 1
12657 2
12658 2
12659 4
12661 1
12662 2
12663 3
12664 1
12665 2
12666 2
12668 1
12669 2
12670 1
12671 1
12672 2
12673 1
12674 2
12675 1
12676 1
12678 1
12679 1
12681 1
12683 2
12684 1
12685 1
12686 1
12687 2
12688 1
12689 2
12690 4
12692 4
12693 1
12694 2
12695 2
12696 1
12698 2
12699 2
12700 1
12701 1
12703 1
12705 1
12706 3
12709 1
12710 1
12711 1
12712 3
12713 1
12714 1
12715 2
12716 2
12717 2
12718 2
12719 1
12720 1
12721 1
12722 1
12723 3
12724 1
12726 3
12727 2
12730 2
12731 1
12732 1
12733 3
12735 1
12737 1
12739 1
12740 1
12741 1
12744 2
12748 2
12751 2
12752 3
12753 3
12755 2
12757 2
12758 2
12759 3
12760 2
12763 2
12764 1
12766 2
12767 1
12770 1
12772 1
12774 1
12775 3
12776 1
12777 2
12778 1
12779 2
12781 1
12783 1
12784 4
12785 1
12787 2
12788 1
12789 1
12790 2
12791 2
12792 1
12794 2
12795 2
12796 2
12797 2
12798 2
12800 2
12802 1
12803 1
12805 2
12806 1
12807 1
12808 1
12809 1
12812 1
12813 1
12815 1
12816 4
12817 2
12818 3
12819 1
12820 2
12821 1
12822 2
12823 1
12824 3
12825 2
12827 1
12828 1
12829 1
12831 2
12832 1
12833 1
12835 1
12836 1
12837 1
12838 2
12840 4
12841 2
12842 3
12845 1
12846 1
12847 1
12848 2
12849 1
12851 2
12852 2
12853 1
12855 1
12856 2
12857 1
12858 2
12859 3
12860 2
12861 3
12862 1
12863 2
12864 2
12866 1
12867 1
12868 2
12869 2
12872 1
12873 2
12876 1
12877 2
12878 2
12881 1
12882 1
12883 2
12884 1
12885 2
12886 2
12887 2
12889 1
12890 3
12891 1
12892 1
12893 1
12894 1
12896 1
12897 1
12898 3
12899 2
12901 2
12903 2
12904 3
12905 1
12907 1
12908 1
12909 2
12913 1
12914 1
12918 1
12920 1
12921 3
12922 2
12924 1
12925 1
12926 2
12927 1
12928 1
12929 1
12930 2
12931 1
12932 2
12933 2
12934 1
12939 1
12940 1
12941 2
12942 2
12946 2
12948 1
12949 1
12950 1
12951 2
12954 2
12955 1
12957 2
12959 1
12961 1
12962 1
12963 1
12964 2
12965 2
12966 1
12968 3
12969 2
12970 1
12971 1
12972 1
12973 1
12974 2
12975 1
12977 1
12983 1
12984 1
12986 1
12987 1
12990 1
12991 2
12992 1
12993 2
12994 2
12995 1
12997 1
12998 2
12999 2
13000 1
13001 1
13003 1
13005 2
13006 1
13007 2
13008 1
13009 1
13011 3
13014 2
13015 2
13016 1
13017 1
13018 2
13019 1
13022 2
13023 1
13025 2
13026 3
13027 1
13029 2
13030 1
13031 2
13032 1
13033 2
13034 1
13035 2
13036 2
13038 1
13040 1
13042 2
13043 1
13044 1
13046 1
13047 1
13049 1
13050 2
13051 2
13052 1
13053 1
13054 3
13055 2
13057 2
13059 2
13060 2
13061 2
13062 1
13063 1
13064 1
13066 1
13067 2
13070 1
13072 1
13073 1
13075 1
13076 2
13077 2
13078 2
13083 3
13085 2
13086 1
13087 2
13090 1
13091 1
13092 3
13094 2
13095 2
13096 1
13097 1
13098 1
13099 1
13100 2
13101 1
13104 1
13105 1
13107 1
13108 1
13109 1
13110 1
13112 1
13114 1
13115 1
13116 1
13117 1
13118 2
13119 1
13121 1
13122 2
13123 3
13124 1
13125 1
13126 2
13128 3
13129 1
13130 1
13131 1
13133 1
13135 1
13137 4
13139 1
13140 2
13141 2
13143 1
13144 1
13145 2
13148 2
13149 1
13151 1
13152 1
13153 1
13155 2
13157 2
13160 2
13161 2
13163 2
13164 1
13165 1
13168 4
13169 1
13171 1
13172 2
13173 3
13174 1
13175 1
13177 1
13178 1
13179 1
13180 1
13181 1
13182 3
13183 1
13184 2
13185 1
13186 2
13188 1
13189 2
13190 1
13192 2
13193 2
13196 2
13197 1
13198 1
13199 1
13200 2
13201 1
13202 1
13203 1
13204 1
13205 1
13206 2
13207 2
13208 1
13209 1
13210 3
13211 1
13213 3
13216 3
13217 1
13220 1
13222 1
13223 1
13224 3
13226 1
13227 1
13229 2
13231 2
13232 1
13233 1
13234 1
13235 2
13238 1
13240 2
13241 2
13242 1
13243 1
13244 2
13245 2
13246 2
13247 2
13250 2
13251 1
13252 1
13253 1
13254 2
13256 1
13257 1
13261 1
13262 1
13263 3
13264 1
13267 1
13268 2
13269 2
13270 1
13271 1
13272 1
13274 3
13275 2
13276 3
13277 1
13278 2
13281 2
13282 1
13283 2
13285 3
13286 1
13290 1
13291 1
13292 1
13293 1
13294 2
13296 1
13298 2
13299 2
13300 1
13301 1
13302 1
13303 1
13306 1
13307 2
13309 1
13310 1
13311 3
13313 1
13314 3
13315 1
13316 1
13317 2
13318 4
13319 2
13321 1
13322 1
13324 1
13325 1
13326 1
13328 2
13329 1
13330 1
13331 1
13332 1
13333 1
13334 1
13335 2
13336 3
13337 3
13338 1
13339 1
13342 3
13343 2
13345 1
13346 3
13348 1
13349 1
13350 3
13351 1
13353 1
13354 2
13355 1
13356 1
13357 1
13359 2
13360 1
13361 2
13362 1
13363 3
13364 1
13365 1
13367 1
13368 1
13370 3
13372 2
13374 1
13375 1
13376 1
13377 2
13378 1
13379 2
13380 1
13381 2
13382 2
13383 2
13384 2
13386 1
13387 1
13390 1
13391 3
13392 1
13393 1
13394 1
13395 1
13396 2
13397 1
13398 2
13399 2
13400 1
13401 1
13403 1
13404 1
13406 1
13407 3
13408 2
13409 2
13410 1
13411 1
13413 1
13414 2
13415 3
13416 1
13417 1
13419 3
13420 2
13421 1
13422 5
13423 1
13424 2
13425 1
13426 2
13427 1
13428 2
13430 1
13431 1
13435 1
13437 2
13438 1
13440 2
13441 1
13442 2
13443 1
13444 3
13445 2
13446 1
13448 2
13449 2
13450 2
13451 1
13452 2
13453 1
13454 1
13455 4
13456 2
13457 1
13459 1
13460 1
13462 1
13463 2
13464 1
13465 3
13466 1
13468 2
13471 1
13472 2
13473 1
13476 1
13477 2
13478 1
13480 2
13481 1
13482 2
13483 4
13484 1
13485 2
13486 1
13487 1
13488 1
13489 2
13491 1
13492 2
13493 1
13494 1
13495 1
13496 1
13499 1
13500 1
13502 2
13503 1
13505 1
13507 2
13508 2
13509 3
13510 1
13513 2
13514 1
13516 3
13517 1
13520 2
13522 1
13523 2
13524 2
13526 1
13527 1
13528 1
13529 1
13530 1
13531 1
13533 1
13534 1
13535 1
13537 2
13538 1
13541 2
13544 1
13545 2
13546 2
13547 1
13548 1
13550 2
13551 1
13552 2
13553 2
13556 2
13557 1
13560 1
13563 1
13565 2
13566 1
13567 1
13568 2
13569 1
13570 2
13572 3
13573 2
13574 2
13576 1
13577 1
13578 2
13581 2
13583 2
13584 2
13587 1
13588 2
13589 1
13590 2
13591 1
13592 1
13593 1
13594 1
13596 1
13598 1
13600 1
13601 3
13602 1
13605 1
13606 1
13608 1
13609 2
13610 4
13611 3
13612 1
13613 2
13614 1
13615 1
13616 1
13617 2
13618 3
13619 2
13621 1
13622 1
13623 2
13624 1
13628 1
13629 1
13631 2
13632 1
13634 1
13635 2
13636 1
13637 1
13639 1
13641 2
13642 2
13645 1
13646 3
13649 1
13650 1
13651 1
13652 1
13653 2
13654 3
13655 2
13656 1
13657 1
13658 1
13659 1
13661 1
13662 1
13663 1
13664 1
13666 2
13670 1
13674 3
13676 1
13677 2
13679 1
13680 2
13681 2
13682 1
13683 2
13684 1
13687 2
13689 1
13691 3
13692 2
13693 1
13696 2
13697 2
13698 2
13700 1
13701 1
13702 2
13707 2
13711 2
13715 1
13716 2
13718 2
13719 2
13720 1
13722 2
13723 1
13724 2
13725 1
13727 1
13730 1
13732 1
13733 2
13734 1
13735 1
13737 1
13739 2
13740 1
13741 1
13742 1
13743 2
13744 1
13747 2
13748 2
13750 3
13755 2
13756 1
13757 2
13758 1
13759 2
13761 2
13762 1
13763 2
13764 1
13765 2
13767 1
13768 1
13770 1
13772 1
13775 2
13776 1
13777 1
13781 1
13782 1
13783 1
13784 1
13785 2
13786 1
13787 2
13788 1
13791 1
13792 2
13793 1
13796 1
13797 1
13798 2
13799 1
13801 1
13802 2
13803 1
13807 1
13808 2
13809 1
13810 1
13811 1
13815 1
13816 1
13817 1
13819 3
13820 3
13821 1
13822 1
13823 1
13824 1
13826 2
13827 1
13828 2
13829 2
13830 1
13832 1
13833 2
13836 1
13837 2
13840 1
13842 1
13843 1
13844 1
13845 1
13847 1
13848 3
13849 1
13850 3
13851 2
13854 2
13855 2
13856 1
13857 1
13858 1
13860 1
13861 1
13864 1
13865 2
13866 1
13868 1
13869 2
13870 1
13871 1
13873 2
13876 1
13877 1
13878 1
13879 1
13880 1
13883 2
13885 2
13887 2
13888 1
13889 1
13890 1
13893 3
13895 1
13896 1
13898 1
13900 1
13901 3
13902 2
13903 1
13904 1
13905 1
13907 1
13909 3
13910 1
13911 1
13913 1
13914 1
13915 1
13916 2
13917 1
13918 2
13919 1
13921 1
13922 2
13924 1
13927 1
13928 1
13929 2
13930 1
13931 2
13932 1
13933 1
13934 1
13935 1
13937 1
13938 2
13941 1
13942 2
13943 2
13944 1
13945 1
13946 1
13948 2
13949 2
13950 1
13952 1
13954 1
13955 1
13956 1
13957 2
13958 2
13961 1
13962 1
13963 1
13965 2
13966 3
13967 1
13970 1
13972 3
13973 1
13974 3
13975 2
13976 1
13977 1
13978 2
13979 2
13981 1
13983 2
13984 1
13986 2
13989 1
13990 2
13993 1
13994 2
13995 2
13996 2
13997 1
14000 3
14001 2
14002 2
14003 2
14004 2
14006 2
14007 2
14009 1
14010 3
14011 1
14015 1
14016 1
14017 3
14019 1
14023 1
14024 1
14025 1
14026 2
14027 1
14028 2
14030 1
14031 1
14032 1
14033 1
14035 2
14037 1
14038 2
14039 3
14041 1
14042 1
14043 2
14044 1
14045 1
14046 1
14047 2
14048 1
14050 2
14054 1
14056 1
14057 1
14058 1
14059 1
14061 2
14063 1
14064 2
14065 1
14066 1
14067 2
14068 3
14069 2
14070 2
14074 2
14075 3
14078 2
14079 1
14082 1
14083 1
14084 1
14086 2
14087 1
14088 1
14089 1
14091 1
14092 2
14093 2
14095 1
14096 2
14099 1
14100 1
14101 1
14102 2
14104 4
14107 2
14109 1
14110 2
14111 3
14112 1
14115 2
14117 1
14118 2
14119 1
14120 1
14122 2
14123 1
14124 3
14127 2
14128 2
14129 2
14130 1
14131 2
14132 1
14133 1
14135 1
14136 2
14137 1
14139 2
14140 2
14141 2
14142 1
14143 1
14144 1
14146 2
14147 2
14148 1
14149 1
14150 1
14152 1
14153 1
14154 2
14155 3
14157 2
14158 1
14160 2
14161 1
14163 1
14164 1
14165 1
14167 2
14168 1
14169 2
14170 2
14171 1
14172 2
14173 1
14174 2
14175 1
14176 3
14177 1
14178 1
14180 1
14181 1
14183 1
14184 3
14185 2
14187 2
14188 1
14189 1
14192 2
14193 2
14194 1
14197 1
14199 1
14200 2
14202 2
14203 1
14204 2
14205 3
14207 1
14209 1
14210 2
14211 1
14212 2
14213 3
14214 2
14215 3
14216 3
14218 1
14219 2
14220 1
14221 2
14224 1
14225 2
14228 1
14230 1
14232 1
14233 1
14234 2
14235 2
14236 1
14237 1
14238 1
14239 2
14241 1
14242 2
14243 1
14244 1
14245 2
14246 1
14248 3
14249 1
14253 1
14255 1
14256 3
14257 1
14258 1
14259 1
14261 1
14263 1
14265 1
14266 2
14267 1
14270 1
14273 2
14274 2
14275 1
14276 1
14277 2
14278 2
14279 1
14282 1
14283 1
14284 1
14285 1
14286 1
14293 1
14295 2
14297 1
14298 1
14300 1
14301 1
14302 2
14303 1
14306 2
14308 1
14310 2
14313 2
14315 1
14316 1
14317 1
14320 2
14321 1
14322 2
14323 1
14324 1
14326 2
14328 1
14331 1
14333 1
14334 1
14335 1
14337 1
14338 1
14339 1
14341 1
14342 1
14343 3
14344 1
14345 1
14346 2
14349 1
14350 2
14351 2
14355 1
14356 1
14357 1
14358 1
14359 1
14360 1
14361 2
14362 1
14363 2
14364 1
14366 3
14367 2
14368 1
14369 2
14370 1
14371 1
14374 3
14377 2
14378 1
14379 1
14380 1
14381 2
14382 1
14385 1
14387 2
14388 1
14391 1
14392 1
14394 2
14395 1
14396 1
14401 1
14402 3
14403 1
14404 2
14405 1
14406 3
14407 1
14408 1
14409 1
14411 2
14412 3
14413 2
14414 1
14416 2
14419 1
14422 1
14423 1
14424 1
14425 1
14427 1
14428 1
14429 1
14430 1
14432 1
14435 2
14437 1
14439 2
14441 1
14443 2
14444 1
14447 2
14448 2
14449 1
14451 1
14452 3
14454 1
14456 1
14457 1
14458 1
14466 1
14467 2
14468 1
14470 1
14472 2
14473 1
14474 2
14475 2
14480 3
14482 1
14483 1
14484 1
14485 1
14487 2
14488 1
14489 2
14490 1
14491 1
14492 1
14493 1
14495 2
14497 3
14500 1
14504 2
14506 1
14507 1
14509 2
14512 1
14513 3
14515 2
14517 1
14520 1
14523 1
14525 2
14526 2
14527 1
14530 1
14531 1
14533 2
14534 2
14537 2
14540 1
14541 1
14544 1
14548 2
14549 1
14551 1
14552 2
14553 2
14557 1
14558 3
14559 1
14560 1
14561 1
14562 1
14565 2
14568 2
14569 2
14570 1
14575 1
14576 2
14578 1
14579 2
14580 2
14582 1
14583 1
14586 1
14587 1
14589 1
14590 1
14593 1
14595 1
14596 2
14597 1
14598 2
14600 1
14601 1
14602 2
14604 1
14605 1
14610 1
14611 1
14613 2
14614 2
14615 2
14616 1
14619 1
14620 1
14621 3
14623 1
14625 1
14626 2
14627 1
14628 1
14630 1
14633 2
14634 2
14635 1
14637 1
14638 1
14641 2
14642 1
14643 3
14644 2
14645 1
14646 1
14647 2
14648 1
14650 1
14651 2
14652 2
14654 2
14658 1
14659 2
14661 1
14663 3
14666 2
14667 1
14670 1
14671 1
14673 1
14674 1
14676 1
14677 1
14678 1
14680 1
14681 1
14682 1
14683 1
14686 1
14687 2
14688 2
14689 1
14690 1
14694 3
14695 1
14697 2
14698 1
14699 2
14702 1
14703 1
14704 1
14706 3
14707 1
14708 3
14711 1
14712 1
14713 1
14715 3
14719 1
14722 4
14723 1
14724 2
14725 2
14726 1
14728 2
14733 1
14734 2
14735 2
14736 2
14739 3
14742 3
14743 2
14746 1
14748 2
14750 1
14751 1
14752 1
14753 1
14755 1
14756 1
14757 1
14758 1
14759 1
14760 3
14761 1
14765 1
14766 2
14767 4
14768 1
14769 2
14771 2
14772 1
14774 2
14776 1
14777 1
14778 1
14779 1
14780 1
14782 1
14787 1
14788 2
14789 3
14791 1
14792 1
14793 2
14794 1
14795 2
14796 1
14797 2
14798 1
14800 3
14802 1
14804 2
14807 2
14809 1
14811 1
14814 1
14816 1
14817 1
14818 1
14819 1
14820 2
14823 1
14824 1
14825 2
14828 1
14829 1
14830 1
14832 1
14833 1
14834 2
14835 2
14836 2
14840 1
14841 1
14843 2
14847 1
14849 1
14851 1
14852 3
14854 2
14856 2
14857 1
14859 1
14860 2
14861 4
14862 1
14863 1
14864 1
14865 1
14868 3
14869 1
14872 2
14874 2
14875 1
14878 1
14879 2
14880 2
14881 1
14882 2
14883 1
14885 1
14886 1
14887 2
14889 2
14890 1
14892 1
14893 2
14895 1
14896 1
14897 3
14898 1
14899 1
14900 1
14902 1
14903 1
14904 1
14905 2
14908 1
14910 1
14912 1
14913 1
14914 1
14915 1
14917 4
14919 2
14920 1
14921 1
14922 1
14924 2
14925 3
14926 1
14928 1
14930 1
14933 2
14934 3
14935 2
14936 1
14937 1
14939 1
14941 1
14942 1
14943 1
14944 1
14945 1
14946 1
14948 3
14950 1
14953 1
14954 1
14957 1
14960 1
14961 1
14962 2
14963 2
14964 2
14965 1
14966 2
14967 1
14969 2
14970 1
14971 1
14974 1
14975 2
14976 1
14977 1
14978 1
14980 2
14981 2
14986 2
14990 1
14991 1
14993 1
14994 1
14995 1
14997 1
14998 4
14999 1
15002 1
15003 1
15004 1
15005 1
15006 3
15007 2
15008 1
15009 2
15010 1
15011 1
15013 1
15015 1
15016 1
15018 2
15025 1
15026 1
15027 2
15028 2
15029 1
15032 1
15033 1
15034 1
15035 1
15036 1
15038 1
15039 1
15042 1
15043 1
15045 1
15048 1
15049 2
15050 1
15052 1
15054 1
15056 1
15058 1
15059 1
15060 1
15063 1
15067 2
15070 2
15071 2
15072 1
15074 1
15076 2
15077 1
15082 1
15083 1
15087 1
15088 2
15091 2
15092 1
15093 1
15095 1
15096 1
15099 2
15100 1
15101 1
15102 2
15106 1
15107 1
15108 1
15109 1
15111 1
15112 1
15113 1
15114 1
15115 1
15116 1
15119 2
15123 1
15124 1
15126 1
15127 1
15128 2
15130 1
15131 1
15134 2
15136 2
15137 2
15138 1
15139 2
15143 1
15144 3
15150 1
15151 1
15152 1
15153 1
15154 2
15155 1
15157 1
15159 1
15160 2
15161 1
15162 2
15163 1
15167 2
15169 1
15171 1
15172 2
15173 2
15175 1
15181 2
15182 1
15184 1
15185 1
15189 1
15195 2
15199 2
15200 3
15202 2
15203 1
15204 1
15205 1
15206 2
15207 1
15208 1
15212 1
15213 1
15216 1
15217 2
15218 1
15220 1
15222 2
15225 1
15226 1
15229 2
15230 1
15234 1
15236 1
15237 2
15238 1
15241 1
15242 1
15245 4
15247 2
15248 1
15251 1
15253 1
15254 1
15257 1
15258 1
15259 1
15261 2
15263 1
15265 2
15266 1
15267 1
15268 1
15269 1
15273 1
15274 1
15276 2
15280 1
15281 2
15282 1
15283 2
15284 1
15285 1
15287 1
15289 1
15290 4
15297 2
15298 1
15300 1
15301 2
15305 1
15306 1
15307 1
15308 2
15309 1
15310 1
15311 1
15312 1
15315 1
15317 1
15318 2
15319 1
15321 1
15324 1
15327 2
15328 1
15330 1
15334 1
15339 1
15342 1
15343 1
15345 1
15346 3
15347 2
15348 1
15351 1
15352 2
15353 2
15354 1
15355 2
15358 2
15359 1
15362 2
15363 1
15369 2
15371 2
15373 1
15375 2
15376 2
15378 1
15379 1
15380 1
15382 1
15383 1
15384 2
15386 1
15390 2
15391 3
15393 1
15394 1
15395 2
15397 1
15398 1
15399 1
15403 1
15404 1
15406 1
15408 1
15409 1
15411 1
15413 2
15414 1
15419 2
15420 2
15421 2
15422 1
15426 2
15427 2
15428 1
15431 1
15434 1
15435 3
15436 2
15437 1
15438 3
15439 1
15440 2
15444 3
15445 1
15447 2
15451 1
15453 1
15454 2
15456 3
15457 1
15458 1
15462 1
15463 1
15464 1
15467 2
15469 1
15470 1
15471 1
15472 1
15473 1
15474 1
15475 1
15476 2
15480 2
15481 1
15483 1
15484 2
15485 2
15487 1
15489 1
15491 1
15492 3
15493 1
15496 1
15498 2
15499 4
15500 2
15501 1
15504 1
15505 1
15506 1
15507 2
15512 1
15514 1
15515 1
15516 2
15517 2
15518 1
15519 2
15521 2
15522 1
15524 1
15525 1
15526 1
15527 2
15528 1
15529 2
15530 1
15532 2
15536 3
15537 1
15539 1
15541 1
15543 1
15545 2
15549 1
15550 1
15551 1
15552 1
15554 2
15557 2
15559 1
15560 1
15561 1
15562 1
15563 1
15564 1
15565 1
15566 1
15567 1
15568 1
15571 1
15572 1
15573 1
15580 1
15582 1
15584 2
15585 2
15586 1
15588 1
15590 2
15591 1
15593 2
15594 1
15597 1
15600 2
15601 1
15606 2
15607 1
15608 1
15610 1
15611 1
15612 1
15613 1
15614 1
15615 1
15618 1
15619 1
15622 1
15625 1
15627 1
15628 1
15629 2
15630 3
15637 2
15642 1
15643 1
15644 1
15645 2
15646 2
15647 2
15649 2
15651 1
15653 2
15654 2
15655 1
15658 1
15660 1
15662 2
15664 1
15665 1
15667 2
15672 1
15673 2
15674 1
15675 2
15676 1
15678 2
15680 2
15681 1
15682 1
15683 1
15685 1
15686 2
15687 1
15689 2
15690 1
15691 1
15693 1
15694 1
15695 2
15696 1
15698 2
15707 2
15708 1
15709 1
15712 2
15713 1
15714 1
15716 1
15718 3
15719 2
15721 1
15723 1
15726 2
15727 1
15728 1
15729 1
15730 1
15731 2
15732 1
15734 1
15736 1
15738 1
15739 1
15740 1
15743 1
15744 1
15747 1
15752 1
15754 2
15756 1
15757 1
15758 2
15759 1
15760 2
15763 1
15764 1
15765 1
15766 1
15768 2
15770 1
15771 1
15774 2
15775 1
15777 1
15784 2
15787 1
15788 1
15789 1
15791 1
15792 1
15793 1
15795 1
15799 3
15800 1
15801 1
15804 1
15806 1
15808 1
15809 1
15810 1
15819 1
15820 2
15821 2
15824 2
15826 1
15827 1
15832 2
15836 1
15839 1
15840 1
15841 1
15842 1
15847 1
15849 1
15851 1
15852 1
15856 1
15858 1
15860 1
15862 1
15864 1
15865 1
15866 1
15867 1
15869 1
15873 1
15875 1
15876 1
15878 1
15881 1
15884 1
15885 2
15886 1
15889 1
15892 1
15893 1
15894 1
15895 1
15896 1
15898 1
15900 1
15904 1
15905 2
15906 1
15907 1
15910 1
15913 1
15914 1
15916 1
15917 1
15921 2
15922 1
15927 2
15928 2
15929 1
15931 2
15932 2
15934 1
15937 1
15938 1
15941 1
15945 2
15948 1
15950 1
15952 1
15953 1
15954 2
15955 1
15956 1
15957 1
15958 1
15962 1
15963 1
15965 1
15966 2
15967 1
15972 1
15973 1
15975 1
15977 1
15978 1
15979 1
15985 1
15986 2
15993 3
15995 2
15996 1
15997 1
15998 1
15999 2
16001 1
16003 1
16004 1
16006 2
16008 1
16010 1
16011 1
16012 1
16014 1
16015 2
16018 1
16019 1
16022 2
16023 2
16029 1
16030 2
16032 1
16035 1
16037 1
16038 1
16039 2
16040 2
16041 1
16046 1
16049 1
16050 1
16051 2
16052 1
16056 1
16058 1
16059 1
16060 2
16067 2
16071 1
16074 2
16075 2
16077 2
16078 1
16080 1
16083 1
16084 1
16086 1
16087 2
16091 2
16094 3
16098 1
16101 1
16102 1
16103 2
16104 1
16105 2
16107 1
16108 2
16109 1
16112 1
16115 1
16119 1
16120 1
16121 1
16123 1
16124 1
16129 1
16131 1
16136 1
16138 1
16140 3
16141 2
16143 1
16145 2
16146 1
16147 2
16151 1
16152 1
16153 1
16160 1
16163 2
16164 1
16165 1
16166 1
16167 1
16168 1
16169 2
16170 1
16171 1
16172 1
16173 1
16175 1
16176 2
16177 1
16178 1
16181 1
16184 1
16185 2
16186 1
16187 1
16188 1
16192 1
16194 2
16195 1
16196 1
16199 1
16201 1
16204 2
16205 1
16206 1
16208 2
16212 2
16213 2
16214 2
16215 1
16216 1
16217 1
16220 1
16221 1
16223 1
16224 1
16226 1
16227 1
16230 2
16231 3
16232 4
16234 1
16237 2
16239 1
16241 1
16244 1
16245 1
16247 1
16248 1
16249 3
16250 2
16251 1
16254 1
16255 1
16257 1
16261 2
16262 1
16265 1
16266 1
16269 2
16271 1
16274 1
16275 1
16276 1
16277 2
16279 1
16282 1
16286 3
16287 1
16289 1
16291 1
16292 1
16293 3
16294 1
16295 1
16296 1
16297 1
16300 2
16307 1
16310 1
16311 1
16312 1
16313 1
16314 1
16315 1
16316 1
16317 1
16318 1
16319 1
16321 1
16322 2
16323 1
16329 1
16330 1
16332 1
16333 2
16338 2
16340 1
16342 1
16343 1
16344 1
16347 1
16350 2
16351 1
16354 1
16356 1
16359 1
16360 1
16361 1
16362 1
16372 1
16373 1
16374 1
16375 1
16377 1
16378 1
16379 2
16380 1
16382 1
16383 1
16385 1
16387 2
16390 1
16391 1
16394 2
16396 1
16399 1
16401 1
16403 2
16404 1
16405 1
16408 1
16410 1
16412 1
16414 1
16418 1
16419 1
16422 1
16423 3
16428 1
16430 1
16431 1
16432 1
16435 1
16436 1
16439 3
16440 3
16441 1
16443 1
16444 1
16445 2
16446 1
16451 2
16453 1
16454 1
16457 1
16458 1
16459 1
16464 1
16466 1
16467 1
16468 2
16469 1
16471 2
16474 1
16475 1
16476 1
16478 1
16479 1
16480 1
16482 1
16483 1
16484 1
16486 1
16488 2
16489 1
16490 1
16496 1
16502 1
16504 1
16505 1
16506 1
16509 2
16512 2
16514 1
16516 1
16519 1
16520 1
16521 1
16524 2
16525 1
16528 1
16531 1
16533 2
16537 1
16547 1
16549 1
16551 2
16552 1
16553 1
16556 1
16557 1
16558 1
16559 1
16560 1
16564 1
16568 1
16569 1
16574 2
16578 1
16581 2
16582 2
16585 1
16586 1
16588 1
16589 1
16590 1
16592 1
16597 1
16598 1
16599 1
16600 1
16603 1
16605 1
16610 1
16612 1
16614 2
16616 1
16617 2
16625 1
16626 1
16628 1
16630 1
16634 1
16635 1
16638 1
16642 2
16645 1
16649 1
16653 1
16654 1
16656 1
16657 1
16659 1
16660 1
16661 1
16663 1
16664 1
16666 1
16670 1
16673 1
16676 1
16677 1
16678 1
16679 1
16686 1
16687 1
16688 1
16691 2
16695 1
16698 2
16699 1
16703 1
16704 1
16705 1
16707 1
16710 1
16714 1
16715 1
16718 1
16721 2
16722 1
16723 1
16724 1
16725 1
16727 1
16728 1
16731 2
16735 1
16736 1
16738 1
16742 1
16743 1
16744 1
16746 1
16747 1
16748 1
16749 1
16750 1
16751 1
16755 2
16756 1
16760 1
16762 1
16764 1
16765 1
16766 1
16771 2
16772 1
16773 1
16778 1
16779 1
16780 1
16783 1
16784 1
16787 2
16788 1
16789 1
16790 1
16791 1
16792 1
16794 1
16796 2
16799 2
16802 1
16805 1
16807 1
16809 1
16810 1
16814 1
16816 3
16819 1
16823 2
16825 2
16830 1
16831 1
16832 1
16833 1
16834 1
16835 1
16836 1
16837 2
16841 1
16843 1
16844 2
16845 1
16851 2
16852 1
16853 1
16856 1
16865 1
16866 1
16868 2
16869 1
16870 2
16871 1
16873 1
16874 1
16876 1
16877 2
16879 1
16881 1
16884 1
16888 1
16895 1
16896 1
16897 3
16900 1
16901 1
16902 1
16905 1
16910 1
16912 1
16913 2
16917 2
16923 1
16924 1
16926 1
16931 1
16933 1
16934 1
16936 1
16937 1
16940 2
16942 1
16944 1
16945 1
16946 2
16953 1
16955 1
16956 1
16957 1
16958 3
16959 1
16960 1
16961 1
16962 1
16963 1
16964 2
16965 1
16966 1
16969 1
16970 1
16971 1
16974 1
16977 1
16980 1
16981 1
16982 3
16987 2
16988 1
16989 2
16991 1
16994 1
16995 1
16996 2
16997 1
16998 2
16999 1
17001 1
17003 1
17005 2
17006 1
17007 1
17011 2
17014 1
17016 1
17019 1
17022 1
17024 1
17025 4
17027 2
17032 1
17033 1
17034 1
17038 1
17041 1
17042 1
17043 3
17044 1
17046 1
17047 1
17050 1
17051 1
17054 1
17059 1
17064 1
17069 1
17070 1
17071 1
17072 1
17075 1
17079 2
17080 1
17082 1
17083 2
17085 1
17086 2
17087 1
17088 1
17090 1
17092 1
17104 2
17105 1
17106 1
17109 1
17110 1
17111 1
17112 1
17115 1
17116 1
17122 1
17123 2
17126 2
17129 1
17132 1
17133 1
17135 2
17136 1
17137 1
17140 1
17141 1
17144 1
17151 1
17153 1
17164 1
17165 1
17166 1
17167 1
17168 1
17172 2
17173 2
17177 1
17178 1
17179 1
17184 1
17189 1
17190 1
17191 1
17196 2
17199 1
17200 1
17201 1
17203 1
17204 1
17205 1
17208 1
17209 1
17212 1
17214 1
17216 1
17217 1
17218 1
17221 1
17224 1
17225 1
17228 1
17231 1
17233 2
17234 1
17236 2
17237 1
17238 2
17244 2
17246 1
17247 1
17250 1
17252 1
17258 1
17259 1
17262 1
17263 1
17265 1
17268 1
17269 1
17273 1
17278 1
17279 1
17280 1
17281 2
17283 2
17289 1
17290 1
17297 1
17303 1
17306 1
17307 1
17310 1
17313 1
17314 1
17317 1
17318 1
17319 1
17324 2
17325 1
17330 1
17332 1
17337 1
17338 1
17342 1
17344 1
17345 1
17346 1
17348 1
17349 1
17350 1
17353 1
17355 1
17358 1
17360 1
17362 1
17364 1
17366 1
17367 2
17374 2
17375 2
17381 1
17382 2
17384 1
17388 1
17389 1
17391 1
17392 2
17393 1
17398 1
17404 1
17405 1
17409 1
17411 1
17418 1
17419 1
17420 1
17423 2
17426 1
17427 1
17435 1
17436 1
17446 1
17447 1
17450 1
17453 1
17454 1
17455 2
17456 1
17457 1
17459 1
17460 1
17463 1
17467 1
17471 1
17472 1
17474 2
17480 1
17481 2
17483 1
17488 1
17490 1
17492 2
17494 1
17497 1
17498 2
17499 1
17503 1
17505 1
17511 1
17512 3
17515 1
17516 1
17517 1
17519 1
17521 2
17523 1
17525 1
17528 2
17529 1
17530 1
17533 1
17534 1
17537 2
17538 1
17539 1
17541 1
17544 1
17546 2
17548 2
17555 1
17557 2
17564 2
17565 1
17566 2
17569 1
17572 1
17573 1
17575 1
17576 1
17577 1
17582 1
17583 1
17584 2
17589 1
17591 1
17593 1
17595 1
17600 1
17601 2
17602 2
17603 1
17606 1
17607 1
17608 1
17609 1
17613 2
17617 1
17618 1
17620 1
17624 1
17626 1
17627 2
17628 1
17629 1
17631 1
17634 1
17638 1
17644 1
17645 2
17646 1
17649 1
17655 1
17659 1
17662 1
17663 1
17665 1
17667 1
17669 1
17671 1
17674 1
17683 2
17690 3
17691 1
17692 1
17696 1
17702 1
17703 1
17706 1
17707 1
17711 1
17714 1
17719 1
17720 1
17721 1
17723 1
17724 1
17725 1
17726 1
17727 1
17728 1
17730 1
17731 1
17732 1
17734 1
17735 1
17737 2
17738 1
17739 2
17741 1
17746 2
17747 1
17748 1
17749 1
17750 1
17751 1
17753 1
17754 1
17755 2
17756 1
17757 2
17759 1
17763 1
17764 1
17766 1
17770 1
17772 1
17774 1
17775 3
17781 1
17782 1
17783 1
17784 2
17788 1
17789 1
17791 2
17792 1
17793 1
17796 1
17797 1
17798 1
17801 1
17803 1
17804 1
17809 1
17811 1
17815 1
17819 1
17820 2
17821 1
17826 2
17829 1
17835 1
17836 2
17837 1
17840 1
17842 1
17847 1
17848 1
17855 1
17861 1
17864 1
17865 1
17866 1
17868 1
17872 1
17873 1
17876 2
17878 1
17880 1
17883 1
17885 2
17892 1
17897 1
17898 2
17899 1
17901 1
17903 1
17905 1
17909 1
17916 2
17928 2
17929 2
17933 1
17934 2
17937 2
17941 1
17943 1
17944 1
17949 1
17950 2
17958 1
17964 1
17966 2
17968 2
17970 1
17972 1
17974 1
17981 1
17982 1
17983 1
17984 1
17990 1
17993 2
17994 1
17995 1
17997 1
17998 1
18005 1
18006 2
18008 1
18011 1
18013 1
18015 1
18018 1
18022 1
18024 1
18028 1
18029 2
18030 1
18031 1
18035 1
18039 1
18040 1
18043 1
18056 2
18059 1
18062 1
18070 1
18073 1
18074 2
18075 1
18076 1
18080 1
18083 1
18087 1
18089 1
18094 1
18096 1
18099 1
18100 1
18106 1
18107 2
18111 1
18112 1
18114 2
18116 1
18117 1
18118 1
18120 1
18123 1
18124 1
18125 1
18130 1
18131 1
18136 1
18137 1
18138 1
18141 1
18142 1
18143 1
18146 1
18147 1
18148 1
18151 1
18152 1
18154 1
18156 1
18157 1
18159 1
18168 2
18175 2
18177 1
18182 1
18183 2
18185 2
18186 1
18197 1
18204 1
18206 1
18213 1
18215 1
18217 1
18220 1
18222 1
18224 1
18228 1
18229 1
18230 1
18240 1
18241 1
18242 1
18244 1
18248 2
18249 2
18250 1
18252 1
18253 1
18255 1
18257 1
18261 1
18262 2
18265 2
18268 1
18269 1
18270 1
18271 1
18273 2
18275 1
18276 1
18278 1
18283 1
18285 1
18287 1
18288 1
18289 1
18291 1
18292 1
18296 1
18297 1
18298 2
18302 1
18304 1
18305 1
18307 2
18308 1
18309 1
18310 1
18313 1
18314 1
18315 1
18316 2
18321 1
18322 2
18323 1
18326 1
18327 1
18329 1
18331 1
18332 1
18334 1
18339 2
18340 1
18343 1
18348 1
18349 1
18350 1
18351 2
18352 1
18356 1
18357 1
18358 1
18359 1
18363 2
18365 1
18366 1
18370 1
18374 1
18377 2
18379 1
18384 1
18388 1
18394 2
18395 2
18396 2
18399 1
18401 1
18402 1
18403 1
18406 1
18415 2
18419 1
18421 1
18424 1
18431 1
18437 1
18438 1
18439 1
18450 2
18451 1
18452 1
18456 1
18457 1
18459 1
18467 1
18468 1
18471 1
18473 1
18475 1
18480 1
18481 2
18482 1
18484 2
18485 1
18487 2
18489 1
18495 1
18496 1
18497 1
18500 1
18504 1
18506 1
18507 1
18511 1
18513 1
18516 3
18517 1
18518 1
18519 1
18520 1
18521 1
18522 1
18524 1
18525 1
18529 1
18530 1
18531 2
18534 1
18540 1
18541 1
18542 1
18543 1
18544 1
18547 1
18548 3
18551 1
18552 2
18553 2
18557 1
18560 1
18561 2
18565 1
18569 1
18576 1
18583 1
18585 1
18586 1
18588 1
18590 1
18596 1
18597 1
18598 1
18605 1
18610 1
18614 1
18615 1
18617 1
18624 1
18628 1
18630 2
18633 1
18635 2
18641 2
18648 1
18649 1
18655 1
18659 2
18661 1
18662 1
18665 1
18666 1
18669 1
18675 1
18676 1
18677 1
18682 1
18684 1
18689 1
18690 1
18691 1
18692 1
18693 1
18694 1
18696 1
18698 1
18700 1
18706 1
18715 1
18722 2
18724 1
18726 1
18727 1
18730 1
18731 1
18734 1
18735 1
18736 1
18738 1
18740 1
18743 3
18744 1
18753 1
18757 1
18761 2
18762 1
18763 1
18767 1
18770 1
18772 1
18774 1
18775 1
18778 1
18788 1
18789 1
18791 1
18799 2
18806 1
18807 1
18808 1
18809 1
18812 1
18815 1
18819 1
18821 1
18823 1
18824 1
18826 2
18832 1
18833 1
18839 1
18844 1
18846 1
18849 1
18850 2
18852 1
18855 1
18856 1
18863 1
18864 2
18868 1
18870 1
18871 1
18873 1
18874 1
18875 1
18879 1
18880 1
18881 1
18882 1
18884 1
18886 1
18888 1
18889 1
18890 1
18891 1
18893 1
18900 2
18902 1
18906 1
18907 2
18909 1
18913 1
18915 1
18917 2
18918 1
18924 2
18929 1
18931 1
18933 1
18935 1
18940 1
18943 1
18945 1
18947 1
18952 1
18953 2
18954 1
18960 1
18961 1
18969 1
18970 1
18972 1
18973 1
18974 1
18976 2
18978 1
18979 1
18982 1
18990 1
18994 1
18997 1
18998 1
19000 1
19005 1
19007 1
19008 1
19017 1
19018 1
19020 1
19021 2
19023 1
19030 1
19034 1
19035 3
19039 1
19042 2
19043 1
19047 1
19048 2
19049 1
19052 1
19054 2
19055 1
19058 1
19059 1
19061 1
19063 2
19064 1
19065 1
19066 2
19071 1
19072 1
19073 1
19075 1
19079 1
19080 1
19081 1
19082 1
19083 1
19084 1
19089 1
19090 1
19091 2
19093 1
19094 1
19098 1
19099 2
19101 1
19102 1
19104 1
19106 1
19109 1
19111 1
19115 2
19116 1
19120 1
19122 1
19124 1
19126 1
19127 1
19128 1
19133 1
19136 1
19141 1
19143 1
19144 1
19146 1
19149 1
19151 1
19152 1
19153 1
19156 1
19162 1
19163 1
19167 1
19172 1
19178 1
19181 1
19182 1
19187 1
19188 2
19189 1
19195 1
19199 1
19200 2
19207 1
19209 2
19212 1
19213 1
19217 1
19218 1
19230 1
19231 1
19240 1
19243 1
19244 2
19245 1
19248 1
19249 1
19250 2
19251 1
19254 2
19256 1
19261 2
19266 1
19268 1
19273 1
19274 1
19275 1
19276 1
19280 2
19281 2
19285 1
19286 1
19289 1
19290 1
19293 1
19294 1
19295 1
19297 1
19298 1
19300 1
19301 1
19302 1
19303 1
19308 1
19310 1
19313 1
19315 1
19320 1
19322 1
19324 1
19326 1
19333 1
19334 1
19335 1
19336 1
19339 1
19340 1
19341 1
19342 1
19345 2
19346 2
19347 1
19350 1
19355 1
19358 1
19360 1
19367 1
19371 1
19373 1
19376 1
19381 1
19387 1
19391 2
19394 1
19397 1
19400 1
19408 1
19409 1
19411 1
19414 1
19418 1
19421 1
19423 1
19425 1
19426 1
19427 1
19432 1
19440 1
19441 1
19442 1
19447 1
19449 1
19452 1
19454 1
19456 1
19458 1
19459 1
19463 2
19466 1
19468 1
19469 1
19470 1
19472 1
19475 1
19476 1
19477 1
19482 1
19483 1
19486 1
19489 1
19490 1
19493 1
19494 1
19495 1
19499 2
19500 1
19503 1
19504 1
19508 1
19517 1
19521 1
19524 1
19527 1
19531 1
19535 1
19537 1
19541 1
19543 1
19548 1
19549 1
19551 1
19553 1
19555 1
19556 1
19558 1
19565 1
19567 1
19569 1
19571 1
19576 1
19580 1
19582 3
19588 1
19593 1
19594 1
19596 1
19600 3
19602 2
19605 1
19606 1
19607 1
19609 1
19613 1
19614 2
19615 1
19617 1
19620 1
19622 1
19623 1
19625 2
19631 1
19632 1
19634 1
19638 1
19639 1
19640 1
19641 1
19642 1
19643 1
19645 1
19646 1
19649 2
19650 1
19654 1
19656 2
19659 1
19663 1
19665 1
19667 2
19668 1
19672 1
19673 2
19674 1
19677 1
19678 1
19679 1
19681 1
19682 1
19683 1
19684 1
19685 1
19694 1
19695 1
19701 1
19702 1
19703 2
19704 1
19708 2
19709 1
19710 1
19711 1
19717 1
19722 1
19726 1
19732 1
19736 1
19740 1
19746 2
19748 1
19753 1
19754 1
19760 1
19761 1
19762 1
19767 4
19771 1
19780 1
19784 1
19791 2
19798 1
19799 1
19802 2
19803 1
19804 1
19809 1
19811 2
19813 1
19814 1
19815 1
19823 3
19824 1
19825 1
19826 1
19828 1
19831 1
19832 1
19833 3
19834 1
19836 2
19840 1
19841 2
19842 1
19844 1
19847 1
19848 1
19849 2
19851 1
19852 1
19854 1
19855 1
19856 1
19858 2
19859 1
19863 1
19865 1
19868 2
19872 1
19873 1
19874 1
19876 1
19877 1
19878 1
19882 1
19883 1
19886 1
19887 1
19892 2
19896 1
19897 1
19899 1
19900 1
19903 1
19904 1
19905 1
19912 1
19913 1
19917 1
19920 1
19932 1
19938 1
19941 1
19945 1
19949 1
19950 1
19955 1
19957 1
19962 1
19963 1
19969 1
19970 1
19972 1
19975 1
19976 1
19980 1
19982 1
19986 1
19990 1
19993 3
20000 2
20001 1
20004 1
20005 1
20006 2
20007 1
20011 2
20013 1
20014 1
20018 1
20024 1
20026 1
20027 1
20033 1
20041 1
20042 2
20043 1
20044 1
20045 2
20047 1
20050 1
20051 1
20053 1
20058 2
20066 1
20067 1
20071 1
20072 1
20074 2
20076 1
20078 1
20082 1
20083 1
20084 1
20087 1
20088 1
20090 1
20091 1
20092 1
20095 2
20096 1
20101 1
20103 1
20105 1
20106 1
20113 1
20114 1
20119 1
20123 1
20126 1
20132 1
20133 1
20136 1
20140 1
20141 1
20143 1
20147 1
20150 1
20151 1
20161 1
20164 2
20167 1
20171 1
20173 1
20191 1
20195 1
20197 1
20199 1
20201 1
20202 2
20204 1
20207 1
20208 1
20213 1
20214 1
20215 1
20218 1
20219 1
20220 1
20222 1
20223 1
20224 1
20225 1
20226 1
20231 1
20232 1
20233 2
20234 1
20236 1
20240 1
20241 1
20242 1
20249 1
20250 1
20252 1
20254 1
20255 1
20258 1
20259 1
20260 1
20262 1
20265 1
20267 1
20269 1
20276 1
20280 1
20281 1
20283 1
20285 2
20286 1
20287 1
20292 1
20293 2
20297 1
20301 1
20305 1
20312 1
20314 1
20318 1
20325 1
20326 1
20328 1
20332 2
20334 1
20338 1
20341 1
20342 1
20345 1
20346 1
20347 1
20349 1
20350 2
20352 1
20357 1
20359 1
20360 1
20363 1
20364 1
20365 1
20370 1
20372 1
20373 2
20374 1
20375 1
20376 1
20378 1
20379 1
20381 1
20382 1
20384 1
20386 1
20387 1
20391 1
20392 1
20393 1
20395 1
20396 1
20399 2
20400 2
20401 1
20404 1
20405 1
20406 2
20408 1
20413 1
20415 2
20416 1
20417 1
20418 1
20423 1
20424 1
20426 1
20427 1
20428 1
20431 1
20432 2
20433 2
20434 1
20435 1
20439 1
20442 1
20443 2
20446 1
20450 1
20451 1
20456 1
20458 1
20459 1
20464 1
20466 1
20467 1
20471 1
20472 1
20474 1
20478 1
20480 1
20491 1
20492 1
20493 1
20495 2
20496 2
20498 1
20501 1
20502 1
20503 1
20504 1
20511 1
20514 1
20523 1
20527 1
20534 1
20540 1
20547 1
20552 1
20558 1
20559 1
20561 2
20564 1
20565 2
20573 2
20574 1
20576 1
20578 1
20581 1
20583 2
20585 1
20588 1
20592 2
20593 1
20595 1
20596 1
20597 1
20600 1
20601 1
20602 1
20604 1
20605 1
20606 2
20608 2
20613 1
20614 1
20617 1
20618 1
20619 1
20620 1
20624 2
20625 1
20626 1
20627 1
20628 1
20629 1
20630 1
20632 1
20633 1
20637 2
20638 1
20641 1
20642 2
20646 1
20648 1
20649 1
20650 1
20651 1
20652 1
20655 1
20660 1
20665 1
20667 1
20670 1
20686 1
20691 1
20692 1
20693 1
20694 1
20698 1
20700 1
20701 1
20705 1
20707 1
20712 1
20714 1
20718 1
20720 1
20722 1
20723 1
20725 2
20732 1
20736 1
20738 1
20743 2
20746 1
20749 1
20752 1
20756 1
20757 1
20761 1
20765 1
20766 1
20767 1
20770 1
20773 1
20775 1
20777 1
20780 1
20783 2
20792 2
20793 1
20794 2
20799 2
20800 1
20801 2
20804 1
20806 1
20808 1
20815 1
20816 1
20820 1
20821 1
20823 1
20834 1
20835 1
20838 2
20839 1
20844 1
20846 1
20847 1
20851 2
20852 1
20855 1
20860 2
20865 2
20866 1
20868 1
20869 1
20873 1
20876 1
20882 1
20883 1
20886 1
20893 1
20895 1
20896 1
20897 1
20899 1
20900 1
20901 1
20903 1
20905 1
20907 1
20911 1
20917 1
20921 1
20923 1
20926 1
20927 1
20929 1
20932 1
20934 2
20940 1
20945 1
20947 1
20951 1
20952 2
20954 1
20956 1
20957 1
20958 1
20961 1
20965 1
20966 1
20967 1
20973 1
20982 1
20983 2
20984 1
20986 1
20987 1
20989 1
20990 2
20992 2
20994 2
20997 1
20998 1
21001 2
21002 1
21008 2
21010 1
21012 1
21015 1
21017 2
21018 1
21019 1
21024 1
21025 3
21029 1
21030 1
21032 1
21034 1
21036 1
21037 1
21043 1
21046 1
21047 1
21048 1
21050 1
21053 1
21055 1
21060 1
21061 1
21074 2
21075 1
21078 1
21079 1
21082 1
21084 1
21091 1
21095 1
21097 1
21098 1
21105 1
21106 1
21111 1
21112 1
21113 1
21114 1
21116 1
21119 2
21120 1
21124 1
21125 1
21126 1
21128 1
21129 1
21131 1
21132 1
21135 1
21136 1
21138 1
21140 1
21143 3
21147 1
21150 1
21151 1
21155 1
21156 2
21157 1
21158 1
21161 1
21163 1
21164 1
21165 1
21166 1
21167 1
21168 1
21171 2
21175 2
21176 1
21178 1
21180 1
21182 1
21183 1
21185 1
21188 1
21189 1
21192 2
21193 2
21194 1
21196 1
21199 2
21201 1
21202 1
21203 1
21206 1
21207 1
21210 1
21221 1
21223 1
21224 1
21226 1
21227 1
21228 1
21230 1
21234 1
21239 1
21243 1
21244 1
21245 1
21249 1
21252 1
21255 1
21257 1
21264 1
21265 1
21272 1
21284 2
21286 1
21287 1
21290 2
21293 1
21297 1
21307 1
21308 1
21315 1
21317 3
21321 1
21322 1
21324 1
21325 1
21327 1
21331 1
21333 1
21338 2
21342 1
21345 1
21348 1
21351 1
21352 2
21356 2
21357 1
21358 2
21359 1
21362 2
21364 1
21367 1
21369 1
21370 2
21373 1
21374 1
21376 1
21377 1
21378 1
21380 1
21383 1
21385 1
21391 1
21394 1
21397 1
21398 1
21399 1
21402 1
21403 1
21405 1
21408 1
21410 1
21411 2
21413 1
21416 1
21418 1
21423 2
21424 1
21430 1
21436 1
21443 1
21444 1
21447 1
21448 2
21450 1
21453 1
21455 1
21458 1
21464 1
21468 1
21474 1
21475 1
21477 1
21484 1
21485 1
21488 1
21493 1
21495 1
21499 1
21502 1
21508 1
21512 1
21515 1
21516 2
21517 1
21519 1
21524 1
21525 1
21526 2
21530 1
21531 1
21533 1
21535 1
21540 1
21543 1
21547 1
21549 1
21550 1
21551 1
21553 1
21554 1
21555 1
21557 1
21559 1
21560 1
21565 1
21566 1
21567 1
21570 1
21571 2
21576 2
21577 1
21584 1
21585 2
21592 1
21593 1
21594 2
21597 1
21598 1
21601 1
21602 1
21607 1
21610 1
21612 1
21614 1
21618 1
21620 1
21625 1
21629 1
21630 1
21632 2
21633 1
21637 1
21638 1
21643 1
21645 2
21649 1
21653 1
21656 1
21657 1
21658 1
21659 2
21664 1
21666 1
21670 1
21676 1
21677 1
21679 1
21683 1
21684 2
21686 1
21690 2
21693 1
21694 1
21697 1
21699 1
21702 1
21708 1
21711 1
21715 2
21716 1
21717 2
21722 1
21723 1
21725 1
21726 1
21728 1
21730 1
21731 1
21733 2
21736 1
21739 1
21740 1
21742 1
21744 3
21745 1
21747 1
21748 1
21749 1
21750 1
21751 1
21752 1
21757 1
21758 1
21760 1
21764 1
21767 1
21768 1
21775 2
21776 1
21778 1
21779 1
21780 2
21781 1
21784 2
21785 2
21786 1
21787 1
21791 1
21794 1
21802 1
21803 1
21810 1
21811 1
21812 1
21816 1
21818 1
21823 1
21830 1
21838 1
21839 1
21843 1
21844 1
21845 1
21847 1
21848 1
21854 1
21861 1
21863 1
21868 2
21875 2
21879 1
21885 1
21888 1
21890 1
21892 1
21899 1
21900 1
21903 1
21910 2
21911 1
21914 1
21917 2
21918 1
21921 2
21925 2
21926 1
21928 1
21930 1
21931 2
21932 1
21933 1
21934 1
21935 1
21937 1
21940 1
21941 1
21943 1
21944 1
21945 1
21949 2
21950 1
21952 1
21953 1
21954 1
21956 1
21957 1
21958 1
21959 1
21960 1
21964 1
21966 1
21969 1
21971 1
21972 1
21976 2
21977 1
21981 1
21982 1
21984 1
21985 1
21989 1
21993 1
21994 1
21995 1
21997 1
22000 1
22003 1
22015 1
22016 1
22017 1
22018 1
22021 1
22022 1
22037 1
22040 1
22047 1
22049 2
22052 1
22053 1
22057 1
22063 1
22066 1
22067 1
22070 1
22072 1
22074 1
22077 2
22080 1
22081 1
22083 1
22084 1
22088 1
22090 1
22094 1
22098 1
22101 1
22108 1
22109 1
22110 1
22111 1
22112 1
22117 1
22118 1
22119 2
22123 1
22127 1
22130 1
22132 1
22135 2
22141 1
22143 1
22144 1
22145 1
22146 1
22148 1
22150 1
22151 1
22152 2
22153 1
22155 1
22158 1
22161 2
22163 1
22167 1
22168 1
22173 1
22175 1
22177 1
22179 1
22180 1
22190 1
22191 1
22196 1
22198 1
22200 1
22203 1
22204 1
22209 1
22212 2
22217 2
22218 1
22220 1
22224 1
22227 1
22234 1
22238 1
22240 1
22241 1
22244 1
22248 1
22249 1
22251 1
22258 1
22262 1
22263 1
22267 1
22269 1
22272 1
22275 1
22276 1
22278 1
22279 1
22281 1
22290 1
22297 1
22299 1
22303 2
22307 1
22308 1
22309 2
22310 1
22317 1
22318 1
22319 2
22321 1
22325 1
22326 1
22327 1
22332 1
22334 1
22335 1
22339 1
22341 1
22342 1
22344 2
22346 1
22349 1
22350 1
22353 1
22354 1
22357 1
22360 1
22362 2
22363 1
22364 1
22369 1
22370 3
22377 1
22384 1
22386 1
22388 2
22389 1
22391 1
22394 1
22395 1
22400 1
22402 1
22405 1
22408 1
22409 1
22415 1
22418 1
22422 1
22426 2
22427 1
22431 1
22434 1
22436 1
22437 1
22440 1
22443 1
22447 1
22449 2
22450 1
22453 1
22455 1
22457 1
22458 1
22463 1
22467 1
22468 1
22472 2
22473 1
22476 1
22477 1
22478 1
22480 1
22481 1
22482 2
22483 1
22487 1
22490 1
22492 2
22495 1
22499 1
22500 1
22501 1
22507 1
22508 2
22509 2
22510 1
22516 2
22520 1
22523 2
22527 1
22534 1
22535 1
22536 1
22540 1
22541 2
22544 2
22551 2
22554 1
22558 1
22562 1
22567 1
22568 1
22570 1
22572 1
22573 1
22574 1
22575 1
22578 1
22579 2
22580 1
22588 1
22595 1
22597 1
22599 1
22600 1
22603 1
22604 1
22609 1
22617 1
22624 1
22628 1
22636 1
22638 1
22639 1
22642 2
22650 1
22653 1
22660 1
22662 1
22669 3
22673 1
22675 1
22677 1
22681 2
22682 1
22683 1
22684 1
22685 1
22690 2
22691 2
22696 1
22700 1
22701 1
22703 1
22704 1
22708 2
22709 1
22710 1
22714 3
22716 1
22718 1
22719 1
22721 1
22722 1
22725 2
22726 1
22727 1
22728 2
22729 1
22732 1
22735 1
22743 1
22745 1
22747 1
22749 1
22750 1
22759 1
22760 1
22763 2
22765 1
22768 1
22771 1
22775 1
22776 1
22777 1
22797 1
22799 2
22800 1
22802 1
22808 1
22809 1
22810 1
22813 1
22816 1
22820 1
22826 1
22829 1
22830 1
22833 1
22837 1
22842 1
22844 1
22845 1
22847 1
22857 1
22860 2
22864 1
22867 1
22868 1
22869 1
22870 1
22871 1
22873 1
22874 1
22876 1
22877 1
22878 2
22882 1
22883 1
22885 1
22887 1
22888 1
22891 1
22892 1
22893 1
22895 1
22900 1
22902 1
22907 1
22909 2
22911 1
22912 1
22917 1
22923 2
22928 1
22929 1
22937 1
22942 1
22944 1
22946 1
22949 1
22950 1
22954 1
22959 1
22962 1
22968 1
22970 1
22972 1
22973 2
22974 1
22976 1
22977 1
22981 1
22982 1
22984 1
22988 1
22990 1
22994 1
22995 1
23001 1
23003 1
23008 1
23009 1
23010 1
23011 2
23022 1
23028 1
23029 1
23031 1
23034 1
23035 1
23038 1
23042 1
23050 1
23053 1
23059 1
23060 1
23061 1
23064 1
23066 1
23067 1
23069 3
23074 1
23075 1
23079 1
23081 1
23085 1
23091 1
23092 1
23094 1
23095 1
23096 2
23097 1
23100 1
23101 1
23102 2
23104 1
23109 1
23113 1
23116 1
23120 2
23125 1
23126 1
23127 1
23132 1
23133 1
23137 1
23138 1
23144 1
23151 1
23155 1
23164 1
23168 1
23182 2
23183 1
23190 1
23191 1
23197 1
23199 1
23203 1
23205 1
23209 1
23212 1
23213 1
23214 1
23220 2
23224 1
23227 1
23232 2
23233 1
23237 1
23240 1
23241 1
23242 1
23243 1
23244 1
23248 1
23251 1
23252 1
23255 1
23259 1
23262 1
23266 2
23269 1
23270 1
23272 1
23273 2
23276 1
23279 1
23283 2
23284 1
23286 1
23290 1
23293 1
23294 1
23295 1
23299 1
23300 1
23301 2
23302 1
23304 2
23310 1
23311 1
23316 1
23320 1
23322 1
23329 2
23331 1
23334 1
23335 1
23347 1
23349 1
23353 1
23360 1
23361 1
23367 1
23368 1
23369 1
23370 1
23373 1
23378 1
23389 1
23392 2
23394 2
23399 1
23401 2
23415 1
23418 1
23419 1
23425 1
23429 1
23432 1
23433 2
23435 1
23439 1
23440 1
23441 2
23446 2
23450 2
23453 1
23460 1
23462 1
23463 1
23464 1
23468 1
23469 1
23471 1
23475 2
23477 1
23478 1
23479 1
23481 1
23482 1
23485 1
23488 1
23491 1
23493 1
23495 1
23499 1
23500 1
23502 1
23504 1
23507 1
23510 1
23513 2
23514 1
23515 1
23519 1
23521 1
23524 1
23525 1
23529 1
23531 1
23532 1
23552 1
23556 1
23561 1
23570 1
23576 1
23579 1
23585 1
23587 1
23589 1
23592 2
23593 1
23596 1
23601 1
23602 1
23603 1
23607 1
23610 1
23612 1
23614 1
23619 1
23620 2
23623 1
23624 2
23627 1
23628 1
23632 1
23634 1
23638 1
23642 1
23648 1
23655 1
23659 1
23660 1
23661 2
23662 1
23667 1
23669 1
23670 1
23671 2
23673 1
23674 1
23678 1
23679 1
23684 1
23700 1
23701 1
23702 1
23705 1
23706 1
23709 1
23714 1
23715 1
23720 1
23722 2
23723 1
23726 1
23733 1
23735 1
23738 1
23740 1
23741 1
23743 1
23746 1
23753 1
23760 2
23761 1
23766 1
23767 2
23770 1
23774 1
23784 1
23788 1
23789 1
23791 1
23792 1
23794 1
23801 1
23802 1
23805 1
23807 1
23816 1
23819 1
23821 1
23824 1
23825 1
23829 1
23834 2
23841 1
23844 1
23845 1
23847 1
23852 2
23853 1
23857 1
23861 1
23868 1
23869 1
23876 1
23879 2
23887 1
23888 1
23889 1
23892 1
23893 1
23896 1
23910 1
23914 1
23919 1
23920 2
23922 1
23924 1
23926 1
23931 1
23940 1
23941 1
23951 1
23952 1
23955 1
23962 1
23964 1
23969 1
23976 2
23980 1
23991 1
23993 1
23994 1
23998 1
24000 1
24002 1
24005 1
24008 2
24011 1
24014 1
24018 1
24020 1
24022 1
24025 1
24026 1
24027 1
24029 1
24033 2
24034 1
24035 1
24036 1
24042 1
24043 2
24048 1
24053 1
24054 1
24060 1
24061 1
24062 1
24066 2
24070 1
24072 1
24077 1
24079 1
24080 2
24085 1
24088 1
24093 2
24097 1
24098 1
24099 1
24101 1
24110 1
24111 1
24123 1
24124 1
24125 1
24126 1
24128 1
24129 2
24149 1
24151 1
24154 1
24157 1
24160 1
24161 1
24162 1
24165 1
24171 1
24175 1
24182 1
24185 1
24189 2
24194 1
24196 1
24200 1
24209 1
24212 1
24218 1
24222 1
24223 1
24225 1
24226 1
24227 1
24229 1
24231 1
24235 1
24238 1
24240 1
24243 1
24244 1
24245 1
24246 1
24252 1
24254 1
24256 1
24261 1
24264 1
24269 1
24271 1
24275 2
24281 1
24285 1
24289 1
24294 1
24306 1
24311 1
24317 1
24320 1
24325 2
24326 1
24328 1
24335 1
24339 1
24340 1
24342 1
24344 1
24346 1
24352 1
24355 1
24370 1
24374 1
24380 1
24384 1
24386 1
24392 1
24398 1
24402 1
24405 1
24410 1
24411 1
24413 1
24416 1
24417 1
24418 1
24421 2
24426 1
24427 1
24431 1
24433 1
24447 1
24449 1
24452 1
24454 1
24461 1
24463 1
24465 2
24471 1
24472 1
24473 1
24477 1
24478 1
24485 1
24492 1
24494 1
24496 1
24499 1
24503 1
24516 1
24520 1
24523 1
24526 1
24534 2
24535 1
24544 1
24549 1
24551 1
24555 1
24557 1
24559 1
24561 1
24564 1
24566 1
24576 1
24584 2
24585 1
24593 1
24595 1
24600 1
24611 2
24617 1
24618 1
24619 1
24621 1
24624 1
24628 1
24631 1
24635 1
24639 1
24642 1
24644 1
24646 1
24651 1
24652 2
24656 1
24670 1
24672 1
24674 1
24676 1
24680 1
24681 1
24683 1
24686 1
24687 1
24701 1
24705 2
24712 1
24713 1
24730 1
24732 1
24744 1
24746 2
24750 1
24752 1
24758 2
24761 1
24767 1
24768 1
24770 1
24777 1
24785 2
24791 1
24792 1
24793 2
24798 2
24802 1
24804 1
24812 1
24816 1
24820 1
24821 1
24822 1
24826 1
24827 1
24829 1
24830 1
24833 1
24836 1
24837 1
24840 1
24843 1
24848 1
24851 1
24853 1
24866 1
24873 1
24876 1
24879 1
24885 1
24904 1
24907 1
24911 1
24914 1
24918 1
24921 1
24922 1
24937 1
24939 1
24941 1
24944 1
24950 1
24953 1
24954 1
24955 1
24959 1
24964 1
24965 1
24968 1
24972 2
24975 1
24976 1
24984 1
24986 2
24990 1
24994 1
24996 1
25000 1
25012 1
25017 1
25019 1
25021 1
25025 1
25026 1
25031 1
25040 1
25045 1
25050 1
25052 1
25057 1
25058 1
25067 1
25072 1
25075 1
25078 1
25085 1
25087 1
25105 1
25111 1
25112 1
25118 1
25119 1
25120 1
25130 1
25136 1
25142 1
25143 1
25146 1
25158 1
25168 1
25173 1
25174 1
25177 1
25181 1
25186 1
25192 1
25193 1
25197 1
25199 1
25203 1
25204 1
25209 1
25221 2
25228 1
25231 1
25241 1
25259 1
25272 1
25276 1
25286 1
25291 1
25293 1
25309 1
25314 1
25316 1
25317 1
25320 1
25321 1
25328 1
25343 1
25345 1
25349 1
25350 1
25352 1
25360 2
25363 1
25367 1
25370 1
25371 1
25372 1
25374 1
25376 1
25378 1
25381 1
25387 1
25401 1
25402 1
25405 1
25406 1
25408 1
25412 1
25418 1
25424 1
25430 1
25437 2
25440 1
25445 2
25450 1
25455 1
25462 1
25469 1
25476 1
25477 1
25478 1
25481 1
25495 1
25506 1
25509 1
25517 1
25518 1
25523 1
25526 1
25527 1
25541 1
25548 1
25552 1
25554 1
25558 1
25568 1
25570 1
25576 1
25579 1
25581 1
25583 1
25587 1
25590 1
25591 1
25596 1
25598 1
25606 1
25608 1
25616 1
25623 1
25627 1
25633 1
25637 1
25643 1
25664 1
25669 1
25678 1
25687 1
25691 1
25696 1
25697 1
25700 1
25704 1
25715 1
25722 1
25732 1
25736 1
25737 1
25744 1
25750 1
25762 1
25769 1
25777 1
25778 1
25779 1
25782 1
25790 1
25800 1
25815 1
25817 1
25823 1
25825 1
25837 1
25843 1
25844 1
25846 1
25851 1
25861 1
25868 2
25875 1
25878 1
25896 1
25911 1
25924 2
25936 1
25946 1
25953 1
25956 1
25963 1
25969 1
25971 1
25973 1
25987 1
25991 1
25996 1
25997 1
26004 1
26018 1
26022 1
26028 1
26032 1
26041 1
26049 1
26053 1
26057 1
26070 1
26077 1
26084 1
26099 1
26102 1
26104 1
26110 2
26113 1
26119 1
26120 1
26137 1
26143 1
26150 1
26156 1
26162 1
26165 1
26168 1
26174 1
26178 1
26187 1
26188 1
26200 1
26201 1
26205 1
26206 1
26231 1
26237 1
26256 1
26259 1
26263 1
26266 1
26270 1
26273 1
26302 1
26308 1
26317 1
26320 1
26323 1
26338 1
26341 1
26346 1
26348 1
26352 1
26362 1
26369 1
26377 1
26383 1
26392 1
26397 1
26402 1
26419 1
26437 1
26447 1
26463 1
26469 1
26472 1
26482 1
26487 1
26494 1
26510 1
26526 1
26529 1
26538 1
26544 1
26550 1
26555 1
26571 1
26573 1
26593 1
26600 1
26611 1
26628 1
26638 1
26643 1
26661 1
26669 1
26672 1
26688 1
26696 1
26701 1
26718 1
26719 1
26723 1
26728 1
26729 1
26747 1
26753 1
26754 1
26757 1
26760 1
26764 1
26782 1
26789 1
26807 1
26809 1
26821 1
26847 1
26869 1
26870 1
26875 1
26878 1
26893 1
26900 1
26906 1
26910 1
26920 1
26928 1
26943 1
26956 1
26988 1
26995 1
27016 1
27030 1
27049 1
27052 1
27067 1
27073 1
27089 1
27094 1
27102 1
27129 1
27134 1
27142 1
27152 1
27195 1
27197 1
27213 1
27219 1
27220 1
27269 1
27276 2
27288 1
27298 1
27300 1
27305 1
27308 1
27349 1
27370 1
27393 1
27394 1
27401 1
27422 1
27429 1
27451 1
27478 1
27479 1
27495 1
27509 1
27514 1
27517 1
27539 1
27553 1
27558 1
27603 1
27625 1
27660 1
27675 1
27693 1
27704 1
27714 1
27720 1
27789 1
27799 1
27821 1
27839 1
27902 1
27923 1
27945 1
27952 1
28001 1
28032 1
28040 1
28048 1
28070 1
28081 1
28099 1
28126 1
28161 1
28227 1
28245 1
28308 1
28340 1
28420 1
28425 1
28446 1
28454 1
28549 1
28571 1
28621 1
28652 1
28746 1
28826 1
28830 1
28831 1
28861 1
28955 1
28977 1
29072 1
29353 1
29377 1
29384 1
29478 1
29518 1
29586 1
29727 1
29772 1
30109 1
30178 1
30250 1
30729 1
30938 1
31044 1
31461 1
31595 1
31626 1
31804 1
31835 1
32327 1
32358 1
33152 1
33703 1
33912 1
34435 1
End
