NMec = 95584
T = 18
P = 1
Profits not ignored
Valid tasks:                                                             1548
Solution time = 6.000e-05
Task data
   16  24  1808 -1
   18  37  4146 0
   44  59  4160 -1
   46  54   859 -1
   46  70  4479 -1
   48  68  4760 0
   53  71  1881 -1
   56 128 10490 -1
   66  83  2493 -1
   69  79  1148 -1
   70  86  1587 -1
   73  87  2686 0
   90  98  1531 0
   99 106   983 -1
  102 168 16208 0
  138 159  2682 -1
  143 152   750 -1
  156 159   937 -1
Best profit: 29331
All profits:
0 1
750 1
859 1
937 1
983 1
1148 1
1531 1
1587 1
1609 1
1687 1
1733 1
1796 1
1808 1
1842 1
1881 1
1898 1
1920 1
2007 1
2085 1
2131 1
2281 1
2337 1
2390 1
2446 1
2468 1
2493 1
2514 1
2524 1
2546 1
2558 1
2570 1
2592 1
2631 1
2667 1
2670 1
2679 1
2682 1
2686 1
2745 1
2757 1
2779 1
2791 1
2818 1
2835 1
2864 1
2881 1
2944 1
2956 1
2990 1
3068 1
3118 1
3140 1
3196 1
3218 1
3243 1
3264 1
3274 1
3320 1
3327 1
3339 1
3352 1
3373 1
3383 1
3395 1
3412 1
3417 1
3429 2
3430 1
3436 1
3451 1
3476 1
3495 1
3507 1
3529 1
3538 1
3541 2
3545 1
3568 1
3604 1
3614 1
3616 1
3623 1
3650 1
3662 1
3665 1
3669 1
3689 1
3694 1
3706 1
3728 1
3740 1
3801 1
3815 1
3818 1
3830 1
3868 1
3893 1
3927 1
3939 1
3977 1
4024 1
4055 1
4077 1
4089 1
4101 1
4102 1
4123 1
4133 1
4145 1
4146 1
4160 1
4162 1
4179 1
4180 1
4198 1
4201 1
4213 1
4217 1
4226 1
4254 1
4257 1
4269 1
4276 1
4288 1
4289 1
4295 1
4301 1
4310 1
4322 1
4332 1
4335 1
4349 1
4354 1
4366 2
4373 1
4378 1
4395 1
4400 1
4412 1
4413 1
4419 1
4439 1
4475 1
4478 1
4479 1
4482 1
4487 1
4490 1
4494 1
4521 1
4524 1
4528 1
4551 1
4563 1
4565 1
4567 1
4587 1
4599 1
4606 1
4626 1
4643 1
4672 1
4677 1
4689 2
4727 1
4752 1
4760 1
4774 1
4798 1
4805 1
4813 1
4851 1
4876 1
4883 1
4896 1
4910 1
4914 1
4926 1
4948 1
4960 1
4961 1
4967 1
5004 1
5005 1
5007 1
5026 1
5038 1
5039 1
5051 1
5060 1
5072 2
5076 1
5082 1
5083 1
5085 1
5097 1
5099 1
5116 1
5128 2
5129 1
5135 1
5143 1
5145 1
5154 1
5160 1
5163 1
5175 1
5181 1
5191 1
5196 1
5200 1
5220 1
5225 1
5229 1
5232 1
5237 2
5238 1
5244 1
5252 1
5259 1
5271 1
5272 1
5278 1
5284 1
5294 1
5308 1
5315 1
5317 1
5332 1
5337 1
5346 1
5349 2
5353 1
5356 1
5361 1
5368 1
5376 1
5416 1
5422 1
5424 1
5431 1
5458 1
5462 1
5465 1
5470 1
5473 1
5477 1
5502 1
5504 1
5510 1
5546 1
5548 1
5550 1
5609 1
5626 1
5633 1
5638 1
5664 1
5672 1
5676 1
5677 1
5691 1
5697 1
5710 1
5711 1
5733 1
5735 1
5743 1
5747 1
5755 1
5757 1
5785 1
5788 1
5800 1
5820 1
5826 1
5832 1
5833 1
5847 1
5863 1
5866 1
5879 1
5885 1
5893 1
5897 1
5904 1
5908 1
5909 1
5910 1
5931 1
5941 1
5942 1
5944 1
5950 1
5968 1
5970 1
5987 1
5988 2
6009 1
6010 1
6013 1
6021 1
6022 1
6025 1
6027 1
6034 2
6044 1
6055 1
6058 1
6059 1
6065 1
6066 1
6077 1
6080 1
6082 1
6094 1
6096 1
6097 1
6098 1
6103 1
6111 1
6118 1
6137 1
6143 1
6153 1
6157 1
6158 1
6166 1
6174 2
6181 1
6203 1
6208 1
6212 1
6215 1
6220 2
6221 1
6227 2
6231 1
6245 1
6254 1
6277 1
6283 1
6287 1
6290 1
6291 2
6300 1
6329 1
6332 1
6336 1
6344 1
6347 1
6351 1
6359 1
6371 1
6375 1
6399 1
6407 1
6414 1
6427 1
6441 1
6447 1
6483 1
6485 1
6487 1
6493 1
6497 2
6535 1
6536 1
6568 1
6570 1
6582 1
6592 1
6613 1
6614 1
6616 1
6621 1
6628 1
6639 1
6647 1
6653 1
6658 1
6659 2
6660 1
6670 1
6674 1
6680 1
6684 1
6691 1
6692 1
6694 1
6706 1
6716 1
6718 1
6722 1
6730 1
6738 1
6760 1
6763 1
6768 1
6769 1
6775 1
6777 1
6783 1
6803 1
6809 1
6815 1
6816 1
6825 1
6828 1
6830 1
6832 1
6839 1
6842 1
6845 1
6846 2
6847 1
6848 1
6868 1
6880 1
6884 1
6887 1
6891 1
6893 1
6899 1
6903 1
6905 1
6907 1
6924 1
6925 1
6936 1
6947 1
6951 1
6953 1
6962 1
6964 1
6971 1
6981 1
6983 1
6993 1
6995 1
6996 1
7004 1
7008 1
7010 1
7017 1
7027 1
7033 1
7035 1
7037 1
7040 1
7041 2
7060 1
7077 1
7079 1
7080 1
7081 1
7086 1
7090 1
7097 1
7116 1
7125 1
7136 1
7140 1
7149 1
7157 1
7161 1
7164 1
7165 1
7169 1
7176 1
7203 1
7210 1
7214 1
7224 1
7228 2
7237 1
7249 1
7264 1
7266 1
7270 1
7273 1
7274 1
7278 1
7284 1
7286 1
7312 1
7318 1
7330 1
7342 1
7354 1
7358 1
7364 1
7378 1
7389 1
7403 1
7410 1
7420 1
7424 1
7430 1
7434 1
7439 1
7441 1
7442 1
7446 1
7466 1
7472 1
7473 1
7480 2
7498 1
7499 1
7505 1
7518 1
7519 2
7529 1
7551 1
7553 1
7555 1
7558 1
7565 2
7575 2
7576 1
7582 1
7589 1
7590 1
7595 1
7596 2
7597 1
7608 1
7611 1
7622 1
7628 1
7634 1
7636 1
7641 1
7642 1
7653 1
7655 1
7667 1
7674 1
7675 1
7684 1
7687 1
7689 1
7691 1
7697 1
7701 1
7705 1
7712 1
7714 1
7716 1
7743 1
7746 1
7752 1
7758 2
7760 1
7762 1
7769 1
7776 1
7783 1
7785 1
7808 1
7811 1
7815 1
7818 1
7821 1
7822 1
7825 1
7828 1
7829 1
7830 1
7831 1
7840 1
7842 1
7863 1
7866 1
7867 1
7878 1
7882 1
7886 1
7888 1
7890 1
7902 1
7906 1
7915 1
7919 1
7930 1
7945 1
7947 1
7964 1
7966 1
7974 1
7976 1
7978 2
7990 1
8014 1
8016 1
8018 1
8020 1
8023 1
8024 1
8028 2
8034 1
8035 1
8053 1
8062 1
8073 1
8080 1
8099 2
8102 1
8108 1
8123 1
8144 1
8148 1
8152 1
8155 1
8159 1
8170 1
8184 1
8189 1
8196 1
8201 1
8207 1
8211 1
8215 1
8223 1
8232 1
8247 1
8248 1
8249 1
8255 1
8261 1
8267 1
8269 1
8279 1
8295 1
8301 1
8305 1
8306 1
8308 1
8325 1
8326 1
8340 1
8347 1
8359 1
8361 1
8363 1
8372 1
8373 1
8376 1
8377 1
8378 1
8383 1
8386 1
8403 1
8415 1
8417 1
8422 1
8424 1
8425 1
8429 2
8434 1
8435 1
8436 1
8441 1
8455 1
8456 1
8461 1
8466 1
8467 1
8481 1
8482 1
8488 1
8492 1
8495 1
8502 1
8512 2
8514 1
8519 1
8526 1
8533 1
8538 1
8541 1
8548 1
8558 1
8559 1
8565 1
8568 1
8571 1
8572 1
8573 1
8578 1
8579 1
8590 1
8591 1
8611 1
8617 1
8621 1
8625 1
8628 2
8638 1
8647 1
8650 1
8653 1
8654 1
8656 1
8667 1
8670 1
8674 1
8680 1
8692 1
8695 1
8696 1
8697 1
8699 1
8707 1
8709 1
8713 1
8741 1
8745 1
8752 1
8755 1
8759 1
8766 1
8768 1
8780 1
8801 1
8803 1
8804 1
8815 1
8823 1
8825 1
8835 1
8843 1
8849 2
8852 1
8861 1
8873 1
8885 1
8889 1
8898 1
8905 1
8906 1
8920 1
8934 1
8951 1
8957 1
8959 1
8961 1
8965 1
8969 1
8973 3
8977 1
8997 1
9011 2
9017 1
9018 1
9029 2
9036 2
9045 1
9056 1
9057 1
9060 1
9082 1
9085 1
9086 1
9092 1
9106 1
9107 1
9113 1
9121 1
9126 1
9127 1
9133 1
9138 1
9153 1
9167 1
9172 1
9179 1
9184 1
9185 1
9186 1
9198 1
9206 1
9211 1
9218 1
9222 1
9231 1
9232 1
9238 1
9242 1
9243 1
9245 1
9247 1
9250 1
9254 1
9262 1
9274 1
9288 1
9289 1
9291 1
9300 1
9309 1
9314 1
9321 1
9323 1
9335 1
9342 1
9346 1
9356 1
9359 1
9360 1
9361 1
9366 1
9371 1
9373 1
9375 1
9378 1
9397 1
9398 2
9403 1
9404 1
9412 1
9417 1
9418 1
9419 1
9424 1
9444 1
9446 1
9449 1
9450 1
9454 1
9463 1
9475 1
9478 1
9495 1
9497 1
9502 1
9505 1
9507 1
9509 1
9514 1
9516 1
9521 1
9528 1
9551 1
9554 1
9562 1
9565 1
9566 1
9573 1
9584 1
9591 1
9593 1
9604 1
9608 1
9611 2
9630 1
9633 2
9636 1
9637 1
9639 1
9650 1
9656 1
9675 1
9679 1
9686 1
9690 1
9692 1
9696 1
9723 1
9727 1
9738 1
9763 1
9779 1
9786 2
9798 2
9810 1
9818 1
9826 1
9832 1
9835 1
9836 1
9837 1
9842 1
9843 1
9847 1
9856 1
9857 1
9871 1
9888 1
9889 1
9893 1
9903 1
9910 1
9914 1
9917 1
9934 1
9946 1
9948 1
9952 1
9956 2
9960 2
9966 1
9972 1
9992 1
9993 1
9997 1
10004 1
10012 2
10019 1
10023 1
10039 1
10040 1
10043 1
10050 1
10054 1
10064 1
10069 1
10075 1
10090 1
10096 1
10104 1
10109 1
10110 1
10116 1
10121 1
10128 1
10148 1
10156 1
10159 1
10168 1
10169 1
10180 1
10181 1
10184 1
10185 1
10191 1
10194 1
10201 1
10204 1
10205 1
10225 1
10226 1
10228 1
10230 1
10233 1
10237 2
10240 1
10244 1
10257 1
10283 1
10297 1
10304 1
10312 1
10318 1
10334 1
10341 1
10354 1
10356 1
10358 1
10361 1
10366 1
10373 1
10380 1
10381 1
10383 1
10386 1
10387 1
10391 1
10398 1
10400 1
10429 1
10436 1
10437 2
10446 1
10488 1
10490 2
10493 1
10497 1
10500 1
10504 2
10511 1
10545 1
10548 1
10549 1
10560 1
10567 1
10574 1
10576 1
10587 1
10588 1
10593 1
10616 1
10623 1
10633 1
10639 1
10643 1
10660 1
10664 1
10669 1
10706 1
10710 1
10716 1
10742 1
10762 1
10769 1
10773 1
10774 1
10781 2
10785 1
10793 1
10799 1
10804 1
10805 1
10819 1
10820 1
10825 1
10826 1
10830 2
10837 1
10840 1
10852 1
10854 1
10866 1
10876 1
10893 1
10897 1
10906 1
10909 1
10929 2
10934 1
10935 1
10941 1
10943 1
10949 1
10955 1
10975 1
10976 1
10980 1
10985 1
10987 1
10988 1
10991 1
10992 1
10994 1
11006 1
11033 1
11037 1
11045 1
11047 1
11059 1
11093 1
11104 1
11111 1
11122 1
11131 1
11139 1
11141 1
11142 1
11143 1
11163 1
11164 1
11167 1
11168 1
11174 1
11181 1
11187 2
11220 1
11223 1
11227 1
11240 1
11243 1
11254 1
11295 1
11307 1
11311 1
11317 1
11324 1
11329 1
11336 1
11349 2
11356 1
11366 1
11373 1
11374 2
11378 1
11381 1
11383 1
11395 1
11419 1
11420 1
11424 1
11427 1
11430 1
11441 1
11476 1
11483 1
11487 1
11524 1
11535 1
11543 1
11549 1
11570 1
11571 1
11576 1
11580 1
11585 1
11588 1
11592 1
11606 1
11626 1
11643 1
11647 1
11655 1
11659 1
11679 1
11699 1
11711 1
11722 1
11725 1
11735 1
11736 1
11741 1
11742 1
11756 1
11757 1
11764 1
11768 2
11782 1
11787 1
11788 1
11813 1
11820 1
11835 1
11843 1
11849 1
11872 1
11889 1
11892 1
11904 1
11912 1
11917 1
11918 1
11922 1
11924 1
11929 2
11931 1
11936 1
11968 1
11971 1
11974 1
11975 1
11977 1
12024 1
12028 1
12042 1
12061 1
12076 1
12099 1
12105 1
12124 2
12126 1
12136 1
12164 1
12170 1
12174 1
12177 1
12180 1
12191 1
12226 1
12237 1
12248 1
12286 1
12290 1
12294 1
12298 1
12312 1
12319 1
12330 1
12335 1
12342 1
12356 1
12357 1
12361 2
12368 1
12378 1
12407 1
12413 1
12424 1
12472 1
12486 1
12507 1
12518 1
12519 1
12522 1
12523 1
12529 1
12532 1
12563 1
12568 1
12571 1
12575 2
12638 1
12642 1
12662 1
12672 1
12674 1
12679 1
12694 1
12705 1
12718 1
12719 1
12724 1
12725 1
12736 1
12751 1
12774 1
12826 1
12838 1
12842 1
12855 1
12867 1
12887 1
12905 1
12912 2
12914 1
12919 1
12926 1
12961 1
12998 1
13007 1
13036 1
13044 1
13048 1
13080 1
13107 1
13111 1
13119 2
13123 1
13157 2
13163 1
13172 1
13174 1
13175 1
13186 1
13231 1
13235 1
13267 1
13272 1
13273 1
13279 1
13313 1
13318 1
13325 1
13344 1
13351 1
13455 1
13460 1
13467 1
13469 1
13481 1
13502 1
13505 1
13506 1
13512 1
13558 1
13592 1
13655 1
13657 1
13662 1
13667 1
13674 1
13711 1
13719 1
13757 1
13779 1
13821 1
13825 1
13850 1
13873 1
13907 1
13909 1
13944 1
13981 1
13985 1
13993 1
14017 1
14031 1
14060 1
14063 1
14094 2
14102 1
14106 2
14158 1
14169 1
14210 1
14250 1
14255 1
14256 1
14262 1
14267 1
14274 1
14443 1
14450 1
14464 1
14529 1
14575 1
14636 1
14650 1
14657 1
14694 1
14706 1
14762 1
14810 1
14844 1
14856 1
14976 1
14980 1
15000 1
15012 1
15043 1
15089 1
15193 1
15205 1
15250 1
15257 1
15386 1
15495 1
15512 1
15524 1
15573 1
15689 1
15793 1
15805 1
15839 1
15995 1
16188 1
16208 1
16245 1
16323 1
16432 1
16507 1
16788 1
17067 1
17182 1
17318 1
17356 1
17739 1
17795 1
18016 1
18089 1
18177 1
18215 1
18598 1
18654 1
18701 1
18875 1
18887 1
18894 1
19164 1
19326 1
19547 1
19560 1
19603 1
19620 1
19746 1
19753 1
19897 1
20023 1
20185 1
20232 1
20354 1
20368 1
20406 1
20425 1
20462 1
20509 1
20687 1
20695 1
20702 1
20775 1
20968 1
21091 1
21134 1
21213 1
21284 1
21368 1
21428 1
21502 1
21516 1
21554 1
21561 1
21885 1
21899 1
21941 1
21955 1
21993 1
22040 1
22116 1
22176 1
22218 1
22233 1
22235 1
22306 1
22361 1
22495 1
22499 1
22555 1
22583 1
22744 1
22776 1
22800 1
22847 1
22861 1
22899 1
23033 1
23040 1
23047 1
23054 1
23092 1
23324 1
23373 1
23472 1
23486 1
23647 1
23654 1
23706 1
23707 1
23763 1
23766 1
23892 1
23899 1
23924 1
24026 1
24086 1
24114 1
24307 1
24331 1
24363 1
24378 1
24392 1
24514 1
24571 1
24585 1
24669 1
24833 1
24855 1
24862 1
24904 1
24921 1
25114 1
25181 1
25185 1
25237 1
25294 1
25430 1
25455 1
25462 1
25662 1
25894 1
26045 1
26101 1
26200 1
26262 1
26364 1
26393 1
26452 1
26645 1
26701 1
26712 1
26993 1
27007 1
27193 1
27200 1
27519 1
27632 1
27793 1
27800 1
28232 1
28538 1
28731 1
29050 1
29331 1
End
