NMec = 95584
T = 19
P = 2
Profits not ignored
Valid tasks:                                                            11807
Solution time = 2.196e-04
Task data
   13  19  1149 0
   13  24  1268 1
   14  91  9709 -1
   23  36  1033 0
   30  48  2015 -1
   35  55  3742 1
   35  90  5335 -1
   44  61  3666 0
   45  60  2277 -1
   46  56  2094 -1
   46  71  3512 -1
   54  70  1344 -1
   56  79  3707 -1
   57  66  1198 1
   65  90  4533 0
   68  84  4928 1
   71  87  1229 -1
   84  92   688 -1
   88  90   569 1
Best profit: 22086
All profits:
0 1
569 1
688 1
1033 1
1149 1
1198 1
1229 1
1257 1
1268 1
1344 1
1602 1
1718 1
1721 1
1767 1
1798 1
1837 2
1886 1
1913 1
1917 1
1956 1
2015 1
2032 1
2094 1
2182 1
2231 1
2262 1
2277 1
2290 1
2301 1
2347 1
2377 1
2378 1
2406 1
2417 1
2427 1
2455 1
2466 1
2486 1
2493 1
2497 1
2525 1
2542 1
2573 1
2584 1
2601 1
2612 1
2663 1
2703 1
2751 1
2782 1
2800 1
2831 1
2846 1
2870 2
2916 1
2919 1
2946 1
2947 1
2950 1
2965 1
2986 1
2989 1
2996 1
3035 2
3048 1
3062 1
3065 1
3066 2
3105 1
3111 1
3115 1
3127 1
3142 1
3154 1
3164 1
3181 2
3185 1
3213 1
3230 1
3243 1
3244 1
3261 1
3272 1
3283 1
3292 1
3300 1
3310 1
3323 1
3351 1
3359 1
3362 1
3380 1
3411 1
3426 1
3438 1
3439 1
3450 1
3460 1
3475 1
3488 1
3499 1
3506 1
3512 1
3519 1
3526 1
3530 1
3534 1
3545 1
3558 1
3575 1
3576 1
3604 1
3606 1
3615 1
3617 1
3621 1
3634 1
3635 1
3645 1
3646 1
3666 1
3674 1
3684 1
3691 1
3695 1
3696 1
3707 1
3722 1
3723 1
3733 1
3736 1
3742 1
3750 1
3754 1
3761 1
3771 1
3782 1
3799 1
3810 1
3812 1
3813 1
3815 1
3830 1
3841 1
3852 2
3861 1
3869 1
3879 1
3892 1
3901 1
3928 1
3931 2
3932 1
3949 1
3971 1
3980 2
3995 1
3998 1
4007 1
4011 1
4019 1
4029 1
4044 1
4047 1
4050 1
4068 2
4075 1
4081 1
4095 1
4099 2
4109 1
4114 2
4126 1
4138 1
4144 1
4145 1
4148 1
4163 1
4175 1
4184 1
4187 1
4190 1
4194 1
4197 1
4200 1
4214 2
4215 1
4218 1
4233 1
4235 1
4246 1
4260 1
4263 1
4264 2
4276 2
4277 1
4291 1
4292 1
4294 1
4303 1
4305 1
4309 1
4311 1
4316 1
4325 1
4330 1
4333 1
4334 1
4340 1
4354 1
4356 1
4362 1
4371 1
4379 2
4383 1
4384 1
4392 1
4393 1
4395 2
4410 2
4421 1
4430 1
4432 1
4441 1
4442 1
4449 1
4459 2
4470 1
4471 1
4472 1
4481 1
4498 1
4500 1
4501 1
4508 2
4511 1
4512 1
4521 1
4529 1
4533 1
4539 1
4540 1
4545 1
4549 1
4557 1
4560 1
4567 1
4578 1
4580 1
4587 1
4588 1
4591 1
4609 1
4616 1
4619 1
4624 1
4627 1
4636 1
4637 1
4648 1
4654 1
4655 1
4661 1
4667 1
4668 1
4678 1
4679 1
4683 1
4694 1
4695 1
4699 1
4704 1
4706 1
4707 1
4710 1
4717 1
4724 1
4728 1
4732 1
4740 1
4741 1
4743 1
4755 1
4756 1
4763 1
4766 1
4769 1
4770 1
4774 1
4775 1
4780 1
4783 1
4787 1
4794 1
4797 1
4802 1
4804 1
4815 2
4832 1
4833 1
4843 1
4844 1
4845 1
4846 1
4850 1
4856 2
4861 1
4863 1
4864 1
4872 1
4874 1
4878 1
4885 2
4889 1
4891 1
4894 1
4895 1
4902 1
4903 1
4905 1
4920 1
4923 1
4925 1
4928 1
4931 1
4934 2
4936 1
4940 2
4948 1
4952 1
4959 1
4961 1
4962 1
4964 3
4965 1
4971 1
4975 1
4979 1
4980 1
4990 1
4999 1
5001 1
5004 1
5010 3
5011 1
5013 1
5018 1
5028 2
5039 1
5040 1
5041 1
5044 1
5050 2
5051 1
5059 1
5067 1
5077 2
5080 2
5081 2
5083 1
5086 1
5090 1
5098 1
5102 1
5108 1
5114 1
5120 1
5126 1
5129 2
5130 1
5142 1
5147 2
5156 1
5157 1
5159 1
5160 2
5169 1
5178 1
5193 1
5196 3
5199 1
5200 1
5205 1
5209 1
5217 1
5221 1
5223 1
5224 1
5227 1
5230 1
5233 1
5236 1
5245 1
5248 2
5258 1
5263 1
5266 1
5268 1
5273 1
5275 2
5276 1
5279 2
5293 1
5297 2
5307 1
5309 1
5310 1
5312 2
5315 1
5324 2
5325 1
5335 1
5336 1
5338 1
5339 1
5342 1
5343 2
5344 1
5349 2
5355 1
5363 1
5366 1
5367 1
5373 1
5377 1
5382 1
5384 1
5387 1
5392 1
5394 1
5395 1
5398 1
5404 1
5412 2
5413 1
5416 1
5419 1
5425 2
5426 1
5428 1
5429 1
5431 1
5433 1
5441 1
5443 2
5453 1
5454 1
5458 2
5460 1
5462 1
5463 1
5464 1
5465 1
5468 1
5474 2
5475 1
5482 1
5489 1
5490 1
5492 1
5497 1
5503 3
5505 2
5509 1
5514 1
5520 1
5521 1
5527 1
5528 1
5531 1
5532 1
5533 1
5534 1
5538 1
5540 1
5541 1
5544 4
5545 1
5549 1
5552 1
5554 1
5559 1
5560 1
5562 1
5566 1
5569 1
5573 1
5577 1
5579 3
5582 1
5583 1
5590 1
5591 1
5593 2
5600 1
5606 1
5608 2
5613 1
5616 1
5619 1
5620 2
5621 1
5622 1
5624 2
5628 2
5630 1
5636 1
5639 1
5647 1
5649 1
5650 1
5652 1
5655 1
5657 1
5659 1
5660 1
5661 1
5663 1
5669 1
5670 1
5678 1
5681 1
5682 1
5688 1
5689 1
5694 1
5698 3
5699 1
5700 1
5706 1
5709 1
5710 1
5711 1
5716 1
5722 1
5727 2
5728 1
5729 1
5731 1
5737 2
5738 1
5739 2
5740 1
5743 1
5757 1
5760 1
5762 1
5765 2
5768 1
5769 1
5774 2
5776 2
5778 1
5785 1
5786 1
5789 2
5796 1
5801 2
5802 1
5803 1
5807 1
5813 1
5814 1
5816 1
5817 1
5825 1
5827 1
5830 1
5835 1
5836 1
5844 1
5845 1
5848 2
5853 1
5855 1
5856 1
5859 1
5865 1
5866 1
5876 1
5877 2
5881 1
5883 1
5884 1
5889 2
5890 1
5892 1
5893 1
5894 1
5897 1
5904 2
5905 1
5907 1
5911 1
5912 1
5918 1
5922 1
5923 1
5924 2
5928 1
5929 1
5935 1
5936 1
5938 1
5939 1
5943 1
5946 2
5951 1
5953 1
5956 1
5961 2
5963 1
5964 1
5967 2
5969 1
5972 1
5973 2
5978 1
5981 1
5984 1
5985 1
5992 1
5995 2
5997 1
5998 1
5999 1
6000 1
6004 1
6005 1
6008 1
6009 1
6010 1
6012 1
6013 2
6019 1
6022 1
6023 2
6026 1
6027 1
6031 1
6032 1
6034 1
6037 1
6038 1
6043 3
6044 2
6051 1
6054 1
6059 1
6061 1
6065 1
6072 2
6074 1
6077 1
6083 3
6084 1
6085 2
6089 2
6090 1
6092 1
6093 1
6096 1
6100 1
6101 1
6107 1
6110 1
6113 3
6114 2
6118 1
6119 1
6120 1
6121 1
6123 1
6124 2
6126 1
6129 2
6131 1
6132 1
6134 1
6135 1
6138 1
6141 1
6146 1
6148 1
6152 1
6153 1
6157 1
6159 3
6160 1
6162 3
6163 2
6169 2
6173 1
6175 1
6177 1
6178 1
6185 1
6188 1
6189 1
6190 1
6191 1
6193 3
6196 1
6197 1
6199 1
6200 1
6202 1
6204 1
6205 1
6208 3
6209 1
6215 1
6216 1
6226 1
6228 1
6229 2
6230 1
6232 2
6233 1
6235 1
6238 1
6239 3
6242 1
6247 1
6248 1
6250 1
6251 1
6254 1
6257 2
6263 1
6267 2
6269 1
6272 1
6275 1
6278 3
6279 2
6280 1
6281 1
6284 1
6288 1
6291 2
6294 1
6296 2
6300 1
6306 2
6308 3
6309 2
6312 2
6315 1
6318 1
6319 1
6324 1
6326 1
6327 1
6329 1
6331 1
6340 1
6343 2
6345 3
6348 1
6349 1
6354 2
6355 1
6357 1
6358 3
6368 1
6369 1
6370 3
6371 1
6372 1
6376 2
6382 2
6385 1
6388 1
6394 2
6397 1
6398 1
6399 1
6405 1
6410 2
6415 1
6417 1
6419 1
6422 1
6424 1
6425 3
6427 1
6428 2
6431 1
6434 1
6445 1
6446 2
6448 1
6452 1
6456 1
6458 2
6459 1
6461 1
6462 1
6464 2
6466 1
6473 2
6474 2
6477 2
6484 1
6486 1
6487 1
6489 2
6491 2
6492 1
6493 1
6495 1
6497 1
6498 1
6501 1
6504 2
6507 1
6508 1
6512 1
6513 1
6515 1
6522 1
6523 1
6524 1
6526 1
6530 1
6533 1
6536 3
6538 1
6541 2
6542 1
6543 1
6544 1
6547 2
6548 1
6553 3
6554 1
6560 1
6561 1
6564 2
6565 2
6568 1
6571 1
6573 1
6574 1
6575 1
6577 3
6578 2
6580 1
6582 2
6585 1
6588 1
6592 2
6593 1
6595 1
6602 2
6603 1
6606 1
6607 1
6610 1
6611 1
6612 3
6613 1
6616 1
6617 1
6623 2
6624 1
6626 1
6627 2
6631 1
6633 1
6634 1
6639 2
6641 2
6646 1
6649 1
6651 1
6652 2
6653 1
6654 2
6655 1
6657 1
6658 1
6660 1
6661 2
6662 1
6663 1
6666 1
6669 1
6670 1
6672 2
6676 1
6679 1
6680 1
6682 1
6683 1
6687 2
6688 1
6689 1
6692 1
6693 3
6694 1
6695 1
6696 1
6697 1
6698 1
6701 2
6703 2
6707 1
6709 1
6710 1
6711 1
6714 1
6715 1
6718 1
6719 1
6721 1
6722 1
6725 1
6726 2
6728 2
6731 3
6732 3
6738 1
6739 1
6742 3
6743 1
6747 1
6749 1
6755 2
6756 1
6757 1
6758 1
6760 1
6762 1
6764 1
6765 2
6769 1
6770 1
6771 2
6772 1
6773 4
6777 3
6778 1
6781 1
6784 1
6785 1
6788 1
6789 1
6793 1
6795 2
6798 2
6801 1
6802 1
6804 2
6806 1
6807 1
6808 3
6809 1
6810 1
6811 1
6812 2
6814 1
6817 1
6818 1
6819 1
6820 1
6822 3
6826 1
6830 1
6834 2
6835 1
6837 1
6841 1
6847 4
6848 1
6849 2
6850 1
6851 1
6853 1
6857 2
6858 1
6859 1
6860 1
6861 1
6863 1
6865 1
6868 1
6869 1
6871 2
6874 1
6876 1
6877 1
6878 1
6879 1
6880 1
6881 1
6884 2
6886 1
6887 1
6888 3
6889 1
6892 2
6893 1
6896 2
6898 1
6904 1
6906 1
6909 2
6910 2
6911 1
6914 1
6917 1
6918 1
6920 1
6923 3
6925 1
6926 1
6927 3
6935 1
6937 2
6938 3
6940 1
6943 1
6945 1
6949 1
6950 2
6951 2
6955 1
6956 1
6957 1
6958 1
6960 2
6962 1
6963 1
6966 2
6967 1
6968 2
6972 2
6974 1
6976 1
6979 3
6984 1
6985 1
6986 1
6989 1
6990 1
6994 2
6996 1
6997 1
6999 2
7000 1
7003 1
7005 2
7007 1
7011 1
7014 2
7017 2
7018 1
7022 1
7025 3
7026 1
7028 2
7030 2
7031 1
7032 1
7033 2
7034 1
7038 1
7042 3
7043 2
7046 3
7052 1
7053 2
7054 1
7055 1
7056 2
7057 1
7058 1
7059 1
7060 1
7064 1
7065 1
7066 1
7069 1
7070 1
7071 1
7073 1
7077 1
7082 1
7084 1
7087 1
7088 1
7092 2
7093 1
7095 1
7098 1
7101 1
7102 1
7104 1
7105 2
7106 1
7110 2
7112 1
7113 1
7116 2
7117 1
7118 2
7121 1
7122 3
7123 1
7126 1
7127 1
7129 1
7133 3
7134 1
7140 1
7144 2
7145 1
7146 2
7147 1
7149 1
7151 1
7153 1
7154 1
7157 2
7158 1
7159 1
7161 1
7162 2
7165 1
7167 1
7168 1
7171 2
7172 3
7174 1
7175 2
7178 1
7179 1
7180 1
7181 1
7185 1
7186 1
7190 1
7192 3
7193 1
7195 1
7196 3
7200 1
7202 2
7205 1
7206 1
7207 1
7208 2
7210 1
7211 2
7213 1
7214 1
7217 1
7218 1
7219 1
7220 1
7221 2
7224 2
7226 1
7229 2
7230 1
7232 1
7233 1
7234 1
7235 1
7236 1
7237 1
7238 1
7239 1
7241 4
7242 2
7245 1
7248 3
7249 1
7251 1
7252 1
7254 1
7256 1
7261 1
7262 1
7263 2
7265 1
7266 1
7267 1
7268 1
7270 1
7272 3
7273 1
7275 1
7276 1
7278 1
7280 1
7281 2
7283 2
7284 1
7287 2
7288 1
7290 3
7291 1
7294 2
7295 1
7300 2
7301 1
7305 1
7306 1
7308 1
7311 3
7312 3
7313 1
7315 1
7317 1
7318 2
7321 1
7322 1
7324 2
7325 1
7327 3
7329 1
7333 1
7334 1
7339 2
7340 1
7341 1
7342 3
7345 1
7346 1
7348 1
7350 2
7351 1
7352 1
7353 2
7354 1
7355 1
7357 3
7358 2
7360 1
7361 1
7362 1
7364 3
7367 2
7370 1
7373 2
7375 1
7376 1
7377 1
7378 1
7379 1
7381 2
7382 1
7383 1
7387 2
7388 3
7389 1
7391 4
7394 1
7397 1
7399 1
7402 2
7403 3
7404 1
7406 2
7407 1
7408 1
7409 1
7413 1
7416 2
7418 1
7420 1
7421 1
7425 1
7426 1
7427 3
7428 1
7429 2
7430 2
7431 1
7433 1
7434 1
7437 3
7438 1
7440 2
7443 3
7444 1
7445 1
7446 1
7448 1
7449 2
7452 1
7453 1
7455 1
7457 2
7458 2
7461 3
7464 1
7465 1
7467 1
7468 1
7470 1
7473 2
7475 1
7476 1
7477 1
7478 1
7479 2
7480 1
7481 1
7483 1
7486 1
7489 2
7492 3
7494 1
7496 2
7497 1
7498 1
7501 1
7503 1
7504 1
7506 2
7507 4
7510 2
7512 1
7513 1
7517 1
7518 2
7519 2
7520 2
7522 2
7523 1
7524 1
7525 2
7527 1
7529 2
7531 1
7535 1
7537 3
7540 1
7541 2
7543 1
7545 1
7546 1
7547 1
7548 2
7552 1
7553 1
7554 1
7555 1
7556 1
7557 1
7558 1
7559 4
7562 1
7566 1
7567 1
7568 3
7569 1
7572 1
7574 3
7576 2
7577 1
7580 2
7581 1
7583 2
7586 2
7587 1
7591 1
7592 1
7594 3
7595 1
7597 4
7598 2
7599 2
7601 1
7603 1
7607 1
7608 2
7611 3
7612 1
7613 1
7615 1
7621 1
7622 1
7623 2
7625 1
7626 3
7628 1
7631 1
7634 1
7635 2
7636 1
7637 1
7638 3
7639 2
7640 1
7643 1
7644 1
7646 2
7650 1
7653 1
7656 2
7657 1
7660 2
7661 1
7662 1
7664 1
7667 1
7670 1
7672 1
7673 2
7674 1
7675 1
7677 1
7678 1
7679 1
7682 1
7684 1
7685 2
7687 4
7690 1
7691 1
7693 2
7695 1
7696 1
7697 1
7699 1
7702 3
7703 1
7705 1
7706 1
7709 1
7710 1
7712 1
7713 4
7714 2
7715 1
7716 1
7718 1
7720 2
7722 2
7724 1
7726 3
7727 1
7728 1
7730 1
7731 1
7734 2
7736 1
7737 1
7740 1
7741 2
7742 2
7743 1
7744 1
7745 1
7746 1
7747 1
7751 1
7752 2
7753 1
7754 2
7755 1
7757 1
7758 1
7759 2
7761 2
7762 1
7765 2
7771 1
7772 1
7774 1
7775 2
7776 3
7777 1
7780 3
7782 2
7783 1
7786 1
7788 2
7789 2
7790 1
7791 1
7792 1
7793 1
7798 2
7800 1
7801 1
7802 1
7803 1
7804 2
7806 3
7809 1
7810 3
7811 2
7814 1
7815 1
7816 2
7817 2
7818 1
7821 4
7822 1
7823 1
7825 1
7828 2
7831 2
7832 2
7833 1
7836 1
7837 2
7839 1
7841 3
7842 1
7843 1
7844 1
7845 2
7846 1
7847 1
7850 2
7852 1
7853 1
7855 1
7856 3
7859 2
7860 1
7863 2
7866 1
7868 2
7870 2
7874 2
7875 1
7880 4
7881 2
7882 1
7884 1
7886 1
7887 1
7890 2
7891 1
7892 2
7893 1
7894 1
7895 2
7896 2
7898 1
7899 1
7901 2
7904 2
7905 2
7907 3
7908 2
7909 1
7912 1
7913 1
7914 1
7917 2
7919 2
7920 1
7921 2
7922 3
7924 1
7925 1
7926 2
7927 1
7929 2
7930 2
7933 1
7936 1
7937 1
7938 1
7939 1
7940 1
7942 3
7943 1
7944 2
7947 2
7950 1
7951 1
7953 2
7954 1
7955 1
7956 2
7957 2
7959 1
7960 3
7961 1
7963 2
7966 1
7968 1
7969 1
7971 6
7975 2
7976 2
7977 1
7978 1
7982 2
7983 2
7984 2
7986 1
7987 1
7990 1
7991 1
7993 3
7994 1
7996 2
7998 2
7999 3
8000 2
8001 1
8002 1
8005 1
8006 3
8007 1
8008 1
8010 1
8012 2
8013 1
8014 1
8015 1
8017 1
8018 2
8020 1
8022 1
8023 2
8024 1
8027 1
8028 1
8030 1
8032 2
8033 3
8036 1
8037 1
8038 2
8039 2
8040 1
8041 2
8042 1
8045 3
8046 1
8047 1
8049 1
8050 1
8051 1
8052 1
8053 1
8055 2
8058 2
8059 2
8061 3
8063 2
8066 2
8067 1
8069 1
8070 1
8072 2
8075 2
8076 4
8078 1
8079 2
8082 2
8086 2
8087 2
8089 1
8090 2
8091 1
8092 2
8094 1
8096 1
8098 2
8099 1
8100 2
8102 1
8103 1
8104 1
8106 1
8107 1
8108 1
8109 3
8115 2
8116 1
8117 4
8121 3
8122 1
8125 3
8126 1
8128 3
8131 1
8133 1
8135 2
8136 1
8137 2
8138 2
8139 3
8141 1
8143 1
8145 1
8146 1
8147 1
8148 2
8149 2
8150 1
8152 2
8154 2
8155 1
8156 1
8158 1
8160 1
8161 1
8163 1
8166 4
8167 2
8171 1
8172 1
8174 2
8177 4
8178 2
8179 2
8180 1
8181 1
8182 1
8183 1
8184 1
8187 1
8188 1
8191 2
8192 1
8194 1
8195 3
8199 1
8200 1
8201 2
8203 1
8204 1
8205 3
8206 2
8207 1
8208 3
8211 2
8212 1
8213 1
8214 1
8215 2
8218 1
8219 2
8220 1
8223 1
8225 1
8226 1
8228 3
8229 2
8231 1
8233 1
8236 1
8238 1
8240 3
8241 1
8242 1
8243 1
8244 1
8246 2
8247 2
8250 2
8251 2
8252 1
8253 2
8254 4
8255 1
8256 1
8257 2
8262 2
8263 1
8266 1
8267 2
8268 1
8269 1
8271 2
8272 1
8274 1
8275 3
8278 1
8279 1
8281 2
8282 4
8284 1
8285 2
8286 1
8287 3
8289 1
8290 1
8291 1
8293 2
8294 1
8295 2
8296 1
8298 1
8299 2
8300 2
8302 1
8303 1
8306 1
8308 1
8309 1
8310 1
8311 2
8314 2
8315 1
8316 1
8320 2
8321 3
8322 1
8323 3
8324 2
8326 1
8327 3
8328 1
8330 1
8331 1
8333 1
8334 2
8339 1
8341 1
8344 1
8345 3
8346 1
8348 1
8349 1
8351 2
8354 1
8355 1
8356 1
8357 1
8358 2
8360 3
8361 1
8362 1
8366 2
8367 1
8368 1
8369 2
8370 2
8372 1
8373 3
8374 1
8375 2
8378 2
8379 1
8383 1
8384 1
8385 3
8386 2
8387 1
8388 1
8390 4
8391 2
8394 2
8397 4
8400 3
8401 2
8403 3
8406 2
8407 1
8408 1
8410 1
8412 2
8414 2
8415 1
8416 1
8421 2
8422 1
8424 1
8425 2
8427 1
8429 1
8430 1
8432 1
8434 2
8435 2
8436 1
8437 2
8439 3
8440 4
8441 1
8442 1
8443 2
8446 3
8449 3
8452 1
8453 1
8454 1
8458 1
8459 1
8460 1
8461 2
8462 3
8463 1
8464 3
8466 1
8467 1
8468 1
8470 4
8473 3
8474 2
8476 4
8477 2
8478 1
8479 1
8481 2
8482 2
8483 1
8485 1
8486 1
8487 1
8488 2
8489 1
8490 1
8491 1
8492 1
8494 1
8497 1
8498 1
8499 2
8501 1
8502 1
8503 1
8504 3
8505 1
8506 2
8507 1
8509 2
8510 2
8511 2
8512 1
8513 3
8516 5
8519 3
8522 4
8523 1
8524 1
8525 2
8528 1
8529 2
8530 1
8531 1
8532 1
8534 1
8536 1
8537 1
8538 1
8540 5
8543 1
8544 1
8545 1
8546 1
8548 1
8549 1
8551 3
8552 2
8553 2
8555 1
8556 3
8557 1
8558 2
8560 1
8562 4
8568 3
8569 1
8570 1
8573 1
8574 2
8575 1
8576 1
8577 1
8578 1
8579 2
8580 2
8581 1
8583 2
8585 1
8586 3
8587 1
8589 2
8591 1
8592 4
8593 2
8594 1
8595 2
8597 1
8598 1
8600 1
8601 3
8602 3
8605 1
8606 1
8607 2
8608 1
8609 1
8610 2
8614 2
8616 2
8618 2
8619 1
8620 1
8622 1
8623 1
8624 1
8625 1
8626 1
8627 2
8628 2
8630 3
8631 1
8632 3
8635 4
8636 1
8637 1
8638 2
8641 4
8642 2
8644 1
8645 3
8647 3
8650 1
8651 1
8655 1
8656 3
8658 1
8659 5
8661 1
8662 1
8664 1
8665 1
8667 2
8668 1
8669 2
8670 2
8671 3
8672 3
8673 1
8674 1
8675 1
8676 2
8677 1
8678 3
8679 1
8681 1
8684 1
8686 2
8687 1
8689 1
8690 2
8694 3
8695 1
8696 1
8697 2
8699 1
8701 1
8702 2
8704 1
8705 1
8706 3
8707 1
8708 4
8710 2
8711 2
8712 1
8715 1
8716 2
8717 3
8718 2
8720 2
8721 2
8723 2
8725 1
8726 1
8727 1
8729 1
8730 1
8732 1
8733 1
8735 3
8736 1
8738 1
8739 1
8740 1
8741 2
8743 3
8746 4
8747 4
8748 2
8749 1
8751 1
8752 1
8753 1
8754 1
8755 1
8756 1
8757 3
8760 3
8761 1
8764 1
8766 1
8768 1
8769 1
8770 2
8772 1
8774 2
8775 2
8777 1
8778 1
8779 1
8780 3
8781 1
8783 1
8784 1
8785 1
8786 2
8787 2
8788 4
8789 1
8790 1
8791 1
8792 2
8793 1
8795 3
8796 1
8797 3
8805 2
8807 1
8809 5
8810 1
8813 2
8815 1
8816 1
8819 2
8820 1
8821 2
8822 1
8823 3
8824 1
8825 2
8826 3
8827 2
8829 1
8832 1
8833 1
8834 1
8835 1
8836 4
8837 2
8840 1
8841 1
8842 2
8844 2
8847 1
8848 1
8849 2
8850 1
8851 1
8854 3
8855 2
8856 2
8858 1
8859 2
8861 1
8862 3
8863 1
8864 2
8865 3
8866 2
8867 2
8868 1
8869 1
8871 2
8872 1
8875 2
8876 1
8877 1
8879 1
8880 1
8883 1
8885 1
8887 1
8889 3
8890 1
8891 1
8892 1
8893 1
8894 1
8895 1
8896 2
8899 3
8901 1
8902 2
8903 3
8904 1
8906 1
8907 2
8908 2
8911 2
8913 1
8914 2
8916 1
8920 1
8923 1
8924 1
8925 2
8926 2
8928 3
8929 2
8931 1
8932 1
8934 1
8935 2
8937 1
8938 4
8940 2
8941 3
8942 3
8943 1
8945 1
8947 1
8950 1
8951 1
8952 1
8953 1
8955 4
8957 1
8959 1
8960 1
8963 3
8965 2
8966 2
8969 1
8970 2
8971 1
8972 3
8973 1
8974 2
8975 4
8976 1
8977 1
8978 1
8980 2
8981 3
8982 1
8983 2
8986 2
8987 2
8988 1
8990 3
8992 1
8994 1
8996 2
8999 1
9001 1
9002 1
9003 1
9004 3
9005 2
9008 2
9009 4
9010 1
9011 1
9012 1
9014 2
9015 4
9017 1
9018 1
9019 1
9020 1
9021 2
9022 1
9023 1
9026 1
9027 1
9029 2
9030 1
9031 2
9032 1
9033 1
9035 1
9037 1
9039 3
9041 2
9042 3
9043 1
9044 2
9045 3
9046 1
9047 1
9048 2
9050 3
9051 1
9052 1
9053 1
9054 4
9056 3
9057 4
9061 2
9066 3
9068 2
9070 1
9071 1
9072 2
9073 2
9074 2
9075 1
9077 1
9078 3
9079 2
9082 1
9084 1
9085 3
9086 1
9088 2
9089 1
9091 4
9092 1
9093 1
9094 2
9095 1
9096 1
9099 2
9102 1
9103 2
9105 2
9109 3
9111 1
9112 1
9115 2
9117 1
9118 1
9120 3
9121 1
9123 1
9124 2
9125 3
9126 1
9127 2
9128 2
9129 1
9131 2
9133 2
9134 2
9136 2
9137 1
9140 2
9141 1
9142 4
9143 1
9147 1
9148 4
9149 1
9150 3
9154 2
9155 2
9157 1
9158 2
9160 1
9161 3
9162 1
9163 1
9164 2
9166 1
9167 1
9169 2
9170 1
9171 3
9172 2
9173 2
9174 1
9175 2
9176 2
9180 1
9181 2
9182 2
9185 2
9187 3
9188 2
9189 1
9190 1
9191 1
9192 1
9194 2
9195 1
9196 1
9198 1
9199 1
9200 3
9201 1
9204 4
9205 1
9206 1
9207 2
9210 6
9211 3
9212 2
9214 1
9215 1
9216 2
9219 1
9220 2
9221 2
9222 1
9224 1
9225 2
9227 2
9228 4
9231 2
9232 1
9233 1
9234 2
9236 2
9237 2
9239 5
9240 1
9241 2
9243 1
9244 2
9245 2
9247 2
9248 2
9249 1
9250 1
9251 1
9252 2
9253 1
9256 1
9257 1
9258 1
9259 1
9261 3
9263 1
9264 1
9266 3
9267 1
9268 1
9269 1
9270 1
9271 1
9273 2
9274 2
9275 1
9276 1
9277 1
9279 1
9280 2
9281 1
9282 2
9284 2
9285 1
9286 3
9287 2
9288 2
9289 1
9290 4
9294 1
9295 1
9296 2
9298 1
9299 2
9300 1
9301 2
9303 1
9304 2
9306 1
9307 3
9308 2
9310 1
9312 1
9313 1
9315 4
9316 1
9318 1
9319 1
9320 2
9321 1
9323 3
9324 1
9325 1
9326 3
9327 2
9328 1
9329 2
9330 2
9331 1
9333 2
9335 2
9336 1
9337 1
9338 1
9343 1
9344 2
9347 1
9348 2
9349 1
9350 2
9354 2
9355 2
9356 1
9357 3
9358 1
9359 1
9360 3
9361 1
9362 1
9364 3
9365 1
9366 2
9367 1
9368 2
9369 1
9370 1
9372 1
9374 1
9375 1
9376 1
9377 3
9378 2
9379 1
9382 2
9383 1
9385 2
9387 1
9388 1
9389 3
9390 1
9392 1
9393 1
9394 2
9395 2
9396 2
9397 1
9398 1
9399 2
9400 1
9401 1
9402 1
9403 4
9404 1
9405 2
9406 4
9407 1
9409 1
9410 1
9411 1
9412 1
9416 2
9417 2
9418 3
9420 1
9422 1
9423 2
9424 2
9426 1
9427 1
9428 2
9430 2
9431 2
9433 1
9434 3
9435 2
9436 4
9439 1
9440 3
9441 1
9442 1
9444 2
9445 2
9447 1
9448 2
9449 3
9451 1
9452 1
9455 1
9458 2
9460 1
9461 1
9462 1
9463 1
9464 2
9467 3
9468 2
9469 2
9470 1
9471 1
9472 2
9473 5
9475 1
9476 3
9477 1
9479 3
9480 2
9481 1
9482 2
9483 2
9485 3
9488 1
9494 1
9495 2
9496 1
9497 3
9501 1
9503 1
9504 1
9506 1
9507 3
9508 1
9509 2
9510 2
9511 2
9513 1
9514 2
9515 1
9516 2
9518 2
9519 2
9520 2
9521 2
9522 3
9523 1
9524 2
9525 1
9528 1
9531 1
9532 1
9534 2
9535 2
9537 3
9538 1
9539 1
9540 1
9542 1
9543 6
9544 3
9546 2
9547 1
9549 4
9550 2
9552 4
9555 5
9556 3
9557 1
9559 1
9561 1
9563 2
9564 1
9565 1
9567 1
9568 1
9570 1
9571 1
9573 2
9574 1
9576 1
9577 1
9578 1
9582 1
9583 4
9584 2
9586 1
9587 1
9588 1
9589 4
9590 2
9591 2
9592 1
9595 5
9598 2
9599 1
9601 3
9602 1
9606 1
9607 1
9608 1
9610 2
9611 3
9612 1
9613 3
9614 2
9616 2
9617 1
9619 4
9622 2
9623 3
9625 2
9626 4
9627 1
9628 1
9630 2
9631 1
9632 2
9634 2
9635 3
9636 1
9637 1
9638 2
9639 1
9640 1
9641 2
9643 2
9646 1
9647 2
9651 1
9652 1
9653 3
9654 1
9655 1
9656 1
9658 1
9659 1
9660 3
9661 1
9662 2
9663 1
9664 1
9665 3
9668 5
9670 1
9671 4
9672 1
9674 3
9675 3
9678 2
9680 3
9681 1
9683 1
9684 1
9689 3
9690 1
9691 1
9692 2
9693 2
9694 1
9695 1
9697 3
9698 2
9700 1
9702 5
9703 3
9705 3
9707 1
9708 2
9709 4
9710 1
9711 4
9714 2
9717 4
9719 1
9720 2
9722 1
9723 1
9725 1
9726 2
9727 1
9728 1
9729 3
9730 4
9732 2
9733 1
9734 1
9735 2
9738 2
9739 1
9740 2
9741 3
9742 2
9743 2
9744 2
9745 2
9749 2
9750 3
9751 4
9754 2
9755 1
9756 2
9757 1
9758 1
9759 1
9760 1
9763 1
9765 2
9766 1
9767 2
9769 2
9771 1
9772 2
9773 2
9774 2
9776 2
9777 1
9778 1
9779 3
9780 2
9781 3
9784 3
9785 1
9786 1
9787 2
9789 2
9790 4
9791 3
9792 1
9793 2
9794 1
9796 2
9797 2
9799 1
9800 1
9801 1
9802 1
9803 2
9805 1
9806 2
9807 1
9808 4
9813 2
9814 2
9816 2
9817 2
9818 1
9819 2
9820 1
9821 4
9822 1
9823 1
9824 2
9825 1
9826 2
9827 1
9828 2
9829 1
9830 4
9833 1
9835 1
9836 3
9838 1
9840 1
9842 2
9843 2
9845 2
9846 1
9847 1
9848 2
9851 2
9853 1
9854 1
9855 2
9856 2
9857 2
9858 1
9859 4
9860 2
9861 1
9862 2
9863 1
9865 2
9866 1
9867 1
9868 4
9869 3
9870 4
9871 1
9872 1
9873 1
9874 2
9875 1
9876 3
9877 1
9880 1
9882 2
9884 1
9887 1
9888 2
9889 1
9890 1
9892 3
9894 1
9895 3
9896 2
9897 1
9898 2
9899 2
9900 2
9902 1
9903 2
9904 3
9905 2
9906 1
9908 2
9909 2
9910 2
9913 2
9915 2
9916 1
9917 1
9918 1
9919 1
9920 1
9922 1
9923 2
9924 1
9926 1
9927 3
9928 1
9929 2
9930 1
9932 1
9933 1
9935 3
9936 2
9937 4
9938 3
9939 2
9940 2
9941 2
9942 1
9944 2
9945 2
9946 4
9947 1
9949 1
9952 1
9954 1
9955 1
9956 1
9957 1
9958 3
9959 1
9961 1
9962 2
9964 2
9966 1
9967 1
9968 2
9969 1
9970 2
9972 2
9974 3
9975 3
9976 2
9978 3
9981 1
9983 1
9984 2
9985 1
9986 4
9987 1
9988 1
9989 2
9990 1
9991 2
9993 1
9995 1
9996 2
9997 1
9998 2
9999 1
10001 1
10003 2
10004 1
10005 3
10007 2
10008 3
10009 2
10011 2
10013 1
10014 4
10015 2
10016 2
10017 1
10018 1
10019 1
10020 1
10021 2
10022 1
10023 2
10024 2
10025 1
10029 1
10030 1
10033 1
10034 1
10036 3
10038 3
10042 4
10045 1
10047 2
10048 5
10050 1
10051 1
10052 1
10053 1
10054 4
10055 1
10056 2
10057 2
10060 2
10061 1
10062 1
10063 2
10064 1
10065 2
10070 1
10073 1
10074 1
10075 3
10076 1
10077 4
10078 2
10081 1
10083 2
10084 1
10085 3
10087 5
10088 1
10089 2
10090 2
10091 3
10092 1
10093 1
10094 2
10097 2
10100 2
10101 1
10102 1
10104 2
10105 1
10106 2
10109 1
10110 1
10112 5
10115 1
10117 1
10118 2
10121 2
10122 1
10123 1
10124 7
10125 1
10126 1
10127 1
10128 1
10129 1
10130 1
10132 3
10133 2
10135 1
10136 3
10139 2
10140 1
10143 1
10145 1
10150 1
10151 1
10152 2
10153 2
10154 1
10155 1
10157 2
10158 3
10159 1
10160 1
10161 3
10163 2
10164 4
10167 4
10169 2
10170 3
10171 1
10172 1
10173 2
10175 1
10176 2
10179 1
10180 1
10181 2
10184 1
10186 1
10188 2
10190 1
10191 2
10193 1
10194 3
10195 1
10196 2
10197 1
10199 1
10200 1
10201 2
10202 1
10203 4
10204 2
10205 1
10206 3
10207 1
10208 2
10209 2
10210 2
10214 1
10215 1
10216 1
10219 1
10221 2
10222 1
10223 1
10225 1
10226 1
10227 1
10228 1
10229 1
10230 1
10231 4
10233 2
10234 2
10235 1
10237 3
10239 1
10240 4
10242 1
10243 7
10244 4
10248 1
10249 1
10250 1
10251 1
10252 2
10253 1
10254 1
10255 3
10258 1
10260 2
10261 1
10263 1
10264 2
10266 2
10267 2
10269 1
10270 3
10271 2
10272 3
10273 1
10274 1
10275 1
10276 1
10277 4
10278 3
10280 1
10282 2
10283 4
10285 1
10286 2
10289 3
10290 2
10291 1
10293 1
10294 1
10295 1
10297 2
10299 3
10300 1
10301 1
10302 1
10303 1
10304 1
10305 1
10306 1
10307 3
10309 2
10310 3
10312 1
10313 2
10314 1
10315 2
10318 2
10319 2
10320 3
10321 1
10322 4
10323 3
10324 2
10325 2
10326 1
10327 1
10329 1
10331 1
10332 1
10334 3
10336 2
10340 3
10341 2
10343 1
10345 2
10346 2
10347 1
10348 1
10349 2
10353 2
10354 1
10355 1
10356 3
10358 1
10359 4
10360 3
10361 1
10362 2
10363 3
10365 1
10368 1
10369 4
10370 1
10371 2
10376 1
10377 2
10381 2
10382 1
10383 3
10385 2
10386 3
10388 3
10389 1
10390 2
10391 1
10392 1
10393 3
10394 1
10395 1
10396 2
10397 3
10398 1
10399 2
10401 2
10402 3
10403 1
10404 1
10405 2
10408 2
10409 2
10410 3
10412 1
10414 1
10415 1
10416 3
10417 1
10418 3
10421 1
10422 2
10423 1
10425 2
10427 1
10428 1
10429 2
10430 2
10431 3
10433 1
10435 1
10436 1
10437 2
10438 2
10439 6
10440 1
10442 1
10443 3
10445 2
10448 1
10449 3
10450 2
10453 1
10455 3
10456 2
10457 2
10459 1
10461 2
10462 1
10464 3
10467 1
10468 4
10469 2
10472 4
10473 2
10474 2
10475 1
10476 1
10477 3
10478 3
10479 3
10480 2
10482 3
10484 3
10485 1
10487 1
10488 2
10491 1
10492 1
10493 1
10494 1
10495 1
10496 2
10497 2
10499 1
10500 1
10501 1
10502 2
10504 2
10505 3
10506 3
10507 3
10508 1
10509 2
10510 1
10511 1
10513 2
10514 2
10515 3
10516 2
10517 2
10518 2
10519 1
10521 2
10523 1
10524 1
10525 1
10528 3
10529 1
10531 2
10532 1
10534 2
10536 1
10537 2
10539 1
10541 1
10543 2
10544 1
10545 1
10546 2
10547 2
10548 1
10549 1
10550 1
10552 3
10553 2
10554 1
10555 4
10556 3
10557 1
10558 3
10559 1
10562 1
10564 3
10565 1
10566 1
10567 3
10568 1
10571 1
10572 1
10575 1
10576 5
10577 3
10580 1
10583 4
10584 1
10585 2
10588 2
10589 2
10590 1
10591 2
10592 2
10593 2
10594 1
10596 1
10597 1
10598 3
10601 2
10603 2
10604 1
10607 1
10609 1
10610 1
10611 1
10613 1
10616 5
10617 3
10618 1
10622 4
10623 2
10624 1
10625 3
10626 4
10628 3
10629 2
10630 2
10631 1
10632 2
10633 1
10634 4
10637 1
10638 1
10639 1
10643 1
10644 2
10645 2
10646 2
10647 2
10650 3
10651 1
10652 2
10653 1
10655 1
10656 4
10657 1
10658 1
10659 2
10660 2
10662 3
10663 2
10665 4
10666 1
10667 2
10668 1
10669 2
10670 1
10671 4
10673 1
10674 3
10677 1
10678 1
10680 1
10684 2
10685 1
10686 3
10687 1
10688 1
10691 1
10692 4
10693 5
10695 2
10696 2
10697 1
10698 2
10699 1
10701 2
10702 3
10704 4
10705 2
10708 3
10709 1
10710 1
10711 1
10712 2
10713 1
10714 2
10716 1
10717 3
10719 1
10721 1
10722 2
10723 1
10726 2
10729 2
10730 2
10731 1
10732 3
10735 3
10736 3
10738 2
10739 1
10740 1
10741 5
10742 3
10744 2
10745 1
10747 2
10748 2
10749 1
10750 3
10753 3
10755 1
10758 1
10759 2
10760 1
10762 2
10763 4
10764 1
10765 1
10766 1
10768 1
10771 1
10772 5
10773 1
10775 3
10776 1
10777 1
10778 1
10779 1
10781 2
10783 2
10784 4
10785 1
10787 1
10788 2
10789 1
10790 2
10792 1
10793 1
10795 1
10796 2
10799 1
10800 2
10802 2
10803 1
10804 1
10805 2
10806 1
10808 1
10809 2
10811 4
10812 5
10813 1
10814 1
10817 3
10819 1
10820 3
10821 1
10822 1
10823 2
10824 6
10825 1
10827 1
10829 2
10830 2
10832 2
10833 1
10835 1
10836 1
10838 2
10839 3
10840 1
10841 3
10842 1
10844 1
10846 2
10847 1
10848 1
10850 1
10851 5
10852 3
10854 1
10855 1
10856 1
10857 3
10858 3
10859 2
10860 2
10862 1
10863 3
10866 2
10868 1
10869 4
10871 1
10873 1
10874 2
10875 2
10876 1
10878 3
10879 4
10881 2
10882 2
10884 2
10887 2
10888 1
10889 2
10890 1
10891 4
10892 2
10893 1
10894 2
10895 2
10896 1
10898 1
10899 1
10900 3
10901 3
10902 1
10903 4
10904 1
10905 1
10906 1
10907 2
10909 3
10912 1
10914 2
10915 2
10918 1
10920 1
10921 1
10922 1
10923 2
10925 1
10926 1
10927 2
10928 3
10929 1
10930 1
10931 2
10932 2
10936 2
10937 1
10938 6
10939 1
10940 1
10941 2
10942 1
10943 3
10946 2
10947 1
10948 2
10949 2
10950 2
10951 1
10952 2
10955 4
10957 2
10958 1
10959 1
10960 2
10961 1
10962 1
10963 2
10965 2
10966 2
10968 1
10970 4
10971 4
10972 2
10973 1
10975 1
10977 3
10978 3
10979 4
10981 1
10982 1
10983 1
10984 1
10985 3
10987 2
10988 1
10989 1
10990 1
10991 2
10993 1
10994 2
10996 1
10997 2
10998 1
10999 1
11000 2
11001 1
11002 1
11003 1
11005 2
11007 2
11008 3
11009 1
11010 1
11011 3
11012 1
11014 1
11017 4
11018 2
11019 5
11020 2
11021 1
11022 3
11023 2
11024 3
11025 2
11026 1
11028 1
11029 1
11030 1
11031 1
11033 1
11034 1
11037 2
11038 1
11041 2
11042 1
11043 1
11044 2
11045 2
11046 2
11047 2
11048 2
11049 2
11051 1
11052 1
11053 3
11054 1
11055 1
11056 1
11057 6
11058 1
11059 2
11060 1
11062 1
11063 1
11064 1
11065 2
11066 1
11069 4
11071 3
11072 1
11074 2
11075 2
11076 2
11081 1
11082 1
11083 1
11084 2
11085 1
11086 3
11087 4
11088 1
11089 2
11090 3
11091 1
11092 1
11093 1
11094 2
11095 1
11096 1
11097 3
11098 2
11101 2
11103 2
11104 1
11106 3
11108 1
11109 1
11110 2
11111 1
11113 1
11115 2
11116 1
11117 1
11118 2
11119 1
11121 2
11123 1
11124 3
11125 2
11126 1
11127 3
11130 1
11131 1
11133 4
11135 3
11136 4
11137 1
11138 2
11139 1
11140 1
11142 1
11143 2
11144 2
11145 4
11146 1
11148 1
11150 1
11154 1
11156 1
11157 3
11158 2
11160 2
11162 1
11163 2
11164 1
11165 2
11166 2
11167 3
11168 1
11170 1
11171 1
11172 4
11173 1
11176 2
11178 1
11179 1
11182 1
11183 1
11184 1
11185 3
11186 1
11187 1
11188 1
11190 1
11191 4
11194 1
11195 3
11196 2
11197 3
11199 1
11202 1
11203 5
11204 1
11205 3
11206 3
11207 1
11209 2
11210 1
11212 2
11213 1
11214 1
11215 1
11217 1
11219 2
11220 1
11221 1
11222 2
11224 2
11225 2
11226 1
11227 2
11228 1
11229 1
11231 1
11232 1
11234 5
11236 4
11237 1
11238 1
11240 3
11242 1
11243 3
11246 2
11247 1
11249 1
11251 1
11252 3
11254 3
11255 2
11257 1
11258 1
11259 1
11261 3
11262 1
11263 1
11264 4
11265 1
11266 1
11267 1
11268 1
11271 2
11273 4
11275 1
11276 3
11277 2
11279 1
11281 1
11282 3
11283 2
11284 1
11285 2
11286 2
11288 2
11289 1
11290 1
11291 1
11292 1
11296 1
11297 1
11298 2
11299 1
11300 1
11301 2
11302 1
11303 1
11304 3
11305 1
11306 1
11310 6
11311 1
11313 1
11315 1
11316 4
11318 2
11319 1
11321 1
11322 5
11325 1
11326 1
11327 1
11328 2
11330 1
11331 1
11333 2
11335 1
11337 1
11338 2
11340 1
11341 3
11342 1
11343 2
11344 1
11345 2
11346 1
11350 2
11351 1
11352 1
11353 5
11355 4
11356 1
11357 2
11358 2
11359 2
11362 1
11363 1
11365 2
11367 1
11368 1
11370 1
11373 1
11374 2
11376 1
11377 1
11378 1
11379 1
11380 6
11381 1
11382 1
11384 1
11386 2
11388 1
11389 2
11392 6
11393 3
11394 1
11396 1
11398 2
11399 1
11400 1
11401 3
11402 3
11404 3
11405 1
11407 1
11409 1
11410 1
11412 2
11414 1
11415 1
11416 1
11417 2
11418 1
11419 3
11420 3
11421 2
11422 1
11424 1
11425 1
11426 2
11427 2
11429 4
11430 1
11431 1
11432 3
11435 3
11437 2
11438 3
11439 1
11440 1
11441 2
11442 2
11443 2
11444 1
11447 1
11448 1
11449 1
11450 1
11451 2
11452 1
11454 1
11455 1
11456 2
11458 2
11459 1
11460 1
11461 1
11462 1
11463 1
11464 3
11468 1
11469 2
11470 1
11471 3
11472 4
11473 1
11475 2
11476 4
11478 1
11481 2
11482 2
11483 2
11484 1
11488 2
11489 2
11490 1
11491 1
11492 1
11494 1
11495 2
11496 2
11497 2
11498 1
11499 2
11500 1
11501 2
11503 1
11504 1
11505 3
11507 3
11508 1
11509 1
11510 2
11511 3
11512 4
11513 1
11516 1
11517 2
11518 4
11519 1
11520 2
11521 1
11522 1
11523 1
11524 2
11528 1
11529 1
11530 3
11531 1
11532 1
11534 2
11535 2
11538 3
11539 2
11540 3
11541 1
11542 1
11543 1
11544 1
11545 1
11546 3
11547 1
11548 2
11550 2
11551 2
11552 1
11553 1
11554 2
11555 1
11556 1
11557 2
11558 4
11559 1
11561 3
11562 1
11563 2
11565 2
11567 4
11569 1
11570 2
11572 1
11574 2
11575 1
11576 1
11578 1
11579 2
11580 2
11583 1
11585 1
11586 2
11587 1
11588 4
11589 3
11590 2
11591 3
11592 2
11594 2
11595 2
11597 2
11598 3
11599 1
11600 2
11602 1
11604 2
11608 1
11610 2
11613 1
11614 1
11615 1
11616 2
11617 3
11621 1
11622 2
11623 1
11624 2
11625 2
11626 4
11627 1
11628 2
11629 2
11631 3
11633 1
11634 2
11635 1
11636 1
11637 4
11638 2
11640 1
11641 1
11642 1
11643 2
11644 1
11645 1
11646 1
11647 1
11649 3
11650 2
11651 2
11653 2
11654 2
11655 2
11656 3
11658 2
11659 4
11660 1
11662 1
11663 2
11664 1
11665 2
11666 3
11667 3
11670 3
11671 1
11672 2
11673 1
11675 1
11677 3
11678 2
11680 1
11682 1
11683 2
11684 2
11685 1
11686 2
11689 1
11690 1
11692 1
11693 2
11695 2
11696 1
11698 2
11699 2
11701 2
11702 1
11704 3
11705 4
11706 1
11707 4
11708 1
11711 3
11712 1
11713 4
11716 1
11717 3
11721 1
11723 1
11724 1
11725 4
11726 3
11729 2
11732 4
11734 1
11735 3
11736 2
11737 2
11738 1
11740 2
11741 4
11742 1
11743 1
11744 2
11745 4
11746 1
11747 2
11748 1
11750 4
11752 2
11753 1
11754 1
11758 1
11759 1
11760 1
11762 2
11765 3
11766 1
11771 1
11772 2
11773 1
11774 5
11775 5
11777 1
11778 2
11779 1
11781 4
11782 2
11783 1
11784 1
11785 1
11786 2
11787 2
11788 1
11789 1
11791 2
11793 2
11794 1
11796 4
11797 1
11799 2
11800 1
11801 1
11802 1
11803 2
11805 6
11807 1
11808 1
11811 2
11812 2
11814 3
11815 1
11816 2
11817 1
11820 3
11821 3
11823 4
11824 2
11826 1
11827 1
11832 3
11833 2
11834 1
11835 1
11836 1
11837 2
11838 1
11842 2
11844 3
11845 4
11846 1
11848 1
11851 4
11853 2
11854 1
11857 3
11858 1
11859 2
11860 3
11861 1
11863 2
11865 2
11866 3
11868 1
11870 1
11871 2
11872 1
11874 1
11875 1
11877 1
11878 2
11879 2
11881 2
11883 2
11884 4
11885 3
11886 1
11887 1
11890 5
11891 5
11893 1
11894 3
11895 1
11896 2
11897 2
11898 1
11899 1
11900 2
11902 3
11904 1
11906 1
11907 3
11908 1
11911 1
11912 3
11913 2
11914 1
11915 2
11917 1
11918 1
11919 1
11920 2
11921 3
11922 1
11924 4
11926 1
11927 3
11928 2
11930 2
11932 1
11933 3
11934 1
11935 1
11936 1
11937 1
11939 3
11940 1
11941 1
11942 3
11945 3
11948 1
11949 1
11950 1
11951 1
11952 1
11953 3
11954 1
11955 1
11956 2
11957 1
11960 3
11961 6
11962 2
11963 1
11964 1
11965 1
11967 1
11969 1
11970 5
11971 4
11973 3
11974 2
11976 3
11978 1
11979 2
11980 1
11981 3
11982 3
11983 1
11984 1
11985 2
11986 2
11987 1
11988 3
11989 1
11990 2
11991 1
11993 2
11994 1
11997 2
11998 2
11999 1
12000 1
12003 1
12004 2
12005 1
12006 2
12008 1
12009 2
12010 2
12011 1
12012 2
12014 1
12015 1
12016 2
12017 1
12018 2
12020 2
12021 1
12022 1
12023 1
12024 1
12026 1
12027 2
12028 1
12029 2
12030 2
12031 2
12032 1
12033 2
12034 1
12036 1
12037 1
12038 1
12040 5
12041 2
12043 1
12044 2
12045 2
12049 1
12050 3
12051 3
12052 3
12053 2
12054 1
12055 2
12056 2
12057 2
12058 3
12060 1
12061 2
12063 1
12064 1
12065 1
12067 1
12068 1
12070 1
12072 2
12073 1
12074 1
12076 2
12077 2
12078 1
12079 1
12080 3
12081 2
12082 1
12085 1
12086 2
12087 4
12088 1
12089 1
12090 3
12091 1
12092 4
12093 1
12095 1
12096 1
12097 1
12098 3
12099 2
12100 3
12102 2
12103 1
12104 3
12106 2
12107 3
12108 1
12109 2
12110 1
12112 2
12114 1
12115 1
12116 1
12117 1
12119 3
12120 3
12121 1
12123 1
12124 2
12125 2
12126 1
12127 4
12128 2
12130 4
12132 1
12134 2
12136 5
12137 1
12139 3
12141 1
12142 1
12143 2
12145 2
12146 1
12147 1
12148 3
12149 1
12150 1
12152 1
12154 1
12156 1
12157 2
12158 1
12159 2
12160 2
12163 1
12164 1
12166 2
12167 2
12168 2
12169 5
12170 2
12171 3
12172 1
12173 2
12175 1
12176 3
12177 2
12179 3
12180 1
12182 2
12183 1
12186 1
12191 2
12193 1
12194 2
12195 2
12196 1
12197 1
12198 1
12199 1
12200 3
12202 1
12203 1
12204 2
12205 2
12206 7
12209 2
12211 2
12212 2
12214 1
12215 2
12216 1
12217 1
12218 6
12219 1
12220 2
12222 1
12223 4
12224 1
12228 3
12229 1
12231 1
12232 1
12235 1
12236 3
12238 2
12239 3
12240 2
12241 1
12242 1
12243 1
12245 1
12246 5
12247 1
12248 1
12249 1
12250 1
12251 1
12252 3
12253 1
12255 5
12257 1
12258 2
12259 1
12261 1
12264 1
12267 4
12268 1
12270 2
12273 3
12274 2
12275 1
12276 2
12278 2
12279 1
12280 2
12282 4
12284 1
12285 5
12286 1
12287 2
12288 2
12289 1
12290 2
12291 1
12292 3
12293 2
12294 3
12295 1
12297 1
12298 1
12301 2
12304 2
12306 1
12307 1
12309 1
12311 1
12312 1
12313 2
12314 1
12315 3
12316 3
12317 1
12319 3
12321 3
12322 1
12323 1
12324 1
12325 4
12327 1
12330 1
12331 2
12333 1
12334 2
12335 1
12336 1
12337 3
12338 1
12339 1
12340 1
12341 1
12343 3
12344 4
12346 1
12349 1
12350 1
12351 2
12352 1
12354 3
12355 4
12356 2
12357 1
12358 2
12360 1
12361 2
12362 1
12364 2
12365 2
12366 2
12368 1
12369 1
12370 1
12371 3
12372 2
12374 5
12376 1
12377 3
12378 1
12380 1
12383 3
12385 1
12386 2
12389 3
12392 2
12393 1
12395 1
12396 1
12399 1
12401 5
12403 3
12404 1
12406 1
12407 1
12409 1
12411 2
12412 2
12413 5
12414 1
12417 2
12420 3
12422 1
12425 3
12426 1
12428 1
12431 2
12432 3
12433 1
12434 3
12435 3
12437 1
12438 2
12439 1
12440 2
12441 1
12445 2
12446 2
12447 2
12448 1
12450 3
12451 1
12452 1
12453 3
12454 2
12455 1
12459 3
12460 2
12462 2
12463 2
12464 1
12465 2
12467 1
12469 1
12470 1
12471 3
12473 2
12474 1
12475 3
12476 2
12477 2
12480 2
12482 1
12483 2
12484 1
12485 1
12486 1
12487 3
12489 2
12490 4
12491 1
12492 1
12493 2
12494 1
12495 2
12496 2
12497 1
12499 2
12502 4
12504 3
12508 3
12509 2
12510 1
12511 2
12514 2
12515 1
12516 1
12519 1
12520 2
12522 3
12523 1
12524 1
12525 3
12526 1
12529 3
12530 2
12531 2
12532 3
12533 1
12536 2
12539 3
12540 2
12541 1
12543 1
12544 1
12545 1
12547 2
12549 1
12550 2
12551 5
12553 1
12554 2
12555 2
12556 2
12557 1
12561 1
12562 1
12563 2
12564 1
12565 1
12566 3
12567 1
12568 1
12569 1
12571 2
12572 1
12573 1
12574 2
12578 4
12579 2
12581 1
12584 2
12586 2
12587 1
12588 1
12589 1
12590 2
12591 2
12592 2
12594 2
12595 1
12596 2
12598 1
12599 1
12600 2
12601 2
12603 1
12605 1
12606 2
12607 1
12608 1
12609 3
12610 1
12612 1
12613 2
12615 1
12618 2
12619 1
12621 2
12622 1
12623 2
12624 1
12625 3
12627 2
12628 1
12629 1
12630 2
12631 3
12633 2
12635 1
12637 2
12640 1
12641 4
12643 1
12644 1
12645 2
12646 1
12647 1
12648 3
12649 2
12650 3
12652 1
12653 1
12654 1
12655 1
12656 2
12658 2
12659 1
12660 1
12661 2
12662 2
12665 1
12666 2
12667 2
12668 2
12669 2
12670 4
12671 3
12672 1
12673 3
12674 2
12675 1
12676 1
12677 1
12678 1
12679 2
12680 3
12682 2
12683 1
12684 1
12685 2
12686 1
12687 2
12688 1
12689 2
12692 1
12693 1
12697 2
12699 2
12703 2
12704 1
12705 3
12706 1
12707 2
12708 3
12710 4
12711 2
12712 1
12714 1
12715 1
12716 2
12717 3
12718 1
12719 2
12720 2
12723 1
12724 1
12725 1
12726 1
12728 2
12729 1
12732 2
12734 1
12737 1
12738 4
12739 2
12740 2
12741 1
12743 1
12744 6
12745 2
12746 3
12747 1
12749 3
12750 1
12751 2
12753 1
12756 2
12759 3
12760 1
12763 1
12764 2
12765 3
12768 1
12769 2
12771 2
12772 1
12773 2
12774 2
12775 3
12777 1
12778 2
12780 1
12781 1
12783 2
12784 3
12785 1
12786 3
12787 5
12790 1
12791 1
12792 3
12794 1
12796 2
12798 4
12799 1
12802 1
12805 1
12807 1
12808 5
12809 1
12811 1
12812 1
12814 2
12815 2
12816 1
12817 1
12818 1
12819 1
12820 2
12821 1
12822 1
12823 1
12824 3
12826 3
12827 2
12829 2
12831 1
12832 1
12833 3
12835 3
12836 3
12838 1
12840 1
12841 1
12842 1
12844 1
12845 1
12847 3
12848 1
12851 1
12853 2
12854 4
12856 3
12857 3
12858 1
12860 2
12861 1
12862 1
12863 2
12865 2
12866 3
12868 1
12870 3
12871 1
12872 1
12873 1
12875 1
12878 2
12881 2
12884 4
12885 2
12887 1
12890 3
12892 2
12893 3
12894 4
12896 1
12897 1
12899 4
12902 2
12903 2
12905 1
12906 2
12907 1
12908 1
12909 1
12910 2
12911 3
12913 1
12914 1
12915 1
12917 1
12918 2
12919 1
12920 1
12921 1
12922 1
12923 3
12924 3
12926 1
12927 4
12930 4
12931 1
12933 3
12934 2
12935 2
12936 2
12938 1
12939 1
12940 3
12942 1
12943 1
12945 2
12946 3
12950 1
12951 2
12952 3
12953 1
12954 3
12956 1
12960 2
12961 2
12963 1
12965 1
12966 1
12969 1
12970 3
12972 3
12973 3
12974 1
12975 2
12978 1
12979 2
12980 1
12981 3
12982 1
12985 1
12986 2
12987 1
12989 3
12992 1
12993 2
12994 4
12995 2
12997 1
13000 3
13001 1
13002 1
13003 5
13004 1
13006 2
13007 1
13008 1
13009 4
13010 1
13011 1
13012 1
13013 1
13014 3
13015 3
13017 1
13018 2
13019 2
13020 1
13022 1
13023 1
13024 1
13026 2
13030 2
13031 1
13032 4
13033 1
13034 1
13035 1
13036 1
13037 1
13039 2
13040 2
13042 2
13043 3
13044 1
13045 2
13046 1
13049 5
13052 1
13053 1
13054 1
13055 2
13056 2
13059 1
13061 2
13062 2
13063 2
13064 2
13065 2
13066 2
13067 1
13068 2
13069 1
13071 2
13073 5
13075 1
13076 2
13077 1
13078 1
13079 1
13080 1
13082 1
13084 2
13085 1
13088 2
13089 3
13090 1
13091 3
13093 1
13094 3
13099 1
13100 1
13101 2
13102 2
13105 4
13106 1
13109 1
13110 2
13111 2
13112 1
13113 2
13114 1
13115 1
13116 2
13119 4
13120 3
13122 1
13123 1
13124 1
13125 3
13127 2
13128 2
13129 1
13130 1
13131 3
13132 1
13133 3
13134 2
13135 2
13136 1
13137 1
13138 1
13139 3
13140 2
13142 2
13143 2
13146 1
13147 2
13148 1
13149 1
13151 2
13152 1
13153 1
13154 1
13155 1
13157 1
13158 2
13159 3
13160 1
13161 2
13163 2
13165 2
13168 2
13169 3
13170 2
13172 1
13174 1
13175 2
13176 1
13178 4
13179 1
13180 1
13181 2
13182 3
13183 1
13184 1
13185 1
13186 1
13187 1
13189 2
13190 1
13191 1
13192 2
13194 1
13195 1
13196 1
13200 3
13202 2
13203 3
13204 2
13206 2
13207 1
13209 3
13210 4
13212 2
13213 2
13214 1
13215 2
13216 1
13217 1
13218 1
13219 2
13220 1
13221 3
13222 1
13224 1
13225 1
13227 3
13228 1
13229 1
13230 2
13231 1
13232 1
13235 2
13237 2
13238 2
13239 4
13240 1
13241 1
13242 2
13243 1
13244 2
13245 1
13247 1
13248 2
13249 5
13250 1
13251 4
13252 1
13253 1
13254 2
13255 2
13256 3
13258 1
13261 2
13262 1
13265 1
13266 1
13268 1
13272 1
13273 2
13274 2
13276 2
13277 1
13279 4
13280 1
13282 1
13283 1
13284 1
13285 4
13286 2
13288 4
13289 2
13290 1
13292 1
13294 3
13297 4
13298 1
13300 1
13301 2
13303 1
13305 1
13306 1
13307 2
13308 1
13309 1
13311 1
13312 1
13313 4
13315 3
13316 1
13318 4
13319 2
13320 1
13321 1
13322 2
13323 1
13325 5
13326 1
13328 4
13329 1
13331 1
13333 1
13334 2
13340 2
13341 1
13342 1
13344 1
13346 2
13348 1
13349 2
13350 1
13352 2
13353 2
13354 1
13355 2
13356 2
13358 2
13359 1
13360 2
13361 1
13363 1
13364 1
13365 2
13366 1
13367 4
13368 3
13369 1
13370 2
13371 1
13372 2
13374 3
13375 1
13377 5
13378 1
13380 2
13382 1
13383 1
13385 1
13387 2
13388 1
13389 2
13390 1
13391 1
13392 1
13393 1
13394 1
13395 4
13396 1
13397 1
13398 3
13400 1
13401 1
13402 2
13404 6
13405 2
13407 2
13409 1
13410 2
13413 2
13416 5
13422 2
13423 1
13425 1
13426 1
13427 2
13429 1
13431 1
13432 3
13434 4
13435 2
13436 1
13437 2
13438 1
13439 3
13440 1
13441 1
13442 1
13444 4
13447 3
13450 4
13451 1
13453 3
13456 1
13461 1
13462 1
13464 1
13465 2
13466 1
13468 4
13471 3
13472 3
13473 1
13474 3
13476 1
13479 2
13480 3
13483 1
13484 1
13485 1
13486 4
13487 2
13488 1
13490 2
13491 1
13492 2
13493 1
13496 3
13498 1
13499 1
13500 1
13502 1
13503 1
13504 2
13505 2
13506 2
13507 1
13508 2
13509 1
13510 1
13511 1
13513 2
13514 3
13515 1
13516 1
13519 1
13520 3
13521 2
13522 1
13523 6
13524 1
13525 1
13526 2
13528 1
13529 2
13532 1
13534 2
13535 3
13538 1
13541 1
13542 2
13543 1
13544 2
13546 1
13548 3
13550 3
13552 1
13553 2
13555 2
13556 1
13558 3
13560 1
13561 2
13562 2
13563 1
13564 1
13565 2
13566 1
13569 4
13570 2
13572 3
13573 1
13575 2
13580 2
13581 1
13583 2
13584 3
13587 4
13588 1
13589 1
13590 2
13593 1
13594 1
13595 2
13598 1
13599 3
13601 3
13602 1
13603 1
13604 2
13605 1
13606 1
13607 1
13609 2
13610 2
13611 3
13612 3
13614 1
13615 1
13617 1
13618 2
13619 1
13622 2
13623 1
13624 3
13625 2
13627 1
13629 1
13630 1
13632 3
13634 3
13635 1
13636 1
13637 1
13638 1
13639 2
13640 3
13642 3
13643 1
13644 2
13645 3
13646 1
13648 2
13651 1
13657 2
13658 2
13659 1
13660 1
13662 1
13663 2
13664 1
13667 1
13669 2
13671 2
13673 1
13674 4
13675 1
13677 1
13679 1
13680 3
13681 4
13682 1
13683 1
13684 1
13685 3
13688 4
13689 3
13691 1
13693 1
13696 2
13698 1
13699 1
13700 3
13702 2
13703 2
13704 2
13705 1
13706 3
13707 2
13708 2
13709 1
13711 1
13712 1
13713 2
13714 1
13715 1
13716 1
13718 2
13720 2
13721 1
13722 1
13723 2
13727 1
13728 2
13730 1
13737 2
13738 1
13739 1
13740 1
13741 2
13743 4
13744 2
13745 1
13747 2
13748 1
13749 1
13750 1
13751 2
13752 1
13753 3
13754 1
13755 2
13756 1
13757 1
13758 2
13759 1
13760 1
13761 2
13762 1
13763 1
13764 2
13765 1
13767 1
13772 3
13776 1
13777 3
13778 3
13779 1
13780 1
13782 2
13784 3
13786 1
13790 5
13792 2
13793 2
13794 1
13796 1
13797 1
13798 1
13799 2
13800 1
13801 1
13804 2
13807 2
13808 1
13811 1
13815 1
13817 2
13818 1
13819 4
13820 3
13822 1
13823 4
13824 1
13825 2
13827 3
13829 3
13830 1
13831 3
13832 1
13834 2
13835 1
13839 1
13841 1
13842 2
13846 1
13847 1
13848 1
13852 1
13854 2
13856 1
13857 2
13859 2
13860 2
13862 1
13863 1
13864 1
13866 5
13868 2
13869 3
13874 2
13875 1
13877 1
13878 1
13880 1
13881 1
13883 1
13884 1
13887 2
13890 1
13891 1
13893 3
13894 2
13895 1
13897 1
13898 1
13899 2
13900 1
13901 1
13902 1
13903 2
13905 2
13908 2
13909 4
13911 1
13913 1
13914 1
13915 1
13917 1
13918 3
13920 1
13921 2
13923 1
13926 2
13927 1
13929 1
13930 1
13932 1
13933 2
13935 1
13936 4
13937 1
13938 2
13939 3
13941 2
13942 3
13943 4
13944 2
13945 1
13946 1
13947 2
13948 1
13949 1
13950 1
13951 1
13954 1
13957 2
13959 1
13960 1
13963 2
13966 1
13967 2
13969 2
13971 1
13972 1
13973 3
13975 2
13976 2
13978 2
13979 1
13982 2
13984 2
13985 7
13988 1
13989 1
13993 1
13994 1
13996 2
13997 1
14000 1
14001 1
14002 1
14003 2
14005 2
14006 3
14007 1
14012 4
14013 2
14014 2
14015 1
14017 1
14019 3
14020 2
14021 1
14022 2
14027 2
14030 1
14033 2
14034 1
14037 1
14039 1
14041 1
14042 1
14043 2
14045 1
14048 1
14051 2
14052 2
14054 1
14055 4
14056 1
14057 1
14059 2
14060 1
14062 2
14063 1
14064 2
14065 2
14066 1
14067 2
14068 2
14069 1
14070 2
14071 1
14073 1
14075 1
14076 5
14079 1
14082 4
14083 1
14085 2
14088 2
14089 1
14092 2
14094 1
14095 2
14097 1
14098 1
14099 1
14100 1
14101 2
14102 1
14103 1
14104 3
14108 1
14109 2
14113 1
14115 1
14119 1
14121 1
14122 3
14123 1
14124 2
14127 1
14128 2
14129 1
14131 1
14134 2
14135 1
14138 6
14139 3
14142 1
14143 1
14144 3
14148 1
14149 3
14150 1
14151 1
14152 4
14153 1
14155 1
14156 1
14158 1
14159 1
14160 2
14161 1
14162 1
14163 1
14164 2
14167 3
14168 2
14171 1
14172 1
14173 2
14175 2
14176 1
14178 1
14179 1
14180 1
14181 3
14184 1
14185 1
14186 2
14187 1
14188 1
14190 1
14191 1
14192 1
14194 2
14195 1
14198 3
14201 3
14203 2
14204 2
14207 1
14208 2
14210 1
14211 1
14212 1
14213 1
14214 3
14215 2
14217 2
14218 1
14220 1
14221 1
14222 3
14224 2
14227 1
14228 1
14229 1
14230 1
14233 1
14236 1
14238 2
14240 1
14242 3
14243 3
14246 1
14247 1
14248 1
14249 1
14250 2
14252 1
14253 1
14254 4
14255 1
14257 2
14258 1
14259 1
14260 1
14261 1
14262 1
14263 3
14264 1
14265 1
14268 1
14269 1
14271 2
14273 1
14274 1
14275 1
14276 2
14277 1
14278 1
14282 4
14283 2
14285 1
14287 1
14288 2
14289 1
14291 1
14292 2
14294 1
14297 2
14298 1
14299 1
14300 4
14303 1
14304 1
14305 1
14306 1
14307 1
14308 1
14309 1
14310 1
14312 1
14313 1
14316 1
14317 2
14318 2
14319 1
14321 1
14322 3
14323 1
14324 1
14325 1
14327 2
14330 2
14331 3
14332 1
14333 2
14334 2
14336 2
14340 1
14341 1
14344 1
14345 1
14346 2
14349 1
14351 1
14352 2
14353 1
14355 1
14358 2
14359 3
14361 3
14362 2
14364 2
14367 1
14368 2
14369 2
14370 2
14373 2
14376 2
14377 1
14379 2
14380 1
14381 1
14383 1
14384 1
14386 1
14387 1
14388 2
14389 1
14391 1
14392 3
14393 1
14394 1
14395 1
14396 1
14397 1
14398 3
14399 1
14400 2
14401 4
14403 1
14404 1
14405 1
14407 4
14408 2
14410 2
14411 2
14413 1
14415 1
14416 1
14425 1
14428 2
14429 2
14431 1
14433 1
14435 3
14437 3
14438 3
14443 1
14446 4
14447 1
14449 3
14450 2
14452 1
14454 1
14456 2
14459 1
14460 1
14462 3
14464 1
14465 1
14468 2
14470 1
14471 4
14472 2
14474 2
14477 3
14478 2
14480 2
14482 1
14483 4
14484 1
14487 1
14488 1
14489 2
14490 2
14495 3
14498 1
14499 1
14501 1
14502 1
14505 3
14507 1
14508 1
14511 2
14512 1
14513 1
14514 1
14516 1
14517 3
14518 1
14519 3
14523 4
14524 1
14526 3
14529 2
14531 1
14532 1
14536 1
14538 2
14539 1
14540 1
14541 1
14542 1
14544 2
14545 1
14547 3
14551 1
14553 2
14554 4
14556 2
14557 1
14558 1
14559 1
14562 3
14565 3
14566 1
14567 2
14568 1
14571 1
14574 1
14575 2
14581 6
14583 2
14584 1
14586 1
14588 2
14589 1
14590 1
14591 1
14593 3
14596 3
14598 1
14599 2
14600 1
14602 3
14603 2
14604 1
14608 2
14609 1
14614 1
14617 1
14620 3
14621 3
14623 1
14624 1
14625 1
14626 1
14628 1
14629 1
14630 1
14631 1
14633 2
14634 2
14635 2
14636 1
14637 4
14638 1
14639 1
14640 1
14642 2
14643 1
14645 6
14648 2
14649 1
14650 1
14651 2
14654 2
14655 1
14657 3
14658 1
14662 1
14663 2
14665 1
14667 1
14668 1
14669 1
14670 1
14671 1
14672 2
14673 2
14677 2
14678 3
14680 1
14683 2
14684 2
14685 1
14690 1
14691 1
14692 1
14693 1
14695 1
14697 2
14700 3
14702 2
14704 2
14707 3
14708 1
14712 1
14713 1
14714 2
14717 1
14718 4
14719 3
14720 1
14721 4
14722 2
14724 2
14729 2
14733 2
14736 2
14737 1
14739 2
14740 1
14741 1
14742 2
14744 2
14747 1
14748 1
14750 2
14753 1
14754 1
14755 1
14756 2
14758 1
14759 3
14760 1
14761 1
14763 1
14764 3
14766 1
14767 1
14768 1
14770 1
14772 1
14773 2
14774 1
14776 3
14779 1
14781 1
14783 2
14784 1
14786 2
14787 1
14788 1
14789 1
14790 1
14791 3
14793 2
14794 1
14796 1
14797 2
14799 1
14802 2
14805 1
14811 2
14812 1
14816 2
14817 1
14823 5
14824 1
14826 2
14828 1
14830 1
14832 3
14833 3
14834 1
14837 2
14838 3
14840 2
14841 1
14843 1
14845 1
14848 1
14851 1
14852 2
14855 2
14856 2
14857 2
14858 1
14860 1
14861 1
14862 1
14863 1
14865 1
14866 1
14867 2
14869 3
14872 1
14873 1
14875 1
14877 1
14878 2
14879 1
14883 1
14885 1
14886 1
14887 1
14888 1
14890 1
14892 2
14893 1
14894 1
14895 1
14896 1
14900 2
14902 4
14903 1
14905 2
14909 1
14910 1
14911 1
14912 1
14913 1
14914 1
14916 1
14921 1
14926 2
14927 2
14930 1
14931 1
14933 2
14935 1
14937 1
14939 2
14941 1
14942 4
14945 1
14947 1
14948 1
14949 2
14950 1
14951 2
14952 1
14953 1
14954 1
14956 1
14957 2
14959 1
14961 1
14962 1
14964 1
14966 1
14968 1
14969 1
14970 2
14971 1
14972 1
14974 1
14975 2
14976 6
14977 1
14978 1
14979 1
14980 1
14981 1
14982 1
14988 1
14990 1
14991 1
14996 1
15004 1
15005 1
15007 1
15008 1
15009 1
15011 1
15015 3
15017 1
15018 2
15019 1
15021 2
15023 1
15024 1
15025 1
15028 1
15029 1
15030 1
15032 1
15033 1
15034 1
15040 3
15044 1
15045 1
15046 2
15048 1
15050 1
15052 4
15054 1
15058 4
15060 1
15064 2
15067 1
15070 1
15075 1
15078 1
15080 1
15085 1
15086 1
15087 2
15088 3
15091 2
15092 3
15093 2
15095 4
15096 1
15097 2
15098 1
15099 1
15100 2
15101 1
15103 1
15108 1
15109 3
15116 1
15118 1
15125 1
15128 1
15131 1
15134 5
15136 1
15137 3
15142 2
15146 1
15150 1
15154 1
15155 1
15157 1
15159 1
15161 3
15162 2
15167 1
15168 1
15169 1
15170 1
15171 4
15172 1
15173 1
15176 1
15177 2
15182 1
15183 2
15186 1
15188 1
15189 1
15192 1
15194 1
15197 1
15199 1
15200 1
15201 1
15203 1
15204 2
15206 3
15210 1
15211 3
15212 2
15213 1
15214 3
15217 3
15218 3
15219 2
15221 1
15223 1
15225 2
15227 1
15228 1
15231 2
15234 1
15237 2
15241 1
15243 1
15246 1
15247 2
15249 1
15250 1
15252 1
15253 4
15255 1
15257 1
15262 1
15263 1
15264 1
15265 1
15269 1
15271 2
15273 2
15275 1
15280 2
15283 2
15287 3
15288 4
15290 2
15291 1
15292 1
15293 1
15296 1
15297 2
15298 1
15300 1
15309 1
15311 1
15313 1
15316 1
15321 1
15322 1
15324 1
15325 2
15327 1
15330 1
15331 1
15332 1
15333 2
15335 1
15336 2
15337 3
15338 1
15342 1
15343 1
15344 2
15349 1
15350 2
15352 1
15353 1
15355 1
15356 1
15357 1
15358 1
15363 1
15364 1
15365 1
15366 2
15367 1
15371 2
15372 1
15373 1
15377 1
15379 1
15385 1
15391 2
15392 3
15395 1
15396 1
15397 1
15401 2
15402 3
15403 2
15404 1
15406 3
15407 2
15408 1
15409 1
15410 1
15412 4
15416 1
15417 1
15419 1
15420 1
15424 1
15425 1
15427 1
15428 1
15431 2
15432 1
15434 2
15436 1
15440 1
15441 1
15443 1
15444 1
15446 1
15448 1
15449 1
15452 1
15453 1
15454 1
15462 1
15465 1
15471 4
15474 1
15479 1
15480 2
15481 1
15482 1
15483 2
15485 1
15490 1
15492 1
15495 2
15498 1
15504 3
15510 2
15511 2
15517 1
15518 1
15520 2
15521 1
15522 1
15523 1
15526 1
15527 1
15528 1
15529 1
15531 2
15532 1
15538 1
15541 2
15544 3
15545 1
15547 1
15550 4
15556 3
15557 2
15559 1
15560 1
15562 1
15565 2
15573 1
15574 1
15577 1
15578 1
15584 2
15586 1
15587 1
15590 3
15593 1
15595 2
15598 2
15599 2
15601 1
15605 1
15608 1
15614 2
15617 1
15619 1
15620 2
15621 1
15623 1
15626 1
15627 2
15629 2
15632 1
15633 1
15636 2
15637 2
15639 1
15642 1
15644 2
15647 1
15648 1
15649 1
15654 1
15657 1
15660 3
15662 1
15663 1
15664 1
15666 2
15668 1
15669 3
15670 2
15672 1
15675 2
15678 3
15681 1
15687 2
15696 1
15703 3
15705 1
15706 1
15711 2
15715 1
15716 2
15717 1
15723 1
15724 2
15728 1
15730 3
15733 1
15737 1
15739 2
15740 2
15745 1
15747 1
15751 2
15752 3
15753 1
15757 2
15758 2
15766 1
15769 1
15770 1
15772 1
15773 1
15775 1
15779 2
15780 1
15782 1
15783 2
15786 3
15787 2
15790 1
15791 2
15794 3
15796 1
15797 4
15798 1
15799 1
15800 1
15801 1
15803 1
15806 2
15807 1
15812 1
15816 1
15819 1
15822 1
15824 1
15826 1
15827 1
15829 1
15832 1
15834 2
15835 3
15842 1
15849 4
15856 2
15857 1
15859 1
15861 1
15865 1
15866 3
15867 1
15869 1
15870 1
15871 2
15872 1
15876 1
15877 1
15878 2
15888 1
15889 1
15890 1
15891 1
15893 1
15894 1
15898 1
15902 1
15905 3
15906 1
15911 1
15912 1
15913 3
15916 1
15917 2
15918 1
15919 1
15921 1
15922 2
15925 2
15927 1
15933 1
15935 2
15936 1
15940 1
15942 1
15945 1
15946 1
15948 2
15951 2
15953 1
15954 1
15960 1
15965 1
15966 1
15970 1
15972 3
15973 1
15975 1
15977 1
15980 1
15981 2
15982 2
15984 1
15985 1
15986 1
15987 1
15988 1
15989 1
15990 1
15992 1
15997 1
16000 1
16001 1
16003 1
16009 2
16010 1
16012 1
16014 1
16015 1
16018 1
16022 1
16024 1
16027 1
16031 1
16032 2
16034 1
16036 1
16037 1
16040 1
16043 2
16044 1
16049 1
16051 1
16052 1
16054 1
16059 1
16061 1
16063 1
16065 1
16067 1
16073 2
16079 1
16086 1
16091 3
16096 2
16098 1
16100 3
16101 1
16103 1
16108 1
16110 1
16111 1
16113 1
16119 3
16120 1
16124 2
16125 3
16126 1
16128 1
16131 1
16133 1
16134 1
16153 2
16156 1
16159 1
16162 1
16164 1
16167 1
16168 1
16170 2
16174 1
16175 1
16177 1
16179 1
16183 1
16189 2
16192 1
16193 1
16194 1
16195 1
16201 1
16203 1
16205 1
16206 1
16213 1
16215 1
16217 1
16219 1
16222 1
16229 2
16230 1
16232 1
16237 1
16238 2
16239 1
16243 1
16244 4
16245 1
16246 1
16249 1
16250 2
16254 1
16256 1
16257 1
16258 2
16272 1
16278 1
16283 1
16285 1
16286 2
16291 1
16293 1
16298 1
16302 1
16306 1
16308 2
16312 1
16316 1
16320 2
16321 1
16322 1
16326 1
16330 1
16332 1
16336 2
16338 1
16340 1
16346 1
16348 2
16352 1
16355 2
16357 1
16359 1
16360 2
16363 1
16365 1
16366 2
16367 2
16368 1
16369 1
16370 2
16372 1
16375 1
16376 1
16377 2
16386 1
16396 1
16398 1
16404 3
16410 1
16412 1
16414 1
16416 1
16418 1
16419 1
16422 1
16424 1
16425 1
16427 1
16429 1
16435 1
16437 1
16439 2
16440 1
16441 2
16445 2
16446 1
16447 1
16460 1
16462 1
16467 1
16471 1
16474 2
16481 1
16482 1
16485 2
16486 5
16487 1
16489 1
16491 2
16493 1
16495 1
16498 1
16504 1
16507 1
16513 1
16514 1
16515 1
16517 1
16519 1
16520 1
16523 1
16541 1
16550 1
16551 2
16553 2
16555 1
16556 1
16559 1
16560 1
16561 1
16564 1
16565 2
16577 1
16580 1
16583 2
16589 1
16593 1
16600 1
16601 1
16605 2
16606 1
16610 1
16612 1
16617 1
16620 1
16623 1
16626 1
16629 1
16632 2
16634 1
16639 1
16641 1
16652 1
16653 2
16660 2
16669 3
16670 1
16672 2
16676 1
16677 1
16678 1
16680 2
16681 1
16693 2
16699 1
16702 3
16722 1
16731 2
16733 1
16739 3
16742 1
16744 1
16748 2
16761 1
16763 1
16772 2
16785 1
16786 1
16788 1
16791 2
16797 1
16798 1
16799 1
16806 1
16809 1
16812 2
16813 1
16815 1
16818 3
16819 2
16823 1
16824 1
16827 2
16830 1
16836 1
16841 1
16847 1
16852 1
16858 1
16860 1
16867 1
16868 1
16869 1
16873 1
16877 1
16882 1
16888 1
16889 1
16899 1
16901 1
16907 1
16909 1
16910 1
16914 1
16915 1
16916 1
16917 1
16921 1
16926 1
16928 1
16931 1
16936 1
16937 1
16938 1
16939 1
16944 1
16945 1
16946 3
16950 1
16955 2
16973 1
16979 1
16981 1
16983 1
16984 3
16985 1
16988 1
16991 1
16996 1
16998 1
17005 1
17006 1
17008 1
17010 1
17014 1
17015 2
17020 1
17025 1
17026 1
17027 1
17040 1
17043 1
17047 1
17051 1
17054 1
17055 2
17058 1
17060 1
17062 1
17064 2
17065 2
17067 1
17069 1
17071 1
17076 2
17082 1
17084 1
17092 1
17102 1
17103 1
17119 1
17122 1
17129 2
17133 2
17134 2
17146 2
17149 1
17152 1
17158 2
17179 1
17180 1
17181 1
17185 1
17186 2
17189 1
17192 1
17195 1
17198 1
17201 1
17203 1
17208 1
17210 1
17212 1
17221 1
17222 2
17238 1
17241 1
17245 1
17247 1
17248 1
17249 1
17250 1
17252 1
17268 2
17271 2
17277 1
17282 1
17300 2
17302 1
17305 1
17308 1
17311 2
17317 1
17324 1
17331 1
17341 2
17354 1
17355 1
17364 1
17366 1
17368 1
17369 2
17371 1
17373 1
17378 1
17379 1
17381 1
17387 3
17388 1
17390 1
17392 1
17393 1
17399 1
17403 1
17405 1
17406 1
17421 1
17427 2
17437 1
17438 1
17442 1
17443 1
17447 1
17451 1
17452 1
17457 1
17460 1
17479 1
17483 1
17485 3
17489 1
17497 1
17500 1
17506 2
17514 1
17518 1
17519 1
17522 1
17524 2
17525 1
17526 1
17528 1
17546 1
17552 1
17553 2
17559 1
17565 1
17568 1
17574 1
17576 1
17584 1
17586 1
17589 1
17594 1
17596 1
17598 1
17604 2
17608 1
17616 1
17620 1
17625 1
17633 1
17634 1
17635 1
17638 2
17640 1
17643 1
17644 1
17645 1
17662 1
17668 1
17672 2
17684 1
17687 1
17702 1
17705 1
17709 1
17711 1
17713 1
17714 1
17715 1
17727 1
17749 1
17754 1
17755 1
17759 1
17761 1
17763 1
17764 2
17766 1
17772 1
17775 1
17781 2
17787 1
17801 1
17818 1
17821 2
17827 1
17830 1
17846 1
17850 1
17851 3
17874 1
17880 3
17893 1
17897 1
17900 1
17902 1
17908 1
17910 1
17920 1
17921 1
17929 1
17937 1
17940 1
17942 1
17946 1
17947 1
17948 1
17949 1
17959 1
17961 1
17970 1
17972 1
17984 1
17990 1
17996 1
17999 2
18007 1
18012 1
18016 1
18017 1
18018 1
18021 1
18029 1
18048 1
18058 1
18059 1
18063 1
18065 1
18066 1
18067 1
18075 1
18080 1
18086 1
18087 1
18091 1
18093 1
18095 1
18097 1
18104 1
18115 1
18128 1
18134 1
18137 2
18145 1
18155 1
18167 1
18177 1
18182 1
18189 1
18194 1
18204 1
18207 1
18212 1
18213 2
18214 1
18218 1
18225 1
18231 1
18241 1
18253 1
18256 1
18274 1
18278 1
18280 1
18282 1
18283 1
18303 1
18307 1
18328 1
18332 1
18333 2
18335 1
18344 2
18350 1
18370 1
18379 1
18387 1
18390 1
18396 1
18397 1
18399 1
18401 1
18419 1
18420 2
18426 1
18449 2
18454 1
18460 1
18466 1
18471 1
18480 1
18489 1
18490 1
18498 1
18515 1
18516 1
18518 3
18522 1
18539 2
18568 2
18576 1
18586 1
18587 1
18592 1
18601 1
18609 1
18632 1
18634 1
18636 1
18637 1
18641 1
18649 1
18655 1
18658 1
18671 1
18673 1
18677 1
18695 1
18701 1
18706 1
18720 1
18747 1
18751 1
18753 1
18757 1
18774 1
18782 1
18787 1
18792 1
18794 1
18796 1
18833 1
18836 1
18854 1
18860 1
18872 1
18876 1
18912 1
18913 3
18930 1
18941 1
18948 1
18962 1
18970 1
18979 1
18995 2
18999 1
19023 1
19029 1
19032 1
19049 1
19051 1
19057 1
19078 1
19091 1
19095 1
19096 1
19098 1
19100 1
19108 1
19114 1
19118 1
19119 1
19133 1
19148 1
19161 1
19170 2
19176 1
19178 1
19197 1
19210 1
19216 1
19227 1
19240 1
19246 1
19252 1
19264 1
19286 1
19289 1
19316 1
19326 1
19335 1
19336 1
19343 1
19361 1
19365 1
19402 1
19405 1
19423 1
19429 1
19452 1
19481 1
19482 2
19493 1
19499 1
19528 1
19531 1
19548 1
19568 1
19571 1
19577 1
19601 1
19620 1
19647 2
19664 1
19665 1
19667 1
19669 1
19687 1
19688 1
19717 1
19739 1
19766 1
19785 1
19786 1
19790 1
19807 1
19855 1
19869 1
19904 1
19905 1
19945 1
20021 1
20062 1
20090 1
20097 1
20111 1
20128 1
20140 1
20146 1
20181 1
20216 1
20249 1
20319 1
20359 1
20368 1
20376 1
20438 1
20484 1
20485 1
20514 1
20680 1
20697 1
20726 1
20750 1
20818 1
20845 1
20888 1
20937 1
21053 1
21054 1
21295 1
21414 1
21517 1
22086 1
End
