NMec = 95584
T = 19
P = 1
Profits not ignored
Valid tasks:                                                             1432
Solution time = 5.767e-05
Task data
   21  34  2298 0
   36 155 24436 0
   37  67  3273 -1
   39  51   959 -1
   51  73  4010 -1
   54  79  1987 -1
   62  84  4377 -1
   63 159 11613 -1
   68  73   928 -1
   81 107  1951 -1
   89 108  5797 -1
   98 117  3564 -1
  116 142  5109 -1
  128 144  2117 -1
  135 145  1049 -1
  142 151  1061 -1
  151 161   870 -1
  151 163  1850 -1
  158 174  2297 0
Best profit: 29031
All profits:
0 1
870 1
928 1
959 1
1049 1
1061 1
1798 1
1829 1
1850 1
1887 1
1919 1
1951 1
1977 1
1987 1
1989 1
2008 1
2020 1
2117 1
2297 1
2298 1
2757 1
2778 1
2809 1
2821 1
2847 1
2857 1
2878 1
2879 1
2899 1
2910 1
2936 1
2946 1
2948 1
2987 1
3000 1
3012 1
3036 1
3045 1
3048 1
3076 1
3168 1
3225 1
3226 1
3256 1
3257 1
3273 1
3346 1
3347 1
3358 1
3359 1
3564 1
3737 1
3749 1
3780 1
3801 1
3806 1
3816 1
3827 1
3837 1
3838 1
3858 1
3870 1
3906 1
3915 1
3928 1
3938 1
3940 1
3946 1
3959 1
3967 1
3971 1
3995 1
4004 1
4007 1
4010 1
4068 1
4096 1
4104 1
4127 1
4143 1
4148 1
4184 1
4185 1
4201 1
4217 1
4248 1
4249 1
4274 1
4275 1
4284 1
4285 1
4286 1
4287 1
4305 1
4306 1
4317 1
4318 1
4322 1
4334 1
4377 1
4414 1
4415 1
4434 1
4492 1
4523 1
4595 1
4613 1
4625 1
4708 1
4729 1
4760 1
4786 1
4796 1
4798 1
4808 1
4829 1
4850 1
4865 1
4874 1
4880 1
4886 1
4887 1
4895 1
4897 1
4899 1
4926 1
4938 1
4974 1
4987 1
4996 1
4999 1
5027 1
5055 1
5059 1
5063 1
5071 2
5076 1
5107 1
5109 1
5119 1
5123 1
5145 1
5155 1
5176 2
5177 1
5192 1
5197 1
5207 1
5208 1
5224 1
5233 1
5234 1
5243 1
5244 1
5245 1
5246 1
5247 1
5250 1
5262 1
5285 1
5297 1
5298 1
5309 1
5310 1
5333 1
5334 1
5336 1
5342 1
5343 1
5345 1
5346 1
5362 1
5373 1
5374 1
5390 1
5393 1
5414 1
5426 1
5438 1
5451 1
5483 1
5523 1
5541 1
5551 1
5553 1
5554 1
5570 1
5571 1
5572 1
5584 1
5644 1
5656 1
5681 1
5688 1
5757 1
5767 1
5778 1
5788 1
5797 1
5809 1
5845 1
5854 1
5857 1
5860 1
5861 1
5862 1
5866 1
5897 1
5918 1
5929 1
5933 1
5946 1
5954 1
5955 1
5958 1
5961 1
5979 1
6035 1
6037 1
6047 1
6051 1
6055 1
6068 1
6078 1
6094 1
6099 1
6104 1
6114 1
6120 1
6125 1
6127 1
6135 2
6136 1
6152 1
6156 1
6168 1
6172 1
6204 1
6206 1
6213 1
6225 1
6226 1
6227 1
6235 1
6236 1
6237 1
6238 1
6244 1
6256 1
6257 1
6260 1
6265 1
6268 1
6269 1
6273 1
6285 1
6292 1
6293 1
6296 1
6301 1
6302 1
6304 1
6305 1
6307 1
6308 1
6318 1
6321 1
6342 1
6365 1
6366 1
6373 1
6385 1
6397 1
6401 1
6402 1
6411 1
6421 1
6441 1
6442 1
6463 1
6482 1
6494 1
6498 1
6499 1
6500 1
6510 1
6512 1
6546 1
6551 1
6572 1
6582 1
6584 1
6600 1
6603 1
6609 1
6612 1
6615 1
6619 1
6620 1
6631 1
6632 1
6640 1
6667 1
6674 1
6675 1
6712 1
6725 1
6732 1
6737 1
6747 1
6756 1
6789 1
6790 1
6816 1
6820 1
6821 1
6825 1
6831 1
6837 2
6846 2
6858 1
6877 1
6907 1
6909 1
6910 1
6911 1
6913 1
6922 1
6923 1
6925 1
6938 1
6959 1
6996 1
6997 1
7006 1
7010 1
7014 1
7022 2
7027 1
7058 1
7060 1
7074 1
7084 1
7094 1
7096 2
7100 1
7106 1
7127 1
7143 1
7148 1
7163 1
7172 1
7178 1
7184 2
7185 1
7186 1
7188 1
7193 1
7194 1
7195 1
7196 1
7197 1
7201 1
7213 1
7224 1
7236 1
7240 1
7255 1
7272 1
7276 1
7284 1
7285 1
7293 1
7294 1
7296 1
7297 1
7301 1
7324 1
7325 1
7341 1
7356 1
7357 1
7360 1
7361 1
7364 1
7368 1
7369 2
7370 1
7380 1
7391 1
7401 1
7406 1
7407 1
7421 1
7422 1
7453 1
7470 1
7474 1
7479 1
7490 1
7505 1
7510 1
7521 1
7522 1
7531 2
7541 1
7543 1
7545 1
7547 1
7548 1
7559 2
7560 1
7568 1
7571 1
7574 1
7595 2
7607 1
7626 1
7631 1
7633 1
7634 1
7640 1
7643 1
7647 1
7660 1
7668 1
7671 1
7684 1
7687 1
7688 1
7691 1
7707 1
7712 1
7716 1
7723 1
7724 1
7735 1
7736 1
7748 1
7749 1
7765 1
7774 1
7781 1
7784 1
7786 1
7796 1
7805 2
7811 1
7817 1
7838 1
7839 1
7848 1
7849 1
7850 1
7851 1
7866 1
7868 1
7869 1
7870 1
7880 1
7881 1
7882 1
7884 1
7886 1
7887 1
7898 1
7905 1
7914 1
7918 1
7930 1
7941 1
7966 1
7977 1
7978 1
7979 1
7986 1
7988 1
8002 1
8019 1
8055 2
8065 1
8071 1
8076 1
8078 1
8086 1
8094 1
8095 1
8107 1
8123 1
8143 1
8152 1
8155 1
8158 1
8159 1
8164 1
8168 1
8195 1
8211 1
8216 1
8227 1
8231 1
8235 1
8243 1
8244 1
8252 2
8253 1
8255 1
8256 1
8258 1
8259 1
8269 1
8277 1
8323 1
8334 1
8335 1
8344 1
8349 1
8350 1
8352 1
8353 1
8360 1
8365 1
8366 1
8382 1
8392 1
8418 1
8424 1
8425 1
8429 1
8433 1
8438 1
8444 1
8449 1
8450 2
8459 1
8470 1
8490 1
8504 1
8523 1
8525 1
8533 1
8535 1
8538 1
8554 2
8558 1
8566 1
8570 1
8571 1
8575 1
8582 1
8583 1
8590 1
8594 1
8599 1
8602 1
8605 1
8606 1
8615 1
8616 1
8619 1
8623 1
8627 1
8635 2
8640 1
8644 1
8654 1
8663 1
8671 1
8675 1
8682 1
8683 1
8687 1
8694 1
8695 1
8696 1
8699 1
8709 1
8719 1
8733 1
8740 1
8743 1
8745 1
8756 1
8761 1
8784 1
8791 1
8792 1
8796 1
8797 1
8798 1
8807 1
8808 1
8809 1
8810 1
8811 1
8814 1
8826 1
8833 1
8842 1
8845 1
8846 1
8849 1
8858 1
8860 1
8864 1
8873 1
8889 1
8897 1
8898 1
8900 1
8906 1
8907 1
8909 1
8910 2
8917 1
8925 1
8929 1
8937 1
8938 1
8946 1
8947 1
8948 1
8954 1
8965 1
8972 1
8990 1
9002 1
9022 1
9023 1
9035 1
9045 1
9047 1
9051 1
9053 1
9054 1
9070 1
9087 1
9114 1
9118 1
9119 1
9123 1
9129 1
9134 1
9135 2
9139 1
9143 1
9144 2
9155 1
9156 1
9175 1
9191 1
9205 1
9207 1
9208 1
9211 1
9220 1
9223 1
9236 1
9252 1
9257 1
9293 1
9294 1
9295 1
9303 1
9307 1
9308 1
9310 1
9311 1
9312 1
9319 1
9320 2
9357 1
9358 1
9372 1
9393 1
9394 1
9398 1
9409 1
9418 1
9424 1
9441 1
9482 1
9484 1
9486 2
9492 1
9493 1
9494 1
9497 1
9498 1
9499 1
9510 1
9511 1
9518 1
9534 1
9538 1
9553 1
9574 1
9582 1
9591 1
9594 1
9599 1
9603 1
9613 1
9615 1
9622 1
9624 1
9634 1
9638 1
9639 1
9654 1
9655 1
9658 1
9662 1
9666 1
9668 1
9678 1
9684 1
9689 1
9691 1
9699 1
9703 1
9704 1
9712 1
9720 1
9736 1
9743 1
9750 1
9751 1
9764 1
9768 1
9770 1
9777 1
9791 1
9792 1
9801 1
9804 1
9807 1
9808 1
9817 1
9819 1
9824 1
9829 1
9838 1
9845 1
9856 1
9857 2
9860 1
9865 1
9866 1
9868 1
9869 2
9871 1
9872 1
9882 1
9893 1
9901 1
9905 1
9917 1
9924 1
9928 1
9931 1
9940 1
9945 1
9949 1
9961 1
9965 1
9966 1
9981 1
9982 1
9985 1
9989 1
9998 1
10005 1
10006 1
10014 1
10021 1
10033 1
10046 1
10058 1
10062 1
10063 1
10071 1
10072 1
10081 1
10082 1
10083 1
10084 1
10094 1
10102 1
10103 2
10109 1
10114 1
10115 1
10119 2
10131 1
10136 1
10146 1
10148 1
10164 1
10167 1
10174 1
10178 1
10179 1
10180 1
10182 1
10183 1
10184 1
10185 1
10195 1
10196 1
10203 1
10211 1
10212 1
10216 1
10228 1
10232 1
10238 1
10239 1
10264 1
10275 1
10276 1
10285 1
10286 1
10300 1
10316 1
10317 1
10333 1
10352 1
10353 1
10356 1
10369 1
10375 1
10376 1
10392 1
10421 1
10445 1
10466 1
10473 1
10477 1
10509 1
10533 1
10541 1
10550 1
10553 1
10556 1
10561 1
10566 1
10567 1
10583 1
10593 1
10621 1
10632 1
10642 1
10648 1
10650 1
10658 1
10662 1
10663 1
10664 1
10671 1
10677 1
10679 1
10680 1
10683 1
10692 1
10722 1
10723 1
10727 1
10736 1
10742 1
10747 1
10748 1
10750 1
10752 1
10757 1
10771 1
10788 1
10797 1
10804 1
10819 1
10836 1
10840 1
10852 1
10856 1
10860 1
10868 3
10873 1
10876 1
10880 1
10897 1
10904 1
10906 1
10913 1
10920 2
10921 1
10924 1
10925 1
10928 1
10932 1
10933 2
10942 1
10952 1
10969 1
10973 1
10980 1
10985 1
10989 1
10992 1
10994 1
11017 1
11030 1
11031 1
11040 1
11041 1
11042 1
11043 1
11044 1
11047 1
11054 1
11059 1
11070 1
11082 1
11089 1
11095 1
11105 1
11107 1
11109 1
11111 1
11112 1
11123 1
11124 1
11130 1
11131 1
11133 1
11139 1
11140 1
11142 1
11143 1
11144 1
11156 1
11158 1
11160 1
11162 1
11170 1
11171 1
11187 2
11195 1
11197 1
11198 1
11203 1
11204 1
11207 1
11208 1
11223 2
11235 2
11244 2
11245 1
11246 1
11251 1
11252 1
11261 1
11287 1
11288 1
11299 1
11300 1
11315 1
11320 1
11336 1
11344 1
11345 1
11349 1
11351 1
11367 1
11368 1
11416 1
11417 1
11432 1
11437 1
11441 1
11453 1
11489 1
11541 1
11550 1
11591 1
11601 1
11605 1
11607 1
11608 1
11609 1
11613 1
11617 1
11642 1
11651 1
11655 1
11657 1
11691 1
11707 1
11716 1
11722 1
11726 1
11730 1
11732 1
11751 1
11776 1
11783 1
11784 1
11791 1
11795 1
11796 1
11799 1
11808 1
11816 1
11832 1
11834 1
11848 1
11856 1
11865 1
11887 1
11901 1
11908 1
11911 1
11913 1
11917 1
11922 1
11924 1
11932 1
11936 1
11940 1
11953 1
11969 1
11982 1
11988 1
11989 1
12001 1
12003 1
12010 1
12024 1
12034 1
12041 1
12048 1
12057 1
12062 1
12068 1
12089 2
12090 1
12093 1
12098 1
12099 1
12101 1
12102 1
12104 1
12105 1
12115 2
12122 1
12131 1
12136 1
12154 1
12158 1
12163 1
12166 1
12167 1
12169 1
12179 1
12180 1
12182 1
12183 1
12194 1
12198 1
12199 1
12203 1
12215 1
12226 1
12238 1
12246 1
12247 1
12258 1
12259 1
12263 1
12279 1
12287 1
12291 1
12295 2
12296 1
12303 1
12304 1
12355 1
12356 1
12360 1
12369 1
12379 1
12381 1
12400 1
12412 1
12416 1
12417 2
12428 1
12429 1
12471 1
12472 1
12478 1
12481 1
12493 1
12509 1
12530 1
12536 1
12572 1
12583 1
12614 1
12630 1
12631 1
12650 1
12654 1
12673 1
12704 1
12706 1
12710 1
12735 1
12742 1
12743 1
12756 1
12771 1
12775 1
12793 1
12794 1
12859 1
12864 1
12867 1
12881 1
12891 1
12893 1
12897 1
12920 1
12960 1
12962 1
12969 1
12975 1
12977 1
12981 1
12983 1
12985 1
12990 1
13021 1
13037 1
13048 1
13050 1
13052 1
13069 1
13073 1
13095 1
13102 1
13111 1
13117 1
13138 1
13153 1
13154 1
13157 1
13158 1
13161 1
13165 1
13166 2
13174 1
13195 1
13203 1
13204 1
13218 2
13222 1
13226 1
13230 1
13250 1
13267 1
13287 1
13314 1
13315 1
13328 1
13338 1
13340 1
13342 1
13344 1
13345 1
13356 1
13357 1
13367 1
13368 1
13409 1
13421 1
13428 1
13430 1
13431 1
13437 1
13440 1
13458 1
13468 1
13484 1
13485 1
13495 1
13501 1
13520 1
13521 1
13532 1
13533 1
13542 1
13549 1
13558 1
13559 1
13585 1
13597 1
13613 1
13634 1
13642 1
13663 1
13665 1
13684 1
13714 1
13715 1
13763 1
13774 1
13839 1
13852 1
13905 1
13911 1
13940 1
13949 1
13955 1
13965 1
14024 1
14028 1
14030 1
14032 1
14049 1
14074 1
14081 1
14097 1
14120 1
14131 1
14132 1
14141 1
14146 1
14154 1
14162 1
14163 1
14179 1
14185 1
14206 1
14215 1
14221 1
14222 1
14238 1
14267 1
14286 1
14301 1
14322 1
14355 1
14387 1
14391 1
14396 1
14399 1
14402 1
14412 1
14413 1
14429 1
14477 1
14479 1
14480 1
14481 1
14491 1
14492 1
14496 1
14544 1
14556 1
14588 1
14589 1
14593 2
14601 1
14643 1
14653 1
14714 1
14722 1
14726 1
14743 1
14769 1
14870 1
14916 1
14928 1
15002 1
15004 1
15008 1
15033 1
15040 1
15049 1
15054 1
15090 1
15091 1
15092 1
15100 1
15107 1
15165 1
15190 1
15191 1
15195 1
15218 1
15281 1
15283 2
15335 1
15350 1
15371 1
15409 1
15451 1
15455 1
15459 1
15463 1
15501 1
15547 1
15548 1
15612 1
15642 1
15654 1
15665 1
15702 1
15728 1
15782 1
15786 1
15818 1
15830 1
15856 1
15961 1
15977 1
15982 1
16013 1
16029 1
16061 1
16072 1
16149 1
16150 1
16153 1
16242 1
16263 1
16330 1
16418 1
16429 1
16439 1
16460 1
16476 1
16477 1
16519 1
16710 1
16766 1
16777 1
16789 1
16886 1
16941 1
16957 1
17020 1
17041 1
17112 1
17133 1
17213 1
17214 1
17347 1
17388 1
17398 1
17404 1
17405 1
17488 1
17580 1
17581 1
17845 1
18000 1
18084 1
18092 1
18275 1
18327 1
18447 1
18451 1
18539 1
18540 1
18774 1
19064 1
19255 1
19410 1
19431 1
19511 1
19702 1
19878 1
20390 1
20837 1
24436 1
26733 1
26734 1
29031 1
End
