NMec = 95584
T = 20
P = 1
Profits not ignored
Valid tasks:                                                             8100
Solution time = 1.954e-04
Task data
    9  18  1627 0
   20  25   719 0
   27  50  1567 -1
   40 159 17878 0
   60  67  1411 -1
   63  72  1514 -1
   69  81  1271 -1
   70  76   986 -1
   74  84  2799 -1
   74  87  1719 -1
   76  98  4061 -1
  114 131  1826 -1
  114 131  4738 -1
  114 138  5330 -1
  132 138   576 -1
  166 176  2456 -1
  167 188  4332 0
  178 188  1392 -1
  186 196  1335 -1
  188 195   698 -1
Best profit: 24556
All profits:
0 1
576 1
698 1
719 1
986 1
1271 1
1274 1
1295 1
1335 1
1392 1
1411 1
1417 1
1514 1
1562 1
1567 1
1627 1
1684 1
1705 1
1719 1
1826 1
1847 1
1911 1
1968 1
1969 1
1987 1
1990 1
1993 1
2054 1
2090 1
2109 1
2111 1
2130 1
2143 1
2203 1
2212 1
2233 1
2260 1
2265 1
2281 1
2286 1
2295 1
2321 1
2325 1
2346 1
2378 1
2397 1
2402 1
2403 1
2417 1
2438 1
2456 1
2524 1
2545 2
2553 1
2566 1
2606 1
2613 1
2630 1
2663 1
2682 1
2685 1
2687 1
2688 1
2706 1
2746 1
2788 1
2799 1
2803 1
2809 1
2812 1
2828 1
2838 1
2841 1
2849 1
2862 1
2897 1
2898 1
2901 1
2902 1
2906 1
2922 1
2931 1
2954 1
2959 1
2962 1
2973 1
2978 1
2979 1
2984 1
2993 1
3014 1
3019 1
3032 1
3038 1
3040 1
3044 1
3054 1
3081 1
3095 1
3097 2
3100 1
3111 1
3116 1
3121 1
3129 1
3130 1
3136 1
3141 1
3154 1
3161 1
3175 1
3182 1
3189 1
3194 1
3218 1
3233 1
3237 1
3239 1
3243 1
3251 1
3258 1
3264 1
3272 1
3286 1
3311 1
3322 1
3325 1
3332 1
3340 1
3346 1
3375 1
3379 1
3380 1
3382 1
3388 1
3393 1
3401 1
3404 1
3414 1
3425 1
3442 1
3453 1
3465 1
3474 1
3478 1
3482 1
3497 1
3507 1
3510 1
3518 1
3522 1
3531 1
3535 1
3536 1
3538 1
3545 1
3554 1
3557 1
3560 1
3568 1
3595 1
3596 1
3614 1
3616 1
3617 1
3620 1
3621 1
3625 1
3630 1
3657 1
3671 1
3673 2
3676 1
3678 1
3681 1
3687 1
3692 1
3697 1
3706 1
3712 1
3717 1
3727 1
3730 1
3732 1
3736 1
3737 1
3738 1
3751 1
3757 1
3770 1
3773 1
3779 1
3789 1
3791 1
3794 1
3795 1
3800 1
3809 1
3813 1
3814 1
3816 1
3819 1
3827 1
3828 1
3830 1
3839 1
3848 2
3849 1
3860 1
3862 1
3867 1
3873 1
3880 1
3887 1
3888 1
3892 1
3901 1
3908 1
3913 1
3916 1
3922 1
3931 1
3935 1
3937 1
3945 1
3948 1
3952 1
3956 2
3958 1
3964 1
3969 1
3970 2
3977 1
3984 1
4005 2
4017 1
4018 1
4023 1
4024 1
4029 1
4030 1
4038 1
4041 1
4044 1
4059 1
4061 1
4065 1
4073 1
4074 1
4083 1
4086 1
4091 1
4094 1
4098 1
4099 1
4107 1
4112 2
4121 1
4133 1
4134 1
4140 1
4144 1
4147 1
4151 1
4161 1
4172 2
4173 1
4175 1
4180 1
4191 1
4193 1
4197 1
4201 1
4204 1
4210 1
4216 1
4223 1
4229 1
4230 1
4233 1
4243 1
4249 1
4252 1
4254 1
4255 1
4257 1
4264 1
4273 1
4282 1
4290 1
4303 1
4308 1
4309 1
4312 1
4313 2
4314 1
4315 1
4332 1
4333 1
4349 1
4355 1
4365 1
4366 1
4367 1
4370 1
4371 1
4373 1
4376 1
4379 1
4390 1
4392 1
4395 1
4404 1
4406 1
4415 1
4416 1
4424 1
4425 2
4426 1
4430 1
4432 1
4436 1
4439 1
4443 1
4446 1
4449 1
4451 1
4455 1
4456 1
4464 1
4465 2
4468 1
4473 1
4476 1
4489 2
4498 1
4507 1
4508 2
4510 1
4511 1
4513 1
4514 1
4521 1
4522 1
4524 1
4528 1
4529 1
4532 1
4533 1
4540 1
4546 2
4547 1
4558 1
4560 1
4565 1
4567 1
4568 1
4572 1
4581 2
4586 2
4593 1
4599 1
4600 1
4605 1
4606 1
4607 1
4611 1
4614 1
4620 1
4621 1
4625 2
4629 1
4635 1
4637 1
4641 1
4650 2
4654 1
4659 1
4662 1
4664 2
4667 2
4668 1
4675 2
4678 1
4681 1
4683 1
4688 1
4689 1
4697 1
4703 1
4708 1
4710 1
4716 1
4721 1
4722 1
4723 1
4724 2
4727 1
4728 1
4732 1
4736 1
4737 1
4738 2
4742 1
4743 1
4748 1
4749 1
4751 1
4756 1
4757 2
4759 1
4763 1
4767 1
4777 1
4780 2
4781 1
4785 1
4786 1
4788 1
4792 1
4793 1
4799 1
4800 1
4802 1
4804 1
4805 1
4806 1
4809 1
4810 1
4819 1
4825 1
4831 1
4834 1
4840 1
4845 1
4853 2
4858 1
4859 1
4860 1
4864 1
4866 2
4870 1
4873 1
4878 1
4880 1
4885 1
4889 2
4891 1
4892 1
4894 1
4899 1
4907 1
4908 2
4910 1
4913 1
4921 1
4923 1
4929 1
4937 1
4942 2
4946 1
4947 1
4949 2
4952 1
4955 1
4956 1
4962 1
4967 1
4968 1
4971 1
4980 1
4992 1
5001 2
5002 1
5006 1
5007 1
5008 1
5009 2
5011 1
5015 1
5020 1
5022 1
5027 1
5028 1
5031 1
5032 2
5041 2
5049 1
5051 1
5052 1
5059 1
5062 1
5064 1
5065 1
5069 1
5074 1
5077 1
5084 2
5085 1
5086 1
5089 1
5090 1
5092 1
5098 2
5105 1
5109 1
5112 1
5119 1
5123 1
5124 1
5134 1
5135 1
5137 1
5138 1
5141 1
5143 1
5144 2
5145 1
5148 1
5149 1
5151 1
5158 1
5162 2
5163 1
5172 1
5181 1
5183 1
5184 2
5187 1
5192 1
5195 1
5197 1
5201 2
5202 1
5205 1
5206 1
5208 1
5226 1
5227 1
5230 1
5238 1
5240 2
5241 1
5243 1
5244 1
5248 1
5251 1
5252 1
5254 1
5255 1
5257 1
5259 2
5265 1
5268 1
5273 1
5279 1
5284 2
5287 1
5291 1
5294 1
5297 1
5298 1
5299 1
5300 2
5303 1
5304 1
5305 2
5308 1
5312 1
5314 2
5318 2
5319 1
5323 1
5324 1
5330 1
5333 2
5335 1
5339 1
5340 1
5344 2
5348 1
5353 1
5354 1
5356 2
5357 1
5358 1
5359 1
5361 1
5362 2
5364 1
5369 1
5376 1
5378 1
5380 1
5381 1
5383 1
5386 1
5387 1
5394 1
5395 1
5396 1
5397 1
5400 1
5406 1
5410 1
5415 1
5416 2
5418 1
5421 1
5422 1
5427 1
5429 2
5434 1
5435 1
5436 2
5440 2
5441 1
5442 1
5443 1
5446 1
5447 1
5449 1
5451 1
5453 1
5454 1
5455 1
5456 1
5457 2
5468 1
5470 1
5472 1
5475 2
5476 1
5478 1
5483 1
5484 1
5486 1
5489 1
5494 1
5496 1
5497 1
5498 1
5499 1
5500 1
5502 1
5504 1
5505 1
5507 1
5510 1
5513 1
5515 1
5518 1
5519 1
5523 2
5525 1
5528 1
5532 1
5537 1
5538 1
5543 1
5544 1
5545 1
5551 1
5553 2
5556 1
5558 2
5562 1
5564 1
5567 1
5572 2
5575 1
5577 1
5579 1
5583 2
5584 1
5585 2
5586 1
5587 1
5591 1
5592 1
5596 1
5597 2
5599 1
5602 1
5603 1
5604 1
5605 1
5608 2
5611 1
5615 1
5617 1
5626 1
5627 2
5628 1
5632 1
5635 1
5638 1
5640 2
5641 1
5644 1
5645 1
5648 1
5650 1
5653 1
5654 1
5656 1
5661 1
5665 2
5666 1
5668 1
5674 2
5675 1
5686 1
5688 2
5689 1
5693 1
5695 1
5699 1
5700 1
5701 2
5705 1
5707 1
5711 1
5713 1
5714 2
5718 1
5720 1
5721 1
5724 1
5725 1
5726 1
5727 1
5728 1
5730 1
5734 1
5739 2
5742 1
5743 1
5748 1
5757 1
5758 1
5760 2
5761 1
5767 1
5768 1
5771 2
5774 1
5777 1
5778 2
5781 1
5782 1
5783 1
5784 1
5788 1
5790 1
5796 2
5800 1
5802 1
5803 1
5810 1
5817 1
5818 1
5824 1
5828 1
5831 3
5835 1
5836 1
5837 1
5838 1
5843 2
5844 1
5846 1
5849 1
5850 1
5856 1
5857 2
5860 1
5863 1
5867 1
5870 2
5875 1
5876 1
5879 1
5880 1
5881 2
5882 1
5887 1
5891 1
5894 1
5899 2
5900 2
5909 1
5916 1
5920 2
5921 1
5924 1
5925 1
5930 1
5932 1
5934 1
5935 1
5938 2
5940 2
5953 1
5957 1
5959 2
5960 1
5963 1
5966 1
5970 1
5971 1
5972 1
5973 1
5974 1
5976 1
5978 1
5982 1
5987 1
5991 1
5992 3
5993 1
5994 1
5997 1
5998 1
5999 1
6001 1
6003 1
6006 1
6009 1
6010 1
6012 1
6013 1
6016 1
6017 2
6018 1
6019 1
6022 1
6023 1
6024 1
6027 1
6028 1
6029 1
6031 1
6032 1
6033 2
6036 1
6037 1
6042 1
6043 1
6048 1
6049 1
6051 2
6052 2
6054 1
6056 1
6059 1
6070 1
6072 1
6073 2
6074 1
6075 2
6076 1
6077 1
6078 2
6080 1
6081 2
6083 1
6086 1
6089 1
6091 1
6092 1
6095 1
6099 1
6100 1
6113 1
6114 1
6115 1
6116 1
6121 1
6125 1
6127 1
6129 2
6130 1
6132 1
6134 3
6135 3
6137 1
6138 1
6139 2
6140 1
6141 1
6143 1
6148 2
6149 2
6151 1
6153 1
6155 2
6158 1
6159 1
6160 1
6162 1
6167 1
6168 1
6170 1
6172 1
6173 2
6174 1
6175 1
6178 1
6179 1
6181 1
6187 1
6188 1
6191 2
6192 3
6193 1
6194 1
6195 1
6196 1
6199 1
6202 1
6203 1
6204 1
6208 1
6213 1
6216 1
6217 2
6220 1
6221 1
6224 1
6226 1
6229 1
6230 1
6232 1
6234 1
6235 1
6241 1
6242 2
6245 1
6248 1
6250 1
6251 2
6252 3
6256 2
6262 1
6264 2
6265 1
6269 1
6270 1
6272 1
6273 1
6275 1
6277 4
6281 2
6283 1
6284 1
6286 1
6289 1
6290 1
6291 3
6294 2
6295 1
6299 1
6300 1
6302 2
6303 1
6304 1
6305 3
6306 1
6310 1
6315 1
6316 2
6318 1
6319 1
6321 1
6322 1
6324 2
6326 1
6330 1
6333 1
6334 2
6336 1
6337 1
6343 1
6344 1
6347 2
6348 2
6350 1
6353 1
6354 1
6355 1
6357 1
6359 2
6360 1
6363 1
6364 1
6365 1
6366 1
6367 1
6369 1
6372 2
6373 1
6376 1
6378 1
6384 1
6386 2
6387 1
6391 1
6393 1
6394 2
6401 1
6404 1
6407 3
6408 1
6412 3
6413 1
6414 1
6419 2
6420 3
6422 2
6424 1
6425 1
6426 2
6427 1
6431 1
6432 1
6433 3
6437 1
6440 1
6443 1
6446 1
6447 1
6451 1
6452 1
6456 1
6457 1
6458 1
6461 2
6462 1
6463 1
6467 1
6473 1
6475 2
6476 2
6477 1
6480 2
6485 1
6486 1
6488 1
6490 1
6493 1
6494 1
6496 1
6497 1
6500 1
6501 1
6504 1
6507 1
6509 1
6515 1
6516 2
6517 1
6519 1
6521 1
6523 1
6529 2
6530 1
6534 1
6535 2
6536 1
6537 1
6542 1
6547 1
6548 1
6550 2
6554 1
6555 1
6556 1
6562 1
6563 1
6564 1
6565 1
6568 2
6569 2
6573 1
6574 1
6575 1
6576 1
6577 1
6578 1
6582 1
6583 1
6585 2
6589 2
6590 1
6593 1
6594 1
6595 1
6598 1
6599 1
6600 1
6601 1
6603 1
6606 1
6607 1
6608 1
6612 1
6613 1
6618 2
6619 2
6626 1
6627 1
6628 2
6629 1
6632 1
6635 1
6636 1
6638 1
6647 1
6649 2
6651 2
6653 1
6654 1
6657 2
6659 2
6660 1
6665 2
6666 1
6668 1
6672 1
6676 1
6678 1
6679 2
6685 1
6686 2
6689 1
6690 1
6691 2
6692 1
6699 1
6701 1
6704 1
6705 1
6706 1
6707 1
6708 1
6710 1
6711 4
6712 1
6713 1
6715 2
6716 1
6717 1
6718 1
6720 1
6722 1
6725 3
6728 1
6729 2
6731 1
6734 2
6736 1
6739 1
6741 1
6746 2
6747 1
6748 1
6750 1
6751 1
6755 1
6762 1
6764 1
6765 1
6767 1
6768 3
6769 2
6770 2
6771 2
6772 1
6773 1
6775 2
6778 1
6789 1
6792 1
6793 1
6794 1
6797 1
6805 1
6807 1
6808 1
6810 1
6811 2
6818 1
6819 1
6821 1
6822 1
6824 1
6826 1
6827 1
6828 3
6829 1
6832 2
6833 1
6835 2
6837 1
6840 1
6844 1
6846 1
6847 1
6848 1
6849 2
6851 1
6853 2
6854 2
6857 1
6858 2
6860 1
6862 1
6864 1
6865 1
6867 3
6868 2
6870 1
6871 1
6872 1
6875 1
6877 1
6878 1
6879 1
6881 3
6882 1
6885 1
6886 2
6888 1
6889 1
6890 1
6892 1
6895 1
6897 2
6898 1
6900 2
6902 1
6906 1
6907 1
6910 2
6911 3
6912 1
6914 1
6915 1
6918 1
6920 1
6921 2
6923 1
6924 2
6926 1
6929 1
6931 1
6932 1
6935 1
6936 1
6939 1
6941 1
6943 1
6945 3
6949 1
6950 2
6954 1
6957 1
6960 1
6961 1
6962 1
6963 2
6964 2
6967 3
6969 1
6970 2
6971 3
6975 1
6977 1
6978 1
6980 1
6983 2
6984 1
6985 1
6988 2
6989 2
6992 1
6996 3
6998 1
7000 1
7002 1
7003 3
7007 1
7008 1
7009 1
7010 2
7013 1
7014 3
7016 1
7018 1
7019 1
7020 1
7021 1
7022 1
7023 2
7024 3
7027 1
7028 1
7033 1
7035 1
7037 2
7038 1
7039 1
7042 1
7043 1
7045 1
7049 2
7051 1
7052 1
7053 1
7056 2
7059 1
7061 1
7062 1
7063 2
7064 1
7066 1
7067 2
7069 1
7070 1
7072 1
7074 1
7076 1
7077 1
7078 1
7080 2
7081 2
7083 1
7084 1
7085 2
7091 1
7093 1
7095 1
7097 1
7099 2
7105 2
7106 2
7110 2
7111 1
7112 1
7113 2
7116 1
7118 1
7120 2
7123 2
7124 1
7125 2
7126 1
7129 1
7131 4
7132 1
7134 1
7135 1
7137 1
7138 1
7139 1
7140 1
7141 2
7142 1
7144 2
7145 1
7146 1
7150 2
7152 1
7153 1
7154 1
7155 1
7159 2
7161 1
7164 1
7165 1
7166 2
7169 1
7170 2
7171 1
7172 1
7175 1
7176 1
7178 1
7179 1
7180 2
7182 2
7183 1
7184 1
7185 1
7188 1
7192 1
7194 4
7195 1
7199 1
7202 2
7204 1
7205 1
7207 1
7211 1
7212 1
7213 2
7214 1
7215 2
7219 1
7221 1
7222 1
7223 2
7226 1
7229 1
7230 1
7232 1
7235 2
7236 2
7241 1
7242 3
7244 1
7248 1
7249 1
7253 1
7254 2
7255 3
7256 1
7260 1
7261 1
7262 2
7265 1
7266 1
7267 2
7268 1
7272 1
7275 2
7279 1
7280 1
7281 2
7283 2
7287 1
7288 1
7291 1
7292 1
7293 1
7294 1
7296 1
7297 1
7298 1
7299 1
7301 2
7302 1
7304 2
7305 1
7309 1
7310 2
7312 1
7315 1
7316 1
7320 2
7322 2
7324 1
7326 1
7327 1
7328 1
7331 1
7332 1
7334 1
7336 1
7338 1
7341 2
7344 1
7345 3
7346 1
7347 1
7348 1
7349 1
7351 2
7354 1
7355 1
7357 1
7363 1
7364 1
7366 1
7368 1
7369 1
7370 2
7371 1
7377 1
7379 1
7383 1
7384 3
7385 2
7387 1
7393 1
7395 1
7398 3
7401 2
7402 1
7403 1
7404 1
7405 3
7408 1
7409 1
7410 2
7411 2
7412 1
7413 2
7417 1
7418 1
7420 1
7423 3
7424 1
7425 1
7426 1
7427 1
7428 1
7429 1
7430 2
7434 2
7437 1
7439 1
7440 1
7441 1
7444 2
7448 2
7453 2
7454 1
7458 2
7460 1
7461 1
7462 2
7463 1
7464 1
7465 2
7466 1
7467 2
7470 1
7471 1
7473 1
7474 1
7476 1
7483 1
7484 2
7486 1
7487 3
7488 2
7490 1
7491 1
7492 1
7494 1
7497 2
7502 1
7505 1
7507 1
7508 1
7514 1
7515 1
7520 1
7521 2
7526 4
7527 2
7530 1
7531 1
7533 1
7537 2
7539 1
7540 2
7541 2
7542 1
7543 2
7545 1
7546 1
7547 3
7548 1
7551 1
7552 1
7554 2
7556 1
7559 1
7561 1
7563 1
7565 3
7566 1
7568 2
7569 1
7576 1
7579 2
7580 1
7583 1
7584 2
7586 2
7587 2
7590 2
7591 1
7593 1
7594 1
7595 1
7596 1
7597 1
7598 1
7599 1
7600 3
7601 1
7603 1
7604 2
7605 1
7607 1
7609 1
7614 1
7615 1
7616 1
7618 2
7619 2
7621 1
7626 1
7628 1
7629 1
7635 1
7636 1
7637 1
7639 2
7640 3
7643 2
7644 2
7645 1
7648 1
7650 1
7651 2
7653 1
7654 1
7655 1
7656 1
7657 2
7659 1
7660 1
7661 1
7662 1
7663 1
7664 2
7669 2
7672 1
7675 1
7676 1
7678 1
7681 1
7682 2
7683 2
7686 2
7688 1
7689 1
7692 1
7694 1
7696 2
7697 2
7699 1
7700 1
7701 2
7702 2
7704 1
7705 1
7706 1
7707 3
7708 3
7710 1
7711 1
7713 1
7715 1
7716 2
7717 1
7718 1
7720 1
7722 2
7725 1
7726 1
7727 1
7729 1
7731 1
7733 2
7735 1
7737 1
7739 1
7740 1
7741 1
7742 2
7743 1
7745 1
7746 2
7747 2
7748 1
7752 1
7754 1
7755 1
7756 2
7757 1
7758 2
7759 1
7760 1
7761 2
7762 1
7764 1
7766 2
7768 2
7770 3
7775 1
7776 1
7778 2
7779 1
7780 1
7782 1
7783 1
7785 1
7786 1
7787 1
7789 2
7791 2
7792 1
7795 1
7796 1
7797 2
7798 1
7799 2
7800 2
7802 1
7804 1
7805 1
7806 1
7808 1
7812 2
7815 1
7817 1
7818 4
7819 3
7820 1
7823 1
7825 1
7829 1
7830 1
7831 2
7832 1
7833 1
7835 1
7836 1
7837 1
7839 1
7840 1
7842 1
7843 1
7844 3
7848 2
7849 1
7850 2
7851 2
7852 1
7853 1
7854 1
7855 1
7856 1
7857 1
7858 1
7859 1
7861 1
7862 1
7863 1
7867 1
7868 1
7869 2
7872 2
7873 1
7874 2
7877 2
7878 2
7879 1
7880 1
7883 2
7885 1
7886 1
7888 1
7889 1
7891 1
7892 2
7896 1
7897 1
7898 1
7899 1
7900 2
7901 1
7902 1
7903 1
7904 2
7907 1
7908 1
7909 1
7910 1
7911 1
7912 1
7913 2
7915 1
7917 1
7918 1
7920 1
7921 2
7924 1
7926 1
7927 1
7928 1
7930 1
7931 1
7932 2
7933 1
7934 2
7936 1
7939 1
7940 2
7941 1
7942 1
7943 1
7945 1
7946 1
7947 1
7948 1
7949 1
7951 1
7953 2
7954 1
7955 1
7958 1
7960 2
7961 4
7963 1
7969 1
7971 2
7974 3
7975 2
7977 2
7979 2
7980 1
7981 2
7984 1
7986 2
7987 1
7988 1
7989 2
7991 1
7993 2
7994 2
7996 2
7998 1
7999 2
8000 2
8001 1
8002 1
8004 1
8005 1
8010 1
8012 1
8013 1
8014 2
8017 1
8018 3
8020 1
8021 1
8024 2
8028 1
8029 2
8030 1
8031 1
8034 1
8035 1
8038 1
8039 2
8040 1
8041 1
8043 3
8046 1
8047 2
8049 2
8050 1
8051 1
8052 1
8053 1
8055 1
8058 1
8060 3
8061 1
8063 1
8064 2
8067 1
8068 1
8070 1
8071 1
8074 1
8076 1
8078 1
8082 1
8083 2
8084 2
8088 1
8089 1
8090 2
8091 1
8096 2
8097 1
8099 1
8100 1
8102 3
8103 3
8104 2
8107 1
8109 1
8110 1
8112 1
8113 1
8115 1
8117 3
8118 1
8120 2
8121 2
8122 1
8123 1
8124 1
8128 1
8129 2
8130 1
8131 2
8132 2
8133 1
8136 1
8139 1
8141 1
8142 2
8144 2
8145 1
8147 1
8148 1
8150 1
8152 2
8156 2
8157 2
8158 1
8159 1
8160 1
8161 1
8163 2
8167 1
8168 1
8169 1
8170 1
8173 1
8174 1
8177 1
8179 2
8180 2
8181 2
8182 1
8183 1
8185 1
8186 2
8189 1
8190 1
8192 1
8193 1
8194 1
8195 2
8202 1
8203 1
8204 1
8205 2
8212 2
8213 1
8214 1
8216 3
8217 1
8220 2
8221 1
8224 1
8226 1
8227 2
8228 1
8230 1
8232 1
8233 2
8234 1
8235 2
8236 1
8238 1
8239 2
8240 2
8245 3
8246 3
8248 1
8250 1
8252 1
8253 1
8254 1
8256 2
8258 1
8259 2
8260 1
8261 1
8262 1
8266 1
8273 2
8274 2
8276 1
8278 2
8280 1
8282 1
8284 3
8287 2
8288 1
8289 1
8292 3
8293 1
8295 1
8296 1
8298 1
8299 2
8301 2
8303 1
8306 3
8308 1
8309 1
8312 1
8313 2
8314 1
8315 1
8317 1
8318 1
8319 1
8322 1
8323 1
8326 1
8331 1
8332 1
8333 1
8334 2
8335 1
8336 1
8337 2
8338 2
8342 2
8343 1
8345 1
8347 1
8349 1
8352 1
8354 1
8355 2
8356 3
8358 1
8359 1
8361 2
8363 2
8368 2
8370 1
8372 1
8373 1
8374 2
8375 1
8376 2
8378 1
8380 1
8381 1
8382 1
8384 1
8388 1
8391 2
8393 1
8394 2
8395 3
8396 2
8397 1
8399 1
8400 1
8402 1
8404 1
8407 1
8409 1
8411 2
8413 1
8414 1
8415 1
8416 3
8419 1
8420 2
8421 1
8424 1
8425 3
8426 2
8427 2
8428 1
8429 1
8430 1
8431 1
8432 1
8434 2
8435 2
8437 1
8438 1
8439 1
8441 1
8444 2
8445 1
8446 1
8448 2
8449 1
8450 1
8453 2
8454 1
8455 2
8456 1
8459 1
8460 1
8462 1
8464 2
8465 2
8466 1
8467 1
8468 1
8470 1
8471 1
8473 2
8474 2
8475 1
8476 2
8477 2
8478 1
8479 1
8480 1
8481 1
8483 1
8484 1
8485 3
8487 1
8488 1
8489 2
8491 2
8492 1
8494 1
8495 1
8497 1
8498 1
8499 1
8502 1
8504 2
8505 1
8506 1
8508 2
8510 2
8511 1
8512 2
8515 1
8516 2
8517 3
8524 2
8525 1
8527 2
8529 2
8530 1
8531 2
8534 3
8536 1
8537 4
8538 3
8539 1
8542 2
8545 1
8547 2
8548 1
8550 1
8551 2
8552 1
8555 2
8556 1
8559 1
8563 2
8565 1
8566 1
8567 1
8568 1
8570 2
8571 1
8572 2
8574 1
8576 1
8577 3
8581 3
8586 2
8587 1
8588 1
8590 3
8591 3
8593 1
8594 3
8595 2
8596 2
8597 2
8598 1
8600 1
8602 1
8604 1
8605 3
8607 1
8611 2
8615 1
8616 2
8619 2
8623 2
8625 1
8626 2
8627 1
8628 1
8629 1
8630 2
8631 1
8633 1
8634 2
8636 1
8637 2
8639 1
8641 2
8643 1
8645 2
8646 1
8647 3
8648 2
8650 1
8651 2
8652 1
8654 1
8655 2
8658 1
8659 1
8660 2
8662 1
8664 1
8665 1
8666 2
8669 1
8672 2
8673 2
8675 1
8676 2
8677 1
8678 1
8679 1
8680 3
8683 1
8686 2
8688 1
8690 3
8691 1
8693 1
8694 2
8696 2
8697 1
8698 3
8699 1
8702 1
8704 1
8705 1
8707 2
8708 5
8710 1
8711 1
8712 3
8715 2
8718 1
8720 2
8722 1
8723 1
8724 1
8726 1
8728 1
8729 1
8731 1
8732 1
8733 4
8736 1
8737 3
8739 1
8740 1
8743 2
8745 1
8746 1
8747 3
8749 1
8750 2
8752 1
8755 2
8756 1
8757 1
8758 3
8759 1
8761 2
8762 3
8765 1
8766 1
8768 2
8769 2
8771 2
8772 1
8777 1
8779 1
8780 2
8781 1
8782 2
8786 1
8788 1
8789 2
8790 2
8793 3
8795 1
8796 1
8797 2
8799 1
8802 1
8803 3
8804 1
8806 1
8809 3
8810 1
8811 2
8812 1
8815 2
8816 1
8818 1
8819 1
8821 3
8822 3
8823 1
8826 1
8827 1
8828 1
8829 2
8832 2
8834 1
8836 1
8837 1
8840 2
8842 3
8846 1
8848 2
8849 1
8850 4
8852 1
8860 1
8863 3
8864 1
8865 1
8866 1
8868 1
8869 2
8871 2
8872 2
8875 2
8876 2
8877 1
8878 1
8879 1
8880 1
8882 3
8883 1
8887 2
8888 1
8889 2
8893 1
8898 2
8899 2
8902 1
8903 1
8906 1
8907 1
8908 1
8910 1
8911 1
8912 1
8913 2
8914 1
8918 1
8919 1
8921 1
8923 1
8924 1
8925 1
8926 1
8929 1
8931 3
8932 3
8933 1
8935 1
8936 1
8937 2
8938 1
8939 2
8944 1
8946 1
8947 1
8948 1
8949 1
8950 1
8951 2
8952 1
8954 2
8955 1
8957 2
8958 1
8960 1
8963 1
8965 1
8967 1
8968 2
8969 1
8971 1
8972 3
8973 1
8975 1
8976 1
8978 1
8979 1
8980 1
8985 1
8987 1
8990 2
8991 1
8992 2
8993 2
8995 2
8996 1
8997 1
8998 1
9001 1
9004 1
9006 2
9007 1
9008 1
9010 1
9011 3
9012 1
9015 1
9018 1
9020 3
9025 2
9027 1
9028 2
9029 2
9030 1
9031 1
9032 2
9034 1
9037 1
9038 1
9039 1
9040 2
9041 3
9045 1
9046 1
9047 1
9049 1
9050 2
9051 3
9052 1
9053 2
9054 1
9055 2
9056 1
9057 2
9061 2
9062 2
9064 1
9066 1
9067 1
9068 2
9070 1
9071 1
9074 1
9075 3
9080 2
9081 1
9082 1
9087 2
9088 2
9089 1
9091 1
9092 1
9093 3
9094 2
9098 1
9101 1
9103 2
9104 1
9105 1
9107 2
9108 1
9109 1
9110 2
9111 1
9112 1
9113 2
9114 3
9115 2
9118 2
9119 2
9121 2
9123 1
9124 1
9128 1
9130 1
9131 1
9132 2
9133 1
9135 2
9136 1
9142 2
9144 2
9146 1
9147 2
9148 1
9150 1
9153 3
9154 2
9157 2
9158 2
9160 2
9162 1
9163 2
9164 2
9166 1
9167 3
9168 2
9169 1
9170 1
9171 2
9172 2
9173 1
9174 2
9178 1
9179 1
9181 3
9183 1
9184 1
9187 1
9189 1
9190 2
9192 2
9193 1
9195 2
9196 2
9197 1
9202 2
9203 3
9204 1
9206 2
9207 1
9209 1
9210 2
9211 3
9213 1
9214 1
9217 1
9218 2
9221 2
9222 1
9223 2
9224 2
9227 2
9228 1
9229 1
9230 1
9231 3
9234 1
9236 2
9239 1
9242 1
9243 1
9245 2
9246 1
9248 2
9249 1
9250 1
9253 2
9256 2
9259 1
9260 1
9261 2
9262 1
9263 1
9264 1
9266 3
9267 2
9270 1
9271 1
9274 3
9275 2
9278 2
9280 1
9282 1
9284 4
9285 1
9287 1
9288 2
9289 1
9291 2
9293 1
9294 1
9296 2
9298 1
9299 1
9300 3
9303 1
9305 2
9306 1
9309 3
9310 2
9312 1
9313 3
9314 3
9315 1
9316 1
9319 2
9320 1
9321 1
9323 3
9324 3
9326 1
9328 1
9331 2
9333 1
9334 2
9335 3
9337 2
9338 1
9342 1
9343 1
9344 1
9345 3
9346 1
9347 2
9349 1
9352 2
9353 2
9354 1
9356 2
9358 2
9359 1
9360 2
9362 1
9363 1
9364 2
9365 1
9366 3
9367 2
9369 2
9370 1
9371 1
9372 1
9373 2
9374 2
9375 1
9379 2
9380 1
9382 1
9385 2
9387 1
9388 2
9391 3
9392 1
9394 1
9395 2
9397 2
9399 1
9400 1
9402 1
9404 1
9405 2
9406 2
9409 1
9410 1
9413 2
9416 3
9417 2
9418 2
9419 2
9421 1
9422 1
9423 2
9424 1
9425 1
9426 2
9427 3
9429 1
9430 1
9431 1
9435 1
9439 2
9441 2
9444 2
9445 2
9446 1
9447 1
9448 2
9452 2
9454 1
9455 1
9456 1
9458 1
9459 2
9460 1
9462 1
9463 1
9464 2
9465 1
9466 2
9467 1
9469 1
9470 1
9471 1
9474 2
9475 2
9476 2
9477 2
9478 1
9479 2
9480 2
9481 1
9482 1
9483 1
9485 1
9487 1
9488 1
9489 1
9490 1
9491 1
9494 1
9495 2
9497 1
9499 1
9500 1
9501 3
9503 1
9504 1
9505 2
9507 2
9508 2
9509 1
9510 1
9512 2
9513 1
9514 1
9515 2
9516 1
9518 1
9519 1
9520 1
9521 1
9522 1
9523 1
9524 1
9525 1
9527 1
9528 2
9530 2
9531 1
9533 1
9534 1
9536 2
9538 1
9539 1
9540 2
9541 1
9542 1
9544 2
9546 1
9547 1
9548 1
9551 1
9555 2
9559 1
9560 1
9561 3
9563 3
9565 1
9566 1
9567 2
9568 2
9569 3
9571 1
9572 2
9574 1
9579 1
9580 1
9581 2
9582 1
9584 1
9585 2
9587 1
9588 2
9591 3
9594 1
9596 2
9597 1
9598 2
9601 1
9602 1
9604 2
9605 1
9606 2
9608 1
9610 1
9611 1
9613 1
9615 1
9616 2
9617 2
9618 1
9620 1
9621 1
9622 1
9623 2
9625 2
9626 1
9627 3
9628 1
9629 1
9630 1
9631 2
9632 2
9637 1
9638 2
9639 1
9641 1
9643 2
9644 1
9645 2
9646 2
9648 1
9650 1
9651 3
9656 2
9657 2
9658 2
9662 1
9663 1
9665 1
9666 1
9667 2
9669 1
9670 3
9671 1
9674 1
9676 1
9677 2
9678 1
9679 1
9680 1
9682 1
9684 1
9685 2
9687 3
9688 2
9690 1
9691 2
9695 1
9696 1
9698 2
9699 1
9700 1
9703 1
9706 1
9708 1
9709 2
9710 1
9711 2
9712 1
9714 1
9715 1
9717 1
9718 1
9723 2
9724 1
9725 1
9726 2
9728 1
9729 1
9730 2
9731 1
9734 1
9735 1
9736 1
9737 1
9739 2
9740 1
9744 2
9745 1
9746 1
9747 3
9748 2
9749 2
9750 1
9753 1
9754 1
9755 1
9756 2
9757 1
9758 1
9759 2
9760 4
9765 1
9766 2
9768 2
9769 1
9770 2
9771 1
9772 2
9774 1
9775 1
9776 1
9779 3
9780 1
9781 1
9783 1
9784 1
9785 1
9786 1
9787 3
9788 1
9789 1
9790 1
9794 1
9795 2
9797 1
9800 2
9801 1
9802 1
9803 1
9804 1
9805 1
9806 2
9807 3
9808 1
9810 1
9812 2
9813 2
9815 1
9817 1
9820 1
9821 1
9822 1
9823 1
9824 1
9826 1
9827 2
9828 1
9829 1
9830 1
9832 1
9836 1
9837 1
9838 1
9839 1
9840 3
9841 1
9843 2
9847 1
9850 1
9851 2
9852 1
9854 1
9855 1
9857 2
9859 1
9860 1
9861 2
9862 1
9863 1
9864 1
9865 1
9866 2
9867 1
9869 1
9872 1
9873 3
9875 1
9876 2
9877 2
9879 2
9881 1
9882 2
9883 1
9884 1
9885 1
9886 2
9887 1
9888 1
9889 1
9890 2
9893 1
9895 1
9896 1
9897 1
9898 1
9900 3
9901 1
9907 1
9909 2
9910 1
9911 1
9914 1
9915 1
9916 2
9919 1
9921 2
9922 3
9923 2
9925 1
9926 1
9928 3
9930 3
9933 1
9935 2
9936 1
9937 1
9939 1
9940 3
9941 1
9942 2
9943 2
9946 1
9947 1
9948 1
9949 1
9950 1
9951 1
9955 1
9958 2
9960 1
9961 1
9963 1
9964 2
9967 1
9970 1
9976 1
9978 1
9979 1
9980 1
9981 1
9982 3
9983 2
9985 1
9986 1
9987 1
9990 1
9992 2
9993 3
9994 1
9995 2
9997 3
9998 1
9999 2
10001 1
10003 3
10006 1
10007 2
10008 2
10011 2
10012 1
10013 1
10015 1
10017 1
10018 1
10019 1
10020 2
10021 1
10022 2
10024 1
10025 1
10027 1
10031 2
10032 1
10033 1
10034 1
10035 1
10036 1
10037 1
10038 2
10039 1
10040 2
10041 1
10042 2
10043 4
10047 1
10050 2
10051 1
10052 4
10053 2
10054 2
10055 1
10056 3
10057 1
10058 1
10059 1
10061 1
10062 1
10064 1
10065 1
10066 2
10068 1
10071 3
10072 1
10073 2
10075 1
10077 2
10078 1
10080 1
10082 2
10083 1
10084 1
10085 1
10087 1
10088 1
10089 1
10091 2
10092 2
10093 1
10094 2
10095 1
10096 1
10097 1
10099 1
10100 2
10101 1
10104 2
10106 1
10107 2
10109 1
10110 3
10111 1
10112 1
10114 1
10115 1
10116 1
10118 1
10119 2
10122 1
10123 1
10125 2
10130 1
10131 1
10132 1
10133 1
10134 1
10135 2
10137 2
10138 2
10139 2
10141 1
10142 1
10143 1
10144 3
10145 1
10148 1
10153 1
10154 2
10156 1
10157 2
10158 2
10160 1
10161 2
10162 1
10163 2
10164 3
10165 1
10167 2
10169 1
10172 2
10173 1
10174 2
10178 2
10179 1
10182 2
10183 2
10186 1
10187 1
10189 1
10190 1
10191 1
10192 1
10193 2
10194 1
10195 2
10197 1
10198 2
10199 1
10200 1
10201 2
10202 1
10203 1
10204 2
10206 1
10208 3
10210 1
10212 1
10213 2
10214 3
10216 1
10217 1
10218 1
10219 1
10220 1
10221 1
10222 4
10223 1
10224 2
10226 1
10227 1
10229 1
10232 2
10233 1
10234 2
10236 1
10238 2
10239 1
10240 1
10242 1
10243 3
10246 1
10247 1
10248 1
10252 1
10253 3
10254 1
10255 2
10257 2
10258 1
10259 1
10260 1
10261 3
10263 2
10264 1
10266 1
10272 1
10274 3
10275 3
10277 1
10279 2
10282 3
10283 1
10285 1
10286 1
10287 2
10289 1
10290 1
10291 2
10293 1
10296 2
10298 1
10299 1
10300 3
10302 1
10303 1
10304 2
10305 1
10307 2
10310 2
10311 1
10313 2
10314 1
10315 1
10317 3
10321 1
10322 1
10323 3
10324 2
10325 4
10329 2
10330 2
10332 1
10334 1
10335 3
10336 2
10337 1
10338 1
10339 2
10340 1
10341 2
10342 2
10344 1
10346 2
10347 1
10349 1
10350 1
10351 1
10355 1
10356 2
10357 1
10358 1
10360 3
10362 2
10363 1
10364 2
10365 2
10366 1
10368 1
10370 1
10371 1
10373 1
10374 1
10376 2
10377 2
10378 1
10379 1
10380 1
10381 1
10382 2
10383 1
10384 1
10385 1
10386 2
10388 1
10389 2
10390 1
10392 1
10393 1
10394 1
10396 2
10397 1
10399 2
10403 2
10404 2
10406 1
10407 2
10409 1
10415 1
10416 2
10417 3
10419 1
10420 1
10422 1
10426 1
10427 2
10430 2
10431 2
10433 2
10436 1
10437 1
10438 1
10439 2
10442 2
10443 2
10445 2
10447 1
10449 4
10450 1
10452 2
10453 1
10454 2
10455 1
10456 1
10458 1
10459 1
10460 1
10463 1
10464 1
10465 1
10466 1
10467 1
10468 2
10469 1
10471 1
10473 2
10474 2
10475 1
10477 2
10479 1
10480 1
10481 1
10483 1
10485 1
10486 1
10487 1
10490 1
10491 1
10492 1
10493 1
10496 1
10498 3
10499 4
10502 1
10503 1
10504 1
10505 1
10506 3
10507 1
10509 1
10514 2
10515 1
10516 2
10519 1
10521 1
10522 1
10523 1
10524 2
10525 2
10526 1
10530 1
10532 1
10534 2
10536 1
10538 1
10539 1
10540 2
10546 2
10555 2
10556 1
10558 2
10559 3
10560 1
10562 1
10563 1
10565 1
10566 1
10569 1
10571 2
10573 2
10574 1
10575 1
10576 2
10577 1
10578 1
10579 1
10581 1
10582 1
10583 1
10584 3
10585 2
10587 1
10588 1
10589 1
10592 1
10594 1
10595 3
10596 1
10598 1
10601 1
10603 1
10606 1
10607 1
10608 2
10612 1
10613 1
10614 2
10615 1
10616 1
10617 2
10618 1
10619 3
10620 1
10622 1
10623 1
10624 1
10626 1
10628 1
10629 2
10632 1
10633 1
10634 1
10635 3
10637 1
10638 1
10641 1
10642 2
10645 1
10647 2
10648 1
10649 1
10654 2
10656 1
10658 2
10659 2
10661 2
10668 3
10670 2
10672 1
10673 1
10674 1
10676 2
10677 1
10678 2
10679 1
10680 1
10682 1
10684 1
10685 1
10686 2
10688 1
10689 2
10691 2
10692 1
10695 2
10697 1
10698 1
10701 2
10702 2
10706 1
10709 2
10710 1
10711 2
10712 1
10714 2
10715 1
10716 1
10717 1
10718 1
10720 2
10725 2
10726 1
10727 1
10729 1
10730 4
10731 1
10732 1
10734 2
10735 1
10736 1
10737 1
10738 1
10739 2
10740 1
10741 1
10745 2
10746 2
10748 3
10750 1
10751 1
10754 1
10755 1
10756 1
10757 2
10758 1
10759 2
10760 1
10762 3
10763 1
10764 1
10767 1
10769 2
10770 2
10771 3
10773 1
10774 1
10775 1
10776 1
10777 1
10778 1
10780 1
10781 1
10783 1
10784 1
10785 1
10786 1
10787 1
10788 1
10789 2
10790 3
10792 1
10794 1
10795 1
10798 2
10799 1
10801 1
10802 1
10805 1
10806 1
10808 2
10810 1
10811 1
10812 1
10813 1
10814 1
10815 1
10816 1
10817 1
10819 2
10823 1
10824 2
10826 1
10827 1
10828 2
10829 2
10830 3
10831 1
10833 2
10834 1
10836 1
10837 1
10838 2
10840 1
10841 1
10845 1
10848 1
10849 1
10850 1
10851 3
10852 1
10853 1
10855 2
10856 1
10858 2
10859 1
10860 1
10863 2
10865 1
10866 1
10867 2
10870 1
10872 3
10873 2
10875 2
10876 2
10877 1
10879 1
10880 2
10881 3
10883 2
10886 2
10887 2
10888 2
10889 1
10890 2
10891 2
10893 3
10897 1
10898 1
10900 1
10901 3
10902 2
10905 2
10906 1
10908 1
10909 1
10910 1
10911 2
10912 2
10914 2
10915 1
10916 2
10917 1
10918 1
10919 1
10920 2
10921 1
10922 1
10923 1
10925 1
10926 1
10927 3
10929 1
10930 2
10931 1
10932 3
10933 4
10936 2
10937 1
10938 1
10939 1
10940 1
10941 4
10942 1
10944 1
10946 1
10947 2
10950 1
10951 1
10953 1
10955 2
10957 1
10958 4
10961 1
10962 3
10964 1
10966 1
10967 1
10971 1
10972 3
10973 3
10974 1
10976 1
10978 1
10979 1
10980 3
10983 3
10985 1
10986 1
10990 2
10991 1
10992 1
10993 3
10994 3
10996 2
10998 1
11002 2
11003 1
11006 1
11007 1
11008 1
11011 1
11015 4
11018 2
11019 3
11021 2
11022 2
11023 1
11024 1
11026 1
11027 1
11028 1
11029 1
11030 1
11031 2
11032 2
11033 2
11035 1
11036 1
11037 1
11040 1
11041 1
11042 1
11043 3
11044 3
11046 1
11047 1
11048 1
11049 2
11050 2
11053 1
11054 1
11056 2
11057 2
11058 1
11059 1
11060 2
11062 1
11064 1
11068 2
11071 1
11072 2
11073 1
11074 1
11075 3
11079 2
11081 1
11082 2
11083 1
11085 1
11086 1
11087 1
11088 1
11089 1
11090 1
11091 2
11092 1
11093 1
11095 1
11097 2
11098 1
11099 1
11100 1
11101 2
11102 1
11103 1
11105 1
11106 1
11107 2
11110 1
11111 1
11113 1
11114 1
11116 1
11118 1
11122 2
11124 1
11125 1
11126 1
11128 1
11130 1
11131 1
11132 2
11134 1
11135 2
11136 2
11139 2
11141 1
11142 1
11145 1
11146 2
11147 1
11148 1
11149 1
11150 2
11151 1
11152 2
11155 1
11157 1
11158 3
11160 2
11161 1
11162 1
11163 1
11164 1
11165 1
11166 1
11167 1
11168 2
11171 4
11173 1
11176 1
11178 1
11179 1
11182 1
11184 1
11186 1
11187 2
11188 1
11190 3
11192 2
11193 1
11194 1
11195 1
11196 2
11198 1
11199 3
11200 1
11202 1
11205 1
11206 1
11208 1
11210 1
11211 2
11212 1
11213 2
11215 1
11218 4
11221 1
11223 1
11224 1
11225 2
11229 1
11232 1
11234 1
11235 1
11237 1
11238 1
11243 1
11244 2
11245 1
11249 2
11251 1
11252 1
11253 1
11254 2
11255 2
11257 1
11258 1
11259 1
11265 2
11267 1
11268 1
11270 2
11273 2
11274 1
11275 1
11277 1
11278 2
11282 1
11283 1
11284 1
11285 1
11288 1
11289 1
11290 1
11292 1
11293 2
11294 1
11296 1
11298 1
11301 1
11302 1
11303 2
11304 2
11305 1
11306 2
11307 1
11308 1
11311 1
11312 1
11314 2
11315 1
11316 1
11321 1
11322 1
11323 1
11325 1
11326 1
11327 3
11328 1
11332 1
11333 2
11335 2
11336 1
11337 1
11338 2
11339 1
11341 1
11342 1
11343 1
11346 1
11348 1
11351 1
11352 1
11353 1
11354 2
11355 1
11356 1
11357 1
11362 2
11365 1
11366 1
11367 2
11371 1
11373 1
11374 1
11375 1
11376 1
11377 1
11380 1
11381 2
11382 1
11385 1
11387 3
11389 1
11391 1
11392 1
11393 1
11394 1
11395 2
11397 2
11399 1
11403 2
11404 2
11405 1
11406 2
11407 2
11408 1
11410 2
11411 1
11414 2
11416 1
11417 1
11419 1
11422 1
11424 2
11427 1
11428 2
11429 2
11430 1
11431 2
11432 1
11434 1
11436 1
11439 1
11442 1
11443 1
11444 2
11445 1
11446 1
11448 1
11449 3
11450 1
11451 2
11453 1
11454 2
11455 1
11456 1
11457 1
11462 1
11463 2
11464 2
11465 2
11466 1
11467 4
11474 1
11476 1
11477 1
11478 1
11479 1
11482 1
11483 1
11484 3
11486 1
11488 2
11489 1
11491 1
11493 1
11495 1
11496 1
11497 1
11500 2
11502 2
11503 2
11504 1
11505 1
11506 2
11507 3
11508 2
11509 3
11511 1
11513 1
11514 1
11517 2
11518 1
11521 1
11522 2
11523 1
11524 1
11525 1
11527 1
11531 1
11534 2
11536 1
11537 1
11543 2
11545 1
11546 1
11547 1
11548 2
11549 4
11550 1
11552 1
11554 1
11555 1
11557 2
11559 2
11560 1
11562 1
11564 2
11565 1
11566 2
11567 2
11569 1
11570 3
11574 2
11575 2
11578 2
11579 1
11582 1
11584 1
11585 1
11586 1
11587 2
11589 1
11591 2
11592 1
11594 2
11598 2
11600 2
11602 1
11603 2
11605 1
11606 2
11607 1
11608 1
11609 3
11610 2
11612 1
11614 2
11616 1
11617 1
11619 3
11620 3
11621 1
11622 1
11623 1
11624 3
11625 1
11626 1
11627 1
11630 2
11633 2
11634 1
11635 3
11636 1
11638 1
11639 1
11640 2
11644 1
11645 1
11646 1
11647 1
11648 1
11649 2
11651 2
11652 3
11654 1
11655 1
11656 1
11658 2
11659 2
11660 1
11661 1
11662 1
11663 1
11664 1
11665 1
11666 2
11667 2
11669 1
11670 1
11674 2
11677 4
11678 1
11679 1
11681 1
11683 2
11686 1
11690 1
11692 2
11693 1
11697 1
11698 1
11699 1
11700 1
11701 2
11702 2
11704 1
11705 2
11709 2
11711 1
11712 2
11715 2
11716 2
11717 1
11718 1
11721 2
11722 2
11723 1
11726 1
11727 1
11730 1
11731 1
11733 1
11734 4
11736 1
11737 2
11738 2
11740 1
11741 2
11746 1
11747 1
11749 1
11750 3
11752 2
11754 2
11756 1
11757 1
11758 1
11760 1
11761 1
11762 3
11765 1
11766 2
11768 2
11769 2
11770 1
11771 1
11772 1
11775 2
11776 1
11777 1
11780 1
11781 1
11783 1
11784 1
11786 1
11787 2
11789 2
11790 1
11791 3
11792 1
11794 2
11799 1
11800 1
11801 2
11803 1
11805 2
11807 1
11808 1
11810 3
11814 1
11815 1
11816 1
11818 1
11819 2
11820 1
11821 1
11822 1
11825 2
11826 1
11827 1
11828 1
11829 1
11830 1
11831 1
11833 1
11835 1
11837 1
11839 1
11841 2
11843 1
11844 2
11846 1
11847 1
11849 2
11850 2
11851 2
11853 1
11856 1
11858 1
11860 2
11861 1
11863 1
11865 2
11866 1
11867 1
11869 3
11870 1
11872 1
11874 1
11875 1
11877 1
11878 1
11879 2
11880 2
11881 1
11882 1
11884 2
11885 1
11886 1
11888 1
11890 2
11891 1
11892 1
11895 1
11897 2
11901 1
11902 1
11903 1
11904 2
11906 1
11907 1
11908 2
11909 2
11910 1
11911 1
11913 1
11914 1
11916 1
11917 1
11918 2
11920 1
11923 1
11925 1
11927 1
11929 1
11930 2
11931 1
11932 3
11935 1
11937 1
11938 1
11940 1
11941 1
11943 1
11944 1
11947 1
11948 1
11949 1
11950 1
11951 2
11952 1
11953 2
11956 1
11957 2
11959 1
11961 1
11963 2
11964 1
11966 1
11967 1
11968 3
11970 1
11971 1
11973 2
11974 1
11977 1
11980 1
11983 1
11984 1
11986 1
11987 2
11989 2
11992 2
11993 1
11994 1
11995 1
11996 1
11998 1
12000 2
12002 1
12003 1
12004 1
12005 1
12006 1
12007 1
12008 1
12010 1
12012 1
12013 1
12016 1
12017 1
12019 3
12020 1
12021 2
12023 1
12024 1
12025 1
12026 1
12027 1
12030 2
12031 1
12034 1
12035 2
12038 1
12040 1
12041 1
12042 1
12043 1
12044 1
12046 1
12047 1
12048 1
12050 1
12052 1
12054 2
12058 1
12059 1
12060 2
12065 1
12066 1
12069 1
12070 1
12072 1
12073 1
12074 1
12076 2
12079 2
12081 2
12083 2
12084 1
12085 1
12086 1
12087 1
12090 1
12092 1
12093 1
12095 2
12098 1
12099 2
12100 2
12101 2
12102 1
12104 1
12107 1
12108 1
12110 1
12112 1
12113 2
12121 1
12122 2
12123 2
12125 2
12126 2
12130 1
12133 2
12136 1
12137 1
12138 1
12140 1
12141 2
12142 1
12143 3
12146 1
12148 1
12149 1
12150 2
12151 3
12152 1
12155 1
12156 1
12159 1
12161 1
12162 1
12163 1
12165 1
12168 1
12170 1
12173 1
12178 1
12181 1
12182 3
12184 1
12185 1
12186 3
12190 1
12193 1
12194 1
12196 1
12198 1
12199 1
12200 2
12201 1
12202 1
12203 3
12205 1
12206 1
12210 1
12211 1
12212 2
12215 2
12216 2
12219 1
12221 1
12222 1
12224 1
12225 2
12226 2
12228 2
12230 1
12235 3
12237 1
12240 2
12241 2
12242 1
12243 2
12244 1
12245 1
12246 1
12251 2
12253 2
12256 2
12258 1
12259 2
12262 2
12264 2
12268 2
12269 1
12273 1
12275 1
12276 1
12277 1
12278 1
12279 1
12281 2
12283 1
12284 1
12285 2
12286 1
12288 1
12292 1
12293 1
12294 1
12297 3
12299 1
12301 1
12303 2
12306 2
12308 1
12309 1
12312 1
12313 2
12315 1
12317 1
12318 1
12319 1
12321 1
12322 2
12325 1
12328 2
12329 2
12333 2
12334 1
12336 1
12337 1
12338 3
12339 1
12341 1
12342 1
12343 1
12344 2
12345 1
12349 1
12350 1
12352 1
12353 2
12354 2
12356 2
12357 2
12359 1
12362 1
12365 1
12366 1
12367 1
12369 1
12372 1
12373 1
12375 2
12377 1
12378 2
12381 1
12383 1
12384 2
12386 2
12389 1
12391 2
12393 1
12394 1
12395 1
12396 1
12397 2
12398 1
12402 1
12403 1
12405 1
12407 1
12410 1
12411 1
12413 1
12415 1
12416 1
12417 1
12419 1
12420 2
12422 1
12424 1
12426 1
12429 1
12432 1
12434 1
12435 2
12436 1
12437 1
12439 1
12440 1
12441 1
12442 2
12445 1
12446 1
12448 2
12450 1
12451 1
12452 1
12453 2
12454 1
12455 2
12456 1
12457 1
12460 2
12461 1
12464 1
12467 2
12468 1
12469 1
12471 1
12472 1
12473 1
12475 1
12476 1
12477 1
12478 1
12479 1
12480 1
12481 1
12482 1
12483 2
12484 1
12485 1
12486 1
12487 2
12489 1
12490 1
12492 1
12493 1
12494 2
12496 1
12497 1
12499 3
12500 2
12502 1
12503 1
12505 1
12506 2
12508 4
12510 1
12511 1
12513 1
12514 1
12516 1
12517 1
12518 1
12520 1
12522 1
12524 2
12525 1
12527 1
12529 3
12532 1
12533 1
12534 1
12535 1
12537 1
12538 1
12539 1
12540 1
12541 1
12543 2
12544 2
12545 2
12546 1
12547 1
12549 1
12550 2
12553 1
12556 1
12557 1
12558 1
12559 1
12560 3
12563 2
12565 1
12566 1
12568 1
12569 2
12570 1
12571 1
12574 1
12575 1
12578 1
12579 1
12582 2
12584 1
12585 2
12586 2
12588 2
12589 2
12590 1
12591 1
12593 1
12594 1
12595 1
12597 1
12598 1
12599 2
12600 2
12602 1
12603 1
12605 1
12607 1
12610 3
12611 1
12614 1
12616 1
12617 1
12620 1
12621 1
12623 2
12624 1
12626 1
12627 2
12629 1
12630 1
12635 1
12638 1
12639 1
12640 1
12642 2
12646 2
12647 1
12648 1
12649 2
12650 1
12651 1
12654 1
12655 1
12656 1
12657 1
12658 1
12659 1
12660 1
12662 2
12664 1
12666 2
12668 1
12669 1
12670 1
12671 1
12672 2
12674 1
12676 1
12677 1
12678 2
12680 1
12683 1
12684 1
12685 1
12686 1
12687 2
12689 1
12691 1
12692 1
12694 1
12696 1
12698 1
12699 3
12700 1
12702 1
12706 1
12709 1
12712 1
12713 2
12714 1
12715 2
12716 1
12717 2
12718 1
12719 2
12722 1
12724 1
12725 1
12726 1
12727 2
12729 1
12732 1
12733 1
12734 1
12735 1
12738 3
12739 1
12740 1
12743 1
12746 1
12749 1
12752 1
12753 1
12754 1
12757 1
12758 1
12759 1
12762 1
12763 1
12766 1
12767 1
12769 2
12773 2
12776 1
12777 1
12778 2
12779 2
12781 1
12785 2
12787 1
12788 1
12789 1
12791 1
12792 2
12793 1
12795 1
12796 1
12797 1
12798 2
12802 2
12803 1
12805 1
12806 1
12811 1
12814 1
12816 1
12817 1
12818 2
12819 1
12820 1
12821 2
12822 1
12826 1
12827 1
12829 1
12832 1
12834 1
12835 1
12837 1
12838 1
12840 3
12841 1
12842 2
12845 1
12849 1
12850 1
12852 1
12855 1
12856 2
12859 1
12860 1
12861 1
12862 1
12870 2
12871 1
12872 1
12875 1
12876 1
12878 1
12879 1
12882 2
12894 1
12895 3
12897 1
12899 1
12901 1
12905 2
12909 1
12910 1
12913 1
12915 1
12918 1
12919 2
12920 1
12921 1
12924 1
12925 1
12929 1
12930 1
12931 1
12932 1
12933 1
12934 1
12935 1
12943 2
12948 2
12949 1
12952 1
12954 3
12955 1
12959 2
12960 1
12962 2
12964 1
12965 1
12970 2
12971 1
12973 1
12975 1
12977 1
12978 2
12981 2
12983 1
12989 1
12992 1
12994 2
12996 1
12998 1
13000 1
13008 1
13011 1
13012 2
13016 2
13018 1
13021 1
13022 2
13027 1
13028 1
13030 1
13031 2
13032 1
13033 1
13034 2
13037 1
13038 1
13044 1
13046 1
13047 1
13051 3
13053 1
13055 1
13056 1
13057 1
13058 1
13063 2
13067 1
13069 2
13070 1
13071 1
13072 2
13073 2
13074 1
13075 2
13076 2
13078 1
13081 1
13084 1
13085 1
13088 1
13089 1
13090 1
13091 1
13092 1
13094 2
13101 1
13103 1
13110 2
13111 1
13112 1
13113 1
13114 1
13115 1
13116 1
13122 1
13124 1
13126 2
13127 1
13129 2
13130 1
13131 1
13132 1
13133 1
13134 3
13135 1
13136 1
13141 1
13142 1
13145 2
13148 1
13149 1
13151 1
13154 1
13158 1
13161 2
13164 1
13165 1
13166 1
13167 2
13169 1
13170 2
13172 1
13173 1
13174 1
13175 1
13176 2
13179 1
13180 1
13181 2
13182 1
13183 1
13186 3
13187 1
13191 2
13192 1
13193 1
13194 1
13197 2
13201 1
13202 3
13203 1
13205 1
13206 1
13211 1
13212 1
13213 1
13214 1
13215 1
13216 1
13218 2
13219 2
13221 1
13223 1
13225 2
13226 1
13227 2
13229 1
13230 2
13232 1
13233 1
13235 1
13236 1
13237 1
13239 1
13241 1
13242 1
13243 1
13244 1
13246 1
13248 2
13250 1
13251 1
13254 1
13257 1
13258 1
13260 1
13262 2
13263 1
13264 2
13267 1
13268 1
13269 1
13272 2
13275 1
13276 1
13278 1
13279 2
13280 1
13282 1
13283 2
13284 1
13285 1
13286 1
13288 1
13289 2
13290 1
13292 1
13293 1
13294 1
13297 1
13300 1
13301 2
13304 2
13305 2
13308 2
13309 1
13314 1
13315 1
13317 1
13319 2
13321 1
13324 1
13328 2
13329 3
13331 1
13332 1
13333 1
13335 1
13336 1
13339 1
13342 1
13343 2
13344 1
13345 1
13349 2
13354 1
13357 1
13358 1
13359 1
13360 1
13361 3
13364 1
13365 2
13366 1
13367 1
13368 1
13370 1
13372 1
13374 1
13375 1
13377 2
13379 1
13381 2
13383 2
13385 2
13386 1
13388 1
13389 1
13392 1
13393 1
13395 1
13396 1
13397 2
13398 1
13402 1
13403 1
13404 1
13410 1
13411 2
13413 2
13414 2
13416 1
13417 1
13418 3
13419 1
13427 1
13428 1
13430 1
13432 2
13434 2
13435 1
13436 2
13437 1
13442 1
13446 3
13448 1
13452 2
13453 1
13458 2
13462 1
13467 1
13471 3
13474 1
13475 1
13477 2
13478 1
13483 1
13485 1
13487 2
13488 1
13491 1
13492 1
13495 1
13496 2
13497 1
13499 1
13500 1
13504 1
13505 1
13506 1
13507 1
13511 1
13512 1
13515 1
13516 1
13518 1
13519 1
13520 1
13522 1
13524 2
13528 1
13530 1
13531 1
13534 1
13535 3
13538 1
13540 1
13541 1
13544 1
13547 2
13553 1
13554 1
13556 1
13557 1
13559 2
13561 1
13562 1
13563 1
13569 1
13570 1
13574 1
13575 1
13580 2
13586 1
13588 1
13591 1
13595 1
13597 1
13598 1
13601 1
13604 1
13607 1
13610 1
13613 1
13614 3
13618 1
13621 1
13623 1
13626 1
13627 2
13629 1
13637 1
13643 1
13646 2
13648 1
13650 1
13651 1
13652 1
13654 1
13662 2
13665 1
13666 1
13667 2
13668 1
13669 1
13670 1
13671 1
13674 1
13675 1
13677 1
13679 1
13686 1
13688 1
13690 1
13692 1
13700 1
13704 1
13707 1
13708 1
13710 2
13711 1
13713 1
13717 1
13723 1
13726 2
13727 1
13729 1
13731 1
13740 1
13745 1
13748 1
13749 2
13750 1
13752 1
13753 1
13757 1
13761 1
13763 1
13764 1
13765 1
13767 2
13768 1
13770 3
13772 1
13773 1
13777 1
13778 1
13779 1
13782 1
13783 1
13786 1
13788 1
13789 1
13791 1
13792 1
13793 1
13795 1
13797 1
13802 1
13804 1
13805 1
13807 1
13808 1
13809 1
13811 1
13813 2
13818 1
13820 1
13821 1
13826 1
13827 1
13829 1
13830 1
13831 1
13832 1
13833 1
13842 1
13843 1
13845 1
13846 1
13848 2
13850 1
13851 1
13852 1
13853 2
13855 1
13856 1
13859 1
13861 1
13862 1
13864 2
13867 1
13868 1
13870 2
13872 1
13873 1
13875 1
13876 1
13878 1
13880 1
13884 1
13885 2
13886 1
13888 1
13889 1
13891 1
13895 2
13900 2
13901 1
13904 1
13905 2
13906 1
13908 1
13910 1
13911 2
13912 1
13916 1
13919 1
13920 1
13921 2
13924 1
13930 1
13933 1
13934 1
13935 1
13936 1
13940 1
13942 1
13944 1
13945 1
13948 1
13949 1
13951 1
13955 1
13956 2
13958 1
13959 1
13960 1
13961 2
13962 1
13965 1
13969 1
13971 1
13975 1
13976 1
13977 2
13978 1
13980 1
13981 1
13983 1
13986 1
13987 1
13989 1
13991 1
13994 1
13996 1
13999 1
14001 1
14002 2
14003 1
14004 1
14005 1
14008 1
14011 1
14012 1
14013 1
14018 1
14019 1
14020 1
14022 1
14028 1
14034 2
14038 2
14043 1
14047 2
14048 1
14050 1
14051 1
14053 1
14054 1
14058 1
14059 2
14061 1
14062 1
14063 1
14064 1
14068 1
14069 1
14072 1
14073 1
14075 2
14077 1
14079 1
14080 2
14083 2
14088 1
14089 1
14091 2
14094 1
14096 2
14098 1
14099 1
14100 1
14102 2
14104 2
14105 1
14107 1
14108 1
14110 2
14111 2
14112 1
14114 1
14116 1
14117 1
14120 1
14123 1
14126 1
14127 1
14130 1
14132 1
14133 2
14135 1
14137 1
14138 1
14146 1
14149 1
14151 1
14153 1
14155 1
14156 2
14157 1
14161 2
14165 1
14167 1
14171 1
14172 2
14177 2
14186 1
14190 2
14193 1
14194 1
14196 1
14197 1
14202 1
14205 1
14206 2
14210 1
14213 2
14214 1
14215 1
14216 1
14217 1
14218 1
14222 1
14224 1
14226 1
14229 1
14233 1
14237 1
14238 1
14239 1
14241 1
14243 1
14245 1
14247 1
14250 1
14251 1
14253 1
14254 2
14261 1
14263 1
14266 2
14267 1
14274 1
14281 1
14282 1
14283 1
14289 1
14293 2
14299 2
14305 2
14306 1
14307 1
14316 1
14319 1
14321 1
14323 1
14325 1
14326 1
14329 1
14336 1
14340 2
14342 1
14343 1
14344 1
14345 1
14346 2
14348 1
14354 1
14356 1
14359 1
14360 1
14362 1
14363 1
14364 1
14365 2
14366 1
14369 1
14370 1
14373 1
14381 1
14384 1
14385 1
14386 1
14388 1
14389 1
14394 1
14396 2
14403 1
14405 2
14407 1
14408 1
14409 1
14419 2
14423 2
14424 1
14426 1
14429 2
14442 1
14443 1
14445 2
14446 1
14448 1
14449 1
14461 1
14462 2
14464 1
14466 1
14467 1
14468 1
14469 1
14476 1
14477 1
14480 1
14482 1
14483 1
14486 2
14487 1
14491 1
14492 1
14497 1
14498 1
14502 1
14506 1
14510 1
14521 1
14522 2
14524 1
14526 2
14532 1
14537 1
14540 1
14542 1
14545 1
14546 1
14548 1
14551 1
14552 1
14559 1
14561 1
14567 1
14570 1
14575 2
14577 1
14578 1
14579 1
14581 1
14583 1
14586 1
14589 2
14591 1
14593 1
14594 1
14595 1
14597 1
14598 1
14604 1
14605 1
14614 1
14623 1
14624 1
14627 1
14630 1
14634 1
14638 1
14639 1
14640 1
14643 1
14645 1
14649 1
14650 1
14654 1
14655 1
14659 1
14661 1
14674 1
14675 1
14678 2
14680 2
14681 1
14684 1
14690 1
14694 2
14696 3
14697 1
14698 1
14699 1
14700 1
14701 1
14702 1
14708 1
14712 1
14715 1
14720 1
14731 1
14733 1
14737 2
14739 1
14741 1
14747 1
14749 1
14753 3
14757 1
14758 1
14762 1
14769 1
14772 1
14777 1
14778 2
14781 1
14788 1
14790 1
14791 1
14792 1
14793 1
14794 2
14796 1
14797 1
14802 1
14806 1
14807 1
14808 1
14809 2
14810 1
14813 1
14815 1
14818 1
14821 1
14823 1
14824 1
14825 1
14829 2
14830 1
14831 1
14839 1
14842 1
14845 1
14846 1
14847 1
14850 1
14853 1
14857 1
14859 1
14866 1
14869 1
14875 2
14876 1
14880 1
14882 1
14885 1
14891 2
14895 1
14896 1
14898 1
14899 1
14907 1
14910 1
14911 1
14912 1
14916 2
14924 1
14927 1
14928 1
14931 1
14932 2
14933 1
14935 1
14936 1
14939 1
14941 1
14942 1
14946 1
14948 1
14950 1
14952 1
14955 1
14956 1
14958 1
14960 1
14962 1
14964 1
14970 1
14972 1
14980 1
14981 1
14985 1
14986 1
14988 1
14991 1
14993 1
14997 1
14999 1
15001 1
15002 1
15010 1
15012 1
15013 1
15015 1
15019 1
15024 1
15025 2
15034 1
15038 2
15040 1
15041 1
15042 1
15044 1
15045 1
15054 1
15055 1
15058 1
15059 1
15061 1
15062 1
15063 2
15067 1
15073 1
15078 1
15079 1
15082 1
15083 1
15085 1
15089 1
15094 1
15098 1
15102 1
15105 1
15114 1
15115 1
15118 2
15122 1
15124 1
15127 1
15128 1
15134 1
15138 1
15142 1
15143 1
15147 1
15155 1
15162 1
15165 1
15168 1
15171 1
15174 1
15180 1
15181 2
15185 1
15188 1
15190 1
15196 1
15221 1
15225 1
15237 2
15241 2
15245 1
15253 1
15261 1
15274 1
15277 1
15278 1
15290 1
15293 1
15294 1
15296 2
15298 1
15312 1
15315 1
15317 1
15331 1
15334 1
15350 1
15353 1
15364 1
15369 1
15372 1
15380 1
15388 1
15394 1
15397 1
15399 2
15400 1
15413 1
15415 2
15417 1
15418 1
15420 1
15423 1
15429 1
15431 1
15434 1
15439 1
15445 1
15452 1
15456 1
15458 1
15468 1
15472 2
15475 1
15477 1
15483 1
15486 1
15488 1
15491 1
15497 1
15499 1
15500 1
15502 1
15503 1
15507 1
15509 1
15511 1
15512 1
15515 1
15516 1
15522 1
15523 1
15525 1
15526 1
15527 1
15528 2
15532 1
15538 1
15542 1
15543 1
15544 1
15548 1
15561 1
15566 1
15567 1
15568 1
15569 1
15572 1
15578 1
15583 1
15585 1
15586 1
15588 1
15589 1
15601 1
15602 1
15604 1
15605 1
15610 1
15614 1
15617 1
15618 1
15625 1
15626 2
15628 1
15629 1
15630 1
15631 1
15635 1
15639 1
15646 1
15647 1
15650 1
15655 1
15658 1
15661 1
15665 1
15669 1
15670 1
15671 1
15674 1
15675 1
15677 1
15681 1
15685 1
15686 1
15691 1
15700 1
15704 1
15707 1
15710 1
15716 1
15718 1
15720 1
15723 1
15728 1
15729 1
15731 1
15732 1
15734 1
15738 1
15739 1
15744 1
15753 1
15757 1
15760 1
15761 1
15764 1
15773 1
15777 1
15780 1
15782 1
15784 1
15788 1
15813 1
15817 1
15821 1
15833 1
15837 2
15841 1
15853 1
15860 1
15866 1
15872 1
15874 1
15888 1
15890 1
15893 1
15909 1
15933 1
15940 1
15956 2
15963 1
15970 1
15972 1
15975 1
15986 1
15990 1
15991 1
15993 1
15996 1
16009 1
16012 1
16015 1
16034 1
16036 1
16050 1
16053 1
16069 1
16073 1
16089 1
16091 1
16093 1
16107 1
16109 1
16113 1
16118 1
16119 1
16137 1
16142 1
16144 1
16148 1
16153 1
16158 1
16160 1
16164 1
16169 1
16194 1
16201 1
16202 1
16204 1
16205 1
16210 1
16212 1
16216 1
16217 1
16218 1
16220 1
16221 1
16222 1
16226 1
16241 1
16242 1
16245 1
16247 1
16251 1
16257 1
16261 2
16263 1
16267 1
16272 1
16277 1
16286 1
16287 1
16302 1
16304 1
16305 1
16307 1
16308 1
16320 1
16321 1
16323 1
16324 1
16325 1
16329 1
16344 1
16345 1
16347 1
16358 1
16360 1
16364 1
16374 1
16376 1
16380 1
16389 1
16390 1
16404 1
16405 1
16417 1
16433 1
16436 1
16442 1
16447 1
16450 1
16452 1
16458 1
16474 1
16503 1
16507 1
16509 1
16525 1
16539 1
16555 1
16558 1
16560 1
16566 1
16577 1
16579 1
16582 1
16591 1
16607 1
16612 1
16628 1
16652 1
16661 1
16669 1
16682 1
16685 2
16689 1
16694 1
16701 1
16705 1
16709 1
16710 1
16745 1
16755 1
16761 1
16788 1
16792 1
16804 1
16808 1
16812 1
16828 1
16848 1
16863 1
16864 1
16879 1
16888 1
16901 1
16917 1
16920 1
16923 1
16931 1
16936 1
16939 1
16966 1
16980 1
16982 1
16991 1
16996 1
17023 1
17026 1
17039 1
17042 1
17044 1
17050 1
17066 1
17079 1
17083 1
17095 1
17099 1
17134 1
17136 1
17150 1
17152 1
17153 1
17155 1
17169 1
17171 1
17193 1
17195 1
17228 1
17237 1
17244 1
17252 1
17253 1
17258 1
17274 1
17277 1
17285 1
17296 1
17298 1
17301 1
17331 1
17347 1
17355 1
17380 1
17388 1
17404 2
17420 1
17464 1
17480 1
17507 1
17523 1
17567 1
17583 1
17620 1
17636 1
17736 1
17769 1
17771 1
17785 1
17787 1
17828 1
17839 1
17844 1
17853 1
17869 1
17872 1
17874 1
17878 1
17888 1
17890 1
17914 1
17931 1
17947 1
17956 1
17971 1
17972 1
18017 1
18074 1
18312 1
18328 1
18415 1
18431 1
18455 1
18490 1
18506 1
18547 1
18558 1
18563 1
18576 1
18593 1
18597 1
18609 1
18650 1
18666 1
19031 1
19047 1
19134 1
19150 1
19213 1
19270 1
19295 1
19505 1
19932 1
19989 1
20203 1
20224 1
20334 1
20840 1
20897 1
20922 1
21032 1
21053 1
21559 1
21616 1
21669 1
21726 1
21751 1
21961 1
22210 1
22388 1
22445 1
22659 1
22680 1
22929 1
23296 1
23353 1
23378 1
23837 1
24015 1
24072 1
24556 1
End
