NMec = 95584
T = 21
P = 1
Profits not ignored
Valid tasks:                                                            30672
Solution time = 4.325e-04
Task data
    0   8  1950 0
   13  28  3419 0
   24  37  2596 -1
   34  48  1059 -1
   42  51  2239 0
   42  56  2093 -1
   43  50   589 -1
   53  70  3751 0
   58  64   669 -1
   63  74  1732 -1
   63  78  1984 -1
   75  90  1919 0
   78  92  1409 -1
   92 102  1802 -1
   94 105  1881 0
   96 100   681 -1
  116 132  1691 0
  127 133   981 -1
  135 143  1264 0
  151 163  2604 0
  175 194  2444 0
Best profit: 23162
All profits:
0 1
589 1
669 1
681 1
981 1
1059 1
1258 1
1264 1
1270 1
1350 1
1409 1
1570 1
1650 1
1662 1
1691 1
1728 1
1732 1
1740 1
1802 1
1853 1
1881 1
1919 1
1933 1
1939 1
1945 1
1950 1
1984 1
1998 1
2040 1
2078 1
2090 1
2093 1
2239 2
2245 1
2251 1
2280 1
2321 1
2323 1
2331 1
2360 1
2372 1
2390 1
2391 1
2409 1
2413 1
2444 1
2468 1
2470 1
2471 1
2508 1
2522 1
2534 1
2539 1
2550 1
2573 1
2588 1
2596 1
2600 1
2604 1
2614 1
2619 1
2631 1
2665 1
2667 1
2673 1
2679 1
2709 1
2713 1
2721 1
2750 1
2759 1
2762 1
2774 1
2783 1
2791 1
2834 1
2861 1
2862 1
2900 1
2908 1
2914 1
2920 2
2926 1
2931 1
2940 1
2949 1
2955 1
2961 1
2965 1
2978 1
2979 1
2992 1
2996 1
3002 1
3004 1
3009 1
3033 1
3041 1
3043 1
3059 1
3060 1
3066 1
3071 1
3074 1
3100 1
3113 1
3125 1
3137 1
3139 1
3141 1
3145 1
3149 1
3177 1
3183 1
3185 1
3189 1
3193 1
3203 1
3208 1
3214 1
3220 2
3248 1
3254 1
3262 1
3265 1
3269 1
3273 1
3277 1
3285 1
3290 1
3300 1
3302 1
3304 1
3342 1
3348 1
3354 1
3357 1
3359 1
3372 1
3390 1
3394 1
3419 2
3423 1
3425 1
3431 1
3443 1
3449 1
3451 1
3452 1
3472 1
3489 1
3493 1
3502 1
3503 3
3515 1
3520 1
3530 1
3531 1
3534 1
3544 1
3554 1
3569 1
3572 1
3577 1
3581 1
3585 2
3589 1
3595 1
3600 1
3609 1
3610 1
3612 1
3613 1
3624 1
3630 1
3636 1
3641 1
3646 1
3647 1
3648 2
3651 1
3654 1
3655 1
3659 1
3660 1
3663 1
3673 1
3675 1
3677 1
3678 1
3682 1
3689 1
3690 1
3702 1
3708 1
3714 1
3721 1
3724 1
3730 1
3732 1
3734 1
3735 1
3740 1
3743 1
3751 1
3752 1
3755 1
3769 1
3772 2
3781 1
3784 1
3786 1
3794 1
3800 1
3803 1
3814 1
3818 1
3822 1
3825 1
3831 1
3837 1
3842 1
3852 1
3853 1
3854 1
3858 1
3860 1
3862 1
3864 1
3865 1
3866 1
3868 1
3869 1
3874 1
3879 1
3883 1
3889 2
3895 2
3901 1
3921 1
3929 1
3930 1
3931 1
3934 1
3943 1
3946 1
3948 1
3954 1
3959 2
3971 1
3973 1
3974 1
3977 1
3983 1
3985 1
3990 1
4005 1
4008 1
4012 2
4013 1
4014 2
4023 1
4024 1
4026 1
4028 1
4038 1
4040 1
4041 2
4043 1
4047 1
4055 1
4077 1
4082 1
4088 1
4094 1
4100 2
4104 1
4106 1
4118 1
4120 2
4122 1
4123 1
4125 1
4126 1
4130 1
4135 1
4158 2
4159 1
4161 1
4162 1
4164 1
4166 1
4170 1
4171 1
4172 2
4174 1
4176 1
4183 1
4184 3
4189 2
4195 1
4199 1
4200 1
4201 1
4202 1
4204 1
4213 1
4223 1
4225 1
4229 1
4230 1
4235 1
4240 1
4241 1
4242 1
4243 1
4246 2
4250 1
4254 1
4258 1
4264 1
4266 2
4271 2
4273 1
4279 1
4281 1
4287 1
4291 1
4295 1
4297 1
4305 1
4307 1
4310 2
4317 1
4322 1
4323 1
4324 1
4325 1
4328 2
4329 2
4332 2
4335 1
4336 1
4338 1
4340 2
4341 1
4344 1
4349 1
4356 1
4358 1
4359 1
4363 2
4364 1
4370 1
4375 1
4377 1
4383 1
4389 2
4390 1
4394 1
4398 1
4400 1
4401 1
4403 1
4405 1
4406 1
4411 1
4413 1
4418 1
4420 1
4421 1
4424 1
4428 1
4432 1
4441 1
4442 1
4449 1
4450 1
4453 3
4454 1
4457 1
4458 1
4465 1
4469 1
4472 1
4477 1
4478 1
4482 1
4483 1
4484 3
4485 1
4500 1
4506 1
4511 1
4515 2
4518 1
4522 1
4523 2
4529 1
4533 1
4534 1
4535 1
4537 2
4538 1
4541 1
4543 1
4546 1
4548 1
4549 1
4550 1
4552 1
4554 2
4564 2
4566 1
4570 1
4580 1
4588 1
4590 1
4593 1
4594 2
4599 1
4602 1
4611 1
4612 1
4615 1
4617 1
4623 1
4628 1
4629 2
4631 1
4632 1
4636 1
4640 1
4643 1
4644 1
4652 1
4654 1
4658 1
4659 1
4663 1
4669 1
4671 1
4672 1
4674 1
4677 1
4681 1
4682 1
4683 4
4686 1
4687 1
4689 3
4693 2
4694 1
4695 2
4697 1
4700 1
4702 1
4705 1
4707 1
4709 1
4710 2
4711 1
4712 1
4713 1
4715 1
4716 1
4724 2
4732 1
4733 1
4734 1
4736 1
4741 1
4751 1
4753 1
4757 1
4758 1
4765 1
4766 1
4767 2
4769 1
4775 1
4780 1
4781 1
4784 1
4789 1
4794 1
4795 1
4798 1
4799 1
4803 1
4804 1
4806 1
4810 1
4811 1
4812 1
4816 1
4818 1
4827 1
4828 2
4830 1
4832 1
4833 1
4834 1
4835 3
4836 1
4839 2
4840 1
4841 1
4843 2
4845 2
4846 1
4847 1
4849 1
4850 1
4852 1
4853 2
4855 1
4857 1
4858 1
4859 1
4860 1
4864 1
4868 1
4870 2
4873 1
4874 1
4876 3
4877 1
4880 1
4881 1
4884 1
4890 1
4894 1
4899 1
4904 1
4905 1
4910 1
4911 2
4912 3
4914 1
4915 3
4917 1
4921 1
4923 1
4924 2
4925 1
4927 2
4928 1
4929 1
4935 1
4939 1
4940 1
4942 1
4945 1
4946 1
4952 3
4953 1
4954 1
4955 1
4956 1
4960 1
4964 1
4966 1
4968 1
4976 1
4978 1
4979 1
4981 1
4983 1
4985 1
4986 1
4987 1
4988 1
4989 1
4991 1
4993 2
4994 3
4995 1
4998 1
5004 1
5007 1
5009 2
5010 1
5013 1
5015 1
5016 1
5017 2
5018 1
5019 1
5021 2
5022 2
5024 1
5032 1
5033 1
5036 1
5039 1
5040 1
5044 1
5045 1
5048 2
5050 2
5058 3
5063 1
5064 1
5066 1
5067 1
5069 1
5072 1
5074 1
5075 2
5081 1
5082 1
5086 1
5087 1
5089 2
5091 1
5095 1
5099 1
5101 1
5104 2
5106 1
5109 1
5110 1
5111 1
5112 1
5117 1
5118 1
5122 1
5123 1
5126 1
5127 1
5129 1
5130 1
5133 1
5134 1
5135 1
5138 1
5139 2
5143 2
5146 1
5147 1
5151 1
5152 1
5153 3
5154 1
5157 1
5159 2
5160 1
5163 1
5164 1
5165 2
5169 1
5170 1
5177 1
5181 1
5183 1
5184 1
5185 1
5192 1
5193 1
5194 2
5196 1
5198 1
5200 1
5203 1
5204 3
5206 1
5210 1
5212 1
5215 1
5218 2
5219 1
5221 3
5223 3
5225 1
5227 2
5234 1
5235 3
5238 1
5240 1
5247 1
5252 1
5254 1
5261 1
5263 1
5269 2
5271 1
5272 1
5275 1
5276 2
5277 1
5278 1
5280 1
5283 1
5288 1
5291 1
5292 1
5298 2
5300 2
5304 2
5305 3
5306 1
5307 1
5309 2
5310 1
5313 2
5317 1
5321 1
5322 1
5325 1
5330 1
5338 2
5339 1
5340 1
5341 1
5342 1
5344 2
5346 1
5350 1
5352 2
5354 1
5355 1
5356 1
5358 3
5362 1
5363 1
5364 4
5366 1
5368 1
5369 2
5370 3
5371 1
5373 1
5375 1
5378 1
5379 1
5380 1
5381 1
5382 1
5383 1
5384 3
5386 1
5387 2
5391 1
5392 1
5393 2
5394 1
5395 1
5399 2
5401 1
5402 1
5403 1
5405 1
5409 1
5412 1
5413 1
5415 1
5417 1
5421 1
5422 4
5423 2
5425 1
5426 1
5430 1
5434 1
5435 2
5436 1
5438 1
5439 1
5440 1
5442 1
5443 1
5446 1
5447 1
5448 1
5449 1
5450 1
5452 1
5453 4
5458 1
5459 1
5463 1
5464 1
5465 2
5466 2
5477 1
5480 1
5481 1
5484 1
5485 1
5487 3
5491 2
5494 1
5496 1
5497 1
5499 1
5503 1
5504 5
5505 1
5508 1
5509 2
5510 2
5512 2
5513 1
5514 1
5515 1
5516 3
5518 2
5519 1
5522 2
5524 2
5527 1
5528 2
5529 2
5530 1
5531 1
5532 1
5535 3
5539 1
5543 1
5544 2
5545 3
5549 1
5551 1
5553 2
5555 1
5556 1
5557 1
5559 2
5560 1
5561 1
5563 1
5565 1
5569 1
5570 1
5574 3
5575 1
5580 1
5581 2
5582 1
5583 2
5585 1
5586 2
5589 1
5592 2
5593 3
5596 3
5597 1
5598 3
5600 1
5601 1
5604 2
5605 1
5606 1
5608 1
5609 1
5610 1
5611 1
5613 2
5620 1
5621 1
5622 1
5623 1
5624 1
5625 1
5627 3
5629 1
5632 1
5633 2
5634 1
5637 2
5639 2
5645 1
5647 2
5650 1
5652 1
5653 2
5654 1
5655 1
5656 1
5658 3
5662 3
5663 1
5664 4
5665 1
5667 1
5670 4
5671 1
5674 2
5675 2
5678 1
5680 1
5682 1
5684 1
5685 1
5688 1
5690 1
5691 2
5692 1
5693 1
5696 2
5698 1
5699 1
5701 1
5703 1
5704 1
5705 1
5706 2
5709 1
5713 1
5714 1
5717 3
5718 1
5719 1
5721 1
5722 2
5729 2
5731 1
5732 1
5733 1
5734 2
5735 1
5736 1
5737 1
5739 1
5740 1
5741 2
5742 1
5743 1
5744 2
5745 1
5746 2
5747 1
5748 1
5749 2
5750 2
5753 1
5761 1
5764 1
5768 2
5770 2
5772 1
5773 2
5775 2
5779 3
5781 1
5785 1
5786 1
5787 2
5789 1
5791 2
5792 2
5793 1
5798 1
5799 1
5801 1
5802 1
5803 1
5804 1
5807 1
5808 2
5809 1
5810 2
5811 1
5812 2
5814 3
5815 1
5816 4
5818 1
5820 1
5824 2
5826 1
5828 2
5829 1
5832 1
5833 1
5834 2
5838 1
5839 1
5840 1
5841 1
5844 1
5845 1
5849 1
5850 1
5851 1
5852 2
5854 1
5857 1
5858 3
5862 2
5863 3
5865 1
5866 1
5867 1
5869 1
5871 1
5873 1
5874 1
5875 2
5879 2
5880 1
5881 2
5885 1
5886 1
5887 2
5889 1
5890 2
5891 1
5892 1
5893 5
5894 1
5895 2
5896 3
5898 1
5902 1
5904 2
5905 1
5906 1
5907 1
5908 1
5909 2
5914 1
5915 1
5916 2
5921 1
5923 1
5924 1
5927 2
5931 1
5933 3
5935 1
5936 1
5937 1
5938 1
5941 1
5944 1
5945 1
5946 2
5947 2
5950 1
5952 1
5953 2
5955 1
5957 2
5958 3
5959 1
5960 2
5961 1
5962 2
5963 1
5964 2
5966 1
5968 1
5969 2
5973 1
5974 4
5975 2
5976 2
5978 1
5979 1
5988 2
5990 2
5991 2
5992 1
5994 1
5996 1
5997 1
5998 3
5999 1
6001 1
6002 1
6003 1
6005 1
6007 1
6008 1
6013 1
6015 1
6016 1
6019 3
6020 1
6021 1
6022 1
6023 3
6025 2
6027 2
6029 2
6031 2
6032 1
6033 2
6035 1
6038 1
6039 4
6040 1
6042 1
6044 2
6045 1
6047 2
6048 1
6050 2
6052 1
6053 3
6054 2
6055 1
6056 2
6057 1
6061 1
6063 1
6066 1
6067 1
6068 2
6070 3
6072 1
6073 1
6074 2
6075 1
6076 2
6080 3
6081 2
6084 1
6085 2
6086 1
6089 1
6090 1
6091 2
6092 4
6093 1
6094 1
6095 1
6096 1
6097 1
6098 3
6099 3
6102 1
6103 3
6104 3
6106 1
6107 3
6108 2
6109 2
6110 1
6111 2
6112 1
6114 1
6116 2
6117 1
6119 2
6120 1
6121 3
6122 2
6123 2
6124 2
6126 1
6127 1
6128 1
6130 1
6132 2
6133 2
6134 4
6135 1
6138 1
6140 3
6141 1
6142 1
6144 1
6145 2
6148 1
6149 1
6150 2
6152 1
6154 1
6158 1
6160 1
6163 1
6165 2
6168 3
6169 1
6173 2
6174 1
6175 1
6176 2
6177 1
6178 2
6179 2
6181 3
6184 1
6185 4
6187 1
6188 1
6189 1
6190 1
6191 2
6192 1
6193 3
6195 1
6196 2
6197 1
6198 1
6199 2
6200 1
6202 1
6204 2
6206 1
6208 1
6209 2
6210 1
6213 2
6214 2
6215 1
6216 5
6217 1
6219 2
6220 1
6221 2
6224 1
6225 1
6226 1
6228 2
6229 1
6230 1
6232 1
6234 1
6237 1
6239 1
6240 1
6241 1
6242 1
6243 1
6244 3
6245 2
6247 2
6250 2
6251 2
6252 2
6253 1
6255 3
6256 1
6257 2
6258 2
6259 2
6260 1
6262 2
6263 1
6264 1
6266 1
6267 1
6269 1
6271 1
6273 2
6274 1
6275 1
6277 1
6278 2
6279 3
6280 1
6281 3
6282 3
6284 1
6285 3
6286 4
6288 1
6290 1
6293 1
6294 1
6296 1
6298 1
6299 1
6302 1
6303 1
6304 1
6306 2
6308 2
6309 1
6310 1
6312 1
6313 1
6314 1
6317 1
6318 1
6319 1
6320 1
6322 2
6323 1
6325 2
6326 1
6327 2
6328 1
6330 1
6331 1
6333 3
6334 2
6336 2
6338 1
6339 7
6340 1
6343 2
6344 1
6345 2
6347 2
6348 1
6350 1
6351 3
6353 1
6355 2
6356 1
6359 2
6361 2
6363 2
6364 1
6365 3
6368 3
6372 2
6373 2
6374 3
6375 1
6376 2
6377 1
6378 1
6380 2
6382 2
6384 2
6385 1
6387 1
6388 1
6390 2
6391 1
6392 1
6396 1
6397 1
6398 3
6399 1
6400 1
6401 2
6403 6
6404 2
6407 1
6410 1
6411 1
6415 3
6416 1
6417 1
6418 3
6419 1
6421 3
6422 1
6423 1
6424 1
6425 1
6426 1
6427 3
6428 2
6429 2
6430 2
6432 1
6433 2
6434 3
6435 1
6441 1
6445 1
6446 1
6447 1
6448 1
6449 2
6452 1
6454 1
6456 4
6457 2
6458 2
6460 2
6461 2
6462 2
6464 1
6465 2
6467 1
6468 4
6469 1
6470 2
6471 1
6472 2
6473 1
6475 1
6478 1
6479 2
6480 1
6482 1
6483 3
6484 1
6485 7
6487 2
6489 2
6490 1
6491 3
6493 3
6497 1
6498 2
6499 3
6501 1
6502 1
6504 1
6505 1
6509 1
6510 1
6512 1
6513 1
6514 1
6516 1
6518 1
6519 1
6520 1
6521 1
6525 2
6526 2
6527 1
6530 2
6532 1
6533 1
6534 2
6535 1
6536 1
6538 1
6539 1
6540 1
6543 2
6544 5
6547 1
6548 1
6549 1
6550 2
6552 1
6555 2
6556 1
6558 1
6560 1
6561 1
6562 4
6563 2
6564 4
6566 1
6567 2
6568 2
6569 1
6570 2
6571 1
6572 1
6573 2
6574 2
6575 1
6577 2
6578 2
6579 2
6581 2
6582 1
6585 1
6586 1
6587 1
6589 1
6590 1
6591 1
6592 1
6593 1
6594 2
6595 1
6596 1
6602 5
6603 2
6604 1
6605 1
6606 2
6608 6
6609 1
6610 1
6612 3
6613 1
6614 2
6615 2
6616 3
6618 2
6619 2
6620 1
6622 3
6624 1
6626 1
6627 3
6628 3
6629 1
6630 1
6631 1
6632 1
6633 4
6634 2
6635 1
6636 1
6637 3
6639 4
6642 1
6643 4
6644 3
6645 4
6646 1
6647 2
6648 1
6651 2
6652 1
6655 2
6656 1
6657 2
6659 1
6660 2
6661 1
6663 1
6665 1
6666 1
6667 2
6669 1
6670 1
6671 1
6673 3
6674 1
6676 1
6677 1
6678 1
6679 2
6681 2
6682 1
6684 2
6685 2
6686 3
6687 2
6688 1
6689 1
6690 1
6691 1
6692 1
6694 1
6698 1
6699 1
6700 1
6701 1
6702 1
6703 1
6704 2
6706 1
6707 1
6708 4
6709 2
6710 2
6712 1
6713 2
6714 1
6715 2
6716 3
6717 3
6718 1
6719 2
6721 1
6722 2
6723 2
6724 2
6725 2
6726 1
6727 1
6729 2
6730 3
6731 2
6734 1
6735 1
6739 2
6741 1
6744 1
6745 1
6748 1
6749 3
6751 2
6753 1
6754 5
6755 2
6756 1
6757 1
6758 1
6760 2
6761 2
6762 2
6763 1
6765 1
6766 3
6767 3
6768 4
6770 1
6772 3
6773 4
6774 1
6775 1
6776 4
6777 2
6778 2
6779 2
6780 5
6782 2
6783 1
6784 2
6785 3
6786 1
6787 1
6788 3
6789 2
6790 1
6791 2
6792 1
6793 5
6795 4
6796 2
6797 1
6798 1
6799 1
6800 1
6802 2
6803 3
6804 1
6805 1
6806 1
6807 1
6808 2
6809 4
6810 1
6813 2
6814 1
6817 2
6818 1
6819 2
6820 1
6821 1
6822 1
6823 1
6824 1
6825 1
6826 2
6827 2
6829 1
6830 1
6831 2
6833 3
6834 3
6836 1
6837 1
6838 2
6839 2
6842 2
6844 3
6845 2
6846 2
6847 2
6849 1
6850 4
6851 1
6854 2
6855 1
6857 1
6860 3
6861 1
6862 6
6864 1
6865 2
6867 2
6868 3
6870 2
6871 3
6873 1
6874 3
6875 4
6876 1
6877 2
6883 1
6885 2
6887 1
6888 1
6889 1
6890 1
6891 3
6893 1
6894 1
6895 2
6896 2
6897 4
6898 1
6900 1
6901 2
6902 2
6903 1
6905 1
6906 2
6908 1
6909 2
6910 1
6911 1
6912 1
6913 2
6914 3
6916 1
6917 1
6918 1
6919 1
6920 1
6921 3
6922 3
6925 3
6926 4
6927 2
6928 4
6929 3
6931 2
6932 2
6933 2
6934 3
6935 1
6936 3
6937 1
6938 2
6939 3
6940 1
6941 1
6942 1
6943 1
6944 4
6945 1
6948 1
6949 1
6950 2
6952 1
6953 2
6954 2
6955 3
6957 1
6959 3
6960 2
6962 2
6963 2
6965 1
6966 1
6967 4
6968 2
6969 1
6970 1
6971 3
6972 2
6973 2
6974 1
6977 1
6979 2
6981 1
6982 1
6983 1
6985 2
6986 2
6987 1
6988 1
6989 1
6990 1
6991 1
6992 1
6993 2
6994 2
6995 1
6996 2
6998 3
6999 1
7000 2
7001 1
7002 1
7003 1
7004 2
7005 1
7006 1
7007 2
7008 6
7009 1
7010 1
7013 1
7014 3
7015 1
7016 1
7017 2
7019 1
7020 2
7022 1
7023 1
7024 2
7025 2
7028 3
7029 1
7031 1
7032 4
7033 1
7034 2
7036 2
7037 3
7038 2
7039 1
7041 1
7042 1
7043 2
7045 1
7046 2
7049 3
7050 1
7051 1
7053 2
7054 3
7055 3
7056 2
7057 3
7058 1
7059 1
7060 1
7061 2
7062 2
7065 2
7066 1
7067 3
7068 1
7069 1
7070 1
7071 1
7072 3
7073 4
7074 2
7075 2
7076 2
7078 3
7079 3
7080 3
7081 1
7082 2
7084 3
7085 1
7086 1
7087 2
7088 3
7089 1
7090 1
7092 1
7093 1
7094 1
7096 3
7097 2
7098 1
7101 1
7102 4
7103 2
7104 2
7105 1
7107 1
7108 1
7109 2
7110 2
7111 1
7113 3
7114 2
7115 4
7116 2
7118 1
7119 3
7121 1
7122 1
7123 1
7125 1
7126 3
7127 3
7129 1
7130 1
7131 2
7133 4
7134 1
7135 1
7137 3
7138 2
7139 2
7140 2
7141 1
7142 1
7143 3
7144 4
7145 1
7146 2
7149 3
7150 2
7151 2
7152 1
7153 2
7154 6
7155 2
7156 2
7157 3
7158 1
7159 2
7160 3
7162 2
7166 2
7168 3
7169 1
7170 2
7171 3
7173 2
7174 2
7175 1
7176 1
7177 1
7178 2
7179 2
7180 1
7182 1
7184 2
7185 2
7188 2
7190 1
7191 2
7194 1
7195 3
7197 3
7198 2
7199 1
7200 2
7201 1
7202 2
7203 2
7205 1
7207 1
7208 1
7210 1
7211 2
7213 2
7215 1
7216 1
7219 4
7220 1
7221 1
7222 2
7223 1
7224 3
7225 3
7226 2
7227 1
7228 2
7230 1
7232 2
7233 4
7235 1
7236 1
7237 1
7238 2
7239 2
7240 2
7241 2
7242 1
7243 2
7244 3
7247 2
7248 2
7250 3
7254 4
7255 3
7256 3
7258 1
7259 2
7260 1
7261 2
7262 2
7263 3
7265 1
7266 1
7267 2
7271 3
7272 3
7273 1
7274 1
7275 1
7276 2
7277 3
7278 1
7279 2
7280 2
7281 1
7283 5
7284 3
7285 2
7287 5
7288 2
7289 6
7290 2
7291 3
7292 1
7293 3
7294 1
7295 1
7296 2
7297 3
7298 2
7299 2
7300 1
7302 3
7303 4
7304 3
7305 1
7306 4
7307 1
7308 4
7309 1
7311 2
7312 3
7313 1
7314 7
7315 1
7316 2
7317 2
7318 3
7319 1
7320 7
7321 2
7323 1
7324 1
7325 2
7328 3
7329 1
7330 2
7332 2
7333 1
7334 3
7336 2
7337 2
7338 2
7340 2
7341 1
7342 1
7343 1
7344 2
7345 3
7347 1
7348 2
7349 3
7350 1
7353 2
7354 2
7355 3
7356 2
7357 1
7359 2
7361 3
7362 4
7363 2
7365 2
7366 1
7367 2
7368 3
7369 1
7370 1
7371 4
7372 3
7373 3
7375 1
7376 1
7377 1
7378 2
7379 1
7380 1
7383 1
7384 3
7385 5
7386 1
7387 1
7388 1
7389 1
7390 2
7391 1
7392 2
7393 2
7394 1
7396 3
7397 3
7398 2
7399 5
7400 2
7402 3
7403 2
7404 2
7405 1
7406 2
7407 1
7408 2
7409 2
7410 2
7411 1
7412 1
7413 1
7414 3
7415 1
7416 2
7420 1
7422 1
7423 2
7424 1
7425 1
7426 1
7427 1
7428 1
7429 2
7430 1
7431 4
7432 4
7433 2
7434 1
7435 4
7436 1
7437 5
7438 2
7439 3
7440 2
7441 3
7442 3
7443 3
7444 1
7445 2
7446 1
7447 1
7448 2
7449 4
7450 1
7451 2
7453 2
7454 4
7455 1
7456 2
7457 3
7458 1
7459 3
7460 4
7461 2
7462 4
7463 3
7464 5
7465 2
7466 6
7468 2
7470 1
7472 4
7473 1
7474 3
7476 1
7477 2
7478 3
7479 3
7480 4
7481 1
7482 1
7483 2
7484 1
7485 3
7489 1
7490 1
7492 1
7493 2
7494 3
7495 2
7496 1
7498 1
7499 1
7500 1
7501 2
7502 2
7503 3
7505 2
7506 2
7507 1
7508 4
7509 1
7510 1
7511 3
7513 1
7514 1
7515 2
7516 3
7517 1
7518 1
7519 5
7520 2
7521 1
7523 2
7524 2
7525 3
7526 1
7527 1
7528 2
7530 1
7531 3
7532 2
7533 3
7535 2
7536 2
7537 1
7539 3
7541 2
7542 3
7543 6
7544 2
7545 2
7546 3
7548 5
7549 3
7550 2
7551 2
7552 1
7554 2
7556 4
7557 1
7558 1
7559 1
7560 1
7561 1
7562 1
7563 1
7564 1
7566 1
7570 3
7571 1
7572 3
7573 1
7574 2
7575 1
7577 5
7578 2
7579 1
7580 1
7581 3
7582 2
7583 5
7584 2
7585 1
7587 3
7589 4
7590 4
7591 3
7592 1
7593 2
7594 1
7595 2
7596 1
7597 4
7598 3
7600 2
7602 2
7603 7
7604 2
7605 1
7606 2
7607 3
7608 4
7609 1
7610 1
7611 2
7612 3
7613 3
7614 3
7615 3
7617 2
7618 3
7619 2
7620 4
7621 2
7622 1
7623 2
7624 1
7625 6
7626 2
7627 2
7628 3
7629 2
7630 1
7632 1
7635 1
7636 3
7637 2
7638 2
7640 2
7641 3
7642 2
7643 1
7644 3
7646 3
7648 5
7649 3
7651 1
7652 2
7653 1
7654 6
7656 2
7659 2
7660 2
7661 1
7662 4
7663 1
7664 1
7665 5
7667 5
7668 2
7669 2
7670 1
7671 2
7672 1
7673 1
7678 1
7679 3
7681 1
7682 3
7683 2
7684 1
7685 4
7686 1
7687 1
7689 3
7690 3
7691 3
7692 2
7693 2
7694 3
7695 1
7696 2
7697 2
7698 3
7699 2
7700 2
7703 1
7705 2
7707 1
7708 2
7710 3
7711 1
7713 3
7714 1
7715 1
7716 2
7718 2
7719 1
7720 4
7721 1
7722 1
7723 2
7724 2
7725 2
7726 2
7727 1
7729 4
7730 2
7731 1
7732 1
7733 2
7734 1
7735 4
7736 3
7737 1
7738 1
7739 2
7741 2
7742 3
7743 4
7744 3
7747 3
7748 5
7749 4
7750 1
7751 3
7752 1
7753 3
7754 2
7755 2
7756 2
7757 5
7758 1
7759 2
7760 2
7761 3
7762 1
7763 2
7764 3
7765 2
7766 3
7767 1
7768 2
7769 2
7770 1
7771 1
7772 1
7773 2
7774 3
7775 1
7776 2
7777 2
7778 2
7779 1
7782 4
7783 3
7784 2
7785 2
7786 1
7787 1
7788 2
7789 3
7790 3
7791 1
7792 1
7794 4
7795 1
7796 1
7797 1
7798 3
7799 2
7800 5
7802 4
7804 1
7806 1
7807 3
7808 7
7809 1
7810 1
7812 4
7813 3
7814 4
7815 2
7816 1
7817 2
7819 2
7820 1
7821 1
7822 2
7823 2
7824 3
7825 5
7826 2
7827 3
7828 2
7829 2
7830 3
7831 4
7832 1
7833 1
7834 1
7835 3
7836 3
7837 2
7838 2
7839 3
7840 2
7841 1
7842 2
7843 6
7844 1
7845 2
7846 2
7847 1
7848 1
7851 2
7852 1
7854 1
7855 2
7856 3
7857 2
7858 1
7859 2
7860 1
7861 1
7864 1
7865 3
7866 4
7867 2
7869 2
7870 1
7871 1
7872 6
7873 2
7874 1
7876 4
7877 2
7878 1
7879 4
7880 2
7881 2
7882 1
7883 2
7884 2
7886 2
7887 2
7888 2
7889 1
7891 2
7892 1
7893 2
7894 3
7895 2
7896 2
7897 3
7900 2
7901 3
7902 4
7903 4
7904 2
7906 1
7907 3
7908 4
7909 6
7910 5
7911 1
7912 1
7913 2
7914 1
7915 1
7916 1
7917 2
7918 1
7919 2
7921 2
7924 3
7925 4
7926 1
7928 1
7929 1
7930 1
7931 2
7934 3
7935 4
7937 2
7938 2
7940 3
7941 1
7942 4
7943 2
7944 1
7945 1
7946 2
7948 6
7949 2
7950 2
7951 2
7952 4
7953 4
7954 2
7955 1
7956 3
7957 2
7958 3
7959 1
7960 4
7962 3
7963 1
7964 1
7965 1
7966 4
7967 2
7968 4
7969 3
7970 1
7971 2
7972 5
7973 7
7974 3
7975 3
7976 3
7977 2
7979 4
7980 2
7981 2
7982 1
7983 5
7984 1
7985 2
7986 1
7987 2
7988 4
7989 8
7990 2
7991 1
7992 1
7993 2
7994 2
7995 3
7996 1
7997 4
7998 2
7999 1
8000 1
8001 1
8002 1
8003 4
8004 1
8005 2
8006 1
8007 2
8008 1
8009 3
8011 1
8012 1
8013 4
8014 1
8016 2
8017 3
8018 7
8019 2
8020 1
8021 2
8022 2
8024 2
8025 2
8026 4
8027 2
8029 1
8030 6
8031 5
8034 2
8035 1
8036 3
8037 2
8038 2
8039 3
8040 3
8041 2
8042 6
8043 2
8044 2
8045 1
8046 3
8047 2
8048 5
8049 4
8050 2
8051 2
8052 2
8053 4
8054 4
8055 2
8056 1
8057 5
8059 4
8060 1
8061 2
8062 3
8063 1
8064 1
8066 2
8067 2
8068 2
8069 2
8070 1
8071 4
8073 4
8074 1
8076 1
8077 3
8078 2
8080 2
8081 2
8082 2
8083 4
8084 1
8085 1
8086 1
8087 1
8088 2
8089 1
8090 3
8091 5
8092 1
8094 2
8095 5
8096 1
8097 3
8098 2
8099 1
8100 6
8101 2
8102 3
8103 1
8104 1
8106 4
8107 1
8108 5
8109 3
8110 2
8111 1
8112 4
8113 2
8114 6
8115 3
8116 2
8117 1
8118 5
8119 3
8120 3
8121 2
8122 1
8123 1
8124 4
8125 2
8126 4
8127 1
8128 3
8129 3
8130 1
8131 4
8132 4
8133 2
8134 2
8135 7
8136 1
8137 1
8138 2
8139 3
8140 3
8141 2
8143 3
8145 2
8147 3
8148 2
8149 5
8150 1
8151 2
8152 2
8153 2
8154 1
8155 2
8156 1
8157 1
8158 1
8159 3
8160 3
8161 3
8162 1
8163 2
8164 2
8165 2
8166 4
8167 1
8169 2
8170 3
8171 1
8172 1
8173 1
8174 3
8175 1
8176 3
8177 3
8178 4
8179 2
8180 1
8181 1
8182 2
8183 1
8184 2
8185 4
8186 2
8187 1
8188 1
8189 5
8190 3
8191 1
8192 2
8193 3
8194 4
8195 1
8196 2
8197 4
8199 1
8200 5
8201 2
8202 3
8203 3
8204 1
8205 4
8206 1
8207 2
8208 4
8209 2
8212 3
8213 2
8214 4
8215 1
8216 2
8217 4
8218 2
8219 2
8220 1
8221 1
8222 1
8223 5
8224 1
8225 2
8226 1
8227 1
8228 2
8229 4
8230 2
8231 5
8232 1
8233 1
8234 1
8235 6
8236 4
8237 3
8238 1
8241 1
8242 1
8243 3
8246 3
8247 1
8248 1
8249 2
8250 1
8251 2
8252 3
8253 3
8254 3
8255 2
8256 2
8257 2
8258 8
8259 3
8260 4
8261 1
8262 4
8264 3
8265 1
8266 4
8267 1
8268 3
8269 2
8270 3
8271 3
8272 5
8273 1
8274 3
8275 1
8276 2
8277 2
8278 4
8279 2
8280 1
8281 1
8282 1
8283 2
8284 5
8285 1
8286 2
8287 3
8288 2
8289 5
8292 3
8293 4
8294 2
8295 5
8296 3
8297 3
8298 1
8299 2
8300 3
8301 3
8302 4
8303 2
8305 2
8306 3
8307 2
8309 3
8310 3
8311 1
8313 4
8314 2
8315 3
8317 2
8318 5
8319 1
8320 1
8321 2
8322 3
8323 4
8324 2
8325 3
8326 3
8327 1
8328 1
8329 3
8330 4
8331 3
8332 1
8333 2
8334 5
8335 4
8336 2
8337 5
8338 3
8339 2
8340 5
8341 1
8342 2
8343 4
8344 1
8345 2
8346 4
8347 1
8348 5
8349 2
8350 2
8351 4
8352 1
8353 4
8354 2
8358 2
8359 2
8360 2
8361 1
8362 1
8364 2
8365 3
8366 4
8367 1
8368 3
8369 1
8371 5
8372 3
8373 1
8374 4
8375 3
8376 1
8377 5
8378 1
8379 5
8380 4
8382 2
8383 4
8384 1
8385 1
8387 1
8388 1
8389 2
8390 1
8391 2
8394 1
8395 3
8396 2
8397 3
8398 2
8399 3
8400 1
8401 2
8402 3
8403 1
8404 6
8405 1
8406 3
8407 4
8408 4
8410 5
8411 1
8412 5
8413 4
8414 2
8415 1
8416 2
8417 2
8418 7
8419 2
8420 6
8421 1
8422 1
8423 2
8424 2
8425 1
8426 1
8428 1
8429 2
8430 3
8432 3
8433 2
8434 3
8435 6
8436 2
8437 3
8438 3
8439 2
8440 3
8441 4
8442 2
8443 4
8444 1
8445 3
8446 2
8447 2
8448 3
8449 2
8451 2
8452 2
8453 2
8454 2
8455 2
8456 1
8458 3
8459 3
8460 1
8461 1
8462 3
8463 5
8464 3
8466 4
8467 5
8468 1
8469 4
8470 1
8471 3
8475 5
8476 2
8477 4
8478 1
8479 2
8480 1
8481 1
8482 1
8483 7
8484 4
8485 1
8486 3
8487 1
8488 1
8489 6
8490 1
8491 3
8492 2
8493 2
8494 5
8495 1
8496 2
8497 6
8498 2
8499 2
8500 4
8501 1
8502 1
8503 1
8504 1
8505 4
8506 2
8507 1
8508 4
8509 1
8510 3
8511 3
8512 4
8513 2
8514 5
8516 1
8517 2
8518 4
8519 2
8520 5
8521 1
8522 1
8523 3
8524 3
8525 5
8527 4
8528 2
8529 2
8530 1
8531 3
8532 1
8533 1
8535 3
8536 2
8537 3
8538 1
8539 1
8540 2
8541 4
8542 4
8543 2
8544 1
8545 2
8546 2
8547 2
8548 4
8549 1
8550 1
8551 2
8552 4
8553 6
8554 3
8555 2
8556 4
8557 2
8558 6
8559 1
8560 2
8561 2
8562 6
8563 2
8564 4
8565 3
8566 4
8567 2
8568 3
8569 1
8570 3
8571 3
8572 5
8573 2
8574 1
8575 1
8576 3
8577 2
8578 7
8579 4
8580 1
8582 3
8583 2
8584 6
8585 2
8586 2
8587 3
8588 1
8589 3
8590 1
8591 1
8592 3
8593 2
8594 5
8595 2
8596 3
8597 2
8598 2
8599 1
8600 2
8601 2
8602 3
8603 1
8604 3
8605 2
8606 3
8607 2
8609 2
8610 1
8611 3
8612 4
8613 2
8616 1
8617 3
8618 1
8619 3
8620 2
8621 3
8622 1
8623 7
8624 1
8625 4
8626 2
8627 4
8628 1
8629 6
8631 3
8632 1
8633 1
8634 1
8635 7
8636 2
8637 5
8638 2
8639 1
8640 3
8641 3
8642 4
8643 4
8644 3
8646 2
8648 4
8649 3
8650 2
8651 1
8652 2
8653 3
8654 4
8656 2
8657 4
8658 4
8659 3
8660 3
8661 2
8662 2
8663 6
8664 2
8665 3
8666 4
8667 2
8668 2
8669 1
8670 3
8671 2
8672 3
8673 3
8674 4
8675 2
8676 3
8677 2
8678 2
8679 2
8680 2
8681 1
8683 1
8684 3
8685 3
8686 1
8687 2
8688 3
8689 3
8690 2
8691 2
8692 1
8693 1
8694 2
8695 5
8696 4
8697 1
8698 2
8699 8
8700 3
8701 3
8702 3
8703 4
8704 5
8705 2
8706 3
8707 5
8708 4
8710 2
8711 2
8712 3
8713 2
8714 1
8715 3
8716 2
8717 6
8718 3
8719 2
8720 3
8721 1
8722 3
8723 6
8724 4
8725 4
8726 5
8727 3
8728 6
8729 5
8730 6
8731 1
8732 4
8734 2
8736 4
8737 3
8738 4
8740 2
8741 2
8742 1
8743 3
8744 3
8745 3
8746 2
8747 1
8748 2
8749 3
8750 1
8752 2
8753 1
8754 2
8756 2
8757 2
8758 3
8759 3
8760 1
8761 2
8763 3
8764 3
8765 1
8766 2
8767 2
8769 6
8770 2
8771 2
8772 4
8773 2
8774 1
8775 3
8777 2
8778 2
8779 1
8780 2
8781 4
8782 2
8783 8
8784 2
8785 2
8786 1
8787 4
8788 3
8789 6
8790 1
8791 2
8792 3
8793 1
8794 3
8795 5
8796 3
8797 3
8799 3
8800 5
8801 3
8802 2
8803 4
8804 1
8805 4
8806 3
8807 4
8808 2
8809 2
8810 5
8811 2
8812 7
8813 3
8814 1
8815 2
8816 3
8817 3
8818 4
8819 1
8820 6
8821 3
8823 2
8824 4
8825 4
8826 2
8828 3
8829 1
8830 1
8831 1
8832 2
8833 1
8834 3
8835 2
8836 2
8837 1
8838 1
8839 1
8840 2
8841 7
8842 3
8843 2
8844 2
8845 5
8846 3
8847 6
8848 5
8849 1
8850 1
8851 4
8852 1
8853 2
8854 4
8855 3
8856 1
8857 2
8858 2
8859 4
8860 2
8861 3
8862 3
8863 3
8864 2
8865 2
8866 3
8867 2
8868 2
8869 3
8870 3
8871 4
8872 5
8873 1
8874 3
8875 4
8876 3
8877 4
8878 4
8879 2
8881 2
8882 5
8883 3
8884 4
8885 3
8886 3
8888 2
8889 6
8890 5
8891 2
8892 2
8893 1
8894 2
8896 1
8898 1
8899 2
8900 3
8901 1
8902 2
8903 2
8904 3
8905 4
8906 4
8907 1
8908 1
8909 2
8910 4
8912 4
8913 3
8914 1
8915 2
8916 3
8917 2
8918 4
8919 1
8920 1
8921 3
8922 1
8923 5
8924 3
8926 2
8927 4
8928 1
8929 6
8930 2
8931 2
8932 1
8933 3
8934 2
8935 5
8936 2
8937 4
8938 2
8939 2
8940 1
8941 2
8942 2
8943 6
8944 1
8945 2
8946 2
8947 5
8948 3
8949 3
8950 1
8951 3
8952 2
8953 3
8954 4
8955 3
8956 3
8957 4
8958 3
8959 1
8960 2
8961 1
8962 2
8963 3
8964 4
8965 2
8967 2
8968 3
8969 4
8970 3
8971 1
8972 4
8973 1
8974 4
8975 2
8976 2
8977 1
8978 6
8979 2
8980 3
8981 1
8982 3
8983 2
8984 4
8986 2
8987 4
8988 5
8989 1
8991 2
8992 1
8993 4
8994 4
8995 1
8996 2
8997 2
8999 6
9000 4
9001 1
9002 3
9003 2
9004 2
9005 6
9006 3
9007 7
9008 3
9011 3
9012 6
9014 2
9015 5
9016 3
9017 4
9018 1
9019 3
9020 3
9021 4
9022 4
9023 5
9024 3
9025 5
9026 2
9027 1
9028 4
9029 4
9030 4
9031 3
9032 4
9033 1
9034 4
9035 3
9036 3
9037 3
9038 4
9039 2
9040 2
9041 1
9042 2
9043 2
9044 1
9045 1
9046 5
9047 2
9048 1
9049 1
9050 1
9051 2
9052 9
9053 4
9054 1
9055 1
9056 4
9057 1
9058 4
9059 2
9060 3
9061 3
9062 1
9063 3
9064 5
9065 3
9066 5
9068 1
9069 3
9070 1
9071 2
9072 5
9073 3
9074 1
9075 2
9076 6
9077 2
9078 2
9079 4
9080 1
9081 7
9082 1
9083 5
9084 2
9085 2
9086 1
9087 5
9088 3
9089 9
9090 3
9091 2
9093 5
9094 5
9095 4
9096 1
9097 2
9099 4
9100 2
9101 4
9102 2
9103 2
9104 4
9105 3
9106 2
9107 4
9108 1
9109 3
9110 4
9111 1
9112 2
9113 1
9114 3
9115 2
9116 3
9117 3
9118 1
9119 1
9120 3
9121 2
9122 3
9123 2
9124 2
9125 3
9126 2
9128 2
9129 4
9130 4
9131 2
9132 2
9133 2
9134 2
9135 2
9136 3
9137 1
9138 2
9139 1
9140 3
9141 2
9143 2
9144 2
9145 4
9147 3
9148 6
9149 1
9150 3
9151 3
9152 5
9153 5
9154 1
9155 1
9156 1
9157 3
9158 5
9159 2
9160 4
9161 2
9162 2
9163 4
9164 2
9165 3
9166 6
9167 2
9168 5
9169 3
9170 3
9171 2
9172 3
9173 5
9174 7
9175 3
9176 2
9177 2
9178 3
9180 1
9181 2
9182 2
9183 4
9185 3
9186 1
9187 2
9188 2
9189 5
9190 2
9191 2
9192 2
9193 3
9194 4
9195 2
9196 1
9197 2
9198 6
9199 4
9200 2
9201 1
9202 2
9204 5
9205 1
9206 6
9207 2
9208 2
9209 2
9210 4
9211 4
9212 8
9213 1
9214 2
9215 1
9216 5
9217 4
9218 2
9219 2
9220 2
9221 3
9222 4
9223 3
9224 5
9225 1
9226 4
9227 4
9228 1
9229 2
9230 4
9231 4
9232 2
9233 8
9234 3
9235 4
9236 1
9237 8
9238 2
9239 9
9240 4
9241 4
9242 2
9243 5
9245 2
9246 1
9247 7
9248 4
9249 2
9250 1
9251 1
9252 4
9253 8
9254 2
9255 1
9256 3
9257 3
9258 1
9259 3
9260 2
9261 4
9262 2
9263 1
9264 4
9265 2
9266 3
9267 3
9268 3
9269 2
9270 4
9271 4
9272 1
9273 4
9274 2
9275 4
9276 1
9277 5
9278 3
9280 4
9281 5
9282 5
9283 4
9285 2
9286 3
9288 3
9289 2
9290 4
9291 2
9292 1
9293 2
9294 5
9295 5
9297 1
9298 4
9299 2
9300 1
9302 1
9303 2
9304 7
9305 2
9306 6
9307 1
9308 1
9309 3
9310 3
9311 5
9312 9
9313 4
9314 3
9315 4
9316 3
9317 3
9318 5
9319 4
9320 3
9321 7
9322 1
9323 3
9324 1
9325 2
9326 3
9327 3
9328 2
9329 2
9331 1
9332 1
9333 3
9334 4
9335 7
9337 2
9339 2
9340 3
9341 2
9342 1
9343 2
9344 3
9345 3
9346 2
9347 3
9348 1
9349 4
9350 4
9351 1
9352 5
9353 3
9354 2
9355 4
9356 3
9357 2
9358 6
9359 3
9360 3
9361 3
9362 2
9363 1
9364 6
9365 3
9366 2
9368 1
9369 3
9370 4
9371 3
9372 4
9373 4
9374 1
9375 2
9376 7
9377 5
9378 4
9379 4
9380 5
9381 5
9382 5
9383 6
9384 5
9385 6
9386 2
9387 2
9388 4
9389 5
9390 2
9391 2
9392 4
9393 6
9394 3
9395 3
9396 2
9397 4
9398 4
9399 7
9400 2
9401 2
9402 1
9403 1
9404 3
9405 1
9406 3
9407 4
9409 3
9410 3
9411 3
9412 3
9413 6
9414 5
9415 4
9416 4
9417 4
9418 3
9420 2
9421 2
9422 4
9423 3
9424 2
9425 1
9426 2
9427 3
9428 1
9429 4
9430 5
9431 1
9432 1
9433 2
9434 2
9435 4
9437 2
9438 4
9439 2
9440 3
9441 2
9442 4
9443 3
9444 3
9445 1
9446 4
9447 2
9448 3
9449 1
9450 5
9451 3
9452 4
9453 2
9454 2
9455 2
9456 2
9457 1
9458 7
9459 2
9460 1
9461 4
9462 1
9463 2
9464 6
9465 1
9466 5
9467 4
9468 1
9469 5
9470 2
9471 4
9472 5
9473 3
9474 1
9475 4
9476 3
9477 2
9478 4
9479 2
9480 3
9481 3
9482 2
9483 2
9484 1
9485 3
9486 3
9487 3
9489 4
9490 1
9491 3
9492 4
9493 8
9494 3
9495 4
9496 1
9497 2
9498 5
9499 6
9500 5
9501 6
9502 2
9504 2
9505 2
9506 5
9507 1
9509 3
9510 5
9511 3
9512 3
9513 2
9514 2
9515 2
9516 3
9517 4
9518 3
9519 1
9520 2
9521 3
9522 9
9523 6
9524 3
9525 4
9526 5
9527 3
9528 4
9529 5
9530 5
9531 4
9532 3
9533 4
9534 3
9535 4
9536 2
9537 2
9538 4
9539 3
9540 7
9541 4
9542 4
9543 4
9544 2
9545 2
9546 4
9547 2
9548 4
9549 1
9550 1
9551 2
9552 3
9553 6
9554 3
9555 1
9556 2
9557 5
9558 4
9559 6
9560 3
9561 3
9562 1
9563 6
9564 3
9565 2
9566 2
9567 5
9568 3
9569 2
9570 3
9571 4
9572 1
9573 3
9574 1
9575 6
9576 2
9577 4
9578 2
9579 3
9580 1
9581 1
9582 2
9583 1
9584 3
9585 1
9586 3
9587 5
9588 3
9589 2
9590 3
9591 2
9592 3
9593 3
9594 4
9595 2
9596 2
9597 1
9598 6
9599 4
9600 3
9601 3
9602 4
9603 2
9604 9
9605 1
9606 2
9607 2
9608 1
9609 2
9610 5
9611 2
9612 7
9613 1
9614 2
9615 5
9616 2
9617 4
9618 4
9619 3
9620 1
9621 1
9622 2
9623 4
9624 2
9626 2
9627 1
9628 4
9629 3
9630 1
9631 1
9632 5
9633 3
9634 2
9635 6
9636 3
9637 2
9638 5
9639 4
9640 3
9641 4
9642 3
9643 3
9644 5
9645 1
9646 3
9647 4
9648 2
9649 2
9650 2
9651 1
9652 1
9653 3
9654 1
9655 3
9657 2
9658 3
9659 3
9660 4
9662 1
9663 6
9664 3
9665 2
9666 4
9667 2
9668 4
9669 4
9670 4
9671 4
9672 2
9674 6
9675 2
9676 6
9677 4
9678 3
9679 3
9680 4
9681 3
9682 4
9683 5
9684 5
9685 4
9686 3
9687 1
9688 5
9689 2
9691 1
9692 3
9693 4
9694 4
9696 1
9697 3
9698 8
9699 3
9700 4
9701 5
9702 2
9703 4
9704 3
9705 6
9706 5
9707 5
9708 1
9709 4
9710 2
9711 5
9712 2
9713 2
9714 1
9715 4
9716 1
9717 4
9718 3
9719 4
9720 2
9721 3
9722 4
9723 2
9724 2
9725 2
9726 1
9727 6
9728 2
9729 2
9730 2
9731 3
9732 3
9733 6
9734 2
9735 3
9736 1
9737 3
9738 1
9739 5
9740 3
9741 4
9742 4
9743 1
9744 5
9745 2
9746 2
9747 6
9748 6
9749 1
9750 8
9751 1
9752 4
9753 6
9754 1
9755 3
9756 2
9757 3
9758 9
9759 3
9760 2
9761 3
9762 6
9763 2
9764 7
9765 1
9766 2
9767 2
9769 2
9770 4
9771 2
9772 3
9773 2
9774 5
9775 5
9776 3
9777 3
9778 3
9779 1
9780 5
9781 3
9782 4
9783 4
9784 4
9785 2
9786 3
9787 1
9788 3
9789 4
9790 1
9791 6
9792 3
9793 4
9794 2
9795 4
9796 1
9797 2
9798 2
9799 3
9801 3
9803 2
9804 2
9805 3
9806 6
9807 3
9809 3
9810 2
9811 2
9812 2
9814 1
9815 3
9816 3
9817 4
9818 1
9819 3
9820 5
9821 2
9822 9
9823 4
9824 2
9826 5
9827 2
9828 4
9829 8
9830 2
9831 3
9832 2
9834 3
9835 2
9836 4
9837 4
9838 2
9839 2
9840 2
9841 3
9842 2
9843 7
9844 4
9845 2
9846 4
9847 4
9848 3
9849 3
9850 4
9851 4
9852 4
9853 4
9854 5
9855 2
9856 1
9857 2
9858 6
9859 5
9860 4
9861 1
9862 2
9863 3
9864 2
9865 3
9866 2
9867 4
9868 3
9869 1
9870 3
9871 3
9872 1
9873 1
9874 1
9875 7
9876 5
9877 1
9878 1
9879 3
9880 3
9881 5
9883 3
9884 5
9885 6
9886 2
9887 9
9888 4
9889 2
9890 2
9891 4
9892 4
9893 8
9894 1
9895 3
9896 1
9898 4
9899 5
9900 4
9901 3
9902 7
9903 3
9904 6
9905 2
9906 5
9907 5
9908 9
9909 1
9910 7
9911 1
9912 5
9914 3
9915 1
9916 7
9917 4
9918 6
9919 1
9920 3
9921 3
9922 6
9923 5
9924 6
9925 2
9926 4
9927 3
9928 3
9929 6
9930 2
9931 1
9932 3
9933 3
9934 3
9935 1
9936 2
9937 5
9938 4
9939 4
9940 3
9941 2
9942 1
9943 2
9944 3
9945 3
9946 1
9947 3
9948 2
9949 5
9950 2
9951 2
9952 4
9953 4
9954 1
9955 3
9957 3
9958 3
9959 4
9960 2
9961 1
9962 3
9963 7
9964 3
9965 2
9966 3
9967 5
9968 6
9969 4
9970 1
9971 3
9972 5
9974 1
9975 3
9976 4
9977 2
9979 2
9980 5
9981 8
9982 2
9983 4
9984 1
9985 2
9986 3
9987 6
9988 4
9989 5
9990 4
9991 2
9992 5
9993 6
9994 2
9995 4
9996 6
9997 2
9998 3
9999 1
10000 5
10001 5
10002 3
10003 4
10004 3
10005 3
10006 2
10007 3
10008 2
10009 4
10010 3
10011 2
10012 3
10013 3
10014 4
10015 1
10016 4
10017 1
10018 3
10019 1
10020 2
10021 6
10022 2
10023 2
10024 1
10025 4
10026 1
10027 6
10028 3
10029 1
10030 2
10031 5
10032 2
10033 8
10034 4
10035 4
10036 4
10037 5
10038 2
10039 5
10041 5
10042 2
10044 3
10045 5
10046 5
10047 7
10048 2
10049 2
10050 6
10051 4
10052 5
10053 3
10054 3
10055 2
10056 4
10057 3
10058 5
10059 5
10060 4
10061 3
10062 7
10063 5
10064 8
10065 3
10066 5
10067 3
10068 6
10069 5
10070 8
10071 3
10072 2
10073 1
10074 6
10075 4
10076 5
10077 1
10078 2
10079 3
10080 4
10081 3
10082 4
10083 3
10084 2
10085 5
10086 2
10087 2
10088 3
10089 4
10090 5
10091 1
10092 2
10093 3
10094 1
10095 3
10096 3
10097 3
10098 6
10099 4
10100 2
10101 3
10102 1
10103 3
10104 4
10105 4
10106 4
10107 2
10108 2
10109 4
10110 4
10111 3
10112 4
10113 1
10114 2
10115 4
10116 3
10117 1
10118 1
10119 1
10120 2
10121 1
10122 1
10123 3
10124 3
10125 2
10126 3
10127 7
10128 4
10129 5
10130 1
10131 2
10132 3
10133 4
10134 3
10135 4
10136 5
10137 2
10138 3
10139 7
10140 3
10141 3
10142 4
10143 4
10144 3
10145 2
10146 3
10147 6
10148 3
10149 4
10150 4
10152 5
10153 4
10154 5
10155 4
10156 1
10157 2
10158 3
10160 3
10162 2
10163 1
10164 3
10165 1
10166 3
10167 4
10168 4
10169 2
10170 4
10172 1
10173 6
10174 6
10175 2
10176 2
10177 3
10178 3
10179 6
10180 4
10181 5
10182 2
10183 2
10184 1
10185 7
10186 2
10187 7
10188 3
10191 5
10192 5
10193 5
10194 4
10195 3
10196 4
10197 3
10198 2
10199 5
10200 3
10201 4
10202 4
10203 5
10204 4
10205 3
10206 3
10207 7
10208 8
10209 3
10210 4
10211 6
10212 7
10213 1
10214 5
10215 4
10216 6
10217 2
10218 3
10219 4
10220 4
10221 8
10222 7
10223 2
10224 4
10225 1
10226 3
10227 3
10228 4
10229 5
10231 2
10232 5
10233 4
10234 5
10235 1
10236 3
10237 3
10238 3
10239 3
10240 2
10241 2
10242 5
10243 2
10244 5
10245 5
10246 4
10247 2
10248 4
10249 2
10250 4
10251 2
10252 9
10253 5
10255 2
10256 5
10257 3
10258 5
10259 1
10260 3
10261 3
10263 5
10264 4
10265 2
10266 2
10267 2
10268 3
10269 7
10270 3
10271 4
10272 1
10273 4
10274 2
10275 3
10276 3
10277 2
10278 2
10279 5
10280 3
10281 4
10282 1
10283 3
10284 3
10285 6
10286 4
10287 7
10288 3
10289 4
10290 5
10291 1
10292 2
10293 7
10294 4
10295 4
10296 4
10298 4
10299 3
10300 3
10301 4
10302 3
10303 2
10304 3
10306 1
10307 1
10308 2
10309 4
10310 2
10311 1
10312 2
10313 1
10314 4
10315 4
10316 10
10317 3
10319 2
10320 5
10321 3
10322 3
10323 2
10324 5
10325 4
10326 1
10327 3
10328 3
10329 5
10330 3
10331 1
10332 3
10333 6
10334 2
10335 1
10336 2
10337 3
10338 2
10339 6
10340 4
10341 1
10343 2
10344 3
10345 8
10346 4
10347 5
10348 6
10349 2
10350 2
10351 4
10352 6
10353 7
10354 7
10355 2
10356 2
10357 6
10358 5
10359 3
10360 5
10361 3
10362 3
10363 5
10364 2
10365 4
10366 2
10367 2
10368 4
10369 4
10370 5
10372 1
10373 3
10374 5
10375 1
10376 2
10377 1
10378 5
10379 4
10380 3
10381 4
10382 3
10383 1
10384 3
10385 1
10386 7
10387 5
10388 4
10389 2
10390 5
10391 3
10392 2
10393 4
10394 5
10395 4
10396 5
10397 2
10398 5
10399 2
10400 1
10401 1
10402 4
10403 4
10404 5
10405 1
10406 3
10408 5
10409 2
10410 2
10411 4
10412 5
10413 5
10414 3
10415 2
10416 7
10417 7
10418 3
10419 4
10420 3
10421 4
10422 2
10423 2
10424 3
10425 5
10426 2
10427 8
10428 3
10429 4
10430 2
10431 3
10432 4
10433 8
10434 5
10435 2
10436 3
10437 3
10438 3
10439 8
10440 3
10441 3
10442 4
10443 1
10444 3
10445 1
10446 2
10447 7
10448 1
10449 2
10450 2
10451 3
10452 4
10453 4
10454 1
10455 4
10456 3
10457 3
10458 3
10459 2
10460 5
10461 6
10462 5
10463 2
10464 2
10465 2
10466 2
10467 1
10468 3
10469 2
10470 5
10471 1
10472 2
10473 4
10474 5
10475 8
10476 6
10477 3
10478 2
10479 1
10480 4
10481 4
10482 3
10483 4
10485 4
10486 3
10487 3
10488 2
10489 1
10490 5
10491 6
10492 5
10493 5
10494 2
10495 3
10496 1
10497 6
10498 6
10499 2
10500 1
10501 5
10503 8
10504 5
10505 6
10506 7
10507 4
10508 2
10509 1
10510 2
10511 4
10512 4
10513 3
10514 4
10515 2
10516 3
10517 5
10518 1
10519 1
10520 2
10521 6
10522 3
10523 3
10524 3
10525 3
10526 2
10527 2
10528 4
10529 4
10530 2
10531 2
10532 5
10533 2
10534 6
10535 5
10536 2
10537 1
10538 3
10539 7
10540 2
10541 4
10542 4
10544 8
10545 4
10546 5
10547 3
10548 2
10549 2
10550 3
10552 5
10553 3
10554 5
10555 2
10556 8
10557 5
10558 2
10559 4
10560 3
10561 4
10562 7
10563 3
10564 3
10565 2
10566 1
10567 1
10568 7
10569 4
10570 4
10571 4
10572 3
10573 8
10574 3
10575 6
10576 7
10577 7
10578 1
10579 6
10580 4
10581 2
10582 2
10583 4
10584 3
10585 9
10586 1
10587 5
10588 2
10589 2
10590 3
10591 3
10592 4
10593 9
10594 2
10595 2
10596 3
10597 4
10598 6
10599 4
10600 1
10601 3
10602 1
10603 4
10604 4
10605 1
10606 1
10607 4
10608 2
10609 3
10610 2
10611 2
10612 2
10613 6
10614 5
10615 2
10616 4
10617 3
10618 5
10619 1
10620 4
10621 5
10622 7
10623 2
10624 2
10625 2
10626 5
10627 1
10628 2
10629 2
10630 1
10633 4
10634 5
10635 5
10636 2
10637 2
10638 5
10639 3
10640 4
10641 4
10642 3
10643 4
10644 5
10645 5
10646 6
10647 5
10648 3
10649 7
10650 4
10651 3
10652 6
10653 5
10654 2
10655 2
10656 3
10657 6
10658 4
10659 3
10660 2
10661 2
10662 4
10663 5
10664 2
10665 3
10666 3
10667 4
10668 1
10669 3
10670 3
10671 1
10672 2
10673 5
10674 4
10675 5
10676 2
10677 4
10678 6
10679 5
10680 4
10681 4
10682 6
10684 3
10685 2
10686 6
10687 5
10688 1
10690 5
10691 4
10692 3
10693 3
10694 4
10695 3
10696 2
10697 2
10698 2
10699 5
10700 1
10701 3
10702 7
10703 3
10704 5
10705 2
10706 6
10707 2
10708 5
10709 1
10710 6
10711 3
10712 2
10713 3
10714 6
10715 4
10716 6
10717 1
10718 4
10719 5
10720 3
10721 2
10722 7
10723 5
10724 1
10725 5
10726 2
10727 1
10728 7
10729 2
10730 3
10731 7
10732 3
10733 7
10734 2
10735 4
10736 5
10737 5
10738 2
10739 9
10740 2
10741 3
10742 3
10743 4
10744 6
10745 4
10746 2
10747 4
10749 5
10750 2
10751 4
10752 2
10753 5
10754 2
10755 5
10756 5
10757 6
10758 3
10759 3
10760 3
10761 3
10762 5
10763 4
10764 5
10765 4
10766 4
10767 3
10768 2
10769 2
10770 7
10771 2
10772 1
10773 4
10774 6
10775 3
10776 3
10777 1
10778 5
10779 3
10780 4
10781 4
10782 3
10783 1
10784 5
10785 4
10786 4
10787 5
10788 1
10789 4
10790 5
10791 4
10792 4
10793 5
10794 2
10795 5
10796 2
10797 3
10798 5
10799 2
10800 1
10801 3
10802 2
10803 4
10804 7
10805 3
10806 2
10807 4
10808 4
10809 4
10810 5
10811 3
10812 3
10813 2
10815 3
10816 6
10817 2
10818 7
10819 3
10820 3
10821 4
10822 4
10823 4
10824 6
10825 3
10826 3
10827 6
10828 2
10829 2
10830 1
10831 3
10832 4
10833 4
10834 2
10835 5
10836 1
10838 2
10839 8
10840 4
10841 2
10842 2
10843 3
10844 2
10846 2
10847 1
10848 4
10849 2
10850 3
10851 4
10852 3
10853 2
10854 6
10855 3
10856 7
10857 4
10858 3
10859 3
10860 4
10861 1
10862 8
10863 3
10864 5
10865 3
10866 4
10867 1
10868 7
10869 2
10870 2
10871 1
10872 1
10873 4
10874 6
10875 2
10876 5
10877 3
10878 2
10879 4
10880 5
10881 5
10882 4
10883 7
10884 3
10885 5
10886 2
10887 4
10888 4
10889 4
10890 2
10891 5
10892 3
10893 5
10895 2
10896 3
10897 8
10898 5
10899 4
10900 2
10901 4
10902 6
10903 5
10904 4
10905 3
10906 5
10907 4
10908 2
10909 1
10910 5
10911 3
10912 3
10913 5
10914 4
10915 2
10916 1
10917 3
10918 4
10919 5
10920 1
10921 4
10922 6
10923 1
10924 5
10925 2
10926 2
10927 5
10928 4
10929 2
10930 5
10931 3
10932 1
10933 7
10934 5
10935 3
10936 2
10937 2
10938 7
10939 4
10940 1
10941 4
10942 3
10943 3
10944 7
10945 2
10946 2
10947 6
10948 1
10949 5
10950 5
10951 2
10952 6
10953 2
10954 2
10955 5
10956 3
10957 4
10958 3
10961 2
10962 10
10963 2
10964 4
10965 4
10966 3
10967 4
10968 3
10969 4
10970 6
10971 7
10972 2
10973 3
10974 1
10975 8
10976 4
10977 1
10978 2
10979 4
10980 2
10981 3
10982 2
10983 4
10984 4
10985 4
10986 4
10987 1
10988 2
10989 4
10990 1
10991 3
10992 3
10993 3
10995 3
10996 3
10997 4
10998 2
10999 1
11000 4
11001 4
11002 8
11003 6
11004 2
11005 2
11006 7
11007 1
11008 8
11009 2
11010 3
11011 4
11012 4
11013 1
11014 8
11015 3
11016 7
11017 4
11019 2
11020 2
11021 2
11022 7
11023 4
11024 2
11025 2
11026 7
11027 3
11028 4
11029 4
11030 2
11031 7
11032 1
11033 3
11034 5
11035 4
11036 2
11037 2
11038 4
11039 8
11040 3
11041 4
11042 2
11043 4
11044 8
11045 5
11046 3
11047 5
11048 2
11049 5
11050 4
11051 3
11052 2
11053 1
11054 2
11055 7
11056 4
11057 3
11058 1
11059 3
11060 3
11061 1
11062 4
11063 4
11064 3
11065 3
11066 1
11067 9
11068 4
11069 1
11070 4
11071 7
11072 3
11073 4
11074 1
11075 5
11076 1
11079 7
11080 4
11081 5
11082 2
11083 3
11084 5
11085 4
11086 5
11087 6
11088 4
11089 1
11090 4
11091 2
11092 2
11093 7
11094 1
11095 3
11096 2
11097 2
11098 5
11100 4
11101 5
11102 4
11103 3
11104 2
11105 2
11106 2
11107 5
11108 7
11109 4
11110 5
11111 3
11112 4
11113 5
11114 5
11115 4
11116 6
11117 4
11118 7
11119 2
11120 3
11121 4
11122 3
11123 5
11124 5
11125 1
11126 2
11127 3
11128 4
11129 5
11130 1
11131 5
11132 2
11133 2
11134 2
11135 4
11136 2
11137 2
11138 1
11139 6
11140 2
11141 1
11142 3
11143 5
11144 3
11145 4
11146 3
11147 2
11148 6
11149 5
11150 3
11151 4
11152 6
11154 4
11155 2
11156 5
11157 6
11158 3
11159 3
11160 6
11161 4
11162 9
11163 3
11164 4
11166 7
11167 4
11168 4
11169 3
11170 3
11171 4
11172 7
11173 3
11174 5
11175 4
11176 6
11177 1
11178 2
11179 1
11180 7
11181 4
11182 4
11183 5
11184 3
11185 3
11186 4
11187 4
11188 6
11189 5
11190 5
11191 4
11192 5
11193 6
11194 1
11195 3
11196 3
11197 4
11198 3
11200 3
11201 5
11202 6
11203 5
11204 2
11205 2
11206 1
11207 3
11208 4
11209 3
11210 3
11211 3
11213 5
11214 3
11215 3
11216 5
11217 5
11218 1
11219 3
11220 1
11221 4
11222 2
11223 4
11224 1
11225 6
11226 3
11227 8
11228 1
11229 3
11230 3
11231 9
11232 4
11233 8
11234 1
11235 3
11236 3
11237 1
11238 2
11239 5
11240 3
11241 3
11242 2
11243 3
11244 7
11245 7
11246 4
11247 2
11248 3
11249 2
11250 3
11251 2
11252 4
11253 2
11254 9
11255 3
11256 5
11257 5
11258 3
11259 5
11260 4
11261 5
11262 6
11263 4
11264 5
11265 4
11266 4
11267 6
11268 3
11269 5
11270 4
11271 5
11272 2
11273 2
11274 4
11275 4
11276 4
11277 3
11278 4
11279 3
11280 3
11281 2
11282 1
11283 3
11284 3
11285 7
11286 1
11287 2
11288 1
11289 3
11290 4
11291 4
11292 3
11293 1
11294 3
11295 8
11296 3
11297 3
11298 4
11299 4
11300 5
11301 3
11302 4
11303 7
11304 2
11305 5
11306 1
11307 2
11308 7
11309 2
11310 4
11311 3
11312 3
11313 2
11314 6
11315 3
11316 4
11318 2
11319 4
11320 3
11321 6
11322 3
11323 4
11324 3
11325 2
11326 9
11327 7
11328 8
11329 5
11330 5
11331 2
11332 7
11333 8
11334 8
11335 3
11336 3
11338 3
11339 2
11340 4
11341 2
11342 2
11343 4
11344 4
11345 2
11346 2
11347 4
11348 3
11349 4
11350 3
11351 1
11352 1
11353 2
11354 6
11355 1
11356 2
11357 2
11359 3
11360 3
11361 3
11362 5
11363 4
11364 2
11365 6
11366 1
11367 6
11368 5
11369 3
11370 4
11371 3
11372 3
11373 4
11374 4
11375 2
11376 2
11377 3
11378 1
11379 6
11380 3
11381 1
11382 2
11383 2
11384 2
11385 4
11387 6
11388 4
11389 2
11390 2
11391 9
11392 7
11393 4
11394 3
11395 4
11396 5
11397 4
11398 4
11399 3
11400 6
11401 3
11402 4
11403 4
11404 4
11405 3
11406 4
11407 4
11408 6
11409 5
11410 2
11411 6
11412 6
11413 4
11414 7
11415 2
11416 7
11417 4
11418 2
11419 4
11420 4
11421 4
11422 6
11423 1
11424 4
11425 3
11426 2
11427 1
11428 4
11429 2
11430 4
11431 2
11432 4
11433 2
11434 1
11435 3
11436 3
11437 5
11438 4
11439 3
11440 2
11441 5
11442 3
11443 7
11444 5
11445 6
11446 3
11447 2
11448 3
11449 8
11450 4
11451 6
11452 2
11454 1
11455 4
11456 6
11457 2
11458 3
11459 5
11460 5
11461 5
11462 3
11463 3
11464 3
11465 4
11466 4
11467 5
11468 4
11469 3
11470 3
11471 4
11472 9
11473 7
11474 5
11475 4
11476 8
11478 6
11479 6
11480 6
11481 3
11482 3
11483 2
11484 2
11485 6
11486 8
11487 4
11488 4
11489 2
11490 5
11491 1
11492 3
11493 4
11494 2
11495 3
11496 5
11497 3
11498 2
11499 2
11500 2
11501 2
11502 3
11503 3
11504 2
11505 4
11506 1
11507 2
11508 5
11509 7
11510 5
11511 2
11512 2
11513 5
11514 5
11515 1
11516 6
11517 6
11519 3
11520 7
11521 2
11522 3
11523 3
11524 1
11525 7
11526 1
11527 4
11528 3
11529 3
11531 3
11532 2
11533 6
11534 6
11535 1
11536 1
11537 7
11538 5
11539 4
11540 3
11541 4
11542 2
11543 5
11544 1
11545 5
11546 2
11547 1
11548 3
11549 5
11550 4
11551 6
11552 5
11553 3
11554 7
11555 2
11556 3
11557 5
11558 4
11559 3
11560 5
11561 3
11562 3
11563 1
11564 3
11565 3
11566 5
11567 3
11568 5
11569 2
11570 1
11572 3
11573 4
11574 4
11575 1
11576 4
11577 2
11578 6
11579 5
11580 3
11581 1
11582 4
11583 4
11584 6
11585 3
11586 2
11587 3
11588 5
11589 3
11590 2
11591 4
11592 4
11593 5
11594 3
11595 3
11596 4
11597 6
11598 3
11599 2
11600 1
11601 3
11602 4
11603 7
11604 3
11605 1
11606 1
11607 3
11608 4
11609 5
11610 4
11611 2
11612 5
11613 3
11614 3
11615 3
11616 7
11617 4
11618 5
11619 5
11620 5
11621 5
11622 4
11623 1
11624 7
11625 4
11626 4
11627 5
11628 4
11629 3
11630 3
11631 5
11632 4
11633 6
11634 6
11635 2
11636 3
11637 1
11638 6
11639 3
11640 2
11641 1
11642 3
11643 4
11644 2
11645 1
11646 3
11647 2
11648 5
11649 1
11650 6
11651 4
11652 3
11653 2
11654 4
11655 6
11656 8
11657 4
11658 2
11659 3
11660 5
11661 5
11662 4
11663 2
11665 3
11666 2
11667 4
11668 3
11669 3
11670 4
11671 3
11672 5
11673 1
11674 3
11675 3
11676 2
11677 8
11678 2
11679 2
11680 4
11681 5
11682 2
11683 7
11684 3
11685 7
11686 2
11687 4
11688 1
11689 6
11690 1
11691 7
11692 4
11693 3
11694 3
11695 2
11696 3
11697 7
11698 5
11699 1
11700 4
11701 3
11702 2
11703 9
11704 3
11705 4
11706 2
11707 1
11708 5
11709 2
11710 3
11711 5
11712 5
11713 3
11714 5
11715 2
11716 4
11717 4
11718 2
11719 3
11720 4
11721 4
11722 2
11723 1
11724 6
11725 8
11726 4
11727 2
11728 1
11729 3
11730 4
11731 1
11732 3
11733 4
11734 4
11735 1
11736 3
11737 4
11738 2
11739 6
11740 3
11741 7
11742 3
11743 3
11744 3
11745 5
11746 2
11747 2
11748 5
11749 5
11750 1
11751 1
11752 2
11753 4
11754 6
11755 5
11756 9
11757 7
11758 1
11759 3
11760 3
11761 3
11762 6
11764 3
11765 6
11766 2
11767 6
11768 4
11769 5
11770 8
11771 3
11772 5
11773 3
11774 2
11776 1
11777 5
11778 6
11779 5
11780 1
11781 5
11782 1
11784 2
11785 4
11786 3
11787 3
11788 2
11789 4
11790 2
11791 4
11792 2
11793 7
11794 4
11795 3
11796 6
11797 4
11798 5
11799 6
11800 3
11801 2
11802 5
11803 5
11804 4
11805 3
11806 3
11807 1
11808 8
11809 1
11810 3
11811 1
11812 3
11813 2
11814 3
11815 4
11816 3
11817 3
11818 5
11819 1
11820 8
11821 4
11822 1
11823 4
11824 3
11825 6
11826 6
11827 4
11828 4
11829 6
11830 2
11831 4
11832 1
11833 6
11834 4
11835 5
11836 3
11837 11
11838 5
11839 5
11840 2
11841 6
11842 2
11843 9
11844 3
11845 2
11846 2
11847 1
11848 2
11849 6
11850 2
11851 4
11852 4
11853 2
11854 4
11855 1
11856 4
11857 9
11858 7
11859 1
11860 4
11861 4
11862 5
11863 1
11864 4
11865 4
11866 5
11867 3
11868 3
11869 2
11870 5
11871 4
11872 4
11873 3
11874 4
11875 2
11876 3
11877 4
11878 4
11879 5
11880 1
11881 3
11882 7
11883 2
11884 4
11885 6
11886 5
11887 5
11888 1
11889 1
11890 5
11891 2
11892 1
11894 5
11895 1
11897 2
11898 4
11899 6
11900 2
11901 1
11902 9
11903 5
11904 1
11905 3
11906 3
11907 3
11908 7
11909 1
11910 5
11911 3
11912 4
11913 6
11914 5
11915 6
11916 7
11917 5
11918 2
11919 5
11920 2
11921 2
11922 4
11923 3
11924 2
11925 4
11926 2
11927 3
11928 2
11929 3
11930 4
11931 6
11932 2
11933 5
11935 3
11936 4
11937 7
11938 3
11939 6
11940 3
11941 3
11942 3
11943 6
11944 6
11945 5
11946 5
11947 1
11948 3
11949 2
11950 5
11951 5
11952 2
11953 3
11954 7
11955 3
11956 7
11957 2
11958 2
11959 3
11960 4
11961 3
11962 1
11963 2
11964 4
11965 4
11966 7
11967 3
11968 4
11969 3
11970 4
11971 4
11972 4
11973 4
11974 4
11975 4
11976 2
11977 6
11978 3
11979 5
11980 5
11981 6
11982 5
11983 7
11984 7
11985 5
11986 6
11987 7
11988 2
11989 7
11990 1
11991 1
11992 3
11993 2
11994 2
11995 5
11996 5
11997 7
11998 3
11999 1
12000 3
12001 4
12002 4
12003 5
12004 3
12005 3
12006 2
12007 4
12008 5
12009 4
12010 5
12011 5
12012 3
12013 5
12014 3
12015 5
12016 3
12017 3
12018 5
12019 6
12020 6
12021 3
12022 3
12023 2
12024 4
12025 4
12026 4
12027 1
12028 2
12029 2
12030 4
12031 4
12033 3
12034 4
12035 3
12036 3
12037 2
12038 3
12039 3
12040 2
12042 4
12043 4
12044 4
12045 3
12046 5
12047 2
12048 9
12049 2
12050 3
12051 4
12052 1
12053 2
12054 7
12055 3
12056 6
12057 1
12058 2
12059 3
12060 5
12061 2
12062 6
12063 3
12064 1
12065 4
12066 3
12067 3
12068 4
12069 1
12070 1
12071 4
12072 2
12073 4
12074 3
12075 4
12076 4
12077 6
12078 3
12079 5
12080 4
12081 3
12082 7
12083 3
12084 4
12085 2
12086 4
12087 3
12088 4
12089 6
12090 4
12091 4
12092 4
12093 5
12094 4
12095 2
12096 3
12097 8
12098 4
12099 4
12100 1
12101 1
12102 6
12103 5
12104 6
12105 2
12106 2
12107 2
12108 2
12109 1
12110 5
12111 1
12112 2
12113 3
12114 4
12115 4
12116 3
12117 1
12118 7
12119 3
12120 5
12121 2
12122 4
12123 4
12124 6
12125 4
12126 8
12127 7
12128 3
12129 4
12130 5
12131 3
12132 4
12133 3
12134 2
12135 3
12136 1
12137 5
12138 4
12139 2
12140 2
12141 5
12142 6
12143 3
12144 6
12145 6
12146 4
12147 6
12148 3
12149 5
12150 5
12151 3
12152 3
12153 5
12154 2
12155 6
12156 4
12157 5
12158 2
12159 2
12160 1
12161 7
12162 5
12163 4
12164 4
12165 4
12166 5
12167 5
12168 3
12169 3
12170 2
12171 9
12172 4
12173 2
12174 3
12175 2
12176 3
12177 3
12178 2
12179 3
12180 1
12181 2
12182 4
12183 6
12184 3
12185 2
12186 4
12188 6
12189 4
12190 2
12191 5
12192 5
12194 5
12195 3
12196 4
12197 6
12198 4
12199 1
12200 1
12201 2
12202 7
12203 5
12204 1
12205 3
12206 6
12207 2
12208 8
12210 2
12211 4
12213 3
12214 6
12215 4
12216 2
12217 1
12218 3
12219 8
12220 4
12221 3
12222 2
12223 3
12224 3
12225 2
12226 6
12227 6
12228 2
12229 3
12230 3
12231 2
12232 3
12233 2
12234 3
12235 10
12236 3
12237 4
12238 3
12239 7
12240 4
12241 1
12242 4
12243 5
12244 4
12245 2
12246 1
12247 3
12248 5
12249 1
12250 3
12251 3
12252 2
12253 4
12254 2
12255 2
12256 2
12257 1
12259 4
12260 2
12261 2
12262 3
12263 2
12264 7
12265 3
12266 9
12267 7
12268 2
12269 1
12270 6
12271 4
12272 4
12273 3
12274 3
12275 4
12276 3
12278 6
12279 3
12280 4
12281 2
12282 2
12283 4
12284 4
12285 3
12286 2
12287 4
12288 4
12289 6
12290 4
12291 2
12292 2
12293 5
12294 3
12295 6
12296 4
12297 5
12298 6
12299 2
12300 1
12301 3
12302 7
12303 6
12304 3
12305 4
12306 3
12307 7
12308 6
12309 8
12310 3
12311 4
12312 2
12313 5
12314 3
12315 6
12316 1
12317 1
12318 1
12319 5
12320 3
12321 1
12322 1
12323 2
12324 4
12325 3
12326 3
12327 2
12328 5
12329 4
12330 1
12331 8
12332 4
12333 1
12334 2
12335 5
12336 5
12337 5
12338 2
12339 3
12340 3
12341 1
12342 1
12343 7
12344 5
12345 3
12346 7
12347 1
12348 6
12349 3
12350 2
12351 3
12352 5
12353 2
12354 6
12355 2
12356 5
12357 3
12358 3
12359 1
12360 3
12361 4
12362 4
12363 2
12364 3
12365 3
12366 7
12367 3
12368 4
12369 1
12370 3
12371 4
12372 5
12373 4
12374 4
12375 5
12376 4
12377 5
12378 4
12379 4
12380 3
12381 4
12382 4
12383 2
12384 5
12385 3
12386 3
12387 4
12388 4
12389 3
12390 2
12391 1
12392 4
12393 4
12394 2
12395 6
12396 1
12397 5
12398 1
12399 4
12400 1
12401 4
12402 5
12403 3
12405 2
12406 4
12407 4
12408 1
12409 2
12410 5
12411 4
12412 4
12413 4
12414 2
12415 2
12416 4
12417 1
12418 2
12419 1
12420 3
12421 2
12422 3
12423 4
12424 8
12425 8
12426 10
12427 4
12428 1
12430 3
12431 3
12432 2
12433 5
12434 1
12435 6
12436 2
12437 3
12438 2
12439 4
12440 7
12441 4
12442 3
12443 4
12444 4
12445 4
12446 2
12447 7
12448 4
12449 2
12450 4
12451 5
12452 1
12453 7
12454 7
12455 7
12456 5
12457 5
12458 4
12459 3
12460 2
12461 4
12462 2
12463 2
12464 3
12465 3
12466 5
12467 4
12468 1
12469 2
12470 1
12471 6
12472 3
12473 1
12474 4
12475 6
12476 2
12477 4
12478 3
12479 4
12480 6
12481 4
12482 2
12483 4
12484 3
12485 4
12487 1
12488 3
12489 8
12490 3
12491 6
12492 3
12493 1
12494 6
12495 7
12496 4
12497 4
12498 2
12499 2
12500 2
12501 1
12502 4
12503 5
12504 5
12505 2
12506 8
12507 5
12508 6
12509 5
12510 4
12511 1
12512 9
12513 1
12514 6
12515 2
12516 2
12518 9
12519 4
12520 6
12521 4
12522 3
12523 5
12524 4
12525 4
12526 6
12527 5
12528 1
12529 2
12530 5
12531 2
12532 3
12533 7
12534 4
12535 5
12536 2
12537 2
12538 2
12539 3
12540 3
12541 4
12542 2
12543 6
12544 2
12545 4
12546 1
12547 4
12548 5
12549 3
12550 1
12551 3
12552 1
12553 3
12554 5
12555 1
12556 2
12557 1
12558 1
12559 5
12560 2
12561 1
12562 2
12563 3
12564 5
12565 1
12566 4
12567 5
12568 6
12569 2
12570 1
12571 7
12572 9
12573 2
12575 2
12576 5
12577 1
12578 1
12579 2
12580 3
12582 1
12583 6
12584 4
12585 7
12586 2
12587 4
12588 3
12589 3
12590 3
12591 7
12592 7
12593 6
12594 5
12595 2
12596 5
12597 8
12598 2
12599 4
12600 4
12601 2
12602 3
12603 1
12604 4
12605 3
12606 2
12607 2
12608 2
12609 4
12610 2
12611 3
12612 5
12613 4
12614 3
12615 2
12616 3
12617 3
12618 5
12619 1
12620 3
12621 1
12622 2
12623 4
12624 3
12625 6
12626 3
12627 2
12628 1
12629 6
12630 2
12631 5
12632 4
12633 2
12634 2
12635 6
12636 4
12637 6
12638 4
12639 1
12640 5
12641 5
12642 4
12643 5
12644 1
12645 2
12646 3
12647 3
12648 2
12649 3
12650 3
12651 6
12652 7
12653 3
12654 5
12655 6
12656 8
12657 1
12658 7
12659 3
12660 6
12661 3
12662 3
12663 4
12664 6
12665 6
12666 10
12667 3
12668 5
12669 2
12670 4
12671 2
12672 6
12673 5
12674 2
12675 4
12676 5
12677 1
12678 7
12679 4
12680 3
12681 4
12682 1
12683 4
12684 4
12685 4
12686 5
12687 2
12688 2
12689 7
12690 2
12691 2
12692 5
12693 4
12694 7
12695 1
12696 4
12697 5
12699 6
12700 3
12701 3
12702 4
12703 2
12704 2
12705 6
12706 2
12707 4
12708 4
12709 2
12710 2
12711 1
12712 3
12713 4
12714 6
12715 2
12716 1
12717 2
12718 1
12719 2
12720 5
12721 2
12722 2
12723 4
12724 3
12725 4
12726 2
12727 1
12728 2
12729 6
12730 4
12731 5
12732 4
12733 3
12734 4
12735 5
12736 4
12737 9
12738 4
12739 3
12740 6
12742 3
12743 6
12744 2
12745 4
12746 4
12747 1
12748 3
12749 1
12750 3
12751 3
12752 3
12753 4
12754 4
12756 3
12757 2
12758 6
12759 4
12760 4
12761 2
12762 1
12763 3
12764 2
12765 1
12766 4
12767 1
12768 5
12769 2
12770 3
12771 3
12772 4
12773 5
12774 5
12775 2
12776 3
12777 7
12778 5
12779 3
12780 2
12781 4
12782 1
12783 7
12784 5
12785 2
12787 2
12788 2
12789 7
12790 1
12791 3
12792 4
12793 3
12794 1
12795 3
12796 5
12797 3
12798 5
12799 3
12800 4
12801 5
12802 5
12803 5
12804 7
12805 3
12806 4
12807 6
12808 3
12809 5
12810 3
12811 2
12812 7
12813 2
12814 5
12815 3
12816 5
12817 2
12818 7
12819 3
12820 4
12821 1
12822 2
12823 3
12824 5
12825 6
12826 4
12827 1
12828 2
12829 1
12830 6
12831 5
12832 5
12833 5
12834 3
12835 3
12836 3
12837 3
12838 5
12839 2
12840 3
12841 4
12842 4
12843 3
12845 1
12846 4
12847 4
12848 6
12849 3
12850 2
12851 3
12852 7
12853 3
12854 2
12855 2
12856 5
12857 6
12858 2
12859 2
12860 5
12861 3
12862 2
12863 3
12864 2
12865 4
12866 3
12867 3
12868 2
12869 3
12870 1
12871 5
12872 3
12873 3
12874 4
12875 2
12876 1
12877 5
12878 3
12879 2
12880 3
12881 5
12882 2
12883 9
12884 4
12885 4
12886 3
12887 1
12888 5
12889 5
12890 1
12891 5
12892 4
12893 1
12894 5
12895 3
12896 4
12897 6
12898 3
12899 4
12900 3
12901 1
12902 5
12903 3
12904 3
12905 4
12906 1
12907 1
12908 2
12910 1
12911 2
12912 6
12913 3
12914 3
12915 1
12916 4
12917 4
12918 3
12919 5
12920 11
12921 6
12923 2
12924 3
12925 8
12926 3
12927 1
12928 1
12929 5
12930 1
12931 2
12932 1
12933 5
12934 3
12935 4
12936 4
12937 3
12938 1
12939 2
12940 1
12941 5
12942 3
12943 2
12944 1
12945 5
12947 5
12948 5
12949 7
12950 6
12951 3
12952 5
12953 4
12954 3
12955 3
12956 3
12957 3
12958 7
12960 3
12961 4
12962 4
12963 2
12964 5
12965 5
12966 4
12967 5
12968 1
12969 3
12970 1
12971 2
12972 3
12973 3
12974 3
12975 2
12976 5
12977 4
12978 6
12979 2
12980 2
12981 3
12982 3
12983 3
12984 3
12985 4
12986 4
12988 4
12989 4
12990 6
12991 4
12992 3
12993 3
12994 7
12995 3
12996 3
12997 3
12998 4
12999 5
13000 5
13001 3
13002 1
13003 3
13004 2
13005 6
13006 5
13007 4
13008 1
13009 2
13010 2
13012 8
13013 3
13014 1
13015 3
13016 1
13017 8
13018 5
13019 4
13020 6
13021 7
13023 3
13024 4
13025 3
13026 2
13027 1
13028 2
13029 9
13030 2
13031 7
13032 2
13033 3
13034 5
13035 3
13036 4
13037 7
13038 3
13040 2
13041 4
13042 5
13043 6
13045 4
13046 3
13047 1
13048 2
13050 3
13051 3
13052 1
13053 1
13054 1
13055 3
13056 4
13057 6
13058 5
13059 3
13060 4
13061 4
13062 4
13063 4
13064 4
13065 6
13066 5
13067 2
13068 2
13069 2
13070 3
13071 3
13072 2
13073 1
13074 2
13076 2
13077 2
13078 5
13079 8
13081 3
13082 5
13083 2
13084 2
13085 4
13086 4
13087 3
13089 4
13090 3
13091 2
13092 2
13093 5
13094 4
13095 4
13096 3
13097 5
13098 3
13099 3
13100 2
13101 6
13102 5
13103 3
13104 2
13105 3
13106 2
13107 9
13108 3
13109 3
13110 5
13111 2
13112 4
13113 4
13114 2
13115 1
13116 3
13117 2
13118 2
13119 2
13120 3
13121 6
13122 6
13123 1
13124 2
13125 5
13126 6
13127 1
13128 5
13129 2
13130 6
13131 3
13132 2
13133 2
13134 5
13135 4
13136 8
13137 2
13138 5
13139 3
13140 4
13141 2
13142 3
13143 5
13144 2
13145 3
13146 5
13147 1
13148 5
13149 3
13150 5
13151 5
13152 5
13153 2
13154 3
13155 2
13156 2
13157 2
13158 6
13159 1
13160 4
13161 3
13162 1
13163 6
13164 4
13165 3
13166 6
13167 6
13169 5
13170 2
13171 2
13172 6
13173 3
13174 1
13175 5
13176 5
13177 7
13178 3
13179 5
13180 4
13181 6
13182 1
13183 6
13184 2
13185 1
13186 3
13187 2
13188 3
13189 7
13190 2
13191 2
13192 2
13193 3
13194 4
13195 5
13196 4
13197 3
13198 1
13199 4
13200 5
13201 4
13202 5
13203 2
13204 4
13205 4
13206 1
13207 6
13208 5
13209 4
13210 3
13211 3
13212 1
13213 2
13214 5
13215 3
13216 2
13217 4
13218 5
13219 2
13220 4
13221 1
13222 4
13223 1
13224 5
13225 5
13226 1
13227 1
13228 4
13229 4
13230 4
13231 2
13233 2
13234 2
13235 3
13236 1
13237 4
13238 1
13239 2
13240 3
13241 3
13242 5
13243 4
13244 2
13245 7
13246 4
13247 5
13248 7
13249 4
13250 4
13251 5
13252 3
13253 6
13254 2
13255 3
13256 1
13257 1
13258 2
13259 1
13260 4
13261 3
13262 4
13263 2
13264 3
13265 1
13266 5
13267 1
13268 3
13269 3
13270 2
13271 4
13272 1
13273 5
13274 5
13275 2
13276 4
13277 5
13278 6
13279 4
13280 2
13281 1
13282 7
13283 6
13284 5
13285 1
13286 4
13287 1
13288 3
13289 2
13290 6
13291 1
13292 1
13293 3
13294 5
13295 3
13296 2
13297 3
13298 3
13299 2
13300 3
13301 2
13302 1
13303 4
13304 3
13306 6
13307 3
13308 1
13309 2
13310 5
13311 2
13312 7
13313 1
13314 3
13315 4
13316 1
13317 2
13318 5
13319 5
13320 4
13321 2
13322 3
13323 2
13324 6
13325 3
13326 4
13327 7
13328 1
13329 4
13330 3
13331 1
13332 3
13333 2
13334 1
13335 7
13337 5
13338 1
13339 2
13340 3
13341 9
13342 5
13343 4
13344 2
13345 5
13346 5
13347 4
13348 5
13349 2
13350 3
13351 3
13352 2
13353 5
13354 3
13355 3
13356 5
13357 4
13358 4
13359 3
13360 4
13361 6
13362 6
13363 3
13364 2
13365 3
13366 6
13367 3
13368 6
13369 3
13370 3
13371 2
13372 1
13373 1
13374 5
13375 3
13376 1
13377 2
13378 4
13379 2
13380 3
13382 5
13383 3
13384 1
13385 1
13386 3
13387 3
13388 6
13389 4
13390 2
13391 8
13393 3
13394 5
13395 5
13396 3
13397 1
13398 2
13399 5
13401 2
13402 2
13403 1
13404 1
13405 3
13406 8
13407 3
13408 4
13409 4
13410 3
13411 3
13412 3
13413 1
13414 6
13415 5
13416 2
13417 2
13418 1
13419 5
13420 6
13421 1
13422 5
13423 3
13424 3
13425 1
13426 3
13427 3
13428 6
13429 3
13430 4
13431 3
13432 2
13433 3
13434 1
13435 7
13436 6
13437 3
13439 5
13440 2
13442 1
13443 2
13444 2
13445 2
13446 3
13447 6
13448 3
13449 1
13450 2
13452 5
13453 3
13455 5
13456 4
13458 6
13459 3
13460 6
13461 3
13462 2
13463 2
13464 3
13465 2
13466 4
13467 2
13468 2
13469 4
13470 7
13471 1
13472 4
13473 3
13474 1
13475 5
13476 1
13477 3
13478 5
13479 3
13481 2
13482 2
13483 6
13484 5
13485 4
13486 2
13487 7
13488 6
13489 5
13490 3
13491 5
13493 6
13494 1
13495 4
13496 2
13497 1
13498 2
13499 6
13500 2
13501 5
13502 5
13503 3
13504 3
13505 2
13506 6
13507 4
13508 4
13509 2
13510 2
13511 4
13512 3
13514 3
13515 5
13516 4
13517 3
13518 3
13519 2
13520 2
13522 2
13523 2
13524 3
13525 3
13526 3
13527 2
13528 6
13529 4
13530 2
13531 3
13532 2
13533 2
13534 5
13535 4
13537 4
13538 1
13539 2
13540 2
13541 1
13542 3
13543 3
13544 2
13545 2
13546 3
13547 3
13548 4
13549 2
13551 3
13552 6
13553 5
13554 2
13555 2
13556 3
13557 4
13558 4
13559 3
13560 4
13561 3
13562 5
13564 1
13565 3
13566 8
13567 4
13568 3
13569 3
13570 3
13571 5
13572 4
13573 5
13574 4
13575 7
13576 1
13577 2
13578 1
13579 5
13580 3
13581 2
13582 1
13583 3
13584 2
13585 1
13586 2
13587 1
13588 2
13589 4
13590 2
13592 2
13593 5
13594 1
13595 2
13596 4
13597 2
13598 2
13599 3
13600 3
13601 4
13602 3
13603 1
13604 6
13605 2
13606 8
13607 5
13608 2
13610 7
13611 2
13612 3
13613 2
13614 1
13615 2
13616 3
13617 1
13618 3
13619 3
13620 4
13621 2
13622 3
13623 2
13624 3
13625 2
13626 3
13627 6
13628 1
13629 2
13630 7
13631 4
13632 3
13633 4
13634 3
13635 9
13636 4
13637 3
13638 3
13639 7
13640 2
13641 4
13642 1
13643 3
13644 2
13645 3
13646 4
13647 3
13648 5
13649 1
13650 3
13651 4
13652 2
13653 5
13654 3
13655 2
13656 1
13657 1
13658 3
13659 5
13660 3
13661 4
13662 1
13663 3
13664 3
13665 3
13666 4
13667 4
13668 2
13669 3
13670 2
13671 6
13672 2
13673 1
13674 4
13675 10
13676 3
13677 3
13679 4
13680 3
13681 1
13683 3
13684 2
13685 1
13686 3
13687 4
13688 5
13689 6
13690 4
13691 2
13692 2
13693 1
13694 1
13695 2
13696 3
13697 2
13698 4
13699 4
13700 2
13701 2
13702 3
13703 3
13704 6
13705 5
13706 5
13707 5
13708 2
13709 3
13710 4
13711 4
13712 6
13713 1
13714 4
13715 7
13716 1
13717 6
13718 5
13719 5
13720 5
13721 4
13722 4
13723 2
13724 2
13725 3
13727 5
13728 3
13729 1
13730 1
13731 3
13732 1
13733 1
13734 2
13735 4
13736 1
13738 2
13739 7
13740 2
13741 2
13742 2
13743 4
13744 5
13745 2
13746 3
13747 5
13748 3
13749 3
13751 1
13752 6
13753 4
13754 2
13755 2
13756 5
13758 6
13759 2
13760 3
13762 2
13763 1
13764 3
13765 4
13766 3
13767 4
13768 5
13770 6
13771 4
13772 4
13773 5
13774 2
13775 3
13776 7
13777 4
13778 4
13779 3
13780 2
13781 1
13782 2
13783 3
13784 6
13785 4
13786 2
13787 5
13788 5
13789 4
13790 2
13791 3
13792 2
13793 3
13794 3
13795 1
13796 4
13797 4
13798 2
13799 3
13800 2
13801 2
13803 2
13804 2
13805 3
13806 4
13807 5
13808 1
13809 3
13810 1
13811 4
13812 4
13813 4
13814 3
13815 4
13816 2
13817 4
13818 3
13819 1
13820 2
13821 4
13822 2
13823 4
13824 1
13825 2
13826 2
13827 2
13828 1
13829 3
13830 2
13831 4
13832 5
13833 2
13834 2
13835 9
13836 6
13837 4
13838 2
13839 2
13840 4
13841 2
13842 1
13844 4
13846 3
13847 4
13848 4
13849 4
13850 3
13851 2
13852 6
13853 4
13854 2
13855 4
13856 6
13857 2
13858 8
13859 3
13860 4
13861 4
13862 2
13863 5
13864 4
13865 5
13866 5
13867 2
13868 3
13869 3
13870 2
13871 1
13872 1
13873 4
13874 2
13875 4
13876 2
13877 3
13878 3
13879 4
13880 4
13881 2
13882 3
13883 2
13884 1
13885 3
13886 3
13887 4
13888 3
13889 6
13890 2
13891 1
13892 2
13893 3
13894 6
13895 2
13896 2
13898 2
13899 6
13900 4
13901 4
13902 3
13903 1
13904 7
13905 4
13906 6
13907 1
13909 3
13910 2
13911 2
13912 2
13914 3
13915 3
13916 6
13917 4
13918 4
13919 2
13920 5
13922 4
13923 4
13924 4
13925 2
13926 2
13927 2
13928 3
13929 6
13930 9
13931 4
13932 5
13933 4
13934 4
13935 2
13936 4
13937 4
13938 3
13939 3
13940 1
13942 2
13943 3
13944 2
13945 3
13946 1
13947 4
13948 2
13949 1
13950 2
13951 2
13952 3
13953 4
13954 3
13955 2
13956 3
13957 3
13958 7
13959 3
13960 3
13961 4
13963 5
13964 2
13965 3
13966 3
13967 1
13968 1
13969 5
13970 1
13971 3
13972 3
13973 3
13974 2
13975 3
13976 3
13978 4
13979 2
13980 2
13981 3
13983 3
13984 5
13985 3
13986 2
13987 3
13988 1
13989 2
13992 3
13993 4
13994 3
13995 5
13996 7
13997 1
13998 6
13999 4
14000 4
14001 5
14002 2
14003 2
14004 5
14005 2
14006 4
14007 2
14008 2
14009 2
14010 5
14011 2
14012 6
14013 2
14015 2
14016 5
14017 3
14018 3
14020 3
14021 3
14022 4
14023 4
14024 2
14025 2
14026 3
14027 3
14028 3
14029 2
14030 3
14031 2
14032 5
14034 4
14035 2
14036 2
14037 5
14038 2
14039 3
14040 3
14041 5
14042 3
14043 3
14044 2
14045 4
14046 2
14047 7
14048 3
14049 1
14051 1
14052 4
14053 4
14054 2
14055 1
14056 2
14057 1
14058 1
14059 2
14060 5
14061 1
14062 1
14063 4
14064 5
14065 5
14066 4
14067 2
14068 7
14069 3
14070 3
14071 3
14072 5
14073 2
14074 3
14075 5
14076 7
14077 5
14078 4
14079 1
14080 3
14082 4
14083 3
14084 3
14085 1
14087 2
14088 2
14089 4
14090 5
14091 3
14092 2
14093 1
14094 4
14095 3
14096 3
14097 4
14098 2
14099 4
14100 4
14101 4
14102 1
14103 3
14104 1
14105 6
14106 3
14107 1
14108 1
14109 3
14111 3
14112 2
14113 4
14114 2
14115 2
14116 6
14117 4
14118 2
14119 1
14120 4
14121 6
14123 1
14124 4
14125 2
14126 1
14127 2
14128 1
14129 5
14130 2
14132 1
14133 5
14134 1
14135 2
14136 1
14137 2
14138 6
14139 2
14141 5
14142 5
14144 2
14145 5
14146 3
14147 7
14148 1
14149 3
14150 1
14151 1
14152 3
14153 3
14154 2
14155 3
14156 5
14157 2
14158 6
14160 3
14161 3
14162 1
14163 3
14164 3
14165 2
14166 2
14167 1
14168 3
14169 5
14170 3
14171 1
14172 2
14173 2
14174 2
14175 2
14176 4
14177 4
14178 2
14179 1
14180 4
14181 2
14182 2
14183 4
14184 5
14185 8
14186 1
14187 3
14188 3
14189 6
14190 3
14191 1
14192 4
14193 4
14194 2
14195 1
14196 1
14197 5
14198 4
14199 2
14200 3
14201 3
14203 4
14205 2
14206 4
14207 1
14209 3
14210 1
14211 3
14212 5
14213 3
14214 6
14215 1
14216 5
14217 4
14218 3
14220 1
14221 5
14222 4
14223 1
14224 2
14225 4
14226 4
14227 1
14228 5
14229 3
14230 3
14231 1
14232 1
14233 2
14234 2
14235 5
14236 1
14237 4
14238 3
14239 3
14240 2
14241 2
14242 5
14243 4
14244 1
14245 2
14246 2
14247 3
14248 1
14249 1
14250 2
14251 1
14252 4
14254 4
14255 3
14256 3
14257 4
14258 5
14259 6
14260 1
14261 2
14262 4
14263 4
14264 3
14265 4
14266 1
14267 1
14268 1
14269 2
14270 3
14271 2
14273 2
14274 2
14275 3
14276 4
14277 2
14278 2
14279 3
14281 6
14282 4
14283 3
14284 2
14285 6
14287 4
14288 2
14289 1
14290 2
14291 1
14292 1
14293 7
14294 1
14295 4
14296 4
14297 1
14298 3
14299 1
14300 3
14301 4
14302 3
14304 3
14305 3
14306 4
14307 5
14308 2
14309 2
14310 2
14311 1
14312 1
14313 1
14314 4
14315 2
14316 6
14317 1
14318 1
14319 1
14320 4
14321 5
14322 3
14323 2
14324 2
14325 4
14326 5
14327 1
14328 4
14329 7
14330 2
14331 3
14333 1
14334 3
14335 2
14336 2
14337 2
14338 2
14340 1
14341 2
14342 3
14343 6
14344 1
14345 6
14346 4
14347 4
14348 1
14349 5
14350 3
14351 2
14352 4
14353 1
14354 1
14356 4
14357 4
14358 4
14359 2
14360 5
14361 4
14362 1
14363 4
14364 2
14365 1
14366 2
14367 1
14368 1
14369 4
14370 1
14371 3
14372 3
14373 3
14374 6
14375 4
14376 5
14377 3
14381 2
14382 1
14383 3
14384 2
14385 7
14386 1
14387 2
14388 2
14389 4
14390 6
14391 1
14392 2
14393 2
14394 4
14395 4
14396 2
14397 3
14398 4
14399 2
14400 7
14401 2
14402 2
14403 5
14404 5
14405 3
14407 3
14408 4
14409 2
14410 2
14411 2
14412 3
14414 3
14415 2
14416 4
14417 1
14418 1
14419 1
14420 2
14421 4
14422 4
14423 1
14424 5
14425 6
14426 2
14427 5
14428 4
14429 4
14430 4
14431 4
14433 6
14434 1
14435 1
14436 1
14437 4
14438 1
14439 4
14440 3
14441 5
14442 3
14443 2
14444 2
14445 4
14446 2
14447 2
14448 1
14449 1
14450 2
14451 1
14452 3
14453 5
14454 5
14455 1
14456 2
14457 3
14458 4
14459 3
14460 2
14461 1
14462 6
14463 1
14464 4
14465 1
14466 5
14468 4
14469 5
14470 4
14471 2
14472 1
14473 3
14474 4
14475 3
14476 1
14477 2
14478 2
14479 1
14480 2
14481 1
14482 3
14483 4
14484 1
14485 1
14486 5
14487 2
14488 2
14489 3
14490 3
14491 3
14492 2
14493 1
14494 4
14495 3
14498 4
14499 1
14500 1
14501 1
14502 2
14503 2
14504 4
14506 6
14507 3
14509 4
14510 3
14511 2
14512 2
14513 1
14514 2
14515 3
14516 3
14517 3
14518 3
14519 3
14520 1
14521 4
14522 3
14523 2
14524 1
14525 2
14526 3
14527 2
14528 2
14530 3
14531 2
14532 2
14533 5
14534 2
14535 5
14536 2
14537 6
14538 2
14539 2
14540 3
14541 6
14542 5
14543 3
14544 3
14545 2
14546 4
14547 5
14548 4
14549 3
14550 4
14552 1
14554 5
14555 2
14556 2
14557 1
14558 3
14559 2
14560 4
14561 2
14562 3
14563 1
14564 2
14565 2
14566 1
14567 3
14568 4
14569 2
14570 6
14571 3
14573 2
14574 3
14575 4
14576 3
14577 1
14578 2
14579 4
14580 1
14581 2
14582 2
14583 5
14584 1
14585 6
14586 2
14587 3
14588 5
14589 2
14590 4
14591 5
14592 1
14593 2
14594 1
14595 1
14596 2
14597 2
14598 1
14599 4
14600 2
14601 3
14602 2
14604 2
14605 5
14606 3
14607 2
14608 4
14609 3
14610 3
14611 5
14612 3
14613 3
14614 4
14615 6
14616 6
14617 2
14618 1
14619 3
14620 3
14621 1
14622 2
14623 2
14624 3
14625 1
14626 3
14627 2
14628 2
14629 3
14630 2
14631 1
14632 2
14633 3
14634 3
14635 3
14636 1
14638 2
14639 4
14640 3
14641 1
14642 3
14643 1
14644 2
14646 3
14647 3
14648 2
14649 3
14650 3
14651 1
14652 6
14653 1
14654 1
14655 5
14657 2
14658 3
14659 2
14660 2
14662 3
14663 3
14664 4
14665 1
14666 1
14667 2
14669 2
14670 4
14671 2
14672 1
14673 3
14674 1
14675 2
14676 2
14677 1
14678 2
14679 6
14680 1
14681 3
14682 4
14683 4
14684 4
14685 3
14686 6
14687 4
14688 4
14690 3
14691 1
14692 3
14693 3
14694 2
14695 3
14696 4
14697 3
14698 3
14699 1
14700 2
14701 2
14702 2
14703 4
14704 1
14706 3
14708 4
14709 2
14710 2
14711 3
14712 1
14713 2
14714 2
14715 2
14716 2
14717 1
14718 1
14719 2
14720 3
14722 6
14723 2
14724 3
14726 2
14727 4
14728 5
14729 3
14730 1
14731 2
14732 1
14733 5
14734 4
14737 3
14738 1
14739 3
14740 1
14741 3
14742 3
14743 1
14745 3
14746 5
14747 2
14748 2
14749 4
14750 2
14751 6
14752 5
14753 6
14754 3
14755 2
14756 1
14757 6
14758 1
14759 5
14760 2
14761 1
14762 2
14763 1
14764 1
14765 3
14766 3
14767 2
14768 3
14769 2
14770 4
14771 2
14772 2
14773 2
14774 1
14775 5
14776 2
14777 1
14778 2
14779 2
14780 4
14781 1
14782 3
14783 1
14784 3
14785 1
14786 2
14787 3
14788 3
14789 2
14790 2
14792 4
14793 3
14795 1
14796 2
14797 1
14798 4
14799 2
14800 2
14801 4
14802 2
14805 1
14806 2
14807 4
14808 1
14809 1
14810 4
14811 2
14812 1
14815 4
14816 3
14817 1
14818 2
14819 5
14820 1
14821 3
14822 2
14823 4
14824 2
14825 1
14826 2
14827 1
14828 3
14829 2
14830 5
14831 6
14832 2
14833 4
14834 1
14835 2
14836 3
14837 1
14838 3
14839 9
14841 2
14842 1
14843 3
14844 4
14845 1
14846 3
14847 2
14848 2
14849 2
14850 1
14851 1
14852 2
14853 1
14854 2
14855 2
14857 3
14858 1
14859 1
14860 2
14861 2
14862 1
14863 2
14864 2
14865 1
14866 4
14867 3
14868 6
14869 3
14870 9
14871 4
14873 1
14874 3
14875 4
14877 1
14879 5
14880 2
14881 1
14882 1
14883 3
14884 2
14885 2
14886 2
14887 4
14888 2
14890 1
14891 4
14892 2
14893 2
14894 3
14895 4
14897 5
14898 5
14899 8
14900 4
14901 2
14902 4
14903 3
14904 1
14905 4
14907 3
14908 2
14909 1
14910 4
14911 4
14912 3
14913 3
14914 2
14915 4
14916 2
14917 3
14918 2
14919 3
14921 1
14922 2
14923 2
14924 4
14925 1
14926 1
14927 1
14928 5
14929 1
14931 3
14932 3
14933 3
14935 4
14936 4
14938 3
14939 7
14940 4
14941 1
14942 1
14943 3
14944 4
14945 1
14946 1
14947 3
14948 2
14949 1
14950 4
14951 2
14952 3
14953 4
14956 4
14957 2
14959 1
14960 3
14962 5
14964 3
14965 3
14966 1
14967 3
14968 3
14969 4
14970 3
14971 3
14973 1
14974 4
14975 2
14976 5
14977 3
14978 2
14979 6
14980 2
14981 4
14982 1
14983 2
14984 3
14985 3
14986 2
14987 2
14988 1
14989 1
14990 1
14991 3
14992 3
14993 1
14995 2
14996 2
14997 2
14998 2
15001 1
15003 3
15005 2
15006 3
15007 3
15008 3
15009 1
15010 4
15011 3
15012 3
15013 2
15014 1
15015 4
15016 5
15017 2
15019 1
15020 3
15021 1
15022 2
15024 1
15026 3
15027 1
15028 3
15029 6
15030 1
15031 3
15032 3
15033 1
15035 3
15036 4
15037 3
15038 1
15039 4
15040 2
15041 4
15043 2
15044 4
15045 2
15046 1
15047 3
15048 3
15049 3
15050 2
15051 3
15052 2
15053 4
15054 1
15055 3
15056 2
15057 5
15058 3
15059 4
15060 3
15061 1
15062 2
15063 1
15064 1
15065 2
15067 1
15068 1
15069 2
15070 4
15071 3
15073 1
15074 1
15075 4
15076 2
15077 3
15078 3
15079 5
15080 3
15081 3
15082 2
15084 4
15085 4
15086 5
15087 2
15088 1
15089 2
15090 1
15093 2
15094 1
15095 2
15096 3
15097 1
15098 4
15099 4
15100 4
15101 2
15102 3
15103 1
15104 2
15105 3
15106 2
15107 1
15108 4
15110 5
15111 3
15112 1
15113 3
15114 3
15115 1
15116 4
15117 2
15118 2
15119 3
15120 2
15121 1
15122 6
15123 4
15124 2
15125 1
15126 3
15127 4
15128 3
15129 3
15130 4
15131 2
15132 1
15133 2
15134 1
15136 2
15137 3
15138 3
15139 4
15140 1
15141 1
15142 1
15143 4
15144 3
15145 1
15146 1
15147 2
15149 4
15150 2
15151 2
15152 3
15153 1
15154 1
15155 1
15156 2
15157 1
15158 5
15159 1
15160 2
15162 1
15163 2
15164 4
15165 2
15166 1
15167 1
15168 5
15169 1
15170 2
15172 3
15173 2
15174 2
15175 4
15176 3
15179 4
15180 3
15181 2
15183 1
15184 3
15186 1
15187 5
15188 1
15189 1
15190 2
15192 3
15193 3
15194 2
15195 3
15196 5
15197 5
15198 3
15199 1
15200 2
15201 3
15202 2
15203 1
15205 1
15206 1
15207 1
15208 2
15209 1
15210 1
15211 2
15212 2
15213 1
15214 2
15215 1
15216 5
15217 1
15218 3
15219 2
15220 2
15221 2
15222 3
15223 4
15224 2
15225 2
15226 1
15227 4
15228 2
15229 1
15230 1
15232 1
15233 2
15234 1
15235 1
15236 2
15237 3
15238 2
15239 3
15240 3
15242 1
15243 3
15244 4
15245 2
15246 3
15247 4
15248 3
15249 2
15250 2
15251 3
15252 1
15253 2
15254 1
15256 6
15257 2
15258 1
15259 3
15260 6
15262 5
15263 2
15264 3
15265 2
15266 1
15267 1
15268 3
15269 4
15270 4
15271 1
15272 2
15274 4
15275 2
15276 4
15277 5
15279 1
15280 4
15282 2
15284 1
15285 5
15287 2
15288 1
15289 2
15290 3
15291 2
15292 2
15293 3
15294 1
15295 3
15296 4
15297 2
15298 3
15300 2
15301 5
15303 3
15304 1
15305 2
15306 2
15307 1
15308 1
15309 3
15310 2
15311 2
15312 1
15315 1
15316 2
15317 3
15318 5
15321 2
15323 1
15324 2
15325 4
15326 1
15327 3
15328 2
15329 4
15330 2
15332 2
15333 4
15334 1
15336 3
15338 4
15339 4
15340 1
15341 6
15342 2
15343 1
15344 2
15345 1
15346 2
15347 1
15348 1
15349 2
15352 1
15353 1
15354 3
15355 2
15356 4
15357 2
15358 2
15359 1
15360 3
15361 1
15362 2
15363 2
15364 5
15365 4
15367 3
15369 4
15370 3
15372 3
15373 2
15374 1
15375 2
15377 4
15378 2
15379 2
15380 3
15381 2
15382 1
15383 3
15384 2
15385 4
15387 2
15388 1
15389 4
15391 1
15392 2
15393 3
15394 2
15396 3
15397 4
15398 2
15401 1
15402 4
15403 2
15405 3
15406 6
15407 1
15408 5
15409 2
15410 3
15411 2
15412 1
15413 2
15414 1
15415 2
15416 1
15418 3
15419 1
15420 3
15421 2
15422 3
15423 1
15424 1
15425 2
15426 1
15427 2
15428 2
15429 1
15430 1
15432 1
15433 2
15434 4
15435 3
15436 2
15437 4
15438 5
15439 4
15440 1
15441 2
15442 1
15443 3
15444 1
15445 1
15446 1
15447 2
15448 1
15449 3
15450 1
15451 2
15452 2
15453 2
15454 2
15455 1
15456 6
15457 1
15458 1
15461 4
15462 3
15463 2
15464 2
15465 2
15466 1
15467 3
15468 1
15469 1
15470 3
15473 2
15474 1
15475 4
15476 1
15477 2
15478 3
15479 2
15480 1
15481 3
15482 1
15484 1
15485 5
15487 4
15488 1
15489 2
15490 3
15492 2
15494 2
15496 2
15498 1
15499 3
15500 2
15501 2
15502 3
15503 2
15504 1
15505 2
15506 4
15507 3
15508 2
15509 3
15510 1
15511 1
15512 1
15515 2
15516 4
15517 2
15518 2
15519 1
15520 2
15521 4
15522 2
15523 4
15524 1
15525 5
15526 2
15529 6
15530 2
15533 1
15535 1
15537 2
15538 1
15539 3
15540 1
15541 2
15542 1
15543 2
15545 3
15546 3
15547 1
15548 1
15549 5
15551 4
15552 2
15553 1
15554 5
15556 4
15557 3
15558 1
15559 1
15560 3
15562 1
15564 2
15565 2
15566 2
15568 1
15569 4
15570 2
15571 2
15572 2
15573 1
15574 1
15576 1
15577 2
15578 2
15579 2
15580 7
15581 2
15582 2
15583 2
15584 3
15585 5
15586 2
15587 1
15588 2
15589 3
15590 4
15591 1
15592 1
15593 3
15594 3
15595 3
15596 2
15597 2
15598 3
15600 3
15601 2
15602 2
15603 2
15604 1
15605 2
15607 3
15608 3
15609 5
15610 2
15611 3
15613 2
15614 2
15615 2
15616 4
15617 1
15619 1
15620 3
15621 5
15622 2
15623 2
15624 3
15625 5
15627 2
15628 1
15629 1
15630 1
15633 5
15634 2
15636 2
15637 1
15638 5
15639 2
15640 2
15641 1
15642 1
15645 2
15646 4
15647 1
15648 1
15649 4
15650 1
15651 2
15652 1
15653 2
15654 5
15655 2
15657 1
15658 2
15659 2
15660 2
15661 2
15662 4
15663 1
15664 2
15665 2
15666 2
15667 4
15668 2
15669 3
15670 1
15671 2
15672 2
15673 1
15674 1
15675 3
15677 1
15678 1
15682 1
15683 1
15684 1
15685 2
15686 4
15687 2
15688 1
15689 5
15690 3
15691 2
15692 1
15693 2
15694 4
15695 1
15696 1
15697 4
15698 1
15701 1
15702 2
15703 2
15704 1
15705 2
15706 3
15707 2
15708 2
15709 1
15710 2
15711 1
15714 1
15715 2
15716 2
15717 4
15718 4
15720 1
15721 2
15722 4
15723 2
15724 1
15725 2
15726 6
15727 1
15728 2
15730 4
15732 3
15733 2
15734 6
15735 1
15736 1
15737 2
15738 4
15739 2
15740 4
15741 1
15742 1
15744 2
15745 1
15746 2
15747 3
15748 1
15749 1
15750 3
15751 1
15754 3
15755 3
15756 3
15758 2
15759 3
15760 1
15761 1
15762 2
15763 3
15764 1
15765 2
15766 2
15767 3
15768 3
15769 1
15770 2
15771 3
15773 3
15774 1
15775 2
15779 3
15780 2
15781 2
15782 1
15783 1
15784 1
15785 5
15786 2
15787 3
15788 1
15789 1
15790 2
15791 1
15792 2
15794 2
15795 1
15796 3
15797 4
15798 1
15799 3
15800 3
15801 2
15802 1
15803 2
15804 3
15805 3
15806 3
15807 1
15808 3
15809 3
15810 1
15811 4
15812 2
15813 4
15814 3
15815 1
15818 3
15819 2
15820 1
15823 1
15824 2
15825 1
15826 1
15828 2
15829 2
15830 1
15831 1
15832 3
15833 3
15834 1
15835 3
15837 1
15838 2
15839 3
15840 1
15842 2
15843 2
15844 1
15845 1
15846 1
15847 2
15848 1
15849 5
15850 2
15851 2
15852 4
15853 1
15854 4
15855 2
15856 1
15859 2
15860 1
15862 1
15864 3
15866 4
15867 1
15868 1
15870 2
15872 3
15873 2
15874 2
15875 3
15876 1
15877 2
15878 4
15879 4
15880 5
15881 1
15882 2
15883 3
15884 1
15885 1
15886 2
15887 1
15888 2
15891 1
15892 2
15893 2
15894 2
15897 3
15898 1
15899 1
15900 1
15902 2
15903 2
15904 3
15905 1
15906 2
15907 2
15908 3
15909 1
15910 1
15911 1
15912 1
15913 3
15914 2
15916 3
15918 1
15919 2
15921 1
15922 1
15923 2
15924 1
15925 1
15926 3
15928 5
15929 2
15930 1
15931 4
15933 2
15934 2
15935 1
15937 3
15939 2
15941 1
15942 1
15943 2
15945 4
15946 6
15947 1
15948 2
15949 4
15950 4
15951 2
15952 2
15953 1
15954 2
15955 1
15956 2
15957 2
15958 1
15959 2
15960 4
15961 1
15962 3
15964 1
15965 1
15966 4
15967 1
15970 3
15971 1
15972 3
15973 2
15977 1
15978 2
15979 2
15982 1
15984 2
15986 2
15987 3
15990 1
15991 3
15992 2
15993 1
15995 4
15997 2
15998 2
15999 1
16002 2
16003 1
16005 1
16006 2
16009 1
16010 6
16011 1
16013 2
16014 1
16015 3
16016 3
16017 2
16018 3
16019 4
16020 1
16021 1
16022 1
16023 2
16024 3
16025 1
16026 1
16027 1
16028 2
16030 1
16031 1
16032 2
16033 1
16034 2
16035 2
16037 2
16039 4
16040 3
16041 2
16043 2
16044 2
16046 1
16048 2
16049 2
16050 1
16051 4
16052 1
16053 1
16054 1
16055 1
16056 2
16057 1
16059 2
16060 2
16061 1
16062 1
16063 1
16064 2
16065 2
16066 3
16067 1
16069 1
16070 3
16071 2
16073 2
16074 4
16075 2
16077 2
16079 6
16080 1
16082 2
16083 4
16085 2
16087 3
16088 2
16089 1
16091 2
16092 4
16093 1
16094 3
16095 5
16097 4
16099 2
16100 1
16102 2
16103 4
16104 1
16105 1
16106 1
16107 2
16108 3
16110 2
16111 2
16112 1
16113 2
16115 1
16116 3
16118 2
16119 4
16120 1
16123 1
16124 2
16125 1
16128 2
16130 2
16131 2
16132 2
16133 3
16134 2
16135 2
16137 2
16138 1
16139 3
16140 1
16143 3
16144 2
16145 1
16146 1
16147 2
16148 3
16149 2
16150 1
16151 2
16152 1
16153 1
16156 5
16157 1
16159 2
16161 4
16162 3
16163 2
16164 3
16165 2
16166 3
16168 1
16169 2
16171 4
16172 1
16174 1
16175 3
16176 3
16177 3
16178 2
16179 2
16180 1
16183 2
16185 2
16186 1
16187 2
16188 1
16189 1
16190 1
16192 3
16193 1
16195 2
16196 1
16197 2
16200 3
16202 2
16203 1
16204 3
16206 2
16207 1
16208 3
16209 1
16210 2
16211 2
16212 2
16214 2
16215 1
16216 1
16217 2
16219 1
16220 2
16221 1
16223 1
16224 1
16225 1
16226 3
16227 1
16228 3
16229 2
16231 3
16232 2
16233 3
16234 1
16235 3
16237 1
16238 2
16239 2
16240 4
16241 2
16243 3
16244 1
16245 3
16247 1
16248 1
16249 1
16250 3
16251 1
16254 1
16255 2
16256 1
16257 2
16258 1
16259 2
16260 1
16261 1
16262 1
16264 1
16265 2
16266 2
16267 1
16269 2
16270 3
16271 3
16274 2
16275 2
16276 3
16277 1
16278 2
16279 6
16280 1
16281 2
16283 1
16284 2
16285 1
16290 2
16291 1
16292 1
16293 3
16295 1
16296 3
16297 1
16299 1
16300 3
16302 3
16303 2
16304 2
16305 1
16306 2
16307 3
16308 3
16309 1
16310 3
16311 3
16312 1
16313 2
16314 2
16315 1
16317 2
16319 5
16321 2
16322 3
16323 3
16324 3
16326 2
16329 1
16331 1
16332 1
16333 1
16334 1
16335 3
16338 2
16339 2
16340 2
16342 1
16343 4
16344 3
16345 2
16346 1
16348 5
16349 1
16350 3
16352 1
16353 2
16355 1
16356 1
16358 1
16360 2
16362 2
16364 3
16366 1
16368 1
16369 1
16370 1
16371 1
16372 3
16373 1
16374 3
16375 2
16376 2
16377 5
16378 1
16379 2
16380 1
16381 2
16382 1
16383 2
16385 1
16386 1
16387 3
16388 2
16389 1
16390 1
16391 2
16392 2
16393 1
16394 1
16395 1
16396 2
16400 1
16401 1
16402 2
16403 2
16404 2
16407 3
16408 1
16409 1
16411 1
16413 2
16414 1
16415 1
16416 3
16417 2
16418 2
16419 3
16420 2
16422 1
16423 2
16424 2
16425 1
16426 1
16427 1
16428 2
16429 1
16430 1
16432 1
16436 4
16437 2
16438 1
16439 3
16440 3
16442 2
16443 2
16444 3
16445 1
16448 3
16450 3
16451 2
16452 1
16454 2
16456 5
16457 2
16459 2
16460 4
16461 2
16462 1
16464 1
16465 2
16466 1
16468 1
16469 2
16470 1
16471 1
16473 1
16474 1
16475 1
16476 1
16477 1
16478 2
16480 2
16481 2
16482 1
16483 2
16484 1
16485 2
16486 1
16487 2
16488 1
16489 2
16490 2
16491 2
16492 1
16494 1
16496 2
16497 1
16498 3
16500 1
16502 1
16504 2
16505 1
16507 1
16508 2
16509 2
16510 4
16511 1
16512 1
16513 1
16514 1
16515 1
16516 1
16517 1
16518 1
16519 2
16520 4
16521 3
16523 1
16524 2
16526 2
16527 1
16528 2
16529 2
16530 1
16532 1
16533 4
16534 3
16535 2
16538 2
16539 1
16540 2
16541 3
16544 1
16545 1
16547 1
16549 3
16552 1
16553 1
16554 1
16555 2
16557 2
16558 1
16559 2
16560 3
16561 3
16562 2
16563 2
16564 3
16565 4
16567 2
16569 2
16570 1
16573 1
16574 1
16577 1
16579 1
16581 1
16582 3
16583 2
16584 1
16585 2
16586 1
16588 2
16589 4
16590 2
16591 1
16593 1
16596 1
16597 2
16598 2
16600 2
16602 4
16603 1
16604 1
16605 2
16607 2
16608 1
16609 1
16610 1
16612 1
16613 1
16614 2
16615 1
16616 1
16617 1
16619 1
16620 2
16621 1
16623 1
16624 2
16626 2
16627 2
16628 2
16629 2
16631 2
16632 1
16633 2
16634 3
16635 1
16636 4
16638 2
16639 1
16641 3
16642 1
16643 1
16644 1
16646 1
16647 3
16648 1
16649 1
16651 1
16653 2
16656 3
16658 1
16660 2
16661 2
16662 1
16665 2
16666 1
16667 1
16668 1
16669 1
16670 4
16671 1
16672 5
16674 1
16676 2
16677 1
16678 1
16679 3
16681 1
16682 1
16683 1
16686 1
16687 1
16689 1
16691 1
16696 1
16698 1
16699 2
16700 1
16701 4
16702 3
16703 4
16705 2
16707 3
16709 4
16710 1
16712 1
16715 2
16717 1
16718 1
16720 4
16721 1
16725 2
16726 1
16727 1
16728 1
16729 2
16730 1
16732 1
16734 2
16737 2
16738 1
16739 2
16741 1
16742 2
16743 1
16745 1
16746 1
16748 1
16749 3
16750 2
16751 4
16754 1
16758 1
16760 3
16761 1
16764 1
16765 2
16766 1
16768 1
16769 3
16770 2
16771 1
16772 2
16773 3
16776 1
16778 1
16779 2
16780 4
16781 3
16782 1
16783 1
16784 1
16785 1
16786 1
16787 2
16788 2
16789 7
16793 4
16794 3
16796 1
16797 1
16799 1
16801 1
16802 1
16805 1
16807 3
16809 1
16810 1
16813 2
16814 1
16815 1
16816 2
16817 2
16818 5
16820 3
16821 2
16825 1
16829 4
16830 1
16833 2
16834 2
16837 1
16838 2
16841 1
16842 1
16843 1
16844 2
16845 1
16846 1
16847 4
16848 2
16849 3
16850 1
16851 1
16852 1
16853 1
16854 1
16855 3
16858 3
16859 1
16860 2
16861 2
16862 2
16863 1
16864 1
16865 1
16866 3
16867 2
16868 1
16869 1
16871 1
16872 2
16873 1
16874 2
16875 1
16878 2
16879 1
16881 2
16883 1
16885 2
16886 2
16887 2
16888 2
16889 4
16893 1
16894 2
16896 1
16897 3
16898 1
16900 2
16902 3
16903 1
16906 2
16909 1
16910 3
16912 1
16913 1
16914 2
16915 1
16917 2
16918 3
16919 1
16920 1
16921 1
16924 2
16925 1
16926 3
16927 2
16929 2
16930 3
16931 1
16933 1
16934 2
16935 2
16938 1
16939 1
16940 1
16941 1
16946 1
16947 2
16948 1
16950 2
16951 2
16953 2
16954 1
16955 1
16958 2
16960 3
16961 1
16962 1
16965 1
16966 1
16967 2
16969 1
16970 1
16971 1
16972 1
16975 1
16976 1
16979 3
16980 1
16981 3
16985 1
16986 2
16987 1
16988 2
16989 3
16990 1
16991 2
16992 1
16993 1
16994 4
16996 1
16998 3
16999 2
17000 2
17002 1
17003 1
17004 3
17005 1
17006 1
17008 2
17009 2
17011 1
17012 1
17014 1
17015 1
17018 1
17019 1
17020 2
17023 1
17024 1
17025 2
17027 3
17029 5
17030 1
17031 1
17032 2
17033 1
17034 2
17035 1
17037 1
17039 1
17043 1
17045 1
17046 1
17048 1
17049 2
17050 1
17051 1
17052 1
17054 2
17055 2
17056 1
17057 1
17058 4
17060 2
17061 1
17063 2
17064 1
17066 1
17068 2
17070 1
17072 1
17073 3
17074 1
17075 1
17077 2
17078 2
17079 1
17082 1
17083 1
17087 2
17088 1
17092 1
17093 2
17094 2
17096 1
17097 1
17098 1
17099 2
17102 1
17104 1
17106 3
17108 2
17113 1
17114 1
17116 1
17117 1
17118 2
17119 1
17123 1
17125 1
17126 3
17127 1
17128 1
17129 2
17130 3
17131 1
17134 2
17136 1
17137 3
17138 1
17139 1
17140 2
17141 1
17142 2
17144 1
17145 1
17146 4
17147 2
17149 1
17150 1
17152 1
17156 1
17157 1
17158 2
17161 1
17164 1
17166 3
17168 1
17170 1
17171 2
17172 2
17173 1
17175 1
17177 1
17178 1
17187 2
17189 1
17190 1
17192 1
17193 1
17194 1
17195 2
17196 1
17197 1
17198 1
17199 1
17200 1
17201 2
17203 1
17204 1
17206 2
17209 2
17210 3
17212 2
17213 1
17214 1
17215 2
17217 1
17219 3
17220 3
17222 1
17224 2
17226 1
17228 1
17230 2
17234 1
17235 1
17236 1
17237 1
17239 1
17240 1
17242 1
17243 1
17244 1
17245 1
17246 1
17250 1
17251 3
17253 1
17255 1
17259 3
17263 1
17265 1
17266 1
17267 1
17268 1
17270 1
17271 1
17273 1
17274 2
17275 3
17277 2
17279 2
17280 1
17282 1
17283 4
17286 1
17288 3
17289 1
17291 2
17292 2
17294 1
17296 2
17298 1
17299 2
17301 1
17303 1
17304 2
17305 1
17307 2
17308 1
17310 1
17312 1
17313 2
17314 1
17315 2
17317 2
17319 2
17323 1
17324 2
17325 2
17327 1
17330 1
17331 1
17333 1
17334 1
17337 3
17338 1
17339 1
17341 2
17342 1
17343 3
17344 2
17346 2
17347 1
17349 1
17351 1
17352 1
17353 1
17355 2
17356 3
17357 2
17358 2
17359 1
17361 2
17363 1
17365 1
17366 1
17368 1
17371 1
17372 2
17375 2
17376 1
17377 1
17380 2
17382 1
17383 2
17384 2
17386 1
17387 1
17388 3
17389 1
17392 1
17396 1
17397 1
17401 1
17403 1
17404 2
17406 1
17408 1
17411 2
17412 1
17413 2
17415 1
17417 1
17419 1
17420 3
17423 2
17425 3
17427 1
17428 1
17429 1
17430 1
17431 1
17434 1
17435 3
17437 1
17439 1
17440 3
17441 1
17442 1
17447 1
17449 1
17450 2
17451 1
17453 1
17454 1
17456 2
17457 1
17458 1
17459 2
17461 1
17464 1
17465 1
17466 1
17468 1
17470 2
17471 1
17472 1
17474 1
17475 2
17476 1
17479 2
17483 2
17485 1
17487 1
17488 1
17489 1
17490 1
17491 2
17492 1
17495 2
17496 1
17497 1
17498 1
17499 3
17501 1
17502 2
17503 2
17504 3
17506 1
17507 1
17509 3
17514 2
17515 1
17519 3
17521 1
17522 1
17523 1
17524 1
17526 1
17528 2
17529 1
17530 2
17532 1
17533 1
17534 1
17535 2
17539 1
17540 2
17542 1
17543 3
17544 2
17545 1
17547 1
17548 2
17555 1
17557 3
17560 1
17561 1
17564 2
17565 1
17566 2
17568 2
17570 2
17571 2
17572 1
17573 1
17574 2
17575 1
17577 1
17578 1
17581 1
17583 3
17584 1
17586 1
17588 3
17595 1
17596 2
17599 2
17602 1
17603 1
17604 3
17607 1
17608 1
17609 1
17612 3
17616 2
17617 2
17619 2
17620 1
17628 1
17630 1
17636 3
17637 2
17639 1
17640 3
17641 3
17643 1
17644 1
17645 1
17651 1
17652 1
17653 1
17655 1
17656 1
17657 2
17660 2
17661 1
17667 1
17668 1
17671 1
17674 1
17678 1
17680 2
17681 2
17682 2
17683 2
17684 2
17687 1
17688 1
17689 1
17690 3
17691 1
17694 1
17700 1
17701 1
17704 2
17706 2
17708 1
17709 2
17710 1
17712 1
17714 2
17715 1
17716 1
17718 1
17719 1
17720 2
17721 1
17723 1
17724 1
17725 1
17729 1
17730 1
17732 1
17733 1
17734 1
17735 2
17737 1
17740 1
17742 1
17744 1
17745 1
17747 2
17749 1
17750 1
17753 1
17754 1
17760 1
17761 2
17762 2
17763 1
17764 2
17768 2
17769 2
17773 1
17774 1
17778 1
17783 3
17785 2
17788 1
17792 1
17793 1
17797 2
17798 2
17799 1
17802 1
17804 2
17809 1
17811 1
17814 1
17816 2
17819 1
17822 1
17823 2
17824 1
17825 1
17826 1
17827 3
17828 2
17829 2
17831 1
17833 1
17836 1
17841 1
17842 1
17843 1
17847 3
17848 1
17850 2
17852 2
17853 1
17854 1
17856 1
17857 1
17860 1
17862 1
17864 1
17866 1
17868 1
17871 1
17876 1
17878 2
17879 1
17881 3
17883 1
17889 1
17891 1
17896 1
17897 1
17898 1
17899 1
17900 2
17902 1
17905 2
17910 2
17911 1
17914 1
17920 1
17921 1
17922 1
17925 1
17929 3
17932 1
17934 1
17936 1
17940 1
17943 1
17945 1
17949 1
17950 2
17956 1
17960 3
17961 1
17963 1
17965 2
17967 1
17968 1
17969 4
17973 3
17974 1
17976 1
17979 2
17981 1
17984 1
17985 1
17987 1
17989 2
17993 2
17998 2
18001 1
18002 1
18006 1
18010 2
18013 1
18014 2
18015 1
18023 1
18024 2
18025 1
18027 1
18029 3
18032 1
18033 1
18034 1
18035 2
18037 1
18038 1
18042 2
18043 1
18044 2
18045 1
18047 2
18051 1
18052 1
18053 3
18057 1
18058 2
18060 1
18065 1
18066 1
18067 1
18068 1
18069 1
18071 1
18074 1
18078 1
18081 1
18082 2
18085 1
18089 2
18093 2
18094 1
18098 3
18102 1
18106 2
18109 1
18111 3
18113 1
18114 2
18115 1
18119 2
18121 2
18122 1
18125 1
18126 1
18127 2
18130 2
18133 1
18138 1
18145 1
18147 1
18150 2
18151 1
18152 1
18153 1
18158 1
18160 2
18161 1
18164 1
18166 1
18167 1
18169 1
18170 1
18176 1
18178 2
18181 1
18182 1
18184 2
18185 1
18188 2
18189 2
18190 2
18191 1
18193 1
18194 1
18195 1
18198 1
18199 1
18200 1
18204 1
18205 1
18209 1
18211 1
18212 1
18215 1
18217 1
18219 2
18224 2
18225 1
18229 2
18231 1
18234 1
18238 1
18240 1
18243 1
18245 1
18250 1
18252 1
18253 1
18254 1
18255 1
18257 2
18258 3
18262 1
18263 1
18264 1
18267 1
18269 1
18272 1
18273 1
18274 1
18276 1
18279 1
18288 1
18289 1
18291 1
18293 3
18294 1
18296 1
18298 4
18306 1
18310 1
18314 1
18318 1
18319 1
18321 1
18322 3
18326 2
18327 2
18329 1
18330 1
18332 1
18336 1
18337 1
18338 2
18341 1
18342 1
18346 1
18351 1
18352 1
18357 1
18358 1
18362 1
18363 1
18367 2
18368 1
18370 2
18372 1
18389 1
18390 2
18391 1
18392 1
18393 2
18394 1
18398 1
18400 3
18401 2
18404 2
18406 1
18409 1
18410 2
18411 1
18415 1
18428 1
18430 1
18435 1
18439 2
18442 1
18446 1
18459 1
18460 1
18463 1
18464 1
18468 1
18470 1
18471 1
18474 1
18476 1
18478 1
18479 3
18483 2
18484 2
18488 1
18497 1
18503 1
18504 1
18505 1
18507 1
18508 1
18509 1
18510 1
18513 1
18514 1
18515 1
18517 2
18523 1
18529 1
18532 1
18533 1
18535 1
18537 1
18538 1
18539 2
18541 1
18543 1
18546 1
18547 1
18550 1
18552 2
18553 1
18555 1
18557 1
18558 1
18560 1
18563 1
18574 1
18577 1
18581 1
18583 1
18584 1
18588 1
18589 1
18591 2
18601 1
18606 1
18608 1
18610 1
18615 1
18619 1
18620 3
18621 2
18622 1
18629 1
18631 1
18636 1
18639 1
18648 1
18650 1
18652 1
18653 1
18655 1
18659 1
18660 1
18665 1
18668 1
18670 2
18675 1
18677 1
18679 2
18683 1
18684 1
18687 1
18689 2
18691 1
18695 1
18698 1
18699 2
18701 1
18704 1
18714 1
18715 1
18720 2
18722 1
18723 1
18728 1
18729 1
18734 1
18737 1
18739 1
18743 1
18744 1
18747 1
18748 1
18749 1
18752 1
18755 1
18757 1
18763 1
18766 1
18767 1
18768 2
18770 1
18773 1
18779 2
18783 1
18784 1
18788 1
18792 1
18796 1
18797 1
18799 2
18804 1
18808 3
18812 1
18816 1
18821 2
18825 1
18828 1
18829 1
18831 1
18832 1
18836 1
18837 2
18848 1
18852 1
18860 1
18863 1
18867 1
18868 1
18870 1
18874 1
18880 2
18881 1
18883 1
18894 1
18900 2
18901 1
18904 1
18908 1
18910 1
18915 1
18919 1
18921 1
18925 1
18938 1
18942 1
18944 2
18946 1
18948 2
18949 1
18954 2
18968 1
18973 1
18974 1
18977 1
18979 1
18983 1
18989 1
18998 1
18999 1
19004 1
19007 1
19008 2
19011 1
19013 1
19023 1
19025 1
19027 2
19028 2
19032 1
19033 1
19042 1
19046 1
19047 1
19048 1
19052 1
19056 1
19068 1
19077 1
19078 1
19080 1
19087 1
19090 1
19091 1
19092 1
19100 1
19106 1
19111 1
19114 1
19116 1
19120 1
19121 1
19125 1
19145 2
19149 1
19153 1
19156 1
19159 1
19165 1
19169 2
19174 1
19178 1
19185 1
19186 1
19189 1
19190 1
19193 1
19194 1
19213 1
19214 1
19215 1
19220 1
19223 1
19224 2
19225 1
19227 1
19232 1
19233 2
19238 2
19243 1
19251 1
19253 1
19257 1
19262 1
19265 1
19269 1
19274 1
19287 1
19291 1
19293 1
19294 1
19299 1
19302 1
19305 1
19306 1
19307 1
19311 2
19322 1
19330 1
19331 1
19332 1
19333 1
19338 1
19346 1
19353 1
19358 1
19362 1
19365 1
19369 1
19370 1
19373 1
19375 1
19378 1
19384 1
19385 2
19390 1
19391 1
19397 1
19411 1
19414 1
19424 1
19425 1
19433 1
19438 1
19442 1
19448 1
19452 1
19453 1
19454 1
19459 2
19464 1
19469 1
19473 1
19476 1
19478 1
19483 1
19489 1
19493 1
19498 2
19502 1
19507 1
19514 1
19518 2
19521 1
19522 1
19531 1
19538 2
19552 1
19562 2
19570 1
19580 1
19590 2
19591 1
19593 1
19600 1
19602 1
19610 1
19631 2
19654 1
19656 1
19659 1
19664 2
19679 1
19697 1
19703 1
19710 1
19723 1
19733 1
19735 1
19738 1
19742 1
19743 1
19748 1
19761 1
19769 1
19777 1
19781 1
19797 1
19800 1
19802 1
19810 1
19816 1
19821 1
19848 1
19855 2
19869 1
19875 1
19879 2
19884 1
19895 1
19900 2
19919 1
19923 1
19929 2
19934 1
19943 1
19948 2
19953 1
19963 1
19979 2
19984 1
19988 1
19992 1
20001 1
20008 2
20012 1
20017 1
20021 1
20032 1
20043 1
20048 1
20061 1
20063 1
20072 1
20080 1
20095 1
20100 1
20101 1
20128 1
20134 1
20138 1
20169 1
20174 1
20179 1
20188 1
20207 1
20208 3
20212 1
20213 1
20241 1
20248 1
20271 1
20272 1
20286 1
20287 1
20291 1
20292 1
20310 1
20312 1
20320 1
20341 1
20354 1
20365 1
20389 1
20413 1
20420 1
20423 1
20429 1
20433 1
20454 1
20458 1
20479 1
20487 1
20502 1
20533 1
20558 1
20565 1
20569 1
20571 1
20610 1
20629 1
20633 1
20639 2
20648 1
20678 1
20689 1
20698 1
20702 1
20718 2
20723 1
20742 1
20762 1
20771 1
20782 1
20802 1
20844 1
20918 1
20923 1
20961 1
20996 1
20997 1
21002 1
21064 1
21075 1
21109 1
21119 1
21133 1
21139 1
21143 1
21164 1
21188 1
21193 1
21212 1
21243 1
21252 1
21272 1
21281 1
21388 1
21392 1
21433 1
21452 1
21471 1
21472 1
21512 1
21550 1
21629 1
21819 1
21829 1
21898 1
21903 1
21942 1
21962 1
21982 1
22260 1
22339 1
22373 1
22452 1
22652 1
23083 1
23162 1
End
