NMec = 95584
T = 23
P = 1
Profits not ignored
Valid tasks:                                                            64522
Solution time = 1.414e-03
Task data
    7  17  2121 -1
    9 201 36777 0
   17  39  2581 -1
   29  43  1893 -1
   39  46  1286 -1
   51  58  1612 -1
   76  84  1181 -1
  105 125  2322 -1
  116 126  2114 -1
  120 130   988 -1
  137 147   895 -1
  152 163  1839 -1
  164 171  1454 -1
  173 184  1165 -1
  187 198  2384 -1
  188 192  1050 -1
  201 218  2062 -1
  204 215  1164 -1
  205 213  1668 -1
  205 228  1965 -1
  209 221  1673 -1
  211 228  3240 0
  224 228   523 -1
Best profit: 40017
All profits:
0 1
523 1
895 1
988 1
1050 1
1164 1
1165 1
1181 1
1286 1
1418 1
1454 1
1511 1
1573 1
1612 1
1668 1
1673 1
1687 1
1688 1
1704 1
1809 1
1839 1
1883 1
1893 1
1945 1
1965 1
1977 1
2038 1
2059 1
2060 1
2062 1
2076 1
2114 1
2121 1
2135 1
2152 1
2153 1
2169 1
2181 1
2191 1
2196 1
2214 1
2215 1
2231 1
2274 1
2322 1
2329 1
2336 1
2345 1
2346 1
2349 1
2362 1
2384 1
2406 1
2416 1
2442 1
2450 1
2451 1
2467 1
2468 1
2504 1
2507 1
2561 1
2563 1
2568 1
2581 1
2582 1
2583 1
2585 1
2599 1
2600 1
2618 1
2619 1
2635 1
2637 1
2644 1
2656 1
2661 1
2662 1
2675 1
2676 1
2692 1
2704 1
2718 1
2723 1
2734 1
2737 1
2738 1
2740 1
2754 1
2776 1
2777 1
2788 1
2793 1
2797 1
2827 1
2833 1
2838 1
2845 1
2849 1
2852 1
2854 1
2859 1
2860 1
2868 1
2869 1
2872 1
2881 1
2889 1
2898 1
2907 1
2933 1
2943 1
2953 1
2954 1
2957 1
2959 1
2965 1
2973 1
2974 1
2990 1
3003 1
3004 1
3009 1
3015 1
3016 1
3020 1
3027 1
3030 1
3047 1
3048 1
3050 1
3057 1
3058 1
3064 1
3066 1
3074 1
3086 1
3091 1
3104 1
3109 2
3110 1
3112 1
3122 1
3123 1
3125 1
3126 1
3127 1
3130 1
3141 1
3142 1
3146 1
3158 1
3164 1
3169 1
3171 1
3179 1
3184 1
3185 1
3202 1
3203 1
3217 1
3219 1
3224 1
3227 1
3231 1
3240 2
3241 2
3243 1
3246 1
3251 1
3257 1
3263 1
3278 1
3279 2
3280 1
3285 2
3286 1
3293 1
3295 1
3299 1
3300 1
3302 1
3311 1
3316 1
3317 1
3324 1
3333 1
3334 1
3337 1
3345 1
3346 1
3347 1
3348 1
3350 1
3356 1
3361 1
3362 1
3372 3
3377 1
3379 1
3395 1
3396 1
3399 1
3400 1
3404 1
3407 1
3412 1
3419 1
3421 1
3438 1
3439 1
3451 1
3455 1
3456 1
3466 1
3476 1
3477 1
3480 1
3482 1
3486 1
3487 1
3492 1
3495 1
3500 1
3501 1
3503 1
3505 1
3507 1
3510 1
3512 1
3513 1
3514 1
3516 1
3517 1
3526 1
3527 1
3530 1
3532 1
3539 1
3543 1
3548 1
3549 1
3551 1
3556 1
3557 1
3561 1
3565 1
3566 1
3568 1
3569 1
3570 1
3571 1
3573 1
3575 1
3577 1
3580 1
3581 1
3587 1
3589 1
3597 1
3606 1
3607 1
3608 1
3613 1
3615 1
3618 1
3623 1
3631 2
3632 3
3633 1
3635 2
3645 1
3648 1
3649 1
3650 2
3668 1
3669 1
3670 1
3671 1
3672 1
3674 1
3685 1
3687 1
3688 1
3692 1
3694 1
3706 1
3711 1
3722 1
3725 1
3726 2
3728 2
3732 1
3733 2
3740 1
3742 1
3744 1
3745 1
3746 1
3747 1
3749 1
3750 1
3754 1
3762 1
3763 1
3764 2
3765 1
3766 1
3776 2
3781 1
3782 1
3783 1
3784 1
3787 1
3789 1
3790 1
3793 1
3794 1
3799 1
3800 1
3801 1
3802 2
3803 1
3804 1
3808 2
3809 1
3816 1
3818 1
3821 1
3825 1
3826 2
3827 1
3837 1
3838 2
3840 1
3842 1
3843 1
3847 1
3848 1
3849 1
3854 1
3856 1
3857 1
3858 1
3860 1
3868 1
3869 1
3870 1
3871 1
3877 1
3883 1
3885 1
3886 1
3888 1
3895 2
3898 1
3899 2
3901 1
3902 1
3904 2
3905 1
3910 1
3915 1
3918 1
3919 1
3921 1
3922 1
3923 1
3930 1
3931 1
3934 1
3941 1
3942 1
3945 1
3947 1
3948 1
3952 1
3953 2
3955 1
3957 1
3958 1
3960 1
3961 2
3962 1
3969 1
3974 1
3978 1
3990 1
3991 1
3992 1
3995 1
3996 1
3999 1
4003 1
4004 2
4007 2
4008 1
4009 2
4010 1
4014 2
4015 1
4017 1
4018 1
4019 1
4020 1
4022 1
4023 1
4024 1
4025 1
4026 1
4028 1
4030 1
4033 1
4035 2
4036 1
4037 1
4039 1
4040 1
4041 1
4045 1
4046 1
4052 1
4053 2
4054 2
4057 1
4059 1
4062 2
4063 1
4066 1
4070 1
4071 1
4072 1
4074 1
4079 3
4080 1
4084 1
4086 1
4088 1
4089 1
4091 1
4092 1
4097 1
4098 2
4100 1
4107 1
4108 1
4110 1
4113 1
4114 1
4115 1
4116 1
4118 1
4119 1
4122 1
4124 2
4129 1
4130 1
4131 1
4134 1
4135 2
4136 1
4138 2
4140 1
4141 1
4146 2
4154 2
4155 1
4158 1
4159 1
4161 1
4168 1
4172 1
4173 2
4174 1
4175 2
4176 1
4177 1
4180 3
4181 1
4183 1
4184 1
4185 1
4188 1
4190 1
4191 1
4192 1
4193 2
4194 1
4195 1
4196 1
4197 2
4208 1
4211 1
4212 1
4215 2
4219 1
4222 1
4223 1
4228 2
4229 2
4230 1
4231 2
4234 1
4235 1
4238 1
4239 2
4242 1
4243 1
4245 1
4247 1
4249 2
4251 2
4254 1
4255 1
4256 2
4267 3
4268 2
4269 1
4272 1
4273 2
4274 2
4277 2
4281 1
4285 1
4287 3
4288 1
4289 1
4290 4
4291 1
4292 1
4293 1
4295 1
4299 2
4301 1
4302 1
4303 1
4304 1
4305 1
4306 2
4307 1
4308 1
4310 1
4311 1
4312 1
4313 1
4314 1
4316 1
4317 1
4322 1
4323 1
4328 1
4329 1
4330 1
4333 1
4334 1
4335 3
4336 2
4343 1
4344 1
4345 1
4346 1
4349 3
4350 2
4352 2
4360 1
4361 2
4365 1
4366 1
4367 1
4372 1
4377 1
4381 1
4382 1
4383 1
4384 2
4387 1
4395 2
4396 1
4397 1
4398 2
4400 2
4402 1
4405 2
4406 1
4407 2
4408 2
4409 1
4411 2
4412 1
4413 1
4416 1
4420 1
4421 2
4422 2
4424 1
4427 2
4428 1
4432 1
4438 1
4439 1
4443 3
4444 2
4445 1
4446 1
4450 3
4454 1
4456 1
4457 3
4458 1
4459 1
4460 2
4461 2
4463 1
4464 2
4465 1
4466 2
4467 1
4468 1
4469 1
4470 2
4471 1
4472 1
4474 1
4475 1
4476 2
4478 1
4480 1
4481 1
4483 1
4484 1
4488 1
4489 1
4492 1
4493 1
4495 1
4498 2
4500 1
4501 2
4502 1
4503 1
4504 1
4505 2
4510 1
4511 1
4512 1
4513 2
4514 1
4515 1
4518 2
4519 1
4526 3
4527 3
4528 1
4529 1
4530 2
4531 1
4532 1
4536 2
4537 4
4540 1
4542 1
4543 1
4545 2
4546 1
4549 1
4553 2
4554 1
4555 1
4557 1
4558 1
4560 1
4562 1
4563 2
4564 2
4565 3
4566 2
4568 1
4569 2
4571 2
4572 1
4575 1
4576 1
4577 2
4579 1
4580 2
4581 1
4582 1
4584 1
4585 2
4586 1
4588 1
4589 1
4593 1
4600 1
4601 1
4602 1
4603 1
4606 1
4611 1
4615 1
4616 2
4618 1
4619 2
4620 2
4621 2
4623 2
4625 1
4627 2
4628 1
4630 1
4631 1
4632 1
4633 1
4636 1
4637 1
4638 1
4639 1
4640 1
4641 1
4642 1
4643 1
4645 1
4647 2
4651 1
4656 1
4657 2
4658 3
4659 1
4660 1
4661 1
4662 1
4663 1
4665 1
4667 1
4668 1
4669 1
4670 1
4671 1
4672 1
4673 1
4676 1
4677 2
4678 1
4681 2
4682 3
4684 2
4685 1
4686 1
4688 1
4689 1
4691 1
4693 1
4694 2
4695 3
4696 1
4697 2
4698 2
4699 2
4700 1
4703 2
4704 1
4705 1
4706 2
4707 1
4708 1
4711 1
4713 2
4716 2
4720 2
4721 3
4722 1
4724 1
4726 1
4729 1
4730 1
4731 1
4732 2
4733 3
4734 2
4735 1
4737 2
4738 3
4739 2
4740 1
4742 3
4745 1
4746 1
4747 1
4749 1
4750 1
4751 1
4752 1
4753 2
4754 2
4756 1
4758 2
4761 1
4762 1
4765 1
4766 1
4770 1
4771 1
4772 3
4773 1
4776 1
4777 2
4778 2
4781 1
4782 2
4783 2
4787 1
4788 1
4789 1
4790 2
4791 1
4792 1
4793 1
4794 1
4795 1
4796 5
4797 2
4798 1
4799 2
4800 3
4802 1
4804 1
4810 1
4812 2
4813 3
4814 2
4815 2
4816 2
4818 1
4825 1
4826 4
4829 2
4831 2
4832 1
4833 1
4834 1
4835 1
4836 1
4837 2
4839 2
4842 1
4843 1
4844 1
4846 1
4848 1
4849 1
4850 2
4851 2
4852 3
4853 2
4854 2
4855 2
4856 1
4857 1
4858 3
4859 2
4861 1
4863 1
4866 1
4868 1
4869 1
4871 1
4873 1
4875 2
4876 1
4885 1
4886 1
4887 2
4889 1
4890 3
4891 2
4892 2
4893 1
4896 1
4897 2
4898 2
4899 1
4902 1
4903 2
4904 2
4905 2
4906 1
4907 3
4908 1
4909 3
4910 2
4913 1
4914 2
4918 2
4919 1
4920 1
4921 2
4923 1
4925 1
4926 1
4927 1
4928 1
4929 1
4930 2
4931 2
4934 1
4935 1
4936 2
4940 2
4941 2
4943 2
4945 1
4946 1
4947 2
4948 2
4949 2
4951 1
4952 2
4954 2
4955 1
4957 3
4958 1
4959 2
4960 1
4961 1
4962 1
4963 1
4964 1
4965 2
4966 4
4967 1
4968 2
4969 2
4970 1
4971 1
4973 3
4974 2
4975 1
4979 1
4980 2
4981 2
4982 1
4983 2
4984 4
4985 1
4986 1
4987 1
4989 2
4990 1
4991 1
4992 1
4993 1
4995 1
4997 2
5002 4
5003 3
5005 2
5007 2
5008 2
5010 2
5011 2
5012 2
5013 1
5014 1
5015 1
5016 1
5018 1
5019 4
5020 1
5021 2
5023 3
5024 2
5025 1
5026 1
5027 1
5028 2
5029 1
5030 1
5031 1
5033 1
5034 1
5035 2
5036 1
5039 1
5040 2
5041 2
5042 1
5045 2
5049 2
5050 2
5051 2
5052 1
5054 1
5056 1
5057 1
5058 1
5059 2
5060 2
5062 1
5063 1
5064 2
5066 1
5067 2
5068 2
5069 2
5070 1
5071 1
5072 2
5073 1
5074 1
5075 2
5076 2
5077 1
5078 2
5079 2
5080 3
5082 1
5083 1
5085 3
5086 3
5087 2
5088 3
5089 2
5090 1
5091 1
5092 1
5094 2
5095 2
5096 1
5098 1
5099 1
5102 1
5103 1
5104 2
5107 1
5110 2
5111 1
5112 3
5113 1
5115 1
5117 2
5118 2
5119 1
5120 1
5122 1
5123 2
5124 4
5125 2
5126 3
5128 2
5129 3
5130 1
5133 2
5134 4
5136 2
5138 1
5139 2
5141 2
5142 3
5143 1
5144 2
5146 1
5148 1
5149 1
5150 1
5151 1
5155 2
5156 1
5160 3
5161 1
5163 3
5164 1
5165 1
5166 1
5168 3
5169 2
5171 3
5172 4
5173 2
5174 2
5176 2
5177 1
5178 2
5179 2
5180 3
5181 3
5182 3
5183 1
5184 2
5185 5
5186 1
5187 3
5188 3
5190 2
5191 1
5192 1
5193 1
5194 1
5195 2
5196 2
5198 1
5199 2
5200 3
5201 2
5203 1
5204 2
5205 2
5206 1
5207 1
5208 1
5209 1
5210 1
5211 3
5212 1
5216 2
5217 2
5218 4
5219 1
5220 2
5222 1
5223 1
5224 1
5225 1
5226 2
5227 2
5229 1
5230 3
5231 2
5233 2
5234 1
5235 2
5236 2
5237 1
5238 2
5239 2
5240 1
5241 1
5242 1
5243 4
5244 6
5245 1
5246 1
5247 3
5248 1
5249 1
5251 1
5252 1
5253 1
5254 1
5255 2
5256 3
5257 2
5258 1
5260 3
5261 1
5262 3
5263 1
5265 4
5267 1
5270 1
5272 2
5273 1
5275 1
5276 1
5277 1
5278 3
5279 3
5280 2
5281 3
5282 1
5285 1
5288 1
5289 2
5290 1
5291 1
5292 1
5293 1
5294 2
5295 2
5296 2
5297 1
5299 3
5300 3
5301 2
5302 1
5303 2
5304 2
5305 3
5306 2
5308 1
5310 1
5311 2
5312 2
5315 1
5316 2
5317 1
5318 2
5319 3
5321 1
5322 2
5323 3
5324 1
5325 2
5326 1
5327 1
5331 1
5334 1
5335 1
5337 4
5338 4
5339 2
5340 4
5341 2
5342 2
5343 1
5344 1
5345 3
5348 1
5349 4
5352 3
5353 2
5354 3
5355 3
5356 3
5357 3
5358 3
5359 1
5360 2
5361 4
5362 3
5364 2
5365 2
5366 1
5367 1
5369 1
5371 1
5372 2
5373 2
5374 2
5375 1
5376 1
5377 1
5378 2
5379 1
5380 1
5383 1
5384 2
5385 1
5386 1
5387 1
5388 3
5390 1
5393 3
5394 2
5395 2
5396 4
5399 4
5400 4
5401 2
5402 1
5403 1
5404 2
5405 1
5406 2
5407 2
5408 3
5409 3
5410 2
5411 1
5412 2
5413 2
5414 4
5415 2
5416 3
5419 2
5420 3
5421 2
5422 1
5423 1
5424 1
5425 1
5426 2
5427 1
5428 1
5430 2
5431 2
5432 5
5433 2
5434 2
5435 1
5436 1
5437 2
5438 2
5441 2
5442 1
5444 2
5445 2
5446 1
5447 1
5448 2
5449 4
5450 3
5452 3
5453 1
5454 3
5455 3
5457 2
5458 4
5459 2
5460 2
5461 3
5462 2
5463 3
5464 2
5466 4
5467 1
5468 4
5469 2
5470 5
5471 4
5472 2
5473 1
5474 2
5475 2
5476 1
5477 2
5478 1
5479 1
5480 3
5481 1
5482 3
5483 2
5484 1
5486 1
5487 1
5488 2
5489 2
5491 1
5493 4
5494 1
5495 2
5497 1
5498 2
5499 1
5500 3
5501 1
5506 2
5507 3
5508 1
5509 2
5510 2
5511 4
5513 2
5514 5
5515 2
5516 4
5517 3
5518 1
5520 2
5521 1
5522 1
5524 1
5525 4
5526 3
5527 1
5528 2
5530 3
5531 2
5533 4
5534 2
5535 1
5537 1
5538 2
5540 1
5542 4
5543 2
5545 1
5546 2
5548 1
5549 1
5550 1
5551 1
5552 1
5553 3
5554 2
5557 1
5558 1
5559 2
5560 2
5561 1
5562 3
5563 4
5564 2
5565 4
5567 3
5568 3
5572 3
5573 3
5574 1
5576 4
5577 2
5578 2
5579 2
5580 1
5581 2
5583 1
5584 1
5585 2
5586 2
5587 2
5588 2
5589 3
5590 3
5591 1
5592 3
5593 1
5594 2
5595 1
5596 2
5597 1
5598 1
5599 1
5600 1
5601 3
5602 2
5603 3
5604 2
5605 1
5607 2
5608 4
5609 1
5611 2
5613 1
5614 1
5615 4
5616 2
5618 1
5619 3
5620 1
5621 5
5622 3
5624 4
5625 1
5626 4
5627 3
5628 3
5629 3
5630 2
5631 4
5632 1
5633 3
5634 3
5635 5
5636 1
5637 3
5638 3
5639 1
5640 2
5641 2
5642 2
5643 1
5644 1
5645 2
5646 1
5647 4
5648 2
5649 2
5650 1
5651 3
5652 1
5653 3
5656 1
5657 3
5658 1
5659 1
5660 1
5662 1
5663 1
5664 2
5665 3
5666 2
5667 2
5668 1
5669 5
5670 3
5671 1
5672 2
5673 1
5674 1
5675 1
5676 2
5677 3
5678 2
5679 2
5680 1
5681 1
5682 4
5683 4
5684 2
5685 1
5686 3
5687 2
5688 2
5689 1
5690 1
5691 6
5692 3
5693 4
5694 4
5695 4
5696 2
5697 3
5698 1
5699 2
5700 1
5701 4
5702 1
5703 2
5704 1
5705 1
5707 3
5708 4
5709 2
5710 4
5711 3
5712 1
5713 1
5714 1
5717 2
5718 3
5719 2
5720 1
5721 3
5722 3
5723 1
5724 1
5725 1
5726 2
5727 5
5728 2
5729 3
5730 3
5731 3
5732 2
5733 1
5734 4
5735 1
5736 3
5738 1
5739 2
5740 1
5741 4
5742 1
5743 3
5744 4
5745 4
5746 4
5747 4
5748 1
5749 4
5750 3
5752 2
5753 4
5754 2
5755 1
5756 3
5757 1
5758 3
5759 1
5760 2
5761 2
5762 1
5763 1
5764 1
5765 2
5766 4
5767 1
5769 1
5770 3
5771 3
5773 1
5776 1
5780 1
5781 2
5782 2
5783 2
5784 5
5785 2
5786 2
5787 3
5788 5
5789 2
5790 2
5791 2
5792 4
5793 1
5794 1
5795 2
5796 1
5797 2
5798 2
5799 2
5800 3
5801 2
5802 3
5803 4
5804 4
5805 2
5806 1
5808 4
5809 1
5811 1
5812 1
5813 1
5814 1
5815 1
5816 1
5817 1
5819 1
5820 1
5821 3
5822 4
5823 3
5824 2
5826 2
5827 4
5828 1
5829 1
5831 2
5832 2
5834 2
5835 2
5836 1
5837 1
5838 4
5839 2
5840 2
5841 2
5842 2
5843 3
5846 5
5847 3
5848 2
5849 4
5850 2
5851 2
5852 2
5853 2
5854 3
5855 1
5856 1
5857 1
5858 2
5859 3
5860 3
5861 5
5862 2
5863 5
5864 3
5865 3
5866 3
5867 1
5868 3
5870 3
5871 2
5872 1
5874 1
5875 3
5876 3
5877 1
5878 2
5879 4
5880 3
5881 2
5883 1
5884 3
5885 3
5886 3
5887 3
5888 1
5889 2
5891 1
5892 2
5893 1
5894 1
5896 2
5897 6
5898 3
5899 2
5900 2
5901 2
5902 6
5903 3
5904 3
5905 2
5906 1
5907 3
5908 2
5909 1
5910 2
5911 4
5912 1
5913 3
5914 4
5915 3
5916 2
5917 1
5918 6
5919 4
5920 2
5921 1
5922 3
5923 5
5924 2
5925 2
5926 2
5927 1
5928 1
5929 2
5930 2
5931 2
5932 1
5934 2
5935 3
5936 1
5937 4
5939 2
5940 3
5941 1
5942 3
5943 1
5945 2
5946 3
5947 5
5948 2
5949 1
5950 1
5952 3
5953 5
5954 4
5955 3
5956 1
5957 5
5958 3
5959 4
5960 1
5961 4
5962 1
5963 4
5964 4
5965 1
5967 3
5968 3
5969 2
5970 2
5971 2
5972 4
5973 3
5974 2
5975 2
5976 1
5977 5
5978 2
5979 3
5980 4
5981 5
5982 1
5983 2
5984 3
5985 3
5986 1
5989 2
5990 4
5991 5
5992 2
5993 4
5994 2
5995 1
5996 3
5997 2
5998 1
5999 3
6000 1
6002 2
6003 1
6004 1
6006 1
6007 6
6008 2
6009 2
6010 2
6011 2
6012 2
6013 2
6014 2
6015 3
6016 5
6017 2
6018 4
6019 6
6020 4
6021 1
6022 2
6023 5
6024 3
6025 3
6026 1
6027 1
6028 2
6029 3
6030 1
6031 3
6032 3
6033 3
6034 4
6035 2
6036 3
6037 2
6038 1
6039 4
6040 3
6042 1
6043 1
6044 2
6047 1
6050 2
6051 1
6052 2
6054 2
6055 5
6056 2
6057 2
6058 2
6060 1
6061 2
6062 2
6063 2
6064 1
6065 1
6066 4
6067 4
6068 5
6069 5
6070 3
6071 3
6072 3
6073 6
6074 4
6075 2
6076 4
6077 3
6078 3
6079 2
6080 2
6081 2
6082 4
6083 3
6084 2
6085 3
6086 3
6087 1
6088 4
6089 1
6090 4
6091 2
6093 1
6094 1
6095 3
6096 1
6097 1
6099 3
6100 2
6101 3
6102 1
6104 1
6105 2
6106 3
6107 2
6108 2
6110 2
6111 3
6112 6
6113 4
6114 1
6115 2
6116 4
6117 4
6118 1
6119 1
6121 4
6122 4
6123 2
6124 5
6125 3
6126 3
6127 2
6128 4
6129 4
6130 6
6131 4
6132 2
6133 2
6134 2
6135 2
6136 3
6137 2
6138 7
6139 4
6140 3
6141 2
6142 3
6143 2
6144 4
6145 2
6146 2
6147 4
6148 3
6149 7
6150 3
6151 3
6152 3
6153 2
6154 4
6155 2
6156 1
6157 3
6158 2
6160 6
6161 3
6162 3
6165 3
6166 3
6167 5
6168 2
6169 1
6170 3
6171 2
6172 2
6173 4
6174 4
6175 5
6176 5
6177 2
6178 3
6180 4
6181 1
6183 6
6184 5
6185 2
6186 3
6187 2
6188 4
6189 3
6190 1
6191 4
6192 6
6193 4
6194 3
6195 2
6196 3
6197 1
6198 1
6199 3
6200 6
6201 2
6202 1
6203 1
6204 3
6205 5
6206 2
6207 2
6208 1
6209 1
6210 3
6211 1
6212 2
6213 2
6214 2
6215 2
6216 3
6217 1
6218 2
6219 1
6220 2
6221 5
6222 2
6223 3
6224 2
6226 5
6227 1
6228 2
6229 1
6230 2
6231 4
6232 5
6233 3
6234 2
6235 4
6236 3
6237 5
6238 3
6239 2
6240 3
6241 2
6242 3
6243 3
6244 4
6245 4
6246 1
6247 2
6248 2
6249 4
6250 7
6251 3
6252 6
6253 4
6254 4
6255 5
6256 3
6257 2
6258 1
6259 4
6260 3
6261 2
6262 1
6263 1
6266 3
6267 4
6268 4
6269 4
6270 4
6271 1
6272 1
6273 1
6274 1
6275 3
6276 2
6277 3
6279 2
6280 2
6281 1
6282 3
6283 3
6284 1
6285 2
6286 1
6287 1
6288 3
6289 6
6290 1
6291 4
6292 1
6293 5
6294 6
6295 2
6296 4
6297 2
6298 4
6299 4
6300 3
6301 3
6302 1
6303 2
6304 4
6305 5
6306 5
6307 7
6308 2
6309 5
6310 4
6311 4
6312 2
6313 2
6314 4
6315 4
6316 1
6317 3
6318 2
6319 1
6320 2
6321 1
6322 1
6323 2
6325 4
6326 2
6327 2
6328 3
6329 3
6330 2
6331 4
6332 2
6333 2
6336 5
6337 3
6338 1
6339 2
6340 2
6341 4
6342 2
6343 3
6344 7
6345 6
6346 4
6347 3
6349 5
6350 7
6351 2
6352 6
6353 4
6354 2
6355 3
6356 1
6357 5
6358 3
6359 3
6360 3
6361 5
6362 4
6363 5
6364 3
6365 5
6366 5
6367 1
6368 4
6369 3
6370 2
6371 1
6372 3
6373 2
6374 2
6375 4
6376 4
6377 3
6378 1
6379 2
6380 1
6381 3
6382 2
6383 3
6384 4
6385 3
6386 1
6388 5
6389 3
6390 2
6391 3
6392 2
6393 3
6394 4
6395 3
6396 1
6397 2
6398 3
6399 3
6400 1
6401 3
6402 5
6403 3
6404 5
6405 3
6406 4
6407 4
6408 7
6409 4
6410 4
6411 7
6412 5
6413 1
6414 3
6415 2
6416 2
6417 2
6418 1
6419 3
6420 6
6421 3
6422 3
6423 4
6424 4
6425 6
6426 2
6427 4
6428 4
6429 4
6430 4
6431 1
6432 1
6433 1
6434 1
6435 2
6436 1
6437 4
6438 6
6439 1
6440 1
6441 3
6442 1
6443 4
6444 3
6445 2
6446 6
6447 1
6449 4
6450 2
6451 2
6453 1
6454 3
6455 2
6456 4
6457 5
6458 6
6459 4
6460 4
6461 2
6462 5
6463 5
6464 3
6465 2
6466 4
6467 2
6468 4
6469 3
6470 6
6471 4
6472 1
6473 4
6474 1
6475 3
6476 4
6477 3
6478 1
6479 1
6480 4
6481 3
6482 5
6483 3
6484 2
6485 2
6486 4
6487 3
6488 2
6489 1
6490 2
6491 2
6492 1
6493 2
6494 3
6495 1
6496 2
6497 4
6498 2
6499 6
6500 2
6501 1
6502 6
6503 4
6504 5
6505 3
6506 3
6507 1
6508 3
6509 2
6510 3
6511 2
6512 2
6513 3
6514 4
6515 3
6516 5
6517 3
6518 5
6519 8
6520 4
6521 6
6522 6
6523 2
6524 2
6525 4
6526 6
6527 2
6528 2
6529 3
6530 8
6531 2
6532 3
6533 5
6534 4
6535 2
6536 3
6537 3
6538 4
6539 3
6540 1
6541 3
6542 6
6543 4
6544 2
6545 3
6546 3
6547 1
6548 4
6549 2
6550 1
6551 1
6552 4
6553 3
6554 1
6555 3
6557 1
6558 2
6559 3
6560 5
6561 3
6563 1
6564 8
6565 5
6566 4
6567 3
6568 1
6569 3
6570 2
6571 6
6572 3
6573 3
6574 4
6575 4
6576 3
6577 7
6578 7
6579 2
6580 5
6581 6
6582 3
6583 3
6584 3
6585 3
6586 4
6587 4
6588 5
6589 5
6590 5
6591 4
6592 5
6593 4
6594 2
6595 4
6596 6
6597 4
6598 2
6599 5
6600 2
6601 2
6602 2
6603 2
6604 2
6605 2
6606 3
6607 2
6608 1
6609 5
6610 2
6611 2
6612 5
6613 3
6614 7
6615 5
6616 2
6617 5
6618 1
6619 3
6620 2
6621 1
6622 7
6623 6
6624 3
6625 5
6626 6
6627 4
6628 4
6629 2
6630 3
6631 5
6632 2
6633 6
6634 4
6635 9
6636 5
6637 1
6638 5
6639 8
6640 6
6641 4
6642 4
6643 1
6644 4
6645 3
6646 2
6647 6
6648 3
6649 2
6650 2
6651 6
6652 5
6653 5
6654 3
6655 3
6656 2
6657 5
6658 4
6659 2
6660 3
6661 3
6662 1
6663 2
6664 3
6665 4
6666 2
6668 1
6669 2
6670 3
6671 6
6672 4
6673 1
6674 5
6675 2
6676 6
6677 1
6678 4
6679 5
6680 4
6681 6
6682 2
6683 6
6684 3
6685 6
6686 3
6687 5
6688 3
6689 5
6690 6
6691 4
6692 5
6693 3
6694 4
6695 5
6696 4
6697 5
6698 8
6699 5
6700 3
6701 4
6702 2
6703 4
6705 1
6706 4
6707 5
6708 2
6709 2
6710 2
6711 1
6712 1
6714 4
6715 3
6716 3
6717 3
6718 3
6719 6
6720 2
6721 1
6722 4
6723 2
6724 5
6725 1
6726 2
6727 4
6728 2
6729 4
6730 5
6731 2
6732 5
6733 4
6734 2
6735 4
6736 3
6737 3
6738 4
6739 1
6740 2
6741 7
6742 4
6743 5
6744 7
6745 4
6746 6
6747 2
6748 5
6749 5
6750 1
6751 2
6752 1
6753 5
6754 7
6755 3
6756 3
6757 5
6758 4
6759 4
6760 4
6761 5
6762 1
6763 1
6764 1
6765 3
6766 4
6767 2
6768 4
6769 2
6770 3
6771 2
6772 5
6773 3
6774 1
6775 4
6776 2
6777 4
6778 3
6779 6
6780 5
6781 3
6782 3
6783 5
6784 5
6785 2
6786 5
6788 3
6789 4
6790 1
6791 7
6792 6
6793 5
6794 4
6795 3
6796 6
6797 6
6798 4
6799 5
6800 6
6802 6
6803 5
6804 2
6805 4
6806 3
6807 4
6808 5
6809 5
6810 4
6811 4
6812 7
6813 3
6814 5
6815 5
6816 6
6817 3
6818 4
6819 4
6820 3
6821 3
6822 3
6823 4
6824 2
6825 1
6826 2
6827 3
6828 4
6829 3
6830 3
6831 1
6832 4
6833 1
6834 6
6835 2
6836 2
6837 3
6838 3
6839 1
6840 3
6841 5
6842 5
6843 3
6844 3
6845 4
6846 2
6847 5
6848 8
6849 5
6850 6
6851 5
6852 5
6853 6
6854 7
6855 3
6856 5
6857 1
6858 7
6859 7
6860 4
6861 2
6862 5
6863 5
6864 4
6865 2
6866 3
6867 6
6868 7
6869 3
6870 2
6871 2
6872 6
6873 4
6874 7
6875 5
6876 4
6877 4
6878 3
6879 4
6880 3
6881 1
6882 4
6883 1
6884 5
6885 3
6886 5
6887 4
6888 6
6889 3
6890 4
6891 6
6892 4
6893 4
6894 2
6895 3
6896 2
6897 4
6898 3
6899 4
6900 2
6901 3
6902 4
6903 5
6904 3
6905 1
6906 5
6907 3
6908 6
6909 4
6910 6
6911 8
6912 6
6913 6
6914 7
6915 5
6916 3
6917 6
6918 3
6919 2
6920 5
6921 4
6922 4
6923 3
6924 6
6925 5
6926 4
6927 4
6928 4
6929 3
6930 6
6931 4
6933 4
6934 6
6935 5
6936 3
6937 4
6938 3
6939 2
6940 1
6941 1
6942 2
6943 2
6945 1
6946 2
6947 7
6948 2
6949 6
6950 4
6951 4
6952 7
6953 5
6954 3
6955 3
6956 2
6957 3
6958 2
6959 1
6960 2
6961 4
6962 4
6963 5
6964 6
6965 8
6966 3
6967 6
6968 9
6969 9
6970 3
6971 3
6972 7
6973 7
6974 3
6975 3
6976 3
6977 3
6978 2
6979 5
6980 4
6981 4
6982 2
6983 3
6984 5
6985 4
6986 3
6987 4
6988 2
6989 3
6990 1
6991 2
6992 4
6994 2
6995 1
6996 4
6997 3
6998 1
6999 3
7000 2
7002 4
7003 6
7004 3
7005 4
7006 2
7007 6
7008 7
7010 3
7011 8
7012 5
7013 6
7014 2
7015 2
7016 5
7017 7
7018 4
7019 7
7020 6
7021 5
7022 6
7023 3
7024 6
7025 4
7026 5
7027 8
7028 5
7029 4
7030 5
7031 5
7032 3
7033 4
7034 3
7035 6
7036 1
7037 2
7038 3
7039 4
7040 4
7041 4
7042 6
7043 4
7044 8
7045 5
7046 4
7047 3
7048 3
7049 5
7050 3
7051 3
7052 4
7053 4
7054 1
7055 3
7056 5
7057 6
7058 2
7059 2
7060 2
7061 8
7062 5
7063 1
7064 4
7065 5
7066 4
7067 4
7068 5
7069 6
7070 6
7071 2
7072 4
7073 6
7074 3
7075 8
7076 4
7077 2
7078 10
7079 5
7080 6
7081 5
7082 6
7083 10
7084 4
7085 4
7086 3
7087 8
7088 5
7089 6
7090 4
7091 3
7092 4
7093 2
7094 7
7095 5
7096 3
7097 2
7098 2
7099 6
7100 6
7101 3
7102 1
7103 3
7104 6
7105 8
7106 2
7107 3
7109 1
7110 4
7111 5
7112 4
7113 3
7114 1
7115 2
7116 5
7117 6
7118 10
7119 5
7120 3
7121 6
7122 5
7123 7
7124 5
7125 1
7126 8
7127 3
7128 6
7129 5
7130 2
7131 3
7132 6
7133 6
7134 5
7135 5
7136 4
7137 8
7138 8
7139 3
7140 7
7141 3
7142 6
7143 2
7144 5
7145 9
7146 4
7147 4
7148 5
7149 7
7150 7
7151 4
7152 1
7153 3
7154 4
7155 6
7156 5
7157 4
7158 5
7160 2
7161 8
7162 5
7163 4
7164 3
7165 6
7166 5
7167 1
7168 1
7170 2
7171 6
7172 7
7173 4
7174 5
7175 4
7176 4
7177 5
7178 3
7179 3
7180 8
7181 5
7182 2
7183 5
7184 6
7185 3
7186 2
7187 3
7188 9
7189 5
7190 4
7191 3
7192 4
7193 6
7194 5
7195 3
7196 5
7197 7
7198 3
7199 8
7200 8
7201 7
7202 5
7203 5
7204 8
7205 3
7206 4
7207 3
7208 5
7209 4
7210 4
7211 3
7212 4
7213 4
7214 2
7215 4
7216 3
7217 3
7218 2
7219 3
7220 5
7221 3
7222 1
7223 3
7224 2
7225 4
7226 4
7227 3
7228 1
7230 4
7231 5
7232 4
7233 6
7234 4
7235 4
7236 6
7237 2
7238 9
7239 6
7240 6
7241 6
7242 7
7243 6
7244 3
7245 7
7246 4
7247 10
7248 5
7249 6
7250 7
7251 2
7252 4
7253 6
7254 7
7255 7
7256 3
7257 5
7258 5
7259 4
7260 3
7261 2
7262 4
7263 5
7264 3
7265 4
7266 2
7267 2
7268 1
7269 4
7270 3
7271 6
7272 2
7273 2
7274 3
7275 3
7276 7
7277 6
7278 3
7279 2
7280 5
7281 8
7282 4
7283 3
7284 3
7285 1
7286 6
7287 5
7288 7
7289 7
7290 2
7291 4
7292 6
7293 8
7294 8
7295 5
7296 3
7297 7
7298 4
7299 5
7300 6
7301 5
7302 10
7303 9
7304 4
7305 9
7306 8
7307 7
7308 4
7309 8
7310 3
7311 5
7312 4
7313 5
7314 5
7315 6
7316 3
7317 5
7318 5
7319 8
7320 6
7321 4
7322 5
7323 3
7324 4
7325 8
7326 4
7327 4
7329 3
7330 6
7331 4
7332 6
7333 5
7334 4
7335 2
7336 3
7337 3
7338 6
7339 7
7340 3
7341 10
7342 3
7343 4
7344 3
7345 5
7346 4
7347 4
7348 6
7349 2
7350 6
7351 5
7352 6
7353 7
7354 5
7355 5
7356 8
7357 10
7358 5
7359 6
7360 3
7361 8
7362 2
7363 3
7364 7
7365 9
7366 4
7367 4
7368 6
7369 4
7370 4
7371 4
7372 6
7373 6
7374 3
7375 3
7376 4
7377 7
7378 3
7379 2
7380 2
7381 7
7382 3
7383 3
7384 1
7385 3
7386 7
7387 1
7388 3
7389 2
7390 1
7391 6
7392 3
7393 5
7394 5
7395 3
7396 6
7397 6
7398 3
7399 7
7400 7
7401 6
7402 9
7403 4
7404 4
7405 2
7406 2
7407 10
7408 3
7409 4
7410 5
7411 6
7412 6
7413 7
7414 7
7415 9
7416 6
7417 8
7418 6
7419 4
7420 6
7421 3
7422 3
7423 4
7424 4
7425 5
7426 6
7427 3
7428 3
7429 4
7430 3
7431 7
7432 4
7433 10
7434 6
7435 7
7436 5
7437 3
7438 4
7439 5
7440 4
7441 3
7442 2
7443 4
7444 4
7445 1
7446 5
7447 6
7448 3
7449 2
7450 5
7451 3
7452 3
7453 3
7454 3
7455 5
7456 5
7457 3
7458 9
7459 5
7460 5
7461 9
7462 4
7463 5
7464 4
7465 4
7466 6
7467 3
7468 3
7469 5
7470 11
7471 6
7472 8
7473 7
7474 7
7475 8
7476 7
7477 6
7478 6
7479 5
7480 4
7481 4
7482 6
7483 4
7484 2
7485 5
7486 6
7487 6
7488 8
7489 2
7490 5
7491 5
7492 5
7493 2
7494 6
7495 4
7496 5
7497 2
7498 3
7499 3
7500 2
7501 3
7502 2
7503 1
7504 5
7505 2
7506 5
7507 6
7508 6
7509 10
7510 7
7511 3
7512 6
7513 1
7514 6
7515 5
7516 3
7517 9
7518 6
7519 3
7520 7
7521 7
7522 8
7523 6
7524 3
7525 6
7526 8
7527 7
7528 7
7529 3
7530 12
7531 8
7532 4
7533 8
7534 7
7535 5
7536 6
7537 4
7538 4
7539 4
7540 6
7541 4
7542 7
7543 4
7544 5
7545 2
7546 5
7547 7
7548 3
7549 6
7550 4
7551 3
7552 5
7553 6
7554 4
7555 6
7556 4
7557 4
7558 5
7559 4
7560 4
7561 2
7562 4
7563 2
7564 5
7565 8
7566 9
7567 5
7568 3
7569 10
7570 7
7571 8
7572 5
7573 4
7574 3
7575 10
7576 9
7577 3
7578 5
7579 7
7580 8
7581 4
7582 6
7583 8
7584 12
7585 8
7586 5
7587 7
7588 7
7589 8
7590 4
7591 8
7592 10
7593 8
7594 6
7595 5
7596 6
7597 4
7598 4
7599 2
7600 3
7601 5
7602 8
7603 8
7604 6
7605 6
7606 2
7607 1
7608 4
7609 4
7610 6
7611 5
7612 2
7614 7
7615 5
7616 3
7618 1
7619 6
7620 5
7621 7
7622 6
7623 7
7624 4
7625 6
7626 5
7627 12
7628 9
7629 2
7630 8
7631 6
7632 5
7633 3
7634 5
7635 7
7636 6
7637 7
7638 8
7639 8
7640 7
7641 9
7642 5
7643 6
7644 7
7645 4
7646 6
7647 8
7648 4
7649 7
7650 3
7651 6
7652 6
7653 2
7654 6
7655 2
7656 5
7657 3
7658 3
7659 5
7660 4
7661 5
7662 4
7663 6
7664 7
7665 3
7666 4
7667 6
7668 2
7669 3
7670 4
7671 3
7672 4
7673 3
7674 5
7675 8
7676 3
7677 5
7678 8
7679 6
7680 8
7681 6
7682 3
7683 7
7684 8
7685 7
7686 9
7687 4
7688 6
7689 7
7690 5
7691 6
7692 4
7693 4
7694 7
7695 8
7696 5
7697 8
7698 6
7699 5
7700 8
7701 4
7702 5
7703 7
7704 4
7705 4
7706 7
7707 8
7708 3
7709 7
7710 7
7711 7
7712 3
7713 5
7714 5
7715 4
7716 2
7717 4
7718 4
7719 3
7720 4
7721 1
7722 5
7723 6
7724 6
7725 7
7726 3
7727 2
7728 4
7729 7
7730 4
7731 4
7732 2
7733 5
7734 3
7735 5
7736 11
7737 3
7738 4
7739 5
7740 6
7741 9
7742 9
7743 8
7744 4
7745 9
7746 7
7747 6
7748 8
7749 8
7750 5
7751 5
7752 7
7753 7
7754 7
7755 6
7756 7
7757 7
7758 8
7759 7
7760 3
7761 9
7762 6
7763 8
7764 6
7765 5
7766 4
7767 3
7768 6
7769 6
7770 4
7771 4
7772 8
7773 5
7774 7
7775 1
7776 2
7777 7
7778 4
7779 8
7780 8
7781 4
7782 4
7783 5
7784 4
7785 8
7786 6
7787 6
7788 6
7789 2
7790 9
7791 6
7792 9
7793 6
7794 3
7795 7
7796 8
7797 6
7798 9
7799 6
7800 7
7801 5
7802 3
7803 10
7804 13
7805 8
7806 8
7807 8
7808 5
7809 7
7810 4
7811 8
7812 8
7813 3
7814 5
7815 7
7816 11
7817 9
7818 5
7819 7
7820 9
7821 5
7822 9
7823 4
7824 3
7825 6
7826 3
7827 2
7828 8
7829 6
7830 6
7831 5
7832 5
7833 9
7834 4
7835 5
7836 6
7837 2
7838 9
7839 4
7840 3
7841 5
7842 6
7843 5
7844 4
7845 6
7846 8
7847 7
7848 8
7849 5
7850 9
7851 3
7852 9
7853 6
7854 6
7855 6
7856 6
7857 8
7858 5
7859 8
7860 7
7861 8
7862 12
7863 7
7864 13
7865 7
7866 9
7867 8
7868 7
7869 3
7870 7
7871 6
7872 5
7873 4
7874 5
7875 5
7876 3
7877 4
7878 5
7879 9
7880 6
7881 4
7882 6
7883 5
7884 6
7885 3
7886 2
7887 4
7888 2
7889 4
7890 1
7891 4
7892 3
7893 1
7894 5
7895 4
7896 2
7897 5
7898 7
7899 4
7900 8
7901 6
7902 3
7903 8
7904 3
7905 8
7906 7
7907 5
7908 9
7909 9
7910 6
7911 9
7912 9
7913 7
7914 6
7915 4
7916 7
7917 8
7918 8
7919 8
7920 3
7921 5
7922 12
7923 7
7924 8
7925 9
7926 6
7927 5
7928 2
7929 4
7930 7
7931 1
7932 2
7933 4
7934 3
7935 6
7936 5
7937 6
7938 6
7939 4
7940 7
7941 6
7942 6
7943 7
7944 5
7945 4
7946 3
7947 4
7948 7
7949 5
7950 3
7951 6
7952 4
7953 6
7954 3
7955 3
7956 11
7957 7
7958 5
7959 6
7960 8
7961 7
7962 8
7963 6
7964 9
7965 5
7966 2
7967 9
7968 4
7969 9
7970 8
7971 4
7972 8
7973 11
7974 9
7975 9
7976 7
7977 7
7978 8
7979 6
7980 9
7981 6
7982 4
7983 4
7984 9
7985 6
7986 5
7987 7
7988 6
7989 7
7990 4
7991 6
7992 5
7993 7
7994 4
7995 4
7996 5
7997 4
7998 3
7999 7
8000 8
8001 4
8002 2
8003 3
8004 4
8005 7
8006 6
8007 4
8008 5
8009 5
8010 6
8011 3
8012 6
8013 9
8014 9
8015 10
8016 5
8017 8
8018 9
8019 11
8020 3
8021 7
8022 7
8023 10
8024 7
8025 6
8026 5
8027 6
8028 6
8029 9
8030 7
8031 8
8032 11
8033 9
8034 6
8035 10
8036 5
8037 6
8038 4
8039 9
8040 9
8041 7
8042 5
8043 8
8044 8
8045 5
8046 5
8047 4
8048 4
8049 8
8050 5
8051 6
8052 5
8053 9
8054 4
8055 6
8056 8
8057 3
8058 7
8059 2
8060 7
8061 7
8062 4
8063 5
8064 2
8065 5
8066 9
8067 8
8068 8
8069 9
8070 7
8071 8
8072 6
8073 5
8074 6
8075 10
8076 8
8077 8
8078 11
8079 6
8080 7
8081 6
8082 7
8083 5
8084 5
8085 7
8086 2
8087 7
8088 10
8089 9
8090 4
8091 7
8092 10
8093 9
8094 12
8095 10
8096 3
8097 3
8098 10
8099 7
8100 4
8101 6
8102 6
8103 5
8104 3
8105 7
8106 9
8107 6
8108 4
8109 5
8110 3
8111 10
8112 6
8113 3
8114 11
8115 6
8116 5
8117 5
8118 5
8119 4
8120 5
8121 1
8122 2
8123 4
8124 3
8125 8
8126 4
8127 5
8128 10
8129 6
8130 11
8131 7
8132 7
8133 12
8134 9
8135 5
8136 6
8137 11
8138 9
8139 7
8140 6
8141 4
8142 8
8143 9
8144 11
8145 9
8146 9
8147 3
8148 9
8149 12
8150 9
8151 3
8152 3
8153 10
8154 7
8155 5
8156 4
8157 5
8158 3
8159 2
8160 6
8161 5
8162 3
8163 2
8164 4
8165 3
8166 2
8167 3
8168 6
8169 4
8170 6
8171 5
8172 7
8173 5
8174 2
8175 6
8176 10
8177 6
8178 7
8179 4
8180 3
8181 5
8182 7
8183 10
8184 10
8185 6
8186 8
8187 9
8188 9
8189 10
8190 6
8191 5
8192 12
8193 5
8194 8
8195 7
8196 6
8197 8
8198 11
8199 8
8200 11
8201 9
8202 9
8203 9
8204 6
8205 7
8206 5
8207 7
8208 9
8209 6
8210 5
8211 9
8212 5
8213 4
8214 5
8215 6
8216 5
8217 2
8218 5
8219 3
8220 6
8221 6
8222 9
8223 4
8224 6
8225 5
8226 7
8227 6
8228 3
8229 6
8230 5
8231 5
8232 4
8233 9
8234 9
8235 6
8236 5
8237 9
8238 9
8239 5
8240 8
8241 3
8242 9
8243 11
8244 4
8245 11
8246 8
8247 10
8248 9
8249 5
8250 10
8251 10
8252 9
8253 6
8254 10
8255 4
8256 9
8257 5
8258 5
8259 13
8260 6
8261 6
8262 6
8263 9
8264 10
8265 6
8266 5
8267 5
8268 10
8269 9
8270 8
8271 5
8272 6
8273 2
8274 4
8275 5
8276 7
8277 6
8278 3
8279 1
8280 3
8281 10
8282 7
8283 7
8284 3
8285 6
8286 10
8287 3
8288 10
8289 3
8290 4
8291 8
8292 7
8293 6
8294 6
8295 8
8296 7
8297 14
8298 8
8299 10
8300 5
8301 7
8302 14
8303 9
8304 7
8305 9
8306 8
8307 11
8308 8
8309 7
8310 10
8311 4
8312 7
8313 12
8314 8
8315 9
8316 4
8317 3
8318 7
8319 6
8320 4
8321 10
8322 6
8323 3
8324 3
8325 5
8326 11
8327 6
8328 8
8329 6
8330 9
8331 10
8332 5
8333 4
8334 3
8335 2
8336 8
8337 6
8338 8
8339 6
8340 3
8341 7
8342 12
8343 5
8344 7
8345 9
8346 4
8347 9
8348 3
8349 4
8350 4
8351 7
8352 7
8353 12
8354 7
8355 7
8356 12
8357 7
8358 10
8359 6
8360 4
8361 11
8362 5
8363 6
8364 9
8365 12
8366 9
8367 6
8368 9
8369 14
8370 7
8371 8
8372 5
8373 9
8374 5
8375 7
8376 6
8377 6
8378 5
8379 3
8380 9
8381 8
8382 6
8383 6
8384 7
8385 6
8386 3
8387 7
8388 4
8389 7
8390 5
8391 9
8392 6
8393 3
8394 3
8395 6
8396 3
8397 4
8398 5
8399 3
8400 4
8401 6
8402 5
8403 12
8404 8
8405 7
8406 7
8407 9
8408 6
8409 6
8410 8
8411 6
8412 11
8413 5
8414 8
8415 9
8416 7
8417 8
8418 6
8419 11
8420 8
8421 11
8422 9
8423 10
8424 7
8425 6
8426 11
8427 9
8428 12
8429 6
8430 6
8431 8
8432 4
8433 5
8434 7
8435 8
8436 5
8437 3
8438 7
8439 7
8440 4
8441 6
8442 3
8443 3
8444 4
8445 6
8446 8
8447 4
8448 5
8449 4
8450 5
8451 8
8452 9
8453 9
8454 5
8455 2
8456 6
8457 10
8458 7
8459 6
8460 8
8461 9
8462 12
8463 5
8464 10
8465 11
8466 11
8467 11
8468 5
8469 5
8470 11
8471 11
8472 8
8473 8
8474 12
8475 8
8476 7
8477 5
8478 10
8479 11
8480 9
8481 7
8482 8
8483 12
8484 8
8485 6
8486 11
8487 9
8488 5
8489 7
8490 8
8491 6
8492 7
8493 3
8494 6
8495 6
8496 9
8497 8
8498 8
8499 8
8500 8
8501 3
8502 4
8503 7
8504 3
8505 8
8506 7
8507 5
8508 5
8509 5
8510 7
8511 6
8512 5
8513 4
8514 5
8515 10
8516 6
8517 5
8518 9
8519 7
8520 8
8521 8
8522 14
8523 9
8524 8
8525 9
8526 11
8527 7
8528 7
8529 8
8530 6
8531 8
8532 9
8533 11
8534 7
8535 8
8536 9
8537 11
8538 12
8539 5
8540 6
8541 7
8542 11
8543 2
8544 6
8545 7
8546 9
8547 5
8548 6
8549 6
8550 5
8551 5
8552 4
8553 5
8554 6
8555 4
8556 4
8557 5
8558 9
8559 12
8560 4
8561 5
8562 4
8563 4
8564 10
8565 6
8566 6
8567 10
8568 2
8569 5
8570 6
8571 7
8572 11
8573 5
8574 8
8575 9
8576 9
8577 11
8578 8
8579 8
8580 14
8581 11
8582 7
8583 12
8584 10
8585 6
8586 4
8587 7
8588 9
8589 7
8590 5
8591 10
8592 10
8593 8
8594 8
8595 7
8596 10
8597 6
8598 9
8599 7
8600 7
8601 6
8602 3
8603 5
8604 8
8605 5
8606 3
8607 6
8608 5
8609 4
8610 5
8611 7
8612 5
8613 2
8614 6
8615 11
8616 6
8617 6
8618 6
8619 6
8620 12
8621 4
8622 6
8623 9
8624 5
8625 9
8626 6
8627 6
8628 8
8629 7
8630 7
8631 11
8632 6
8633 7
8634 11
8635 8
8636 13
8637 10
8638 8
8639 12
8640 8
8641 9
8642 11
8643 9
8644 5
8645 5
8646 7
8647 11
8648 6
8649 3
8650 7
8651 12
8652 9
8653 11
8654 9
8655 7
8656 8
8657 7
8658 7
8659 8
8660 6
8661 5
8662 5
8663 7
8664 5
8665 4
8666 5
8667 7
8668 4
8669 7
8670 2
8671 4
8672 7
8673 9
8674 5
8675 7
8676 5
8677 7
8678 3
8679 6
8680 8
8681 7
8682 7
8683 4
8684 7
8685 11
8686 8
8687 13
8688 10
8689 5
8690 10
8691 10
8692 8
8693 10
8694 6
8695 13
8696 7
8697 8
8698 11
8699 12
8700 6
8701 13
8702 10
8703 7
8704 7
8705 4
8706 9
8707 11
8708 7
8709 8
8710 6
8711 12
8712 9
8713 7
8714 7
8715 8
8716 7
8717 11
8718 4
8719 4
8720 7
8721 5
8722 4
8723 7
8724 5
8725 8
8726 4
8727 7
8728 9
8729 8
8730 12
8731 10
8732 4
8733 10
8734 10
8735 8
8736 12
8737 3
8738 6
8739 3
8740 8
8741 10
8742 5
8743 9
8744 8
8745 11
8746 9
8747 13
8748 11
8749 13
8750 10
8751 8
8752 12
8753 9
8754 8
8755 4
8756 15
8757 13
8758 5
8759 10
8760 12
8761 13
8762 9
8763 9
8764 5
8765 11
8766 6
8767 9
8768 9
8769 9
8770 6
8771 1
8772 7
8773 11
8774 7
8775 9
8776 4
8777 7
8778 7
8779 6
8780 6
8781 4
8782 1
8783 6
8784 7
8785 7
8786 11
8787 3
8788 4
8789 4
8790 7
8791 8
8792 13
8793 8
8794 4
8795 12
8796 7
8797 6
8798 3
8799 6
8800 8
8801 10
8802 10
8803 8
8804 15
8805 9
8806 12
8807 10
8808 13
8809 10
8810 5
8811 13
8812 9
8813 10
8814 8
8815 9
8816 8
8817 8
8818 8
8819 10
8820 8
8821 8
8822 9
8823 6
8824 5
8825 7
8826 5
8827 5
8828 8
8829 4
8830 7
8831 6
8832 3
8833 5
8834 2
8835 7
8836 5
8837 6
8838 6
8839 4
8840 9
8841 6
8842 8
8843 6
8844 7
8845 8
8846 7
8847 7
8848 5
8849 4
8850 9
8851 11
8852 8
8853 8
8854 9
8855 10
8856 11
8857 7
8858 6
8859 11
8860 7
8861 11
8862 10
8863 4
8864 9
8865 12
8866 10
8867 12
8868 8
8869 10
8870 12
8871 7
8872 7
8873 4
8874 9
8875 9
8876 6
8877 6
8878 5
8879 6
8880 6
8881 7
8882 6
8883 6
8884 5
8885 6
8886 7
8887 9
8888 10
8889 8
8890 7
8891 7
8892 7
8893 6
8894 4
8895 6
8896 5
8897 2
8898 7
8899 5
8900 11
8901 8
8902 2
8903 8
8904 9
8905 8
8906 10
8907 6
8908 5
8909 11
8910 11
8911 7
8912 12
8913 9
8914 15
8915 8
8916 7
8917 13
8918 9
8919 7
8920 9
8921 10
8922 9
8923 8
8924 10
8925 8
8926 11
8927 9
8928 10
8929 10
8930 12
8931 7
8932 6
8933 9
8934 7
8935 6
8936 8
8937 10
8938 8
8939 10
8940 3
8941 3
8942 9
8943 5
8944 13
8945 6
8946 5
8947 2
8948 7
8949 8
8950 9
8951 5
8952 3
8953 8
8954 4
8955 11
8956 7
8957 10
8958 8
8959 5
8960 10
8961 13
8962 12
8963 8
8964 10
8965 9
8966 10
8967 6
8968 9
8969 12
8970 8
8971 12
8972 12
8973 13
8974 8
8975 10
8976 12
8977 10
8978 4
8979 8
8980 11
8981 8
8982 7
8983 9
8984 11
8985 12
8986 8
8987 10
8988 11
8989 9
8990 8
8991 3
8992 7
8993 11
8994 6
8995 7
8996 7
8997 8
8998 12
8999 4
9000 9
9001 8
9002 5
9003 10
9004 7
9005 7
9006 9
9007 5
9008 4
9009 14
9010 8
9011 11
9012 10
9013 7
9014 10
9015 5
9016 4
9017 7
9018 6
9019 13
9020 8
9021 5
9022 8
9023 11
9024 10
9025 10
9026 9
9027 12
9028 10
9029 14
9030 9
9031 12
9032 8
9033 8
9034 9
9035 10
9036 6
9037 7
9038 12
9039 9
9040 8
9041 10
9042 8
9043 12
9044 11
9045 12
9046 6
9047 8
9048 11
9049 7
9050 6
9051 6
9052 3
9053 3
9054 6
9055 5
9056 7
9057 3
9058 6
9059 8
9060 4
9061 2
9062 2
9063 7
9064 8
9065 8
9066 4
9067 4
9068 8
9069 9
9070 10
9071 5
9072 5
9073 11
9074 7
9075 9
9076 7
9077 8
9078 8
9079 9
9080 8
9081 11
9082 15
9083 10
9084 9
9085 7
9086 11
9087 12
9088 8
9089 13
9090 13
9091 6
9092 8
9093 13
9094 10
9095 9
9096 6
9097 9
9098 10
9099 7
9100 10
9101 6
9102 7
9103 11
9104 6
9105 6
9106 12
9107 4
9108 7
9109 1
9110 5
9111 5
9112 2
9113 5
9114 6
9115 5
9116 8
9117 8
9118 7
9119 9
9120 7
9121 8
9122 7
9123 4
9124 9
9125 8
9126 8
9127 6
9128 8
9129 11
9130 6
9131 6
9132 12
9133 10
9134 11
9135 7
9136 4
9137 11
9138 16
9139 9
9140 11
9141 11
9142 11
9143 13
9144 8
9145 13
9146 6
9147 5
9148 10
9149 9
9150 9
9151 9
9152 9
9153 6
9154 14
9155 7
9156 11
9157 7
9158 8
9159 10
9160 5
9161 8
9162 6
9163 7
9164 11
9165 11
9166 7
9167 7
9168 6
9169 7
9170 8
9171 4
9172 7
9173 5
9174 6
9175 5
9176 5
9177 9
9178 7
9179 7
9180 12
9181 8
9182 9
9183 8
9184 8
9185 4
9186 10
9187 11
9188 8
9189 8
9190 11
9191 9
9192 9
9193 11
9194 11
9195 14
9196 18
9197 10
9198 11
9199 12
9200 14
9201 7
9202 8
9203 12
9204 12
9205 9
9206 8
9207 7
9208 11
9209 7
9210 10
9211 8
9212 7
9213 8
9214 8
9215 6
9216 9
9217 8
9218 5
9219 6
9220 8
9221 7
9222 7
9223 5
9224 5
9225 10
9226 10
9227 7
9228 5
9229 1
9230 5
9231 9
9232 11
9233 11
9234 12
9235 9
9236 8
9237 11
9238 9
9239 12
9240 11
9241 7
9242 12
9243 9
9244 7
9245 6
9246 11
9247 11
9248 8
9249 10
9250 12
9251 11
9252 14
9253 13
9254 9
9255 6
9256 13
9257 10
9258 14
9259 17
9260 7
9261 9
9262 7
9263 9
9264 10
9265 7
9266 10
9267 3
9268 7
9269 9
9270 12
9271 11
9272 10
9273 7
9274 9
9275 12
9276 12
9277 5
9278 5
9279 12
9280 5
9281 3
9282 8
9283 6
9284 7
9285 5
9286 8
9287 11
9288 5
9289 5
9290 10
9291 4
9292 10
9293 7
9294 7
9295 13
9296 9
9297 8
9298 11
9299 5
9300 9
9301 11
9302 7
9303 8
9304 10
9305 7
9306 10
9307 9
9308 11
9309 14
9310 10
9311 10
9312 7
9313 10
9314 14
9315 10
9316 8
9317 8
9318 15
9319 10
9320 9
9321 11
9322 9
9323 7
9324 11
9325 11
9326 9
9327 8
9328 3
9329 7
9330 8
9331 5
9332 3
9333 7
9334 9
9335 6
9336 6
9337 5
9338 5
9339 4
9340 4
9341 8
9342 5
9343 6
9344 4
9345 3
9346 7
9347 7
9348 11
9349 8
9350 3
9351 12
9352 9
9353 11
9354 7
9355 8
9356 11
9357 14
9358 5
9359 12
9360 10
9361 11
9362 9
9363 13
9364 12
9365 12
9366 11
9367 11
9368 12
9369 12
9370 11
9371 7
9372 8
9373 11
9374 7
9375 10
9376 11
9377 7
9378 8
9379 7
9380 9
9381 9
9382 5
9383 7
9384 6
9385 6
9386 8
9387 7
9388 4
9389 9
9390 6
9391 8
9392 12
9393 5
9394 8
9395 8
9396 6
9397 9
9398 7
9399 5
9400 7
9401 6
9402 10
9403 12
9404 10
9405 8
9406 4
9407 8
9408 10
9409 8
9410 11
9411 9
9412 7
9413 8
9414 11
9415 13
9416 12
9417 9
9418 11
9419 11
9420 7
9421 13
9422 8
9423 14
9424 11
9425 5
9426 12
9427 10
9428 14
9429 11
9430 8
9431 10
9432 12
9433 13
9434 9
9435 9
9436 6
9437 8
9438 3
9439 8
9440 11
9441 10
9442 7
9443 8
9444 6
9445 10
9446 7
9447 6
9448 9
9449 5
9450 8
9451 6
9452 4
9453 11
9454 8
9455 6
9456 1
9457 7
9458 9
9459 12
9460 9
9461 5
9462 17
9463 7
9464 12
9465 7
9466 12
9467 14
9468 7
9469 14
9470 7
9471 14
9472 12
9473 12
9474 10
9475 11
9476 12
9477 12
9478 19
9479 11
9480 10
9481 5
9482 10
9483 13
9484 9
9485 7
9486 10
9487 12
9488 9
9489 10
9490 7
9491 10
9492 6
9493 9
9494 10
9495 11
9496 9
9497 6
9498 6
9499 4
9500 2
9501 3
9502 8
9503 9
9504 3
9505 4
9506 8
9507 9
9508 5
9509 8
9510 11
9511 7
9512 10
9513 7
9514 8
9515 9
9516 6
9517 10
9518 10
9519 8
9520 11
9521 14
9522 9
9523 14
9524 9
9525 9
9526 11
9527 5
9528 13
9529 12
9530 10
9531 10
9532 13
9533 10
9534 18
9535 11
9536 12
9537 12
9538 7
9539 8
9540 7
9541 5
9542 11
9543 4
9544 5
9545 11
9546 10
9547 11
9548 10
9549 12
9550 10
9551 5
9552 11
9553 7
9554 9
9555 5
9556 9
9557 9
9558 5
9559 5
9560 6
9561 6
9562 7
9563 5
9564 6
9565 6
9566 3
9567 7
9568 14
9569 7
9570 4
9571 8
9572 11
9573 6
9574 8
9575 7
9576 9
9577 9
9578 5
9579 11
9580 8
9581 9
9582 12
9583 8
9584 13
9585 10
9586 11
9587 11
9588 13
9589 5
9590 10
9591 12
9592 12
9593 12
9594 7
9595 7
9596 13
9597 11
9598 10
9599 9
9600 8
9601 7
9602 11
9603 12
9604 9
9605 5
9606 6
9607 7
9608 9
9609 7
9610 6
9611 9
9612 8
9613 6
9614 3
9615 6
9616 10
9617 7
9618 6
9619 8
9620 6
9621 5
9622 10
9623 4
9624 9
9625 10
9626 11
9627 12
9628 6
9629 14
9630 10
9631 16
9632 7
9633 9
9634 8
9635 7
9636 9
9637 10
9638 12
9639 11
9640 9
9641 12
9642 13
9643 15
9644 13
9645 10
9646 11
9647 14
9648 13
9649 5
9650 5
9651 13
9652 12
9653 7
9654 9
9655 14
9656 12
9657 9
9658 8
9659 9
9660 10
9661 13
9662 7
9663 9
9664 11
9665 9
9666 5
9667 9
9668 9
9669 2
9670 10
9671 4
9672 12
9673 9
9674 5
9675 8
9676 8
9677 8
9678 10
9679 9
9680 9
9681 11
9682 4
9683 7
9684 7
9685 8
9686 11
9687 14
9688 8
9689 11
9690 14
9691 10
9692 10
9693 9
9694 4
9695 7
9696 13
9697 13
9698 9
9699 12
9700 13
9701 12
9702 12
9703 16
9704 11
9705 12
9706 13
9707 11
9708 6
9709 10
9710 11
9711 8
9712 6
9713 12
9714 11
9715 7
9716 8
9717 10
9718 12
9719 11
9720 4
9721 7
9722 7
9723 13
9724 8
9725 7
9726 10
9727 2
9728 4
9729 7
9730 5
9731 7
9732 6
9733 1
9734 3
9735 10
9736 10
9737 12
9738 4
9739 9
9740 13
9741 9
9742 12
9743 4
9744 8
9745 15
9746 11
9747 8
9748 14
9749 11
9750 10
9751 13
9752 10
9753 9
9754 7
9755 12
9756 16
9757 15
9758 11
9759 8
9760 12
9761 19
9762 11
9763 8
9764 10
9765 13
9766 6
9767 7
9768 7
9769 9
9770 6
9771 3
9772 9
9773 6
9774 6
9775 9
9776 6
9777 6
9778 4
9779 6
9780 12
9781 9
9782 10
9783 7
9784 9
9785 11
9786 7
9787 8
9788 7
9789 3
9790 7
9791 6
9792 7
9793 7
9794 5
9795 10
9796 15
9797 6
9798 12
9799 13
9800 8
9801 15
9802 8
9803 8
9804 12
9805 7
9806 11
9807 12
9808 8
9809 11
9810 13
9811 11
9812 15
9813 11
9814 8
9815 12
9816 9
9817 14
9818 9
9819 11
9820 9
9821 8
9822 7
9823 13
9824 10
9825 7
9826 7
9827 9
9828 10
9829 5
9830 7
9831 7
9832 9
9833 6
9834 11
9835 6
9836 3
9837 7
9838 5
9839 9
9840 6
9841 5
9842 5
9843 6
9844 7
9845 10
9846 7
9847 5
9848 4
9849 9
9850 9
9851 7
9852 12
9853 10
9854 11
9855 11
9856 11
9857 13
9858 9
9859 8
9860 11
9861 9
9862 11
9863 9
9864 11
9865 9
9866 16
9867 11
9868 12
9869 12
9870 9
9871 12
9872 11
9873 8
9874 11
9875 11
9876 12
9877 6
9878 10
9879 11
9880 13
9881 8
9882 14
9883 8
9884 7
9885 6
9886 6
9887 7
9888 10
9889 7
9890 8
9891 5
9892 9
9893 14
9894 8
9895 9
9896 4
9897 6
9898 12
9899 7
9900 10
9901 11
9902 3
9903 6
9904 8
9905 10
9906 14
9907 9
9908 10
9909 12
9910 10
9911 12
9912 12
9913 8
9914 17
9915 12
9916 10
9917 15
9918 10
9919 11
9920 9
9921 11
9922 11
9923 5
9924 12
9925 15
9926 16
9927 12
9928 10
9929 8
9930 12
9931 8
9932 9
9933 14
9934 10
9935 4
9936 6
9937 14
9938 12
9939 7
9940 11
9941 9
9942 11
9943 10
9944 8
9945 8
9946 6
9947 2
9948 8
9949 10
9950 11
9951 8
9952 4
9953 10
9954 13
9955 4
9956 7
9957 7
9958 6
9959 13
9960 6
9961 5
9962 7
9963 8
9964 11
9965 8
9966 10
9967 10
9968 12
9969 11
9970 10
9971 13
9972 9
9973 14
9974 8
9975 11
9976 15
9977 12
9978 12
9979 8
9980 12
9981 14
9982 12
9983 11
9984 9
9985 15
9986 9
9987 14
9988 13
9989 9
9990 6
9991 5
9992 14
9993 9
9994 9
9995 8
9996 9
9997 4
9998 7
9999 8
10000 8
10001 7
10002 4
10003 7
10004 5
10005 5
10006 7
10007 7
10008 3
10009 6
10010 7
10011 9
10012 7
10013 5
10014 7
10015 10
10016 8
10017 9
10018 9
10019 11
10020 8
10021 13
10022 10
10023 7
10024 9
10025 8
10026 11
10027 10
10028 8
10029 10
10030 9
10031 14
10032 12
10033 14
10034 11
10035 13
10036 11
10037 13
10038 13
10039 8
10040 11
10041 7
10042 10
10043 10
10044 6
10045 8
10046 11
10047 12
10048 8
10049 8
10050 10
10051 12
10052 6
10053 8
10054 8
10055 6
10056 6
10057 7
10058 6
10059 7
10060 6
10061 8
10062 7
10063 10
10064 8
10065 9
10066 4
10067 5
10068 8
10069 11
10070 10
10071 5
10072 8
10073 7
10074 12
10075 8
10076 9
10077 13
10078 10
10079 13
10080 6
10081 13
10082 12
10083 9
10084 11
10085 13
10086 10
10087 11
10088 10
10089 8
10090 17
10091 17
10092 9
10093 13
10094 14
10095 17
10096 9
10097 8
10098 12
10099 10
10100 6
10101 11
10102 10
10103 8
10104 7
10105 7
10106 9
10107 11
10108 9
10109 11
10110 6
10111 8
10112 5
10113 6
10114 9
10115 7
10116 2
10117 8
10118 6
10119 5
10120 14
10121 7
10122 6
10123 5
10124 5
10125 10
10126 10
10127 12
10128 5
10129 10
10130 11
10131 12
10132 6
10133 9
10134 10
10135 11
10136 15
10137 12
10138 15
10139 11
10140 12
10141 13
10142 15
10143 10
10144 9
10145 15
10146 8
10147 14
10148 9
10149 11
10150 14
10151 8
10152 14
10153 14
10154 13
10155 7
10156 12
10157 10
10158 6
10159 4
10160 10
10161 10
10162 6
10163 7
10164 10
10165 12
10166 10
10167 10
10168 8
10169 11
10170 13
10171 11
10172 3
10173 4
10174 13
10175 8
10176 10
10177 6
10178 7
10179 12
10180 3
10181 11
10182 8
10183 10
10184 14
10185 10
10186 9
10187 11
10188 9
10189 10
10190 17
10191 9
10192 12
10193 10
10194 7
10195 15
10196 10
10197 5
10198 9
10199 12
10200 12
10201 11
10202 9
10203 14
10204 14
10205 10
10206 13
10207 9
10208 14
10209 11
10210 11
10211 7
10212 10
10213 9
10214 8
10215 12
10216 10
10217 5
10218 4
10219 15
10220 10
10221 7
10222 10
10223 9
10224 8
10225 7
10226 7
10227 6
10228 6
10229 10
10230 8
10231 5
10232 9
10233 4
10234 10
10235 7
10236 5
10237 7
10238 7
10239 7
10240 11
10241 6
10242 5
10243 7
10244 10
10245 10
10246 17
10247 9
10248 12
10249 11
10250 12
10251 15
10252 7
10253 6
10254 15
10255 12
10256 8
10257 8
10258 16
10259 14
10260 12
10261 9
10262 12
10263 16
10264 13
10265 12
10266 7
10267 12
10268 10
10269 8
10270 11
10271 11
10272 5
10273 6
10274 8
10275 9
10276 6
10277 4
10278 8
10279 7
10280 5
10281 7
10282 6
10283 5
10284 12
10285 7
10286 4
10287 9
10288 3
10289 9
10290 6
10291 10
10292 8
10293 6
10294 7
10295 9
10296 11
10297 11
10298 11
10299 12
10300 11
10301 6
10302 6
10303 13
10304 9
10305 12
10306 13
10307 11
10308 10
10309 13
10310 14
10311 8
10312 7
10313 15
10314 11
10315 11
10316 10
10317 6
10318 10
10319 18
10320 10
10321 14
10322 12
10323 10
10324 13
10325 8
10326 11
10327 7
10328 7
10329 12
10330 7
10331 7
10332 10
10333 7
10334 7
10335 9
10336 8
10337 9
10338 5
10339 9
10340 8
10341 5
10342 7
10343 10
10344 8
10345 13
10346 9
10347 7
10348 9
10349 5
10350 5
10351 6
10352 6
10353 9
10354 10
10355 11
10356 7
10357 12
10358 13
10359 10
10360 14
10361 16
10362 9
10363 11
10364 16
10365 10
10366 10
10367 8
10368 16
10369 12
10370 8
10371 11
10372 12
10373 13
10374 12
10375 14
10376 11
10377 15
10378 9
10379 9
10380 10
10381 9
10382 8
10383 7
10384 12
10385 9
10386 5
10387 8
10388 7
10389 9
10390 10
10391 10
10392 9
10393 8
10394 1
10395 3
10396 4
10397 9
10398 15
10399 6
10400 4
10401 4
10402 9
10403 12
10404 10
10405 7
10406 9
10407 11
10408 6
10409 11
10410 6
10411 10
10412 10
10413 11
10414 13
10415 13
10416 19
10417 12
10418 14
10419 13
10420 13
10421 12
10422 7
10423 17
10424 13
10425 8
10426 11
10427 15
10428 10
10429 12
10430 13
10431 14
10432 7
10433 11
10434 13
10435 11
10436 6
10437 11
10438 7
10439 10
10440 14
10441 5
10442 11
10443 7
10444 7
10445 7
10446 5
10447 10
10448 5
10449 7
10450 6
10451 10
10452 15
10453 9
10454 9
10455 4
10456 7
10457 10
10458 7
10459 11
10460 9
10461 4
10462 7
10463 13
10464 8
10465 9
10466 10
10467 9
10468 12
10469 7
10470 7
10471 11
10472 11
10473 13
10474 9
10475 10
10476 12
10477 14
10478 11
10479 13
10480 8
10481 12
10482 15
10483 11
10484 8
10485 12
10486 12
10487 9
10488 7
10489 13
10490 13
10491 10
10492 10
10493 7
10494 9
10495 9
10496 7
10497 8
10498 13
10499 10
10500 5
10501 8
10502 9
10503 9
10504 5
10505 5
10506 6
10507 6
10508 9
10509 3
10510 3
10511 8
10512 8
10513 7
10514 8
10515 6
10516 9
10517 7
10518 7
10519 7
10520 8
10521 10
10522 13
10523 9
10524 16
10525 9
10526 11
10527 13
10528 11
10529 13
10530 10
10531 5
10532 12
10533 13
10534 13
10535 8
10536 11
10537 15
10538 12
10539 8
10540 14
10541 12
10542 13
10543 10
10544 10
10545 10
10546 8
10547 10
10548 9
10549 8
10550 10
10551 10
10552 6
10553 7
10554 11
10555 7
10556 14
10557 8
10558 4
10559 9
10560 9
10561 7
10562 8
10563 3
10564 3
10565 6
10566 5
10567 12
10568 11
10569 8
10570 11
10571 6
10572 11
10573 14
10574 11
10575 9
10576 10
10577 6
10578 10
10579 9
10580 9
10581 11
10582 10
10583 13
10584 13
10585 15
10586 13
10587 12
10588 14
10589 7
10590 7
10591 12
10592 14
10593 11
10594 9
10595 15
10596 13
10597 13
10598 11
10599 12
10600 14
10601 9
10602 10
10603 6
10604 14
10605 9
10606 9
10607 9
10608 11
10609 9
10610 12
10611 7
10612 10
10613 12
10614 10
10615 6
10616 7
10617 8
10618 11
10619 8
10620 7
10621 10
10622 8
10623 8
10624 13
10625 5
10626 9
10627 7
10628 4
10629 12
10630 7
10631 11
10632 9
10633 4
10634 13
10635 10
10636 12
10637 7
10638 9
10639 10
10640 16
10641 13
10642 9
10643 20
10644 10
10645 11
10646 11
10647 16
10648 12
10649 9
10650 15
10651 10
10652 16
10653 13
10654 13
10655 9
10656 14
10657 8
10658 13
10659 12
10660 13
10661 9
10662 7
10663 7
10664 5
10665 5
10666 6
10667 7
10668 9
10669 6
10670 7
10671 6
10672 5
10673 5
10674 5
10675 10
10676 10
10677 8
10678 7
10679 10
10680 10
10681 7
10682 5
10683 6
10684 6
10685 11
10686 9
10687 9
10688 10
10689 7
10690 11
10691 13
10692 9
10693 13
10694 14
10695 11
10696 10
10697 13
10698 12
10699 12
10700 8
10701 15
10702 14
10703 7
10704 13
10705 12
10706 13
10707 12
10708 10
10709 12
10710 12
10711 9
10712 12
10713 12
10714 11
10715 11
10716 8
10717 8
10718 9
10719 5
10720 6
10721 6
10722 6
10723 7
10724 6
10725 8
10726 9
10727 7
10728 8
10729 11
10730 8
10731 5
10732 6
10733 7
10734 7
10735 3
10736 6
10737 10
10738 9
10739 6
10740 8
10741 8
10742 7
10743 8
10744 10
10745 9
10746 7
10747 8
10748 10
10749 16
10750 14
10751 8
10752 12
10753 12
10754 7
10755 14
10756 7
10757 13
10758 8
10759 8
10760 11
10761 11
10762 11
10763 14
10764 12
10765 7
10766 10
10767 11
10768 14
10769 12
10770 5
10771 9
10772 7
10773 13
10774 9
10775 8
10776 10
10777 10
10778 10
10779 8
10780 7
10781 8
10782 6
10783 7
10784 10
10785 6
10786 4
10787 8
10788 6
10789 9
10790 4
10791 5
10792 10
10793 8
10794 10
10795 6
10796 12
10797 7
10798 11
10799 7
10800 10
10801 11
10802 9
10803 13
10804 7
10805 17
10806 11
10807 13
10808 15
10809 11
10810 14
10811 13
10812 17
10813 8
10814 10
10815 10
10816 10
10817 10
10818 9
10819 12
10820 13
10821 12
10822 15
10823 12
10824 12
10825 10
10826 8
10827 8
10828 10
10829 12
10830 5
10831 7
10832 12
10833 6
10834 4
10835 7
10836 8
10837 16
10838 8
10839 6
10840 8
10841 7
10842 10
10843 10
10844 9
10845 11
10846 10
10847 6
10848 13
10849 10
10850 7
10851 9
10852 9
10853 8
10854 12
10855 10
10856 7
10857 12
10858 11
10859 8
10860 6
10861 10
10862 15
10863 11
10864 13
10865 9
10866 14
10867 10
10868 15
10869 11
10870 17
10871 15
10872 7
10873 11
10874 12
10875 7
10876 10
10877 12
10878 13
10879 8
10880 9
10881 12
10882 14
10883 15
10884 12
10885 5
10886 9
10887 14
10888 9
10889 6
10890 7
10891 10
10892 3
10893 6
10894 8
10895 7
10896 7
10897 5
10898 6
10899 8
10900 7
10901 5
10902 13
10903 5
10904 8
10905 9
10906 9
10907 12
10908 5
10909 7
10910 8
10911 7
10912 10
10913 12
10914 8
10915 7
10916 16
10917 11
10918 10
10919 7
10920 12
10921 14
10922 13
10923 9
10924 6
10925 13
10926 18
10927 10
10928 11
10929 14
10930 13
10931 9
10932 17
10933 11
10934 7
10935 6
10936 12
10937 14
10938 11
10939 10
10940 6
10941 9
10942 14
10943 8
10944 6
10945 10
10946 8
10947 7
10948 6
10949 7
10950 8
10951 6
10952 4
10953 6
10954 3
10955 4
10956 8
10957 5
10958 9
10959 4
10960 6
10961 13
10962 5
10963 14
10964 9
10965 11
10966 7
10967 9
10968 11
10969 8
10970 3
10971 11
10972 10
10973 10
10974 10
10975 12
10976 15
10977 16
10978 9
10979 11
10980 13
10981 9
10982 17
10983 8
10984 9
10985 9
10986 10
10987 9
10988 14
10989 10
10990 12
10991 11
10992 8
10993 11
10994 8
10995 9
10996 6
10997 6
10998 9
10999 8
11000 7
11001 7
11002 8
11003 7
11004 13
11005 5
11006 9
11007 7
11008 7
11009 8
11010 6
11011 6
11012 7
11013 6
11014 5
11015 9
11016 8
11017 4
11018 6
11019 8
11020 9
11021 10
11022 8
11023 6
11024 6
11025 9
11026 12
11027 9
11028 6
11029 8
11030 13
11031 15
11032 12
11033 13
11034 14
11035 16
11036 13
11037 12
11038 13
11039 8
11040 11
11041 9
11042 10
11043 10
11044 9
11045 14
11046 7
11047 15
11048 9
11049 8
11050 9
11051 12
11052 9
11053 9
11054 4
11055 8
11056 8
11057 9
11058 9
11059 7
11060 11
11061 5
11062 6
11063 8
11064 6
11065 13
11066 8
11067 4
11068 1
11069 8
11070 12
11071 14
11072 7
11073 9
11074 14
11075 7
11076 13
11077 6
11078 10
11079 18
11080 10
11081 14
11082 13
11083 11
11084 10
11085 15
11086 10
11087 12
11088 8
11089 10
11090 17
11091 14
11092 11
11093 10
11094 9
11095 14
11096 11
11097 14
11098 15
11099 11
11100 9
11101 13
11102 10
11103 9
11104 6
11105 11
11106 9
11107 11
11108 9
11109 9
11110 10
11111 6
11112 4
11113 7
11114 14
11115 12
11116 4
11117 7
11118 14
11119 11
11120 5
11121 8
11122 6
11123 7
11124 10
11125 7
11126 10
11127 9
11128 5
11129 10
11130 10
11131 10
11132 10
11133 12
11134 10
11135 14
11136 7
11137 7
11138 8
11139 7
11140 17
11141 13
11142 7
11143 12
11144 16
11145 14
11146 14
11147 13
11148 9
11149 12
11150 11
11151 9
11152 14
11153 10
11154 9
11155 7
11156 9
11157 15
11158 11
11159 13
11160 9
11161 11
11162 10
11163 10
11164 11
11165 8
11166 7
11167 4
11168 9
11169 11
11170 6
11171 5
11172 5
11173 8
11174 6
11175 6
11176 5
11177 6
11178 3
11179 9
11180 10
11181 5
11182 3
11183 6
11184 7
11185 7
11186 10
11187 7
11188 7
11189 8
11190 11
11191 12
11192 9
11193 5
11194 10
11195 10
11196 12
11197 6
11198 11
11199 11
11200 14
11201 9
11202 15
11203 15
11204 10
11205 10
11206 7
11207 11
11208 12
11209 10
11210 12
11211 12
11212 10
11213 8
11214 14
11215 13
11216 10
11217 8
11218 8
11219 11
11220 7
11221 6
11222 5
11223 5
11224 9
11225 5
11226 6
11227 8
11228 11
11229 7
11230 5
11231 9
11232 6
11233 3
11234 11
11235 8
11236 6
11237 6
11238 7
11239 10
11240 9
11241 9
11242 9
11243 11
11244 8
11245 5
11246 10
11247 5
11248 7
11249 9
11250 12
11251 9
11252 10
11253 12
11254 8
11255 15
11256 14
11257 7
11258 12
11259 14
11260 13
11261 7
11262 7
11263 12
11264 10
11265 9
11266 11
11267 11
11268 11
11269 8
11270 9
11271 14
11272 13
11273 11
11274 6
11275 9
11276 9
11277 5
11278 8
11279 10
11280 7
11281 2
11282 11
11283 5
11284 10
11285 9
11286 6
11287 9
11288 8
11289 5
11290 5
11291 5
11292 7
11293 9
11294 5
11295 4
11296 8
11297 6
11298 12
11299 7
11300 6
11301 15
11302 9
11303 8
11304 10
11305 11
11306 9
11307 13
11308 15
11309 12
11310 14
11311 12
11312 14
11313 9
11314 13
11315 13
11316 11
11317 14
11318 11
11319 11
11320 9
11321 16
11322 11
11323 9
11324 8
11325 10
11326 15
11327 5
11328 13
11329 10
11330 9
11331 10
11332 7
11333 11
11334 11
11335 10
11336 6
11337 7
11338 5
11339 2
11340 5
11341 8
11342 5
11343 5
11344 7
11345 6
11346 10
11347 11
11348 13
11349 11
11350 6
11351 10
11352 12
11353 7
11354 10
11355 12
11356 7
11357 10
11358 7
11359 7
11360 16
11361 6
11362 9
11363 12
11364 11
11365 12
11366 10
11367 12
11368 15
11369 12
11370 11
11371 17
11372 11
11373 15
11374 8
11375 8
11376 13
11377 10
11378 6
11379 9
11380 14
11381 10
11382 7
11383 6
11384 13
11385 11
11386 9
11387 12
11388 7
11389 8
11390 7
11391 8
11392 8
11393 10
11394 7
11395 6
11396 12
11397 10
11398 5
11399 5
11400 6
11401 5
11402 5
11403 7
11404 8
11405 6
11406 5
11407 8
11408 10
11409 4
11410 10
11411 13
11412 6
11413 12
11414 6
11415 12
11416 10
11417 7
11418 9
11419 12
11420 7
11421 11
11422 12
11423 10
11424 12
11425 15
11426 8
11427 13
11428 11
11429 15
11430 9
11431 10
11432 13
11433 6
11434 6
11435 14
11436 11
11437 8
11438 8
11439 12
11440 12
11441 8
11442 10
11443 8
11444 5
11445 7
11446 7
11447 6
11448 7
11449 8
11450 5
11451 8
11452 7
11453 2
11454 7
11455 7
11456 6
11457 5
11458 3
11459 5
11460 6
11461 8
11462 6
11463 6
11464 10
11465 14
11466 7
11467 6
11468 9
11469 9
11470 12
11471 10
11472 10
11473 10
11474 9
11475 8
11476 12
11477 11
11478 13
11479 10
11480 13
11481 13
11482 7
11483 8
11484 14
11485 9
11486 14
11487 13
11488 7
11489 8
11490 14
11491 12
11492 7
11493 4
11494 13
11495 8
11496 8
11497 8
11498 6
11499 8
11500 11
11501 10
11502 10
11503 7
11504 8
11505 10
11506 5
11507 8
11508 7
11509 7
11510 9
11511 6
11512 8
11513 11
11514 3
11515 7
11516 6
11517 11
11518 11
11519 8
11520 8
11521 7
11522 7
11523 7
11524 13
11525 10
11526 11
11527 7
11528 6
11529 14
11530 6
11531 8
11532 9
11533 9
11534 9
11535 12
11536 13
11537 10
11538 15
11539 13
11540 10
11541 12
11542 15
11543 8
11544 10
11545 13
11546 7
11547 7
11548 8
11549 14
11550 8
11551 6
11552 9
11553 12
11554 10
11555 10
11556 12
11557 9
11558 9
11559 3
11560 6
11561 7
11562 7
11563 9
11564 6
11565 7
11566 5
11567 2
11568 8
11569 5
11570 6
11571 10
11572 5
11573 5
11574 14
11575 7
11576 6
11577 2
11578 9
11579 13
11580 13
11581 10
11582 4
11583 14
11584 13
11585 14
11586 7
11587 9
11588 13
11589 10
11590 14
11591 9
11592 14
11593 12
11594 13
11595 12
11596 14
11597 15
11598 11
11599 15
11600 11
11601 11
11602 9
11603 6
11604 16
11605 8
11606 9
11607 10
11608 10
11609 7
11610 9
11611 8
11612 7
11613 3
11614 5
11615 6
11616 7
11617 6
11618 9
11619 8
11620 5
11621 7
11622 5
11623 10
11624 10
11625 6
11626 3
11627 5
11628 8
11629 8
11630 7
11631 7
11632 8
11633 12
11634 7
11635 9
11636 4
11637 10
11638 12
11639 8
11640 11
11641 10
11642 10
11643 11
11644 13
11645 11
11646 11
11647 11
11648 10
11649 13
11650 14
11651 6
11652 8
11653 10
11654 12
11655 11
11656 10
11657 8
11658 12
11659 9
11660 8
11661 8
11662 9
11663 15
11664 7
11665 4
11666 11
11667 8
11668 8
11669 5
11670 7
11671 8
11672 4
11673 12
11674 7
11675 4
11676 5
11677 5
11678 7
11679 11
11680 5
11681 4
11682 6
11683 5
11684 8
11685 4
11686 4
11687 6
11688 9
11689 13
11690 7
11691 6
11692 11
11693 11
11694 11
11695 9
11696 6
11697 9
11698 11
11699 8
11700 12
11701 8
11702 13
11703 14
11704 10
11705 15
11706 11
11707 11
11708 13
11709 12
11710 9
11711 8
11712 7
11713 10
11714 11
11715 9
11716 5
11717 11
11718 13
11719 10
11720 7
11721 10
11722 6
11723 6
11724 7
11725 7
11726 7
11727 6
11728 4
11729 4
11730 3
11731 4
11732 14
11733 7
11734 3
11735 7
11736 4
11737 13
11738 10
11739 7
11740 9
11741 7
11742 5
11743 12
11744 4
11745 9
11746 7
11747 9
11748 13
11749 10
11750 14
11751 11
11752 12
11753 13
11754 12
11755 8
11756 6
11757 14
11758 9
11759 11
11760 10
11761 11
11762 10
11763 9
11764 15
11765 15
11766 11
11767 10
11768 11
11769 13
11770 2
11771 5
11772 10
11773 11
11774 7
11775 8
11776 13
11777 10
11778 10
11779 10
11780 7
11781 10
11782 10
11783 6
11784 3
11785 6
11786 12
11787 9
11788 9
11789 5
11790 4
11791 11
11792 3
11793 11
11794 8
11795 5
11796 5
11797 10
11798 9
11799 10
11800 8
11801 8
11802 12
11803 6
11804 7
11805 12
11806 6
11807 11
11808 9
11809 6
11810 13
11811 12
11812 12
11813 8
11814 10
11815 13
11816 10
11817 12
11818 11
11819 9
11820 11
11821 11
11822 6
11823 11
11824 14
11825 9
11826 8
11827 12
11828 11
11829 6
11830 7
11831 14
11832 10
11833 9
11834 9
11835 8
11836 5
11837 10
11838 6
11839 6
11840 5
11841 6
11842 8
11843 6
11844 6
11845 6
11846 8
11847 4
11848 3
11849 5
11850 7
11851 6
11852 7
11853 6
11854 3
11855 4
11856 13
11857 9
11858 15
11859 8
11860 11
11861 10
11862 9
11863 10
11864 4
11865 2
11866 13
11867 9
11868 8
11869 10
11870 13
11871 17
11872 13
11873 10
11874 12
11875 13
11876 11
11877 12
11878 9
11879 10
11880 7
11881 8
11882 9
11883 6
11884 5
11885 9
11886 8
11887 9
11888 8
11889 8
11890 10
11891 5
11892 5
11893 8
11894 8
11895 6
11896 7
11897 5
11898 4
11899 7
11900 2
11901 7
11902 8
11903 7
11904 5
11905 6
11906 8
11907 8
11908 9
11909 5
11910 7
11911 6
11912 5
11913 8
11914 8
11915 9
11916 8
11917 9
11918 10
11919 9
11920 9
11921 8
11922 9
11923 6
11924 10
11925 10
11926 11
11927 11
11928 10
11929 12
11930 13
11931 16
11932 9
11933 13
11934 11
11935 7
11936 11
11937 5
11938 11
11939 4
11940 9
11941 8
11942 7
11943 8
11944 11
11945 9
11946 8
11947 7
11948 9
11949 7
11950 4
11951 6
11952 7
11953 6
11954 5
11955 7
11956 6
11957 7
11958 6
11959 6
11960 7
11961 6
11962 5
11963 6
11964 3
11965 9
11966 10
11967 6
11968 9
11969 7
11970 14
11971 4
11972 7
11973 9
11974 13
11975 11
11976 12
11977 12
11978 10
11979 10
11980 11
11981 12
11982 10
11983 9
11984 11
11985 8
11986 15
11987 14
11988 11
11989 12
11990 9
11991 7
11992 12
11993 9
11994 9
11995 10
11996 10
11997 7
11998 3
11999 6
12000 9
12001 7
12002 10
12003 11
12004 7
12005 8
12006 3
12007 5
12008 6
12009 9
12010 11
12011 4
12012 4
12013 13
12014 7
12015 6
12016 3
12017 5
12018 10
12019 7
12020 5
12021 9
12022 11
12023 8
12024 10
12025 6
12026 11
12027 10
12028 13
12029 13
12030 9
12031 10
12032 7
12033 9
12034 5
12035 16
12036 12
12037 5
12038 13
12039 14
12040 10
12041 9
12042 13
12043 13
12044 7
12045 11
12046 8
12047 14
12048 9
12049 7
12050 7
12051 9
12052 11
12053 3
12054 11
12055 8
12056 6
12057 6
12058 11
12059 9
12060 5
12061 6
12062 5
12063 9
12064 12
12065 5
12066 5
12067 5
12068 9
12069 5
12070 4
12071 8
12072 7
12073 4
12074 7
12075 6
12076 5
12077 7
12078 8
12079 8
12080 8
12081 7
12082 6
12083 13
12084 11
12085 10
12086 7
12087 10
12088 7
12089 10
12090 9
12091 8
12092 6
12093 11
12094 13
12095 10
12096 6
12097 19
12098 12
12099 5
12100 7
12101 12
12102 16
12103 12
12104 7
12105 5
12106 11
12107 13
12108 9
12109 8
12110 12
12111 4
12112 4
12113 10
12114 9
12115 6
12116 3
12117 4
12118 5
12119 5
12120 8
12121 4
12122 3
12123 10
12124 5
12125 4
12126 9
12127 3
12128 7
12129 7
12130 7
12131 6
12132 9
12133 6
12134 8
12135 6
12136 8
12137 7
12138 8
12139 13
12140 5
12141 8
12142 11
12143 4
12144 9
12145 10
12146 9
12147 9
12148 10
12149 10
12150 7
12151 8
12152 11
12153 10
12154 10
12155 11
12156 10
12157 9
12158 12
12159 8
12160 8
12161 7
12162 8
12163 13
12164 4
12165 7
12166 8
12167 7
12168 11
12169 7
12170 5
12171 11
12172 6
12173 5
12174 6
12175 5
12176 5
12177 6
12178 4
12179 6
12180 6
12181 3
12182 8
12183 6
12184 8
12185 5
12186 6
12187 5
12188 7
12189 3
12190 5
12191 9
12192 6
12193 7
12194 6
12195 8
12196 11
12197 13
12198 8
12199 9
12200 12
12201 8
12202 11
12203 13
12204 8
12205 9
12206 7
12207 13
12208 10
12209 7
12210 8
12211 10
12212 14
12213 10
12214 7
12215 10
12216 14
12217 9
12218 9
12219 6
12220 5
12221 9
12222 8
12223 9
12224 6
12225 7
12226 7
12227 6
12228 7
12229 7
12230 8
12231 6
12232 6
12233 2
12234 4
12235 4
12236 10
12237 5
12238 8
12239 7
12240 4
12241 12
12242 3
12243 8
12244 7
12245 5
12246 12
12247 9
12248 9
12249 4
12250 11
12251 10
12252 13
12253 8
12254 7
12255 15
12256 8
12257 11
12258 9
12259 13
12260 14
12261 8
12262 15
12263 13
12264 11
12265 9
12266 17
12267 5
12268 11
12269 5
12270 11
12271 10
12272 9
12273 10
12274 8
12275 8
12276 8
12277 6
12278 10
12279 9
12280 6
12281 8
12282 7
12283 7
12284 6
12285 6
12286 7
12287 5
12288 6
12289 4
12290 8
12291 15
12292 9
12293 1
12294 2
12295 9
12296 9
12297 9
12298 6
12299 10
12300 8
12301 3
12302 10
12303 7
12304 5
12305 11
12306 10
12307 7
12308 9
12309 11
12310 12
12311 11
12312 7
12313 7
12314 9
12315 6
12316 14
12317 9
12318 8
12319 5
12320 11
12321 12
12322 11
12323 7
12324 13
12325 11
12326 9
12327 9
12328 11
12329 7
12330 5
12331 6
12332 5
12333 10
12334 7
12335 6
12336 8
12337 10
12338 8
12339 2
12340 6
12341 6
12342 6
12343 3
12344 5
12345 5
12346 6
12347 4
12348 1
12349 3
12350 8
12351 5
12352 4
12353 6
12354 6
12355 9
12356 8
12357 5
12358 2
12359 8
12360 11
12361 11
12362 6
12363 5
12364 9
12365 11
12366 9
12367 11
12368 8
12369 10
12370 8
12371 11
12372 11
12373 7
12374 6
12375 11
12376 13
12377 5
12378 5
12379 11
12380 10
12381 11
12382 7
12383 9
12384 10
12385 9
12386 7
12387 3
12388 4
12389 8
12390 6
12391 7
12392 8
12393 7
12394 6
12395 8
12396 10
12397 4
12398 4
12399 8
12400 5
12401 5
12402 2
12403 2
12404 6
12405 8
12406 5
12407 6
12408 8
12409 6
12410 7
12411 4
12412 9
12413 8
12414 3
12415 12
12416 6
12417 12
12418 6
12419 7
12420 10
12421 9
12422 7
12423 6
12424 12
12425 6
12426 5
12427 9
12428 6
12429 6
12430 11
12431 12
12432 9
12433 11
12434 12
12435 9
12436 13
12437 10
12438 5
12439 6
12440 8
12441 7
12442 4
12443 5
12444 8
12445 4
12446 4
12447 9
12448 7
12449 12
12450 4
12451 6
12452 10
12453 9
12454 7
12455 4
12456 4
12457 7
12458 6
12459 4
12460 9
12461 5
12462 3
12463 9
12464 3
12465 8
12466 9
12467 5
12468 6
12469 10
12470 6
12471 3
12472 4
12473 8
12474 13
12475 10
12476 6
12477 5
12478 13
12479 11
12480 8
12481 8
12482 11
12483 8
12484 6
12485 11
12486 15
12487 7
12488 10
12489 14
12490 11
12491 13
12492 8
12493 11
12494 8
12495 10
12496 8
12497 8
12498 7
12499 11
12500 4
12501 6
12502 8
12503 4
12504 4
12505 8
12506 5
12507 7
12508 3
12509 5
12510 5
12511 5
12512 7
12513 7
12514 11
12515 6
12516 3
12517 6
12518 6
12519 8
12520 5
12521 2
12522 3
12523 5
12524 8
12525 10
12526 7
12527 6
12528 10
12529 9
12530 10
12531 5
12532 8
12533 12
12534 10
12535 8
12536 13
12537 10
12538 10
12539 6
12540 9
12541 14
12542 6
12543 6
12544 14
12545 13
12546 6
12547 7
12548 9
12549 10
12550 9
12551 12
12552 10
12553 7
12554 10
12555 6
12556 6
12557 6
12558 7
12559 5
12560 3
12561 11
12562 8
12563 5
12564 3
12565 5
12566 4
12567 4
12568 10
12569 5
12570 3
12571 2
12572 5
12573 11
12574 5
12575 6
12576 3
12577 9
12578 6
12579 5
12580 6
12581 3
12582 4
12583 7
12584 8
12585 7
12586 7
12587 9
12588 9
12589 12
12590 8
12591 7
12592 9
12593 6
12594 13
12595 5
12596 8
12597 9
12598 7
12599 8
12600 10
12601 9
12602 11
12603 11
12604 8
12605 8
12606 11
12607 9
12608 3
12609 4
12610 8
12611 3
12612 9
12613 8
12614 4
12615 5
12616 10
12617 6
12618 6
12619 5
12620 5
12621 4
12622 3
12623 7
12624 4
12625 2
12626 2
12627 3
12628 5
12629 3
12630 7
12631 3
12632 7
12633 7
12634 4
12635 9
12636 5
12637 6
12638 8
12639 4
12640 6
12641 9
12642 11
12643 12
12644 11
12645 10
12646 12
12647 8
12648 9
12649 10
12650 8
12651 9
12652 7
12653 5
12654 9
12655 10
12656 7
12657 10
12658 7
12659 12
12660 7
12661 10
12662 11
12663 8
12664 6
12665 7
12666 4
12667 8
12668 8
12669 3
12670 6
12671 8
12672 6
12673 3
12674 3
12675 6
12676 5
12677 8
12678 6
12679 2
12680 5
12681 7
12682 12
12683 8
12684 4
12685 6
12686 8
12687 2
12688 9
12689 7
12690 4
12691 9
12692 5
12693 7
12694 11
12695 3
12696 7
12697 11
12698 7
12699 7
12700 9
12701 7
12702 9
12703 9
12704 6
12705 12
12706 8
12707 9
12708 4
12709 10
12710 13
12711 4
12712 6
12713 10
12714 8
12715 7
12716 7
12717 8
12718 8
12719 7
12720 9
12721 9
12722 8
12723 8
12724 4
12725 9
12726 10
12727 7
12728 3
12729 5
12730 10
12731 5
12732 4
12733 6
12734 4
12735 5
12736 6
12737 4
12738 8
12739 8
12740 4
12741 8
12742 5
12743 5
12744 8
12745 10
12746 5
12747 5
12748 5
12749 5
12750 7
12751 5
12752 10
12753 8
12754 4
12755 14
12756 10
12757 8
12758 7
12759 11
12760 6
12761 12
12762 10
12763 6
12764 14
12765 9
12766 11
12767 7
12768 7
12769 12
12770 8
12771 12
12772 7
12773 7
12774 8
12775 11
12776 8
12777 7
12778 3
12779 5
12780 8
12781 7
12782 8
12783 6
12784 3
12785 8
12786 3
12787 6
12788 5
12789 5
12790 4
12791 4
12792 3
12793 3
12794 2
12795 4
12796 4
12797 5
12798 6
12799 6
12800 8
12801 4
12802 9
12803 7
12804 8
12805 6
12806 6
12807 6
12808 6
12809 6
12810 9
12811 8
12812 8
12813 7
12814 13
12815 11
12816 5
12817 4
12818 9
12819 11
12820 8
12821 9
12822 8
12823 10
12824 8
12825 10
12826 10
12827 8
12828 8
12829 9
12830 8
12831 10
12832 3
12833 4
12834 4
12835 5
12836 7
12837 4
12838 6
12839 6
12840 5
12841 6
12842 4
12843 7
12844 8
12845 2
12846 5
12847 7
12848 4
12849 4
12850 4
12851 5
12852 4
12853 2
12854 8
12855 6
12856 2
12857 2
12858 7
12859 7
12860 6
12861 4
12862 3
12863 5
12864 6
12865 11
12866 3
12867 5
12868 7
12869 11
12870 11
12871 8
12872 5
12873 11
12874 8
12875 9
12876 9
12877 5
12878 7
12879 9
12880 6
12881 6
12882 9
12883 10
12884 9
12885 7
12886 5
12887 7
12888 4
12889 6
12890 10
12891 5
12892 6
12893 3
12894 7
12895 4
12896 5
12897 6
12898 6
12899 7
12900 4
12901 2
12902 4
12903 3
12904 5
12905 6
12906 3
12907 1
12908 9
12909 4
12910 6
12911 1
12912 4
12913 11
12914 5
12915 4
12916 5
12917 9
12918 11
12919 12
12920 7
12921 7
12922 7
12923 7
12924 13
12925 5
12926 10
12927 5
12928 8
12929 10
12930 9
12931 11
12932 8
12933 12
12934 9
12935 7
12936 7
12937 5
12938 13
12939 5
12940 12
12941 8
12942 5
12943 7
12944 6
12945 8
12946 8
12947 4
12948 2
12949 5
12950 5
12951 3
12952 5
12953 8
12954 4
12955 3
12956 7
12957 6
12958 10
12959 5
12960 5
12961 4
12962 6
12963 9
12964 6
12965 3
12966 7
12967 10
12968 4
12969 8
12970 2
12971 5
12972 11
12973 3
12974 8
12975 9
12976 6
12977 5
12978 10
12979 12
12980 10
12981 4
12982 6
12983 13
12984 8
12985 8
12986 5
12987 4
12988 10
12989 8
12990 6
12991 8
12992 12
12993 7
12994 4
12995 9
12996 10
12997 10
12998 8
12999 6
13000 5
13001 6
13002 6
13003 5
13004 6
13005 6
13006 2
13007 5
13008 10
13009 5
13010 4
13011 4
13012 6
13013 5
13014 4
13015 4
13016 4
13017 3
13018 7
13019 4
13020 2
13021 3
13022 4
13023 11
13024 7
13025 5
13026 5
13027 9
13028 7
13029 4
13030 4
13031 7
13032 4
13033 7
13034 10
13035 5
13036 6
13037 13
13038 7
13039 11
13040 8
13041 8
13042 9
13043 7
13044 9
13045 2
13046 4
13047 9
13048 5
13049 7
13050 8
13051 9
13052 12
13053 10
13054 7
13055 6
13056 4
13057 6
13058 8
13059 3
13060 6
13061 4
13062 5
13063 6
13064 3
13065 1
13066 7
13067 5
13068 3
13069 3
13070 3
13071 6
13072 5
13073 5
13074 3
13075 2
13076 2
13077 7
13078 4
13079 6
13080 2
13081 4
13082 8
13083 7
13084 5
13085 6
13086 5
13087 4
13088 7
13089 7
13090 5
13091 7
13092 11
13093 6
13094 6
13095 10
13096 11
13097 8
13098 11
13099 7
13100 6
13101 6
13102 8
13103 7
13104 4
13105 5
13106 6
13107 7
13108 8
13109 7
13110 8
13111 7
13112 9
13113 6
13114 6
13115 4
13116 4
13117 6
13118 4
13119 4
13120 6
13121 7
13122 5
13123 2
13124 5
13125 8
13126 2
13127 7
13128 3
13129 3
13130 2
13131 4
13132 6
13133 6
13134 4
13135 3
13136 6
13137 5
13138 3
13139 6
13140 2
13141 7
13142 4
13143 7
13144 7
13145 5
13146 9
13147 11
13148 9
13149 6
13150 6
13151 11
13152 8
13153 7
13154 9
13155 8
13156 5
13157 11
13158 7
13159 7
13160 8
13161 9
13162 6
13163 7
13164 7
13165 9
13166 5
13167 7
13168 12
13169 6
13170 6
13171 4
13172 4
13173 6
13174 5
13175 4
13176 5
13177 3
13178 3
13179 3
13180 5
13181 4
13182 3
13183 4
13184 4
13185 4
13186 11
13187 7
13188 1
13189 3
13190 6
13191 10
13192 8
13193 6
13194 9
13195 7
13196 5
13197 6
13198 3
13199 4
13200 9
13201 8
13202 8
13203 9
13204 10
13205 11
13206 9
13207 9
13208 9
13209 9
13210 8
13211 9
13212 8
13213 5
13214 4
13215 5
13216 9
13217 5
13218 5
13219 12
13220 8
13221 8
13222 7
13223 10
13224 6
13225 1
13226 6
13227 3
13228 7
13229 6
13230 3
13231 6
13232 5
13233 6
13235 6
13236 7
13237 3
13238 1
13239 5
13240 5
13241 5
13242 5
13243 2
13244 4
13245 7
13246 2
13247 7
13248 7
13249 7
13250 8
13251 5
13252 8
13253 5
13254 8
13255 6
13256 6
13257 5
13258 9
13259 7
13260 8
13261 10
13262 10
13263 6
13264 10
13265 11
13266 9
13267 9
13268 9
13269 3
13270 7
13271 7
13272 5
13273 5
13274 6
13275 8
13276 3
13277 3
13278 12
13279 9
13280 4
13281 4
13282 5
13283 6
13284 5
13285 7
13286 4
13287 4
13288 5
13289 6
13290 5
13291 8
13293 2
13294 4
13295 3
13296 4
13297 2
13299 4
13300 7
13301 6
13302 3
13303 3
13304 12
13305 3
13306 4
13307 5
13308 3
13309 4
13310 10
13311 3
13312 10
13313 7
13314 5
13315 7
13316 7
13317 8
13318 5
13319 6
13320 10
13321 6
13322 6
13323 9
13324 4
13325 8
13326 8
13327 6
13328 8
13329 9
13330 8
13331 6
13332 5
13333 8
13334 4
13335 4
13336 6
13337 3
13338 3
13339 5
13340 4
13341 4
13342 3
13343 3
13344 7
13345 2
13346 1
13347 8
13348 3
13349 9
13350 2
13351 3
13352 9
13353 3
13354 1
13355 6
13356 5
13357 5
13358 5
13359 2
13360 7
13361 4
13362 5
13363 7
13364 6
13365 6
13366 2
13367 5
13368 4
13369 8
13370 6
13371 5
13372 8
13373 9
13374 5
13375 3
13376 8
13377 11
13378 9
13379 5
13380 6
13381 11
13382 5
13383 6
13384 9
13385 5
13386 7
13387 5
13388 9
13389 5
13390 4
13391 3
13392 7
13393 5
13394 6
13395 3
13396 3
13397 5
13398 4
13399 5
13400 5
13401 3
13402 5
13403 7
13404 1
13405 5
13406 4
13407 2
13408 3
13409 5
13410 5
13411 4
13412 5
13413 6
13414 4
13415 3
13416 3
13417 9
13418 6
13419 7
13420 6
13421 4
13422 10
13423 5
13424 9
13425 5
13426 5
13427 8
13428 9
13429 9
13430 5
13431 11
13432 6
13433 7
13434 4
13435 9
13436 11
13437 6
13438 6
13439 6
13440 10
13441 7
13442 6
13443 10
13444 6
13445 4
13446 7
13447 8
13448 3
13449 9
13450 3
13451 5
13452 2
13453 1
13454 7
13455 4
13456 7
13457 8
13458 2
13459 3
13460 3
13461 3
13462 7
13463 5
13464 3
13465 2
13466 3
13467 6
13468 7
13469 4
13470 5
13471 4
13472 10
13473 7
13474 2
13475 3
13476 6
13477 3
13478 6
13479 3
13480 5
13481 9
13482 5
13483 10
13484 7
13485 7
13486 8
13487 8
13488 4
13489 11
13490 7
13491 6
13492 8
13493 5
13494 5
13495 1
13496 5
13497 11
13498 5
13499 5
13500 3
13501 9
13502 10
13503 2
13504 1
13505 6
13506 4
13507 5
13508 3
13509 4
13510 3
13511 4
13512 5
13513 3
13514 4
13515 2
13516 1
13517 5
13518 9
13519 2
13520 2
13521 1
13522 3
13523 2
13524 2
13525 5
13526 5
13527 5
13528 6
13529 3
13530 3
13531 9
13532 5
13533 5
13534 6
13535 5
13536 10
13537 8
13538 7
13539 7
13540 6
13541 10
13542 7
13543 7
13544 5
13545 6
13546 9
13547 7
13548 5
13549 6
13550 7
13551 4
13552 6
13553 5
13554 4
13555 3
13556 10
13557 10
13558 4
13559 4
13560 6
13561 5
13562 4
13563 5
13564 4
13565 3
13566 2
13567 3
13569 1
13570 3
13571 2
13572 5
13573 4
13574 4
13575 5
13576 2
13577 7
13578 5
13579 2
13580 8
13581 3
13582 7
13583 2
13584 2
13585 5
13586 10
13587 5
13588 3
13589 8
13590 4
13591 7
13592 8
13593 7
13594 6
13595 5
13596 9
13597 6
13598 8
13599 6
13600 7
13601 7
13602 6
13603 2
13604 6
13605 7
13606 4
13607 5
13608 6
13609 2
13610 2
13611 7
13612 8
13613 4
13614 5
13615 8
13616 5
13617 7
13618 4
13619 4
13620 5
13621 5
13622 5
13623 1
13624 2
13625 11
13626 4
13627 2
13628 3
13629 2
13630 9
13631 4
13632 2
13633 6
13634 7
13635 1
13636 6
13637 2
13638 6
13639 6
13640 7
13641 6
13642 3
13643 6
13644 4
13645 4
13646 4
13647 7
13648 4
13649 3
13650 10
13651 9
13652 4
13653 4
13654 10
13655 9
13656 8
13657 7
13658 2
13659 10
13660 6
13661 3
13662 8
13663 3
13664 5
13665 2
13666 8
13667 9
13668 2
13669 5
13670 11
13671 6
13672 5
13673 3
13674 3
13675 4
13676 6
13677 3
13678 4
13679 3
13680 7
13681 1
13682 2
13683 2
13684 2
13685 4
13686 3
13688 3
13689 4
13690 5
13691 6
13692 4
13693 5
13694 4
13695 11
13696 3
13697 4
13698 5
13699 7
13700 5
13701 6
13702 4
13703 2
13704 4
13705 9
13706 7
13707 5
13708 3
13709 11
13710 10
13711 4
13712 5
13713 6
13714 9
13715 8
13716 6
13717 8
13718 8
13719 6
13720 6
13721 4
13722 5
13723 3
13724 4
13725 6
13726 8
13727 5
13728 4
13729 3
13730 3
13731 3
13732 7
13733 4
13734 1
13735 4
13736 3
13737 1
13738 5
13739 4
13740 2
13741 2
13742 6
13743 3
13744 5
13745 3
13746 4
13747 1
13749 6
13750 5
13751 5
13752 1
13753 4
13754 9
13755 3
13756 3
13757 2
13758 4
13759 6
13760 5
13761 4
13762 4
13763 5
13764 9
13765 7
13766 6
13767 7
13768 7
13769 6
13770 11
13771 7
13772 3
13773 2
13774 4
13775 9
13776 1
13777 5
13778 3
13779 2
13780 6
13781 5
13782 6
13783 7
13784 3
13785 4
13786 3
13787 6
13788 7
13789 2
13790 2
13791 3
13792 1
13793 2
13794 5
13795 2
13796 2
13797 3
13798 2
13799 3
13800 5
13801 2
13802 1
13803 3
13804 3
13805 4
13806 3
13807 4
13808 7
13809 9
13810 2
13811 4
13812 5
13813 8
13814 7
13815 7
13816 5
13817 3
13818 3
13819 9
13820 6
13821 5
13822 7
13823 9
13824 10
13825 8
13826 7
13827 8
13828 6
13829 7
13830 5
13831 4
13832 2
13833 6
13834 2
13835 7
13836 6
13837 1
13838 4
13839 5
13840 4
13841 4
13842 5
13843 3
13844 2
13845 1
13846 3
13847 3
13848 6
13849 4
13850 2
13851 4
13852 3
13853 6
13854 1
13855 1
13856 3
13857 3
13858 6
13859 6
13860 3
13861 5
13862 6
13863 6
13864 6
13865 3
13866 3
13867 8
13868 3
13869 6
13870 8
13871 4
13872 6
13873 2
13874 9
13875 11
13876 1
13877 3
13878 12
13879 4
13880 5
13881 5
13882 5
13883 4
13884 4
13885 6
13886 8
13887 5
13888 5
13889 3
13890 9
13891 6
13892 2
13893 4
13894 3
13895 5
13896 5
13897 3
13898 3
13899 2
13900 1
13901 3
13902 5
13903 8
13904 2
13905 1
13906 5
13907 8
13908 5
13909 4
13910 1
13911 6
13912 3
13913 2
13914 3
13915 1
13916 2
13917 5
13918 5
13919 7
13920 6
13921 5
13922 8
13923 7
13924 4
13925 3
13926 7
13927 1
13928 7
13929 6
13930 3
13931 4
13932 7
13933 6
13934 6
13935 4
13936 10
13937 6
13938 3
13939 6
13940 9
13941 5
13942 3
13943 3
13944 5
13945 7
13946 5
13947 7
13948 5
13949 5
13950 4
13951 2
13952 5
13953 3
13954 1
13955 1
13956 3
13957 2
13958 4
13959 2
13961 1
13962 3
13963 4
13964 3
13965 2
13966 3
13967 6
13968 5
13969 3
13970 1
13971 4
13972 5
13973 2
13974 4
13975 2
13976 3
13977 8
13978 6
13979 5
13980 7
13981 4
13982 2
13983 7
13984 5
13985 4
13986 3
13987 4
13988 7
13989 3
13990 7
13991 8
13992 5
13993 6
13994 6
13995 9
13996 8
13997 2
13998 1
13999 3
14000 3
14001 5
14002 4
14003 1
14004 4
14005 5
14006 6
14007 5
14008 4
14009 3
14010 4
14011 4
14012 3
14013 2
14014 1
14015 3
14016 6
14017 2
14019 4
14020 3
14021 1
14022 4
14023 3
14024 2
14025 3
14027 5
14028 3
14029 4
14030 3
14031 3
14032 4
14033 1
14034 4
14035 3
14036 5
14037 2
14038 2
14039 6
14040 5
14041 4
14042 5
14043 4
14044 5
14045 5
14046 6
14047 5
14048 5
14049 5
14050 6
14051 4
14052 4
14054 5
14055 6
14056 4
14057 5
14058 3
14059 6
14060 4
14061 6
14062 1
14063 5
14064 6
14065 4
14066 4
14067 2
14068 2
14069 3
14070 2
14071 2
14072 2
14073 3
14074 2
14075 4
14076 1
14077 5
14078 4
14079 3
14080 3
14081 2
14082 4
14083 2
14084 4
14085 3
14086 7
14087 4
14088 2
14089 8
14090 6
14091 6
14092 2
14093 4
14094 4
14095 5
14096 6
14097 6
14098 11
14099 6
14100 8
14101 9
14102 5
14103 8
14104 5
14105 9
14106 3
14107 3
14108 2
14109 6
14110 4
14111 5
14112 3
14113 4
14114 6
14115 4
14116 5
14117 6
14118 2
14119 5
14120 1
14121 6
14122 3
14123 2
14124 4
14125 3
14126 3
14127 3
14128 1
14129 1
14130 4
14131 5
14132 2
14133 1
14134 5
14135 1
14136 6
14137 4
14138 4
14139 5
14140 3
14141 2
14142 5
14143 5
14144 6
14145 8
14146 3
14147 4
14148 9
14149 6
14150 5
14151 2
14152 4
14153 8
14154 2
14155 4
14156 8
14157 8
14158 1
14159 7
14160 8
14161 5
14162 3
14163 7
14164 7
14165 4
14166 4
14167 1
14168 2
14169 3
14170 4
14171 2
14172 2
14173 6
14174 4
14175 4
14176 3
14177 4
14178 4
14179 4
14180 4
14181 2
14182 1
14183 2
14184 4
14185 4
14186 1
14188 2
14189 6
14190 1
14192 4
14193 3
14194 4
14195 4
14196 3
14197 2
14198 5
14199 9
14200 1
14201 2
14202 4
14203 4
14204 8
14205 4
14206 1
14207 4
14208 6
14209 6
14210 3
14211 4
14212 4
14213 4
14214 6
14215 7
14216 5
14217 4
14218 10
14219 4
14220 2
14221 4
14222 4
14223 5
14224 6
14225 4
14226 1
14227 3
14228 6
14229 2
14230 3
14231 4
14232 1
14233 3
14234 3
14235 4
14236 2
14237 1
14238 1
14239 1
14240 1
14241 1
14242 3
14243 1
14244 6
14245 1
14246 2
14247 7
14248 2
14249 2
14250 5
14251 2
14252 4
14253 5
14254 4
14255 4
14256 3
14257 3
14258 5
14259 2
14260 5
14261 1
14262 3
14263 6
14264 3
14265 2
14266 5
14267 5
14268 3
14269 7
14270 3
14271 4
14272 6
14273 9
14274 6
14275 4
14276 4
14277 6
14278 2
14279 5
14280 3
14281 1
14282 2
14283 5
14284 2
14285 2
14286 2
14287 3
14288 1
14289 3
14290 4
14291 1
14292 5
14293 2
14294 3
14295 1
14296 2
14297 3
14298 5
14300 3
14301 4
14302 2
14303 2
14305 2
14306 3
14308 5
14309 5
14310 1
14311 2
14312 7
14313 7
14314 5
14315 2
14316 1
14317 8
14318 3
14319 4
14320 2
14321 1
14322 6
14323 3
14324 5
14325 5
14326 4
14327 5
14328 7
14329 6
14330 6
14331 3
14332 5
14333 6
14334 3
14335 5
14336 3
14337 3
14338 6
14339 3
14341 3
14342 3
14343 2
14344 6
14345 3
14346 4
14347 2
14348 1
14349 3
14350 4
14351 4
14352 5
14353 3
14354 2
14355 1
14356 2
14357 6
14358 3
14359 2
14360 1
14361 2
14362 5
14363 1
14364 3
14365 4
14366 2
14367 8
14368 6
14369 2
14370 3
14371 7
14372 5
14373 7
14374 5
14375 3
14376 7
14377 3
14378 6
14379 3
14380 3
14381 5
14382 5
14383 7
14384 7
14385 4
14386 6
14387 8
14388 4
14389 4
14390 2
14391 4
14392 5
14393 4
14394 4
14395 2
14396 2
14397 5
14398 1
14399 1
14400 6
14401 3
14402 2
14403 1
14404 3
14405 3
14406 2
14407 4
14409 1
14410 1
14411 1
14412 8
14413 5
14414 1
14416 4
14417 5
14418 2
14419 2
14420 2
14421 3
14422 4
14423 5
14424 2
14425 2
14426 9
14427 3
14428 3
14429 7
14430 7
14431 7
14432 5
14433 5
14434 3
14435 4
14436 4
14437 4
14438 5
14439 4
14440 3
14441 4
14442 7
14443 6
14444 3
14445 5
14446 4
14447 2
14448 4
14449 4
14450 1
14451 4
14452 4
14453 2
14454 4
14455 4
14456 4
14457 1
14458 2
14459 3
14460 1
14461 1
14462 2
14465 1
14466 3
14467 3
14468 1
14469 2
14470 2
14471 4
14472 3
14473 1
14475 4
14476 1
14477 8
14478 2
14480 4
14481 9
14482 6
14483 2
14484 2
14485 8
14486 4
14487 4
14488 4
14489 2
14490 4
14491 6
14492 2
14493 5
14494 6
14495 4
14496 4
14497 5
14498 4
14499 2
14500 2
14501 3
14502 4
14503 2
14504 4
14505 1
14506 5
14507 2
14508 1
14509 3
14510 4
14511 2
14512 3
14513 1
14514 3
14515 1
14516 3
14517 4
14520 5
14521 3
14522 2
14523 1
14525 6
14526 1
14527 1
14528 4
14529 3
14530 3
14531 3
14532 1
14533 4
14534 2
14535 3
14536 7
14537 3
14538 6
14539 2
14540 1
14541 5
14542 4
14543 4
14544 4
14545 4
14546 6
14547 1
14548 2
14549 4
14550 5
14551 5
14552 6
14553 4
14554 4
14555 3
14556 1
14557 4
14558 3
14559 2
14560 1
14561 2
14562 5
14563 2
14564 3
14565 5
14566 2
14567 3
14568 3
14569 1
14570 4
14571 1
14572 1
14573 2
14574 3
14575 5
14576 1
14577 1
14578 3
14579 3
14580 1
14581 5
14582 2
14583 3
14584 6
14585 1
14586 5
14587 5
14588 2
14589 1
14590 5
14591 4
14592 3
14593 3
14594 3
14595 5
14596 4
14597 3
14598 4
14599 4
14600 6
14601 5
14602 4
14603 4
14604 3
14605 6
14606 3
14607 5
14608 4
14609 5
14610 3
14611 3
14612 6
14613 4
14614 4
14615 2
14616 4
14617 2
14618 2
14619 3
14620 3
14621 4
14622 5
14623 3
14624 4
14625 2
14626 1
14627 3
14628 2
14630 3
14631 1
14633 2
14634 2
14635 5
14636 2
14637 3
14638 5
14639 2
14640 2
14641 3
14643 3
14644 3
14645 1
14646 5
14647 2
14648 4
14649 6
14650 3
14651 4
14652 3
14653 3
14654 6
14655 3
14656 2
14657 5
14658 2
14659 5
14660 1
14661 4
14662 8
14663 3
14664 6
14665 7
14666 4
14667 3
14668 3
14669 2
14670 6
14671 1
14672 2
14673 2
14674 2
14675 5
14676 1
14677 2
14678 4
14679 1
14680 1
14681 1
14682 3
14683 8
14685 1
14686 2
14687 1
14689 2
14690 1
14691 2
14692 1
14693 3
14694 2
14695 1
14696 1
14697 1
14698 3
14699 2
14700 1
14701 2
14702 2
14703 5
14704 7
14705 2
14706 4
14707 5
14708 5
14709 3
14710 4
14711 3
14712 7
14713 1
14714 3
14715 5
14716 3
14717 6
14718 5
14719 4
14720 6
14721 5
14722 6
14723 2
14724 4
14725 1
14726 2
14727 2
14728 2
14729 1
14730 2
14731 2
14732 2
14733 3
14734 2
14735 1
14736 1
14737 7
14738 2
14739 3
14740 1
14743 3
14744 3
14745 2
14746 1
14747 1
14748 1
14751 4
14752 1
14753 2
14754 3
14755 3
14756 5
14757 2
14758 6
14759 4
14760 2
14761 2
14762 3
14763 4
14764 4
14765 2
14766 2
14767 6
14768 1
14769 4
14770 6
14771 2
14772 5
14773 6
14774 2
14775 4
14776 4
14777 6
14778 2
14779 2
14780 6
14781 3
14782 4
14783 3
14784 1
14785 4
14786 3
14787 1
14788 2
14789 1
14790 2
14791 3
14792 2
14793 2
14794 1
14795 1
14796 3
14797 2
14798 2
14799 2
14801 5
14802 3
14803 5
14804 2
14805 2
14806 8
14807 2
14810 1
14811 3
14812 3
14813 1
14814 4
14815 5
14816 1
14817 6
14818 4
14819 5
14820 3
14821 5
14822 1
14823 3
14824 5
14826 2
14827 2
14828 1
14830 2
14831 9
14832 5
14833 2
14834 3
14835 7
14836 5
14837 1
14838 3
14839 1
14840 3
14841 3
14842 1
14843 3
14844 1
14845 2
14846 1
14847 3
14848 2
14851 4
14852 2
14853 3
14854 2
14856 2
14857 4
14858 1
14859 2
14860 4
14861 1
14862 4
14863 2
14864 1
14865 2
14866 4
14867 2
14869 2
14870 5
14871 3
14872 6
14873 6
14874 3
14875 4
14876 7
14877 3
14878 4
14879 4
14880 5
14881 2
14882 2
14883 5
14884 1
14885 3
14886 3
14887 1
14888 1
14889 2
14890 7
14891 8
14892 2
14893 2
14894 2
14895 2
14896 4
14897 4
14899 2
14900 2
14901 5
14903 2
14905 1
14906 2
14907 1
14908 2
14909 1
14910 1
14911 4
14912 1
14914 2
14916 5
14917 1
14919 1
14920 3
14921 1
14922 2
14923 2
14924 4
14925 3
14926 2
14927 3
14928 1
14929 2
14930 3
14931 4
14932 3
14934 3
14935 9
14936 2
14937 2
14938 2
14939 3
14940 6
14941 3
14942 2
14943 2
14944 1
14945 6
14946 3
14947 2
14948 2
14949 1
14950 3
14951 5
14952 3
14953 2
14954 1
14955 2
14956 4
14959 4
14961 4
14962 1
14963 2
14964 4
14965 1
14966 1
14967 1
14968 3
14969 1
14970 1
14971 1
14972 4
14973 1
14974 1
14975 3
14976 1
14977 1
14978 1
14979 1
14980 3
14981 4
14982 1
14983 1
14984 3
14985 5
14986 3
14987 1
14988 4
14989 5
14990 7
14991 2
14992 1
14993 5
14994 5
14995 3
14996 6
14998 3
14999 1
15000 6
15001 4
15003 2
15004 5
15005 2
15006 2
15007 4
15008 2
15009 1
15010 2
15011 2
15012 2
15013 2
15014 4
15016 1
15017 2
15019 1
15020 2
15022 1
15023 1
15024 1
15025 3
15026 2
15027 1
15028 1
15029 5
15030 1
15031 2
15032 3
15033 2
15034 4
15035 1
15036 1
15037 2
15038 1
15039 5
15040 7
15041 2
15042 1
15043 6
15044 3
15045 5
15046 3
15047 3
15048 4
15049 2
15050 3
15051 5
15052 4
15053 1
15054 2
15055 5
15056 3
15058 3
15059 5
15060 3
15061 5
15062 1
15066 3
15067 2
15068 2
15069 2
15070 2
15071 2
15072 3
15073 1
15074 3
15075 1
15076 2
15077 1
15078 1
15079 3
15080 1
15083 1
15084 7
15085 1
15087 4
15088 5
15089 2
15090 2
15092 1
15093 5
15094 3
15095 1
15096 1
15097 4
15098 3
15099 5
15100 3
15101 5
15102 2
15103 3
15104 7
15105 3
15106 2
15108 1
15109 7
15110 2
15111 2
15113 4
15114 3
15116 2
15117 3
15118 2
15119 1
15120 1
15121 3
15122 3
15123 1
15124 3
15125 2
15126 1
15128 2
15129 2
15130 3
15132 1
15134 1
15139 4
15140 2
15142 2
15143 5
15144 2
15145 5
15146 1
15147 2
15148 5
15149 4
15150 1
15151 2
15152 1
15153 4
15155 3
15156 2
15157 1
15158 6
15159 4
15160 2
15161 5
15162 1
15163 1
15164 4
15165 2
15166 2
15167 1
15168 2
15169 5
15170 2
15171 4
15172 4
15173 1
15174 2
15175 3
15176 2
15177 1
15180 1
15181 2
15182 1
15185 1
15186 2
15187 3
15188 1
15190 1
15191 1
15192 3
15193 2
15194 2
15195 1
15196 1
15197 3
15198 1
15201 1
15203 2
15204 4
15206 2
15207 1
15208 4
15209 4
15210 1
15211 1
15212 4
15213 2
15214 1
15215 2
15216 2
15217 2
15219 2
15220 3
15221 2
15222 2
15223 4
15224 4
15225 3
15226 2
15227 2
15228 3
15229 3
15230 2
15231 2
15232 1
15233 1
15236 1
15237 2
15238 2
15239 2
15240 3
15241 2
15242 6
15243 1
15245 3
15246 1
15247 1
15248 3
15251 2
15252 2
15253 3
15254 2
15255 2
15256 2
15257 2
15258 2
15259 1
15260 3
15262 3
15263 5
15264 1
15265 2
15266 5
15267 4
15268 4
15269 3
15270 2
15271 3
15272 1
15273 1
15274 4
15275 1
15276 2
15277 3
15278 5
15279 5
15280 1
15281 4
15282 6
15283 2
15284 2
15285 2
15286 2
15287 1
15288 1
15289 1
15290 3
15292 2
15293 1
15295 3
15296 2
15297 1
15298 1
15300 2
15301 3
15302 3
15303 1
15305 2
15306 1
15307 4
15308 1
15310 2
15311 4
15312 3
15313 2
15314 2
15315 2
15317 4
15318 1
15319 1
15320 1
15321 3
15322 4
15323 2
15324 5
15325 3
15326 4
15327 2
15328 3
15329 6
15330 4
15331 1
15333 1
15334 1
15335 2
15336 2
15337 1
15338 3
15339 1
15340 5
15341 2
15342 1
15343 1
15344 5
15345 1
15347 1
15349 1
15350 3
15351 1
15353 1
15354 1
15356 1
15357 2
15361 3
15362 2
15363 2
15364 1
15365 1
15366 3
15369 1
15370 2
15372 2
15373 3
15374 3
15375 3
15376 5
15377 3
15378 2
15379 4
15380 5
15381 1
15382 3
15383 3
15384 1
15385 2
15386 1
15388 2
15389 4
15390 1
15392 2
15393 3
15394 2
15395 4
15396 1
15397 1
15398 2
15399 4
15400 3
15401 1
15402 1
15403 1
15405 1
15406 1
15409 1
15411 2
15412 3
15414 1
15416 1
15417 2
15418 1
15419 1
15420 2
15421 2
15423 1
15424 1
15425 4
15426 1
15427 1
15428 3
15430 1
15431 6
15432 2
15433 3
15434 4
15435 3
15436 3
15437 3
15438 3
15439 4
15440 1
15441 2
15443 1
15444 2
15445 1
15446 1
15447 3
15448 3
15449 1
15450 4
15451 1
15453 1
15454 3
15455 2
15456 1
15458 1
15459 1
15460 2
15461 2
15463 1
15464 1
15465 2
15468 1
15470 3
15473 4
15474 1
15476 2
15477 2
15478 2
15479 5
15481 1
15482 4
15484 1
15486 2
15487 2
15489 1
15490 5
15491 2
15492 1
15493 4
15494 4
15495 2
15496 1
15497 1
15498 5
15499 1
15500 2
15501 1
15502 1
15503 3
15504 2
15506 1
15507 1
15508 3
15509 4
15510 1
15511 2
15513 2
15514 1
15515 2
15517 2
15518 3
15519 4
15523 2
15527 1
15528 1
15529 1
15530 3
15531 4
15532 3
15533 4
15534 2
15535 1
15536 1
15537 1
15538 5
15539 1
15541 1
15542 1
15543 4
15544 2
15545 2
15546 2
15547 2
15548 4
15549 3
15550 1
15551 1
15552 6
15553 1
15554 2
15555 2
15556 2
15557 4
15558 2
15559 3
15560 2
15561 1
15562 1
15563 2
15564 2
15565 3
15568 2
15569 2
15570 3
15571 1
15575 2
15577 1
15578 4
15581 3
15582 1
15583 1
15584 2
15586 1
15587 1
15588 2
15589 1
15590 1
15592 1
15593 3
15594 1
15597 2
15598 2
15599 1
15600 2
15601 2
15602 3
15603 5
15604 2
15605 2
15606 2
15607 7
15608 2
15610 3
15611 3
15612 1
15613 2
15614 2
15616 1
15617 2
15618 1
15619 2
15620 1
15621 1
15622 1
15623 1
15624 1
15626 1
15627 2
15628 1
15632 3
15634 1
15635 1
15636 1
15639 1
15642 1
15643 1
15646 3
15647 3
15648 2
15649 1
15650 1
15651 2
15652 3
15653 2
15654 1
15656 2
15657 1
15658 4
15659 2
15661 1
15662 6
15663 3
15664 1
15666 2
15667 4
15668 3
15669 2
15670 1
15671 2
15672 2
15673 1
15675 3
15676 1
15677 2
15678 3
15679 1
15681 2
15684 1
15685 1
15686 1
15687 1
15688 1
15690 1
15691 1
15694 1
15696 2
15698 4
15699 1
15700 1
15701 5
15702 2
15703 2
15704 1
15706 3
15707 1
15708 2
15709 2
15710 3
15711 1
15712 2
15713 2
15714 2
15715 1
15716 3
15717 5
15718 1
15719 1
15721 1
15723 1
15724 1
15725 2
15726 2
15727 4
15728 1
15729 2
15731 2
15732 1
15733 2
15734 1
15735 1
15736 1
15738 1
15740 1
15741 1
15742 1
15743 1
15746 5
15747 1
15748 2
15750 1
15751 3
15752 2
15755 3
15756 2
15757 2
15760 3
15761 2
15762 2
15763 2
15764 2
15765 4
15766 1
15767 3
15768 4
15769 1
15771 4
15772 2
15773 1
15774 1
15775 1
15776 3
15777 2
15778 2
15779 1
15780 1
15781 1
15782 1
15783 2
15785 1
15786 3
15787 3
15788 2
15789 2
15790 1
15791 1
15792 1
15795 1
15796 1
15800 1
15801 2
15804 1
15805 1
15806 3
15809 1
15811 5
15814 1
15815 2
15816 4
15819 4
15820 1
15821 1
15822 2
15824 2
15825 1
15826 1
15827 3
15828 1
15829 2
15830 6
15831 1
15832 1
15833 3
15834 1
15835 4
15836 2
15838 2
15840 4
15843 2
15845 2
15846 3
15847 1
15848 1
15849 1
15850 1
15851 1
15854 1
15856 2
15858 1
15859 2
15862 1
15863 1
15864 1
15866 1
15867 2
15870 2
15871 1
15872 1
15875 2
15876 1
15878 1
15880 2
15881 2
15883 2
15884 4
15885 6
15886 2
15887 1
15888 1
15889 3
15891 1
15893 1
15895 1
15896 3
15897 1
15898 3
15899 2
15901 1
15902 4
15903 1
15904 1
15908 2
15909 2
15912 1
15915 1
15918 2
15920 2
15921 2
15924 2
15925 2
15927 1
15929 3
15932 2
15934 2
15935 3
15936 2
15937 3
15938 1
15939 2
15940 4
15941 2
15942 2
15943 2
15944 1
15945 3
15946 1
15947 1
15948 2
15950 3
15951 2
15953 1
15954 1
15955 1
15956 4
15957 1
15958 2
15961 1
15962 1
15964 2
15966 1
15967 1
15969 2
15970 1
15971 2
15972 1
15975 1
15977 1
15979 2
15980 1
15982 3
15983 3
15984 3
15985 2
15986 1
15988 2
15989 1
15991 1
15992 1
15995 4
15996 5
15998 2
15999 4
16000 2
16001 1
16002 1
16003 1
16004 2
16005 2
16009 1
16012 3
16013 1
16016 2
16017 3
16018 1
16019 2
16024 2
16025 1
16027 1
16032 1
16034 1
16035 2
16037 2
16038 6
16040 2
16041 4
16042 1
16043 3
16044 2
16046 2
16048 1
16050 2
16051 2
16053 2
16054 4
16055 2
16056 3
16057 3
16058 1
16060 1
16061 3
16064 2
16066 3
16067 1
16070 1
16071 1
16072 1
16077 1
16081 1
16082 1
16085 1
16087 1
16088 1
16089 4
16092 3
16093 1
16097 2
16098 1
16101 2
16102 1
16103 1
16104 2
16105 2
16106 2
16107 2
16108 1
16109 1
16110 2
16111 2
16112 1
16115 1
16116 5
16118 1
16119 1
16120 1
16121 2
16122 1
16124 1
16126 2
16128 1
16129 1
16133 1
16135 1
16137 5
16140 3
16145 1
16146 1
16148 2
16149 1
16150 1
16151 1
16153 3
16155 1
16158 3
16161 2
16163 1
16164 1
16165 2
16166 3
16169 2
16170 1
16171 1
16172 2
16174 2
16175 1
16176 1
16177 2
16179 1
16182 1
16185 2
16187 1
16188 1
16190 1
16191 2
16193 1
16194 1
16196 1
16197 1
16198 1
16200 1
16204 1
16205 2
16206 2
16207 2
16208 1
16209 1
16210 4
16211 1
16212 2
16213 2
16214 1
16215 1
16217 2
16218 1
16219 1
16220 1
16221 3
16223 1
16224 4
16225 3
16226 3
16227 1
16230 1
16231 1
16233 1
16234 1
16235 2
16236 1
16239 2
16240 1
16242 1
16245 1
16250 1
16251 1
16252 1
16255 1
16256 1
16257 1
16258 2
16259 1
16260 1
16261 1
16264 1
16265 3
16266 1
16268 1
16269 5
16270 1
16271 2
16273 1
16274 5
16275 1
16277 1
16278 2
16280 1
16282 1
16284 1
16285 2
16286 1
16287 2
16289 1
16290 3
16293 1
16295 3
16297 1
16305 2
16306 1
16309 1
16310 2
16314 1
16315 1
16316 2
16320 2
16323 2
16324 4
16326 2
16327 1
16328 1
16329 3
16330 2
16332 2
16333 1
16334 3
16336 1
16337 1
16339 1
16342 1
16345 3
16347 1
16349 1
16350 1
16351 1
16355 1
16356 1
16368 2
16371 1
16373 1
16374 3
16377 1
16379 1
16384 1
16385 3
16388 1
16389 3
16390 2
16392 1
16393 2
16394 2
16395 1
16403 1
16404 2
16405 1
16406 1
16407 1
16408 1
16413 3
16418 3
16421 1
16422 1
16423 2
16426 2
16427 1
16429 2
16431 1
16432 1
16433 2
16434 1
16435 1
16438 2
16443 3
16444 2
16447 3
16448 1
16450 2
16452 1
16455 2
16458 1
16459 1
16460 1
16463 1
16464 1
16465 1
16466 1
16470 1
16473 1
16474 1
16476 1
16477 1
16478 1
16479 2
16482 2
16483 1
16485 1
16487 1
16488 2
16491 1
16492 2
16493 1
16494 1
16495 2
16498 2
16500 1
16501 1
16502 1
16503 3
16504 1
16505 3
16506 1
16508 1
16509 2
16514 1
16515 1
16521 1
16522 1
16526 1
16528 1
16531 1
16538 1
16541 1
16542 2
16543 2
16544 1
16547 3
16550 1
16551 1
16553 2
16554 1
16555 1
16557 3
16558 2
16559 1
16560 1
16562 1
16563 3
16564 1
16573 1
16574 1
16576 3
16579 1
16582 1
16592 1
16593 2
16596 1
16597 2
16598 2
16599 1
16600 1
16601 1
16602 2
16603 1
16605 1
16606 1
16608 1
16611 1
16612 4
16613 1
16615 2
16616 1
16619 2
16620 1
16624 1
16625 1
16626 1
16629 1
16630 1
16635 1
16641 2
16644 1
16645 1
16646 1
16651 2
16655 1
16656 1
16657 2
16658 2
16659 1
16660 2
16663 3
16671 1
16672 1
16673 1
16674 1
16678 1
16682 1
16684 2
16695 1
16696 4
16699 2
16700 1
16706 1
16708 1
16709 1
16710 1
16711 3
16712 2
16713 1
16714 2
16716 1
16717 1
16719 1
16722 1
16723 1
16725 1
16728 2
16729 1
16730 1
16733 2
16734 1
16735 1
16736 1
16740 1
16744 1
16746 1
16751 1
16755 1
16759 1
16762 1
16765 2
16767 1
16768 1
16770 1
16771 1
16773 1
16776 1
16778 1
16779 1
16781 1
16782 1
16783 1
16784 3
16788 1
16789 1
16792 1
16793 1
16794 1
16797 1
16804 1
16807 1
16813 1
16816 1
16820 1
16824 2
16827 2
16828 2
16829 1
16831 1
16832 2
16833 2
16834 1
16835 1
16837 1
16838 1
16840 1
16843 2
16849 1
16851 1
16852 1
16853 2
16859 1
16864 1
16865 2
16866 1
16867 1
16868 1
16872 1
16877 1
16878 1
16879 2
16880 1
16881 1
16882 1
16889 1
16890 2
16891 1
16893 1
16894 2
16897 1
16898 1
16907 1
16908 1
16912 1
16913 1
16915 1
16922 1
16927 2
16932 1
16933 2
16936 3
16938 1
16941 2
16942 1
16944 1
16945 1
16948 1
16952 3
16956 1
16961 1
16981 1
16984 2
16986 1
16987 2
16992 3
16996 1
16997 2
17000 2
17001 1
17002 1
17005 1
17010 1
17011 3
17014 1
17015 1
17024 1
17032 2
17035 1
17037 1
17040 1
17043 1
17048 1
17051 1
17059 1
17061 2
17062 1
17066 1
17067 1
17077 1
17080 1
17082 1
17085 1
17086 1
17089 1
17090 1
17099 1
17101 1
17102 2
17105 2
17106 1
17108 1
17110 2
17115 1
17116 2
17120 1
17121 4
17122 1
17123 1
17129 1
17131 1
17135 1
17140 1
17145 1
17150 2
17153 1
17156 1
17160 2
17161 1
17164 3
17166 1
17167 1
17169 2
17170 1
17177 1
17180 1
17181 1
17182 1
17183 1
17190 1
17200 2
17205 2
17215 2
17218 2
17219 4
17222 2
17223 1
17231 1
17232 1
17237 1
17242 1
17263 1
17266 1
17269 1
17270 2
17274 1
17279 1
17284 1
17285 1
17287 1
17289 1
17290 1
17300 1
17302 1
17313 1
17316 1
17318 3
17329 2
17330 1
17339 2
17347 1
17350 1
17352 1
17353 1
17358 1
17369 1
17372 2
17374 1
17375 1
17377 1
17378 1
17383 1
17386 1
17388 1
17389 1
17390 1
17391 2
17395 1
17398 1
17399 1
17400 1
17404 1
17416 1
17421 1
17423 2
17426 1
17431 1
17436 1
17438 1
17439 1
17442 1
17445 1
17450 2
17452 1
17455 1
17458 1
17471 2
17474 1
17487 1
17492 1
17495 1
17497 2
17508 1
17510 2
17514 1
17515 1
17520 1
17539 1
17549 1
17552 1
17555 2
17558 1
17560 1
17570 1
17591 2
17594 2
17599 1
17603 1
17607 2
17608 1
17612 1
17624 1
17629 1
17631 1
17639 1
17644 1
17650 1
17658 1
17660 1
17663 1
17666 1
17668 1
17669 1
17673 1
17679 2
17684 1
17689 1
17719 1
17722 1
17723 2
17724 1
17728 3
17738 1
17741 1
17747 1
17757 1
17760 1
17763 1
17777 1
17778 1
17784 1
17789 1
17810 1
17822 2
17825 1
17837 1
17838 1
17839 1
17876 1
17877 2
17881 1
17887 1
17892 1
17897 1
17909 1
17927 1
17932 1
17936 1
17946 1
17949 1
17954 1
17957 1
17959 1
17985 1
17997 1
18005 1
18016 1
18018 1
18030 2
18033 1
18045 1
18046 1
18059 1
18062 1
18078 1
18110 1
18113 1
18117 2
18126 1
18162 1
18165 2
18167 1
18213 1
18224 1
18242 1
18247 1
18267 1
18270 1
18286 2
18318 1
18321 1
18326 1
18331 1
18334 1
18345 1
18348 1
18396 1
18444 1
18450 1
18455 1
18465 1
18494 1
18534 1
18539 1
18553 1
18556 1
18564 1
18604 1
18623 1
18636 1
18652 1
18673 1
18717 1
18720 1
18733 1
18772 2
18831 1
18844 1
18849 1
18854 1
18925 1
18928 1
18941 1
19003 1
19057 1
19062 1
19211 1
19243 1
19291 1
19451 1
19499 1
19898 1
20106 1
36777 1
37300 1
37941 1
38445 1
38450 1
38464 1
38742 1
38968 1
38973 1
40017 1
End
