NMec = 95584
T = 28
P = 1
Profits not ignored
Valid tasks:                                                            31046
Solution time = 5.521e-04
Task data
   18 246 27420 -1
   23  47  2134 -1
   25 263 52486 0
   26 146 17032 -1
   30 194 27408 -1
   78  82  1481 -1
   84  99  1237 -1
  112 124  2251 -1
  112 130  1704 -1
  114 133  3959 -1
  118 138  1149 -1
  129 140  1543 -1
  149 162  1554 -1
  162 179  1220 -1
  173 197  2545 -1
  174 184  1323 -1
  174 186  1430 -1
  179 193  3727 -1
  180 196  2354 -1
  183 193  1530 -1
  212 229  3797 -1
  213 226  1169 -1
  218 228  1677 -1
  223 235  2377 -1
  225 248  4326 -1
  227 246  1611 -1
  261 266   727 -1
  270 276  1213 0
Best profit: 53699
All profits:
0 1
727 1
1149 1
1169 1
1213 1
1220 1
1237 1
1323 1
1430 1
1481 1
1530 1
1543 1
1554 1
1611 1
1677 1
1704 1
1876 1
1896 1
1940 1
1947 1
1964 1
2050 1
2134 1
2157 1
2208 1
2251 1
2257 1
2270 1
2281 1
2318 1
2338 1
2354 1
2362 1
2369 1
2377 1
2382 1
2386 1
2389 1
2404 1
2406 1
2431 1
2433 1
2450 1
2457 1
2472 1
2492 1
2536 1
2545 1
2560 1
2579 1
2599 1
2630 1
2643 1
2650 1
2667 1
2679 1
2694 1
2699 1
2701 1
2703 1
2712 1
2718 1
2723 1
2743 1
2750 1
2756 1
2760 1
2763 1
2767 2
2780 2
2791 1
2804 1
2824 1
2826 1
2831 1
2848 1
2861 1
2866 1
2873 1
2877 1
2890 1
2897 1
2911 1
2914 1
2917 1
2924 1
2934 1
2941 1
2973 1
2978 1
2984 1
3000 1
3011 1
3024 1
3027 1
3035 1
3041 1
3045 1
3073 1
3081 1
3084 1
3089 1
3092 1
3096 1
3097 1
3104 1
3107 1
3109 1
3113 1
3116 1
3133 1
3134 1
3141 1
3154 1
3158 1
3160 1
3165 1
3177 1
3184 1
3185 1
3199 1
3207 1
3219 1
3220 1
3231 1
3234 1
3258 1
3263 1
3272 1
3283 1
3287 1
3303 1
3306 1
3315 1
3326 1
3347 1
3354 1
3357 1
3370 1
3371 1
3377 1
3381 1
3394 1
3406 1
3420 1
3421 1
3426 1
3428 1
3430 1
3439 1
3445 1
3450 1
3457 1
3464 1
3470 1
3471 1
3477 1
3483 1
3487 1
3488 1
3490 1
3494 2
3503 1
3507 2
3518 1
3523 1
3526 1
3531 2
3538 1
3551 1
3553 1
3555 1
3558 1
3564 1
3567 1
3574 2
3575 1
3582 1
3590 1
3591 1
3593 1
3597 1
3599 1
3600 1
3602 1
3604 1
3606 1
3614 1
3615 1
3617 1
3619 1
3624 1
3626 1
3638 1
3641 2
3644 1
3651 1
3661 1
3664 1
3668 1
3670 1
3677 1
3681 1
3685 1
3688 1
3694 1
3700 2
3705 1
3709 1
3711 1
3714 1
3727 2
3729 1
3732 1
3738 1
3745 1
3748 1
3751 1
3754 1
3758 1
3762 1
3768 1
3773 1
3781 1
3782 1
3792 1
3794 1
3797 1
3799 1
3800 1
3805 1
3807 1
3811 2
3812 1
3816 1
3819 1
3824 1
3834 1
3835 1
3836 1
3838 1
3843 1
3848 1
3850 1
3858 1
3861 1
3862 1
3863 1
3867 1
3868 1
3870 1
3872 1
3880 1
3881 1
3885 1
3887 1
3892 2
3897 1
3899 1
3907 1
3908 1
3912 2
3914 1
3916 2
3919 1
3920 1
3925 1
3928 1
3929 1
3931 2
3932 1
3934 1
3936 2
3938 1
3940 1
3947 1
3949 1
3953 1
3958 1
3959 1
3960 1
3961 1
3963 1
3965 1
3973 2
3976 1
3980 2
3985 1
3987 1
3993 2
3997 1
4000 2
4004 1
4010 1
4017 2
4026 2
4030 1
4031 1
4035 1
4039 1
4041 1
4042 1
4044 1
4046 2
4058 1
4060 1
4061 1
4063 1
4068 1
4074 1
4079 1
4080 1
4081 2
4083 1
4086 1
4088 1
4090 1
4093 1
4098 1
4099 1
4103 2
4108 1
4110 2
4114 1
4124 1
4127 1
4133 1
4134 1
4137 1
4142 1
4147 2
4148 1
4149 1
4153 1
4154 1
4156 1
4160 1
4161 1
4171 1
4180 1
4184 2
4186 1
4190 1
4191 1
4193 1
4196 1
4197 1
4198 1
4204 1
4210 2
4213 1
4215 1
4221 1
4222 1
4224 1
4230 1
4231 1
4233 1
4237 2
4240 1
4241 1
4242 1
4244 1
4248 2
4249 1
4250 1
4253 2
4254 1
4256 1
4258 1
4261 2
4264 1
4265 1
4266 1
4272 1
4278 1
4282 1
4286 1
4290 1
4291 1
4293 1
4294 1
4297 1
4301 2
4303 1
4305 1
4307 1
4309 1
4310 3
4312 1
4314 1
4317 1
4318 1
4320 1
4321 1
4323 1
4324 1
4326 2
4329 2
4333 1
4334 2
4341 1
4342 1
4344 1
4346 1
4347 2
4353 1
4354 2
4356 1
4358 1
4361 1
4367 1
4368 1
4371 2
4374 1
4378 3
4380 1
4385 1
4391 2
4395 1
4397 1
4398 1
4402 1
4403 1
4404 1
4405 1
4408 1
4412 1
4415 2
4420 2
4421 1
4422 1
4427 3
4432 1
4433 1
4436 1
4440 1
4441 1
4444 2
4447 1
4452 1
4454 3
4456 1
4457 1
4459 1
4465 1
4468 1
4471 2
4472 1
4475 1
4477 1
4481 1
4484 1
4485 1
4488 2
4495 1
4496 1
4500 1
4503 1
4508 2
4509 1
4511 1
4516 1
4519 1
4520 1
4521 1
4522 1
4523 1
4524 1
4526 1
4527 1
4528 1
4532 1
4534 1
4535 1
4538 1
4539 1
4540 1
4543 2
4552 1
4554 2
4562 1
4563 1
4565 2
4567 1
4570 1
4575 1
4577 1
4578 1
4581 1
4584 2
4585 1
4588 1
4589 1
4590 1
4591 1
4594 2
4595 1
4597 1
4599 1
4601 1
4605 1
4606 1
4607 1
4614 1
4615 1
4618 1
4619 1
4622 1
4624 1
4626 2
4627 1
4628 1
4633 1
4634 1
4635 2
4638 1
4639 1
4640 1
4641 1
4643 2
4646 2
4647 1
4650 1
4652 1
4655 1
4656 1
4657 1
4658 2
4659 1
4661 1
4663 2
4665 1
4667 1
4670 1
4672 1
4676 1
4679 1
4680 1
4684 2
4686 1
4687 1
4688 2
4690 1
4692 1
4694 1
4695 1
4700 2
4701 2
4703 1
4704 1
4707 2
4708 2
4712 1
4713 1
4714 1
4715 1
4716 1
4720 2
4723 1
4724 1
4727 2
4731 2
4733 1
4736 1
4739 2
4740 1
4743 2
4744 2
4745 1
4746 1
4750 1
4751 1
4753 2
4758 1
4760 1
4761 1
4762 1
4763 1
4764 1
4766 1
4768 2
4771 1
4773 2
4774 1
4775 1
4777 1
4784 1
4785 1
4787 3
4788 2
4790 1
4795 1
4796 2
4801 1
4804 1
4806 1
4807 1
4808 1
4810 2
4811 3
4813 2
4815 1
4817 1
4819 1
4820 1
4826 1
4827 1
4828 1
4830 2
4833 1
4834 1
4835 1
4837 3
4839 1
4841 1
4845 1
4846 1
4849 1
4850 1
4851 1
4852 1
4854 2
4857 1
4860 1
4861 1
4862 1
4863 1
4864 1
4869 2
4874 1
4875 1
4876 2
4877 1
4878 1
4880 1
4881 1
4883 1
4884 1
4887 1
4888 1
4890 1
4894 2
4896 1
4897 1
4898 1
4901 3
4907 2
4911 2
4913 2
4914 2
4917 1
4918 1
4920 1
4922 2
4923 1
4924 1
4925 1
4927 1
4931 2
4935 1
4937 3
4938 1
4940 2
4942 1
4945 1
4946 1
4948 1
4949 1
4950 1
4951 2
4952 1
4956 1
4958 2
4960 2
4961 1
4963 1
4964 3
4965 1
4967 1
4968 1
4969 2
4971 1
4974 1
4975 2
4976 1
4980 1
4981 1
4982 1
4983 1
4984 1
4985 1
4988 2
4991 1
4993 1
4994 1
4995 1
4999 1
5000 1
5001 1
5004 1
5005 1
5007 3
5010 1
5011 1
5012 1
5013 1
5014 1
5017 2
5018 2
5019 1
5020 2
5024 2
5029 1
5030 1
5031 3
5032 1
5034 2
5036 1
5037 3
5039 1
5041 1
5042 1
5044 1
5045 1
5047 1
5048 3
5049 1
5050 1
5051 1
5053 1
5055 2
5056 2
5057 1
5058 1
5061 3
5063 1
5066 1
5068 2
5071 2
5072 1
5074 2
5075 2
5077 1
5078 1
5080 2
5081 2
5082 1
5083 2
5085 3
5087 1
5088 1
5094 1
5095 1
5098 2
5099 1
5100 1
5101 1
5105 3
5107 3
5109 1
5110 1
5112 2
5114 1
5117 2
5118 2
5120 2
5121 1
5122 2
5125 1
5127 1
5128 2
5129 2
5130 1
5132 2
5133 1
5134 3
5136 1
5140 1
5141 1
5142 2
5144 2
5145 3
5147 2
5148 1
5149 3
5151 1
5153 1
5154 2
5156 1
5157 1
5158 1
5160 1
5161 1
5162 2
5165 1
5166 2
5167 1
5168 1
5169 2
5171 2
5172 1
5173 1
5174 1
5175 2
5178 1
5179 2
5180 1
5181 3
5184 1
5185 2
5186 1
5190 1
5192 1
5193 1
5195 3
5196 1
5198 2
5200 1
5202 1
5204 1
5207 1
5208 2
5210 2
5211 1
5213 2
5215 2
5217 1
5218 1
5222 1
5223 1
5224 1
5226 1
5227 2
5229 1
5230 2
5231 1
5235 2
5237 1
5238 1
5239 2
5241 1
5243 2
5244 1
5247 1
5248 2
5249 1
5250 1
5251 2
5252 1
5254 3
5255 1
5257 1
5259 2
5262 2
5263 2
5267 1
5268 3
5270 2
5271 1
5272 1
5273 1
5275 2
5276 1
5278 2
5279 1
5281 4
5282 1
5283 2
5286 1
5288 2
5292 3
5293 1
5294 2
5295 1
5296 1
5297 1
5299 1
5301 2
5302 1
5305 2
5306 1
5308 1
5311 2
5312 1
5315 1
5316 2
5317 1
5318 2
5319 1
5320 1
5321 1
5322 1
5323 1
5324 1
5325 2
5327 2
5328 1
5329 1
5330 1
5332 1
5333 1
5335 1
5336 1
5338 1
5340 2
5341 1
5342 1
5343 1
5345 1
5346 1
5347 1
5348 1
5349 1
5350 1
5351 1
5353 2
5354 2
5355 2
5358 1
5359 1
5360 1
5361 2
5362 2
5365 2
5366 1
5367 1
5368 1
5369 1
5370 1
5371 1
5373 2
5374 1
5377 1
5378 1
5379 1
5380 1
5384 2
5386 1
5388 2
5389 2
5390 1
5392 2
5393 2
5397 3
5399 1
5400 1
5401 1
5402 1
5403 1
5404 2
5405 1
5406 2
5409 2
5410 1
5411 2
5412 1
5413 1
5415 2
5416 1
5417 2
5418 1
5421 2
5422 1
5423 2
5427 1
5428 2
5430 1
5431 2
5433 1
5434 1
5435 3
5439 1
5440 2
5441 1
5442 1
5443 1
5444 1
5446 2
5447 1
5449 1
5450 3
5451 1
5454 1
5455 1
5457 1
5458 2
5459 2
5460 1
5461 3
5462 2
5463 1
5466 3
5467 1
5468 1
5469 1
5470 3
5471 1
5472 1
5473 1
5474 3
5475 1
5477 2
5478 2
5479 2
5481 2
5482 1
5483 1
5485 1
5486 1
5487 1
5488 1
5489 1
5490 2
5491 2
5493 1
5495 1
5498 1
5501 2
5502 1
5503 2
5504 1
5506 1
5507 1
5508 1
5510 1
5511 2
5512 1
5513 1
5514 2
5515 2
5516 2
5519 1
5520 1
5523 4
5525 1
5527 4
5528 1
5530 2
5531 1
5534 1
5536 1
5537 1
5538 3
5539 2
5540 2
5542 1
5543 1
5544 1
5546 2
5547 3
5549 1
5551 1
5554 2
5555 1
5557 1
5560 3
5561 1
5562 2
5563 1
5564 2
5566 1
5567 1
5569 2
5570 1
5571 2
5572 1
5573 1
5574 3
5576 2
5577 1
5579 1
5580 1
5581 1
5584 4
5585 1
5587 1
5589 2
5590 1
5591 3
5593 2
5595 1
5596 1
5598 2
5603 1
5604 2
5605 2
5608 1
5611 3
5612 1
5614 1
5615 2
5616 1
5617 2
5618 1
5621 2
5622 1
5623 3
5624 1
5628 4
5630 1
5633 1
5634 2
5635 2
5636 1
5637 3
5638 1
5640 4
5641 2
5642 2
5645 1
5646 1
5649 3
5652 2
5653 1
5654 1
5657 4
5658 1
5660 1
5662 1
5664 3
5665 2
5667 3
5669 2
5670 1
5671 1
5672 2
5673 1
5677 3
5678 2
5679 1
5681 1
5683 1
5684 1
5685 1
5687 1
5688 1
5689 1
5690 2
5691 4
5692 1
5694 1
5696 2
5697 1
5699 1
5701 3
5702 1
5703 2
5704 1
5708 3
5709 1
5710 1
5711 1
5712 1
5714 2
5716 1
5718 1
5721 3
5722 1
5723 1
5724 1
5725 2
5727 1
5728 1
5730 1
5731 2
5733 1
5734 4
5735 2
5736 1
5737 2
5738 1
5739 1
5740 2
5741 1
5744 2
5745 3
5746 1
5747 2
5748 2
5750 1
5751 1
5753 2
5756 3
5758 3
5759 1
5760 1
5761 1
5763 1
5764 2
5765 2
5767 2
5769 1
5771 2
5772 2
5774 2
5775 3
5776 2
5778 2
5780 1
5782 2
5783 1
5784 2
5785 1
5788 1
5790 1
5791 4
5793 1
5794 1
5795 3
5796 1
5797 1
5798 1
5799 1
5801 1
5802 3
5803 1
5804 3
5805 1
5807 4
5808 1
5809 1
5810 2
5812 2
5814 2
5815 3
5818 2
5819 1
5821 1
5822 1
5825 2
5826 1
5827 1
5828 2
5831 1
5832 1
5834 3
5835 1
5836 1
5837 2
5838 1
5839 2
5840 1
5841 2
5842 2
5843 1
5844 3
5845 1
5847 2
5848 4
5849 1
5851 1
5852 1
5853 2
5854 1
5855 3
5856 2
5857 1
5859 3
5860 2
5861 5
5863 3
5864 2
5865 1
5866 1
5867 1
5868 1
5869 2
5870 1
5871 2
5872 4
5874 1
5875 2
5876 2
5877 2
5878 1
5880 3
5882 1
5883 2
5884 2
5885 2
5887 1
5888 1
5889 2
5892 3
5893 2
5895 1
5896 2
5897 1
5898 1
5899 1
5900 1
5901 3
5902 2
5904 1
5905 1
5906 1
5907 2
5908 4
5909 1
5910 1
5912 2
5913 1
5914 2
5915 1
5916 1
5917 2
5920 1
5921 4
5922 2
5923 1
5925 3
5926 2
5927 1
5928 2
5929 1
5931 1
5932 1
5933 1
5934 1
5935 2
5936 1
5937 2
5938 1
5939 1
5940 2
5941 2
5944 2
5945 2
5946 1
5949 1
5950 1
5951 3
5952 2
5953 2
5954 2
5956 3
5957 2
5958 3
5959 1
5960 1
5962 1
5963 1
5964 1
5965 2
5966 2
5968 2
5969 2
5970 3
5971 1
5973 1
5974 1
5975 2
5976 2
5977 1
5978 3
5979 1
5980 2
5981 2
5982 2
5983 1
5984 2
5986 2
5987 2
5988 1
5989 1
5990 2
5992 1
5995 3
5996 1
5997 2
5998 2
5999 1
6000 1
6001 2
6002 2
6003 1
6004 1
6005 2
6006 1
6008 3
6009 3
6010 2
6011 1
6013 1
6014 2
6015 2
6016 1
6019 2
6020 1
6021 2
6022 1
6023 1
6024 5
6025 1
6026 2
6028 2
6029 1
6030 1
6031 2
6032 1
6033 4
6035 1
6038 1
6039 1
6041 1
6042 1
6043 2
6044 1
6045 2
6046 2
6047 2
6048 3
6050 3
6051 1
6052 2
6053 1
6054 3
6056 1
6057 1
6058 2
6059 1
6062 4
6063 3
6065 5
6066 1
6067 2
6068 1
6070 3
6071 1
6072 1
6073 1
6074 2
6075 2
6076 2
6077 1
6078 1
6080 1
6081 1
6082 4
6083 1
6085 1
6086 3
6087 2
6088 2
6089 2
6091 1
6092 1
6093 2
6094 1
6095 1
6096 1
6097 3
6098 1
6099 2
6100 2
6101 1
6104 1
6105 1
6106 2
6107 3
6108 1
6109 2
6110 1
6111 1
6113 2
6114 3
6115 1
6116 2
6117 1
6119 3
6120 2
6121 2
6124 3
6127 3
6128 1
6129 1
6130 1
6131 6
6132 1
6133 2
6134 2
6135 1
6136 2
6137 1
6138 3
6139 1
6140 1
6142 1
6143 1
6144 3
6145 1
6148 4
6150 3
6151 3
6153 1
6154 1
6157 1
6158 2
6159 3
6160 3
6161 1
6162 1
6163 1
6164 1
6165 3
6166 1
6167 1
6168 1
6169 3
6170 1
6171 2
6172 1
6173 3
6174 1
6175 1
6176 3
6177 3
6178 2
6180 2
6181 1
6182 3
6183 2
6184 1
6185 2
6186 2
6187 2
6188 3
6189 4
6192 2
6193 2
6194 1
6195 2
6196 1
6197 3
6198 2
6200 1
6201 3
6202 2
6204 3
6205 1
6206 2
6208 2
6209 1
6210 1
6211 1
6212 2
6213 2
6214 2
6215 1
6216 2
6217 3
6218 1
6220 3
6221 1
6222 1
6224 3
6225 1
6226 2
6227 3
6228 1
6230 3
6231 2
6232 1
6233 2
6234 1
6235 1
6237 3
6238 3
6239 1
6240 1
6241 1
6242 2
6243 2
6244 5
6246 1
6247 2
6248 1
6249 1
6250 2
6251 2
6252 1
6254 5
6255 2
6256 1
6257 3
6258 2
6261 2
6263 1
6266 2
6267 2
6268 4
6269 4
6270 2
6271 2
6273 1
6274 4
6276 3
6277 1
6278 1
6279 1
6281 3
6282 2
6283 2
6284 1
6285 2
6286 2
6287 3
6288 1
6289 1
6290 3
6291 2
6292 3
6293 2
6294 3
6295 2
6296 2
6297 2
6298 3
6299 1
6300 1
6301 3
6303 2
6304 1
6305 2
6307 1
6308 1
6311 3
6312 2
6313 1
6314 3
6315 1
6316 1
6317 1
6318 4
6319 1
6320 4
6322 2
6324 1
6325 2
6326 1
6327 2
6330 4
6331 3
6332 1
6333 1
6334 1
6335 2
6336 1
6338 3
6339 2
6340 1
6341 3
6342 3
6343 1
6344 4
6345 1
6347 3
6348 1
6349 2
6350 4
6351 1
6353 1
6354 4
6355 2
6356 1
6357 4
6358 2
6359 1
6360 1
6361 2
6362 3
6363 1
6364 4
6365 4
6367 4
6369 3
6370 1
6371 3
6373 1
6374 1
6375 2
6376 3
6377 2
6378 2
6379 2
6380 1
6381 1
6382 3
6383 1
6384 4
6385 1
6386 1
6387 2
6388 2
6390 1
6391 2
6392 3
6393 2
6394 3
6395 2
6396 1
6397 1
6398 4
6399 3
6400 2
6403 3
6404 3
6405 1
6406 1
6407 1
6408 3
6409 1
6411 1
6412 2
6415 1
6416 3
6417 3
6418 4
6420 1
6421 2
6422 2
6423 2
6424 2
6426 1
6427 2
6428 2
6429 1
6430 4
6431 3
6432 2
6435 4
6437 4
6439 2
6440 2
6441 3
6442 1
6443 1
6444 4
6445 2
6446 1
6447 1
6448 4
6450 3
6451 2
6452 2
6454 1
6455 2
6456 1
6457 2
6458 1
6460 2
6461 4
6462 2
6463 2
6464 5
6465 3
6466 1
6467 3
6468 2
6470 1
6471 1
6472 2
6473 1
6474 2
6475 3
6476 4
6477 1
6478 1
6480 3
6481 4
6482 1
6483 3
6485 2
6486 1
6487 2
6488 5
6489 1
6490 1
6491 5
6492 3
6493 1
6494 4
6495 3
6496 2
6498 2
6499 3
6500 1
6501 4
6502 1
6503 1
6504 2
6505 5
6507 3
6508 2
6510 2
6511 1
6512 5
6514 2
6515 3
6517 1
6518 6
6519 1
6521 1
6522 1
6523 2
6524 1
6525 2
6528 1
6529 3
6530 2
6531 3
6532 1
6533 1
6534 2
6535 1
6536 1
6537 4
6538 4
6539 2
6540 1
6541 1
6542 5
6543 1
6544 1
6545 2
6546 1
6547 2
6548 2
6549 3
6551 1
6552 2
6553 3
6554 2
6555 2
6556 2
6558 3
6559 1
6560 1
6561 7
6562 2
6563 2
6564 3
6565 1
6566 3
6567 2
6568 1
6569 2
6570 1
6571 2
6572 2
6574 3
6575 4
6577 2
6578 3
6579 1
6580 3
6581 1
6582 1
6583 2
6584 2
6585 2
6586 2
6587 2
6588 5
6590 3
6591 4
6592 2
6593 2
6595 2
6596 2
6597 1
6598 3
6599 3
6600 1
6601 3
6602 4
6603 1
6604 2
6605 3
6606 1
6607 2
6608 2
6609 3
6610 3
6611 2
6612 2
6613 1
6614 2
6615 4
6617 3
6618 2
6619 2
6620 1
6621 1
6622 2
6623 1
6624 1
6625 4
6626 4
6628 3
6629 4
6630 2
6631 2
6634 2
6635 3
6636 1
6637 2
6638 1
6639 1
6640 1
6641 4
6642 3
6643 2
6644 2
6646 2
6647 1
6648 4
6649 1
6650 1
6652 3
6653 4
6654 1
6655 3
6656 1
6658 2
6659 2
6660 3
6661 2
6662 2
6663 3
6664 1
6665 1
6666 3
6668 4
6669 1
6670 1
6671 3
6672 3
6673 1
6674 3
6675 1
6676 2
6677 4
6678 3
6679 3
6680 2
6681 1
6682 1
6683 4
6684 2
6685 2
6686 2
6687 3
6688 5
6690 1
6691 2
6692 3
6694 2
6695 4
6696 4
6697 2
6698 2
6699 3
6700 1
6701 1
6702 1
6703 3
6704 1
6705 2
6706 1
6707 2
6708 3
6709 3
6710 1
6711 3
6712 2
6714 3
6715 2
6716 2
6718 2
6719 2
6720 2
6721 2
6722 1
6723 2
6724 3
6725 2
6726 2
6728 5
6729 3
6731 1
6732 3
6733 2
6734 1
6735 3
6736 2
6738 3
6739 3
6740 3
6741 2
6743 3
6744 1
6745 1
6747 1
6748 2
6749 3
6750 1
6751 5
6752 3
6753 3
6756 3
6757 2
6758 2
6759 2
6760 4
6761 1
6762 4
6763 1
6764 3
6765 1
6767 2
6768 1
6769 2
6770 1
6772 2
6773 3
6774 2
6775 4
6776 2
6777 3
6778 1
6780 3
6781 3
6782 2
6783 3
6784 2
6785 2
6786 2
6787 2
6789 4
6790 3
6791 1
6792 4
6793 2
6794 2
6795 1
6797 5
6798 3
6799 2
6801 2
6802 2
6803 2
6804 1
6805 2
6806 5
6807 1
6808 2
6809 3
6810 1
6811 4
6813 3
6814 2
6816 2
6817 1
6818 3
6819 1
6820 1
6821 3
6822 3
6824 6
6825 1
6826 3
6827 2
6828 1
6829 2
6830 1
6831 3
6832 1
6833 1
6834 2
6835 4
6836 5
6837 1
6838 2
6839 1
6840 2
6841 3
6842 3
6843 1
6846 3
6847 1
6848 4
6849 3
6850 3
6851 2
6852 1
6853 1
6854 2
6855 2
6856 1
6857 1
6858 4
6859 2
6860 3
6861 2
6862 2
6865 5
6867 1
6868 1
6869 1
6870 5
6871 3
6872 1
6873 4
6874 3
6875 3
6877 5
6878 4
6879 3
6880 2
6881 2
6882 1
6883 2
6884 2
6885 4
6886 5
6887 2
6889 1
6890 3
6891 1
6892 4
6893 2
6894 3
6895 1
6896 3
6897 3
6898 1
6899 2
6900 1
6901 1
6902 2
6903 2
6904 5
6905 2
6906 1
6907 2
6908 2
6909 4
6910 2
6912 4
6913 1
6914 3
6915 1
6916 4
6917 1
6919 2
6920 1
6921 3
6922 2
6923 1
6924 2
6925 2
6927 3
6928 1
6929 1
6930 2
6931 5
6932 1
6933 1
6934 1
6935 1
6936 2
6938 3
6939 2
6940 4
6941 3
6942 2
6943 4
6944 3
6945 3
6946 1
6947 5
6948 2
6949 1
6950 1
6951 4
6952 1
6953 3
6954 3
6955 2
6956 1
6957 2
6958 5
6959 3
6960 3
6961 1
6963 2
6964 3
6965 2
6966 1
6967 1
6968 2
6969 2
6970 1
6971 6
6972 3
6973 1
6974 2
6975 1
6976 1
6977 2
6978 3
6979 1
6981 2
6982 4
6983 2
6984 4
6985 4
6987 3
6988 2
6989 2
6990 1
6991 1
6992 1
6993 2
6994 3
6995 4
6996 4
6997 3
6998 1
7000 2
7001 3
7002 1
7003 3
7004 5
7005 1
7006 1
7008 4
7009 3
7010 3
7011 3
7012 4
7013 4
7014 1
7015 2
7016 1
7017 3
7018 1
7019 3
7020 4
7021 3
7022 2
7023 1
7024 2
7025 2
7026 1
7027 2
7028 4
7029 2
7030 2
7031 3
7032 3
7033 1
7034 1
7035 2
7038 2
7039 1
7040 2
7041 4
7042 2
7043 1
7044 3
7045 3
7046 1
7047 4
7049 1
7050 1
7051 3
7052 2
7053 1
7054 2
7055 4
7056 2
7057 6
7058 2
7060 1
7061 3
7062 3
7063 1
7065 4
7066 4
7067 1
7068 3
7069 3
7070 2
7071 4
7072 1
7073 2
7074 6
7075 1
7076 3
7077 4
7078 2
7079 2
7080 2
7081 5
7082 2
7083 1
7084 4
7085 5
7086 2
7088 2
7089 2
7090 4
7091 1
7092 6
7093 4
7094 2
7095 1
7096 2
7097 4
7098 5
7100 3
7101 2
7102 2
7103 3
7104 3
7105 3
7106 2
7108 3
7109 3
7110 1
7111 1
7112 1
7113 1
7114 3
7115 2
7116 1
7117 5
7118 2
7119 3
7120 2
7121 4
7122 3
7123 2
7124 1
7125 3
7126 2
7127 4
7128 2
7129 2
7130 4
7131 1
7133 1
7134 3
7135 3
7136 1
7138 5
7139 3
7141 3
7142 1
7143 2
7144 3
7145 4
7146 1
7147 3
7148 3
7149 2
7150 2
7151 4
7152 2
7153 1
7154 4
7157 2
7158 4
7159 2
7162 2
7163 2
7164 5
7165 4
7166 3
7167 2
7168 2
7169 1
7170 2
7171 5
7172 2
7173 3
7174 1
7175 2
7176 1
7177 3
7178 4
7180 1
7181 2
7182 4
7183 3
7184 2
7185 1
7187 1
7188 5
7189 3
7190 3
7191 7
7192 4
7193 3
7194 2
7195 5
7196 1
7197 2
7199 1
7200 4
7201 1
7202 4
7203 5
7205 2
7206 2
7207 2
7208 4
7209 2
7210 1
7211 2
7212 3
7214 3
7215 6
7216 3
7217 2
7218 3
7219 3
7220 1
7221 4
7222 3
7223 3
7224 1
7225 2
7226 2
7227 2
7228 2
7229 2
7231 3
7232 4
7233 1
7234 5
7235 2
7237 4
7238 1
7239 5
7241 3
7242 3
7243 2
7244 3
7245 4
7246 5
7248 2
7250 2
7251 4
7252 2
7253 3
7254 2
7255 2
7256 3
7257 2
7258 2
7259 1
7260 1
7261 4
7262 2
7263 2
7264 3
7265 4
7266 3
7267 3
7268 4
7269 2
7270 2
7271 2
7272 1
7274 3
7275 4
7276 4
7277 1
7278 5
7279 2
7280 3
7281 2
7282 2
7283 4
7284 2
7285 4
7287 2
7288 7
7289 3
7290 3
7291 4
7293 2
7294 1
7295 3
7296 2
7298 1
7299 7
7300 4
7301 3
7302 4
7303 1
7304 2
7305 2
7306 2
7307 3
7308 2
7309 1
7310 3
7311 1
7312 4
7313 3
7314 2
7315 4
7317 3
7318 2
7319 6
7320 2
7321 1
7322 3
7323 2
7324 1
7325 4
7326 3
7327 2
7328 3
7329 6
7330 2
7332 4
7333 1
7334 4
7335 2
7336 3
7337 3
7338 2
7339 1
7340 1
7341 3
7342 5
7344 7
7345 4
7346 2
7347 3
7348 1
7349 2
7350 2
7351 3
7352 3
7353 5
7355 1
7356 5
7357 2
7358 4
7361 8
7363 1
7364 3
7365 1
7366 2
7367 1
7368 5
7369 3
7370 1
7371 5
7372 2
7373 5
7374 1
7375 1
7376 1
7377 2
7378 3
7379 2
7380 2
7381 1
7382 4
7383 2
7384 1
7385 7
7386 2
7387 2
7388 5
7389 2
7390 3
7391 4
7393 4
7395 5
7396 5
7397 3
7398 3
7399 3
7400 1
7401 3
7402 6
7403 2
7404 4
7405 3
7406 4
7407 5
7408 2
7409 2
7410 4
7411 1
7412 2
7413 3
7414 3
7415 7
7416 1
7417 4
7418 2
7419 2
7420 2
7421 2
7422 5
7423 3
7424 1
7425 3
7426 5
7427 1
7428 1
7429 4
7430 2
7431 1
7432 3
7433 1
7434 2
7435 5
7436 3
7437 2
7438 3
7439 5
7440 2
7441 3
7442 1
7443 2
7444 1
7445 2
7446 3
7447 2
7448 2
7449 2
7450 3
7451 6
7452 2
7453 3
7454 2
7455 4
7456 3
7457 2
7458 1
7459 6
7460 2
7461 5
7462 2
7463 3
7464 4
7465 2
7466 3
7467 4
7468 3
7469 2
7470 3
7471 2
7472 2
7474 3
7475 2
7476 3
7477 2
7478 2
7479 3
7480 4
7481 2
7482 4
7483 3
7484 2
7485 1
7486 2
7487 3
7488 2
7489 5
7490 2
7491 4
7492 2
7493 1
7494 4
7495 5
7496 3
7497 1
7498 1
7499 3
7500 3
7501 1
7502 2
7503 4
7504 2
7505 6
7506 3
7507 4
7508 4
7509 2
7510 4
7511 4
7512 3
7513 3
7514 4
7516 2
7517 2
7518 3
7519 3
7520 3
7521 3
7522 3
7523 4
7524 5
7525 2
7526 4
7527 3
7528 2
7529 3
7530 1
7531 3
7532 4
7533 6
7534 3
7535 3
7536 2
7537 1
7538 6
7539 3
7540 2
7541 1
7543 4
7544 3
7545 2
7546 3
7547 2
7548 2
7549 4
7550 2
7551 6
7552 4
7553 1
7554 1
7555 3
7556 3
7557 4
7558 2
7559 1
7560 1
7561 2
7562 3
7563 6
7564 2
7565 3
7566 1
7567 7
7568 3
7569 4
7570 3
7571 1
7572 1
7573 3
7574 2
7575 3
7576 5
7577 4
7578 7
7579 2
7580 3
7581 2
7582 2
7583 1
7584 5
7585 3
7586 2
7587 4
7588 1
7589 4
7590 2
7591 4
7592 3
7593 2
7594 2
7595 4
7596 2
7597 5
7598 3
7599 3
7600 5
7601 4
7602 3
7603 1
7604 5
7605 3
7606 4
7607 1
7608 5
7609 2
7610 2
7611 3
7612 8
7613 6
7614 1
7615 2
7616 4
7617 4
7619 3
7620 3
7621 3
7622 1
7623 1
7624 3
7625 3
7626 1
7627 1
7628 1
7629 5
7630 3
7631 5
7632 3
7633 1
7635 5
7636 3
7637 3
7639 4
7640 6
7641 3
7642 2
7643 3
7644 4
7645 3
7646 1
7647 3
7648 3
7649 1
7650 4
7651 1
7652 3
7653 2
7654 4
7655 3
7656 1
7657 5
7658 5
7659 3
7660 2
7661 5
7662 1
7663 4
7664 5
7665 2
7666 1
7667 4
7668 4
7669 1
7670 4
7671 1
7672 4
7673 5
7674 7
7675 1
7676 2
7677 4
7678 4
7679 2
7680 2
7681 4
7682 2
7683 2
7684 2
7685 6
7686 4
7687 4
7688 2
7689 2
7690 2
7691 2
7692 1
7693 2
7694 4
7695 2
7696 3
7697 3
7698 4
7699 3
7700 2
7701 5
7702 4
7703 2
7704 4
7705 4
7706 2
7707 2
7708 5
7709 2
7710 3
7711 5
7712 4
7713 4
7714 4
7715 1
7716 2
7717 3
7718 5
7719 4
7720 4
7721 3
7723 3
7724 3
7725 6
7727 4
7728 4
7729 2
7730 3
7731 5
7732 5
7735 3
7736 2
7737 2
7738 5
7739 3
7740 2
7741 2
7742 3
7743 1
7744 2
7745 2
7746 1
7747 3
7748 2
7749 3
7750 4
7751 4
7752 3
7754 2
7755 6
7756 3
7757 5
7758 2
7759 2
7760 3
7761 1
7762 3
7763 1
7764 2
7765 2
7766 3
7767 4
7768 3
7769 3
7770 3
7771 6
7772 2
7773 1
7774 9
7775 2
7776 3
7777 2
7778 3
7779 3
7780 2
7781 2
7782 4
7783 3
7784 4
7785 2
7786 2
7787 2
7788 3
7789 2
7790 3
7791 3
7792 3
7793 4
7794 2
7795 3
7796 2
7797 4
7798 7
7799 1
7800 4
7801 6
7803 4
7804 3
7805 2
7806 2
7807 1
7808 4
7809 2
7811 7
7812 4
7813 2
7814 2
7815 3
7816 1
7817 5
7818 1
7819 2
7820 5
7821 3
7822 4
7823 4
7824 4
7825 7
7827 3
7828 5
7829 2
7830 3
7831 3
7832 2
7833 3
7834 1
7835 7
7836 2
7837 4
7838 5
7839 3
7840 1
7841 2
7842 3
7843 2
7844 5
7845 3
7846 4
7847 1
7848 5
7849 2
7850 3
7851 2
7852 3
7854 4
7855 6
7856 2
7857 4
7858 1
7859 2
7860 1
7861 2
7862 3
7863 2
7864 1
7865 5
7866 4
7867 2
7868 5
7869 2
7871 3
7872 3
7873 2
7874 5
7875 2
7876 1
7877 1
7878 5
7879 5
7880 2
7881 6
7882 1
7883 1
7884 3
7885 4
7887 2
7888 1
7889 2
7890 7
7891 3
7892 5
7893 4
7895 3
7896 2
7897 5
7898 5
7899 3
7900 6
7901 4
7903 3
7904 2
7905 5
7906 1
7907 2
7908 7
7909 3
7910 3
7911 5
7912 3
7913 1
7914 2
7915 3
7916 5
7917 3
7918 5
7919 2
7920 3
7921 4
7922 4
7923 1
7924 3
7925 6
7927 3
7928 3
7929 5
7930 3
7931 3
7932 4
7933 3
7934 2
7935 1
7936 2
7937 2
7938 3
7939 2
7941 6
7942 5
7943 2
7944 2
7945 4
7946 6
7947 2
7948 4
7949 2
7950 2
7951 3
7952 5
7953 1
7954 2
7955 2
7956 2
7957 3
7958 3
7959 3
7960 2
7961 6
7962 3
7963 1
7964 3
7965 4
7966 3
7968 2
7969 4
7970 3
7971 4
7972 5
7973 4
7974 2
7975 5
7976 5
7977 3
7978 5
7980 4
7981 3
7982 4
7983 2
7984 1
7985 4
7986 3
7987 2
7988 6
7989 5
7990 3
7991 3
7993 5
7994 5
7995 6
7996 3
7997 2
7998 4
7999 4
8000 1
8001 1
8002 3
8003 3
8004 3
8005 5
8006 3
8007 4
8008 1
8009 3
8010 4
8011 5
8012 3
8014 4
8015 3
8016 3
8017 2
8018 7
8019 6
8020 3
8021 2
8022 3
8023 3
8024 3
8025 1
8026 7
8027 6
8028 2
8029 4
8030 3
8031 3
8032 2
8033 2
8034 6
8035 6
8036 1
8037 4
8038 1
8039 4
8040 3
8041 3
8042 8
8043 3
8044 5
8045 2
8046 6
8047 2
8048 5
8049 2
8050 2
8051 3
8052 2
8053 4
8054 1
8055 7
8056 4
8057 1
8058 4
8059 5
8060 1
8061 8
8062 3
8063 1
8064 2
8065 2
8066 3
8068 4
8069 4
8070 1
8071 4
8072 5
8073 5
8074 2
8075 2
8076 1
8077 2
8078 4
8079 2
8080 2
8081 2
8082 1
8083 5
8084 2
8085 6
8086 4
8087 3
8088 7
8089 1
8090 4
8091 5
8092 4
8093 4
8094 3
8095 3
8096 4
8097 1
8098 6
8099 6
8100 3
8101 1
8102 3
8103 1
8104 3
8105 5
8106 4
8107 8
8108 2
8109 3
8110 5
8111 1
8112 9
8113 1
8114 3
8115 6
8116 3
8117 3
8118 6
8119 1
8120 4
8121 3
8122 6
8123 5
8124 2
8125 3
8126 3
8127 2
8128 1
8129 6
8130 2
8131 3
8132 3
8133 3
8134 5
8135 2
8136 2
8137 2
8138 2
8139 3
8140 2
8141 3
8142 4
8143 3
8144 7
8145 2
8146 2
8147 2
8148 2
8149 6
8150 3
8151 2
8152 3
8153 5
8154 3
8155 4
8156 5
8157 1
8158 6
8159 5
8160 3
8161 3
8162 3
8163 3
8164 4
8165 3
8166 3
8167 4
8168 6
8169 5
8171 3
8172 5
8173 3
8176 4
8177 4
8178 4
8179 3
8180 5
8181 4
8182 3
8183 2
8184 4
8185 3
8186 3
8187 2
8188 4
8189 1
8190 4
8191 4
8192 4
8193 1
8194 2
8195 7
8196 6
8197 3
8198 2
8199 3
8200 2
8201 3
8202 4
8203 1
8204 2
8205 3
8206 2
8207 5
8208 2
8209 8
8210 2
8211 2
8212 2
8213 2
8214 4
8215 3
8216 5
8217 3
8218 2
8219 4
8220 5
8221 5
8222 6
8223 4
8224 3
8225 4
8226 5
8227 1
8228 1
8229 2
8230 2
8231 5
8232 5
8233 4
8234 5
8235 2
8237 4
8238 5
8239 3
8240 4
8241 4
8242 4
8243 3
8244 2
8245 3
8246 4
8247 3
8248 3
8249 3
8250 5
8251 4
8253 5
8254 4
8255 3
8256 3
8257 3
8258 3
8259 3
8260 2
8261 3
8262 4
8263 2
8264 3
8265 6
8266 5
8267 2
8268 4
8269 2
8270 4
8271 3
8272 2
8273 2
8274 2
8275 4
8276 2
8277 2
8278 5
8279 7
8280 1
8282 6
8283 2
8284 4
8285 2
8286 2
8287 4
8288 3
8289 1
8290 3
8291 2
8292 6
8293 4
8294 8
8295 3
8296 1
8297 3
8298 3
8299 4
8300 2
8301 1
8302 3
8303 7
8304 2
8305 11
8306 4
8307 4
8308 2
8310 4
8311 6
8312 4
8313 3
8314 3
8315 1
8316 6
8317 6
8318 4
8319 4
8320 3
8321 4
8322 3
8323 4
8324 1
8325 1
8326 4
8327 4
8328 1
8329 5
8330 5
8331 3
8332 3
8333 1
8334 2
8335 3
8336 2
8337 4
8338 3
8339 5
8340 6
8341 3
8342 3
8343 4
8344 2
8345 2
8346 3
8347 2
8348 2
8349 1
8350 2
8351 5
8352 5
8353 1
8354 4
8355 3
8356 4
8357 3
8358 5
8359 3
8360 6
8361 3
8362 5
8363 2
8364 6
8365 3
8366 2
8367 6
8368 2
8369 1
8370 2
8371 4
8372 5
8373 2
8374 4
8375 4
8376 2
8377 3
8378 6
8379 3
8380 2
8381 3
8382 3
8383 2
8384 5
8385 6
8386 5
8387 2
8388 5
8389 3
8390 4
8391 6
8392 2
8393 2
8394 2
8395 3
8397 2
8398 1
8399 1
8400 4
8401 6
8402 5
8403 7
8404 5
8405 4
8406 2
8407 2
8408 6
8410 3
8411 2
8412 4
8413 4
8414 4
8415 4
8416 5
8417 2
8418 1
8419 4
8420 4
8421 4
8422 3
8423 2
8424 5
8425 5
8426 3
8427 5
8428 8
8429 7
8430 2
8431 3
8432 4
8433 2
8434 3
8435 5
8436 2
8437 4
8438 4
8439 5
8440 7
8441 1
8442 1
8444 3
8445 4
8446 4
8447 6
8448 2
8449 1
8450 3
8451 2
8452 6
8453 3
8454 3
8455 3
8456 2
8457 2
8458 3
8459 6
8460 2
8461 1
8462 2
8463 3
8464 5
8465 3
8466 5
8467 1
8468 5
8469 3
8470 2
8471 3
8472 2
8473 2
8474 4
8475 4
8476 4
8477 3
8478 4
8479 2
8480 1
8481 6
8482 5
8483 3
8484 6
8485 4
8486 2
8487 4
8488 5
8489 3
8490 4
8491 5
8492 2
8493 5
8494 5
8495 3
8496 3
8497 3
8498 6
8499 3
8500 1
8501 9
8502 3
8503 4
8504 3
8505 3
8506 2
8507 2
8508 3
8509 1
8510 4
8511 4
8512 6
8513 5
8514 3
8515 4
8516 1
8517 3
8518 3
8519 2
8520 4
8521 4
8522 3
8523 2
8524 3
8525 8
8526 4
8527 4
8528 5
8530 3
8531 1
8532 5
8533 2
8534 1
8535 3
8536 5
8537 5
8538 8
8539 1
8540 1
8541 4
8542 5
8543 3
8544 2
8545 1
8546 2
8547 5
8548 2
8549 4
8550 6
8551 4
8552 6
8554 5
8555 6
8556 5
8557 4
8558 4
8559 3
8560 2
8561 2
8562 6
8563 3
8564 6
8565 6
8566 7
8567 1
8569 5
8570 2
8571 6
8572 1
8573 4
8574 7
8575 4
8576 2
8577 1
8578 3
8579 4
8581 8
8582 6
8583 1
8584 7
8585 3
8586 3
8587 2
8588 1
8589 4
8590 4
8591 2
8592 1
8593 4
8594 2
8595 6
8596 3
8598 12
8599 3
8600 2
8601 5
8603 2
8604 3
8605 5
8606 4
8607 2
8608 9
8609 4
8610 6
8611 3
8612 3
8614 3
8615 5
8616 3
8617 6
8618 1
8619 5
8620 7
8621 2
8622 7
8623 4
8624 3
8625 7
8626 3
8627 6
8628 9
8629 2
8630 4
8631 1
8632 5
8633 4
8634 2
8635 8
8636 3
8637 1
8638 6
8639 5
8640 1
8641 4
8642 3
8643 2
8644 5
8645 4
8646 4
8647 4
8648 4
8649 5
8651 5
8652 8
8653 1
8654 4
8655 3
8656 2
8657 3
8658 3
8659 5
8660 2
8661 1
8662 3
8663 2
8664 4
8665 2
8666 2
8667 1
8668 4
8669 6
8671 5
8672 9
8673 9
8674 5
8675 3
8676 6
8677 3
8678 3
8679 4
8680 1
8681 6
8682 3
8683 3
8684 4
8685 3
8686 3
8687 4
8688 5
8689 3
8690 4
8691 2
8692 6
8693 4
8694 1
8695 6
8696 6
8697 4
8698 4
8699 3
8700 2
8701 4
8702 4
8703 5
8704 4
8705 4
8706 2
8707 3
8708 5
8709 3
8710 1
8711 2
8712 3
8713 3
8714 3
8715 5
8716 5
8717 4
8718 5
8719 5
8720 5
8721 5
8722 3
8723 3
8724 4
8725 5
8726 5
8727 4
8728 1
8729 2
8730 3
8731 5
8732 8
8733 3
8734 8
8735 4
8736 5
8737 4
8738 3
8739 4
8740 2
8741 3
8742 7
8743 3
8744 3
8745 7
8746 9
8747 5
8748 4
8749 6
8750 1
8751 6
8752 3
8753 2
8754 4
8755 3
8756 4
8757 3
8758 5
8759 6
8760 4
8761 5
8762 5
8763 5
8764 4
8765 3
8766 3
8768 3
8769 9
8770 5
8771 4
8772 3
8773 3
8774 2
8775 6
8776 4
8777 2
8778 3
8779 1
8780 8
8781 4
8782 6
8783 3
8784 2
8785 4
8786 5
8787 3
8788 6
8789 7
8791 4
8792 3
8793 5
8794 3
8795 3
8796 3
8797 5
8798 5
8799 3
8800 8
8802 5
8803 1
8804 5
8805 4
8806 4
8807 3
8808 5
8809 2
8810 5
8811 5
8812 5
8813 6
8814 5
8815 5
8816 2
8817 5
8818 4
8819 4
8820 3
8821 6
8822 4
8823 3
8824 1
8825 6
8826 7
8827 1
8828 4
8829 5
8830 3
8831 2
8832 5
8833 4
8834 9
8835 2
8836 2
8837 5
8838 2
8839 5
8840 1
8841 3
8842 9
8843 4
8844 2
8845 6
8846 2
8847 2
8848 4
8849 7
8850 4
8852 6
8853 7
8854 5
8855 4
8856 2
8857 3
8858 4
8859 3
8860 4
8861 1
8862 4
8863 3
8864 1
8865 3
8866 7
8867 2
8868 5
8869 5
8870 2
8871 5
8872 6
8873 3
8874 3
8875 2
8876 6
8877 7
8878 2
8879 3
8880 5
8881 5
8882 4
8883 4
8884 3
8885 7
8886 6
8887 6
8888 3
8889 3
8890 3
8891 4
8892 4
8893 3
8894 4
8895 6
8896 8
8897 2
8898 6
8899 6
8900 3
8901 3
8903 3
8904 4
8905 1
8906 2
8907 8
8908 2
8909 4
8910 7
8911 4
8912 3
8914 5
8915 6
8916 3
8917 5
8918 2
8919 4
8920 3
8921 4
8922 5
8923 7
8924 4
8925 3
8926 5
8927 3
8928 4
8929 3
8930 1
8931 6
8932 6
8933 3
8934 4
8935 1
8936 5
8937 3
8938 4
8939 5
8940 6
8941 4
8942 5
8943 4
8944 3
8945 7
8946 2
8947 5
8948 4
8949 3
8950 5
8951 4
8952 4
8953 5
8954 2
8955 3
8956 3
8957 1
8958 8
8959 2
8960 3
8961 5
8962 3
8963 3
8964 4
8965 5
8966 1
8967 3
8968 3
8969 7
8970 6
8971 1
8972 4
8973 2
8974 2
8975 4
8976 5
8977 3
8978 2
8979 3
8980 5
8981 2
8982 4
8983 5
8984 5
8985 2
8986 3
8987 4
8988 2
8989 6
8990 1
8991 3
8992 5
8993 6
8994 6
8995 3
8996 4
8997 3
8998 2
8999 4
9000 2
9001 2
9002 6
9003 4
9004 6
9005 6
9006 5
9007 6
9008 4
9009 4
9010 3
9011 5
9012 3
9013 6
9014 5
9015 4
9016 2
9017 3
9018 2
9019 7
9020 6
9021 4
9022 1
9023 1
9024 4
9025 2
9026 4
9027 3
9028 3
9029 2
9030 6
9031 4
9032 6
9033 5
9034 3
9035 2
9036 3
9037 5
9038 7
9039 2
9040 4
9041 3
9042 3
9043 4
9044 5
9045 4
9046 6
9047 2
9048 9
9049 4
9050 6
9051 3
9052 1
9053 3
9054 4
9056 2
9057 7
9058 3
9059 6
9060 3
9061 4
9062 4
9063 1
9064 4
9065 8
9066 3
9067 4
9068 5
9069 2
9070 6
9071 1
9072 6
9073 3
9074 4
9075 6
9076 3
9077 5
9078 5
9079 5
9080 5
9081 6
9082 5
9083 2
9084 1
9085 5
9086 3
9087 7
9088 3
9089 4
9090 2
9091 5
9092 7
9093 6
9094 5
9097 4
9098 4
9099 2
9100 2
9101 3
9102 3
9103 5
9104 2
9105 6
9106 6
9108 3
9109 2
9110 4
9111 7
9112 5
9113 6
9114 2
9115 3
9116 7
9117 3
9118 5
9119 5
9120 3
9121 8
9122 3
9123 2
9124 4
9125 3
9126 2
9127 4
9128 6
9129 7
9130 8
9131 3
9132 4
9133 3
9134 5
9135 5
9136 3
9137 6
9138 6
9139 3
9140 3
9141 4
9142 5
9143 6
9144 4
9145 7
9146 4
9147 5
9148 2
9149 3
9150 1
9151 4
9152 2
9153 4
9154 7
9155 8
9156 3
9157 2
9158 4
9159 5
9160 2
9161 3
9162 4
9163 5
9164 2
9165 5
9166 5
9167 7
9168 3
9169 2
9170 2
9171 2
9172 3
9173 1
9174 7
9175 3
9176 2
9177 3
9178 5
9179 3
9180 3
9181 3
9182 4
9183 5
9184 3
9185 5
9186 5
9187 4
9188 2
9189 7
9190 2
9191 7
9192 2
9193 5
9194 5
9195 4
9196 4
9197 2
9198 6
9199 3
9200 4
9201 6
9202 6
9203 3
9204 3
9205 2
9206 3
9207 3
9208 7
9209 5
9210 5
9211 6
9212 6
9213 4
9214 2
9215 6
9216 2
9217 4
9218 5
9219 4
9220 4
9221 2
9222 5
9223 3
9224 4
9225 3
9226 6
9227 6
9228 7
9229 2
9230 3
9231 6
9232 5
9233 3
9234 3
9235 3
9236 2
9237 4
9238 4
9239 5
9240 8
9241 4
9242 5
9243 2
9244 3
9245 1
9246 2
9247 6
9248 6
9249 1
9250 3
9251 6
9252 5
9253 5
9254 4
9255 9
9256 4
9257 4
9258 2
9259 5
9260 3
9261 4
9262 3
9263 6
9264 7
9265 4
9266 2
9267 1
9268 5
9269 4
9270 3
9271 6
9272 4
9273 3
9274 7
9275 3
9276 2
9277 3
9278 6
9279 7
9281 9
9282 4
9283 4
9284 5
9285 5
9286 4
9287 1
9288 3
9289 3
9290 3
9291 2
9292 6
9293 4
9294 1
9295 3
9296 4
9297 3
9298 8
9299 3
9300 2
9301 6
9302 3
9303 3
9304 3
9305 3
9306 5
9307 2
9308 6
9309 4
9310 3
9311 5
9312 4
9313 2
9314 3
9315 2
9316 3
9317 5
9318 5
9319 3
9320 7
9321 2
9322 6
9323 3
9324 2
9325 13
9326 4
9327 5
9328 7
9329 3
9330 3
9331 5
9332 3
9333 3
9334 3
9335 7
9336 7
9337 6
9338 1
9339 2
9340 2
9341 4
9342 5
9343 4
9344 6
9345 1
9346 4
9347 6
9348 3
9349 8
9350 3
9351 1
9352 6
9353 1
9354 3
9355 7
9356 2
9357 5
9358 1
9359 5
9360 3
9361 2
9362 6
9363 5
9364 1
9365 5
9366 4
9367 1
9368 7
9369 2
9371 8
9372 4
9373 4
9374 5
9375 2
9376 6
9377 2
9378 6
9379 5
9380 4
9381 9
9382 4
9383 1
9384 2
9385 4
9386 3
9387 4
9388 1
9389 7
9390 2
9391 4
9392 5
9393 4
9394 2
9395 4
9396 4
9397 2
9398 5
9399 5
9400 6
9401 4
9402 4
9403 5
9404 2
9405 5
9406 4
9408 7
9409 7
9410 3
9411 3
9412 3
9413 2
9414 4
9415 4
9416 1
9417 4
9418 4
9419 4
9420 3
9421 1
9422 9
9423 4
9424 4
9425 4
9427 3
9428 4
9429 4
9430 1
9431 3
9432 5
9433 8
9434 5
9435 5
9436 4
9438 3
9439 4
9440 2
9441 3
9442 6
9443 4
9444 7
9445 2
9446 8
9447 4
9448 3
9449 2
9450 2
9451 7
9452 3
9453 5
9454 6
9455 3
9456 3
9457 4
9458 4
9459 8
9460 4
9461 5
9462 6
9463 6
9464 4
9466 4
9467 2
9468 4
9469 5
9470 3
9471 5
9472 4
9473 3
9474 4
9475 7
9476 6
9477 1
9478 6
9479 6
9480 2
9481 3
9482 2
9483 3
9484 3
9485 5
9486 5
9487 5
9488 6
9489 2
9490 6
9491 3
9492 6
9493 2
9495 7
9496 4
9497 3
9498 3
9499 4
9500 5
9501 3
9502 5
9503 3
9504 2
9505 8
9506 4
9507 7
9508 6
9509 2
9510 2
9511 3
9512 5
9513 3
9514 2
9515 4
9516 8
9517 1
9518 6
9519 7
9520 3
9521 3
9522 4
9523 3
9524 6
9525 8
9526 1
9527 6
9528 1
9529 8
9530 5
9531 5
9532 5
9533 4
9534 4
9535 3
9536 5
9537 3
9538 3
9539 6
9540 5
9541 5
9542 10
9543 3
9544 4
9545 1
9547 2
9548 4
9549 5
9550 4
9551 2
9552 4
9553 6
9554 4
9555 3
9556 5
9557 4
9558 3
9559 4
9560 3
9561 4
9562 1
9563 4
9564 3
9565 4
9566 5
9567 2
9568 4
9569 6
9570 4
9571 3
9572 5
9573 5
9574 4
9575 5
9576 4
9577 5
9578 2
9579 4
9580 7
9581 4
9582 3
9583 3
9584 2
9585 7
9586 4
9587 6
9588 6
9589 6
9590 2
9591 3
9592 2
9593 8
9594 3
9595 6
9596 7
9597 5
9598 6
9599 8
9600 4
9601 5
9602 4
9603 3
9604 7
9605 3
9606 2
9607 5
9608 4
9609 3
9610 3
9611 4
9612 5
9613 4
9614 4
9615 6
9616 7
9617 2
9618 2
9619 4
9620 3
9621 4
9622 5
9623 7
9624 3
9625 6
9626 3
9627 4
9628 5
9629 5
9630 3
9631 3
9632 2
9633 2
9634 5
9635 3
9636 4
9637 8
9638 3
9639 6
9640 5
9641 7
9642 8
9643 3
9644 5
9645 4
9646 2
9647 3
9648 5
9649 3
9650 7
9651 4
9652 5
9653 10
9654 2
9655 4
9656 1
9657 2
9658 7
9659 5
9660 5
9661 6
9662 4
9663 3
9664 3
9665 4
9666 8
9667 5
9668 4
9669 4
9670 2
9671 1
9672 8
9673 4
9674 2
9675 3
9676 5
9677 6
9678 2
9679 2
9680 3
9681 4
9682 2
9683 4
9684 5
9685 4
9686 4
9687 3
9688 3
9689 4
9690 5
9691 2
9692 4
9693 2
9694 3
9695 4
9696 5
9697 7
9698 4
9699 4
9700 3
9701 6
9702 6
9703 7
9704 5
9705 2
9706 6
9707 6
9708 1
9709 2
9710 6
9711 4
9712 8
9713 3
9714 4
9715 4
9716 3
9717 1
9718 5
9719 5
9720 4
9721 7
9722 2
9723 8
9724 4
9725 5
9726 4
9727 3
9728 3
9729 2
9730 4
9731 7
9732 5
9733 4
9734 6
9735 6
9736 3
9737 3
9738 7
9739 3
9740 5
9741 3
9742 3
9743 2
9744 3
9745 3
9746 6
9747 6
9748 3
9749 5
9750 7
9751 4
9753 2
9754 3
9755 3
9756 2
9757 4
9758 3
9759 4
9760 5
9761 2
9762 3
9763 8
9764 4
9765 7
9766 3
9767 4
9768 3
9769 6
9770 3
9771 2
9772 5
9773 6
9774 7
9775 9
9776 4
9777 6
9778 5
9779 4
9780 2
9781 3
9782 1
9783 2
9784 6
9785 2
9786 7
9787 5
9788 5
9789 6
9790 1
9791 4
9792 9
9793 4
9794 6
9795 4
9796 3
9797 7
9798 5
9799 4
9800 3
9801 6
9802 7
9803 3
9804 4
9805 2
9806 5
9807 7
9808 7
9809 3
9810 3
9811 6
9812 4
9813 3
9814 1
9815 2
9816 2
9817 1
9818 8
9819 6
9820 8
9821 8
9822 3
9823 4
9824 3
9825 3
9826 2
9827 2
9828 4
9829 2
9830 5
9831 3
9832 4
9833 8
9834 1
9835 7
9836 6
9837 3
9838 6
9839 3
9840 4
9841 6
9842 5
9843 4
9844 2
9845 7
9846 6
9847 5
9848 7
9849 4
9850 2
9851 5
9852 3
9853 4
9854 6
9855 4
9856 3
9857 7
9858 2
9859 8
9860 4
9861 4
9862 5
9863 3
9864 7
9865 8
9866 5
9867 4
9868 2
9869 3
9870 5
9871 3
9872 8
9873 4
9874 2
9875 4
9876 2
9877 1
9878 2
9880 1
9881 4
9882 6
9883 3
9884 7
9885 5
9886 8
9887 1
9888 4
9889 5
9890 4
9891 4
9892 3
9893 3
9894 7
9895 4
9896 3
9897 4
9898 3
9899 4
9900 3
9901 6
9902 2
9903 4
9904 3
9905 7
9906 4
9907 1
9908 7
9909 7
9910 9
9911 4
9912 4
9913 4
9914 4
9915 4
9916 7
9917 1
9918 7
9919 3
9920 2
9921 6
9922 2
9923 3
9924 3
9925 4
9926 3
9927 6
9928 8
9929 6
9930 3
9931 5
9932 6
9933 4
9934 4
9935 3
9936 3
9937 4
9938 6
9939 3
9940 5
9941 2
9942 4
9943 2
9944 4
9945 8
9946 2
9947 5
9948 2
9949 4
9950 2
9951 4
9952 3
9953 5
9954 7
9955 8
9956 5
9957 6
9958 5
9959 6
9960 2
9961 4
9962 7
9963 3
9964 3
9965 3
9966 3
9967 6
9968 6
9969 8
9970 3
9971 9
9972 4
9973 3
9974 5
9975 4
9976 3
9977 2
9978 5
9979 5
9980 4
9981 3
9982 9
9983 8
9984 4
9985 3
9986 4
9987 1
9988 5
9989 6
9990 2
9991 4
9992 3
9993 5
9994 4
9995 4
9996 4
9997 2
9998 5
9999 4
10000 4
10001 7
10002 5
10003 1
10004 1
10005 4
10006 8
10007 2
10008 6
10009 2
10010 3
10011 5
10012 4
10013 5
10014 2
10015 5
10016 2
10017 6
10018 5
10019 6
10020 1
10021 2
10022 5
10023 3
10024 6
10025 5
10026 5
10027 3
10028 3
10029 3
10030 4
10031 6
10032 3
10033 4
10034 7
10035 6
10036 3
10037 5
10038 2
10039 4
10040 2
10041 4
10042 5
10043 2
10044 4
10045 8
10046 4
10047 8
10048 4
10049 4
10050 4
10051 4
10052 5
10053 2
10054 5
10055 9
10056 5
10057 2
10058 4
10059 2
10060 2
10061 2
10062 7
10063 6
10064 3
10065 5
10066 6
10067 4
10068 5
10069 2
10070 2
10071 7
10072 2
10073 1
10074 3
10075 4
10076 6
10077 2
10078 1
10079 11
10080 4
10081 3
10082 4
10084 5
10085 4
10086 6
10087 1
10088 2
10089 8
10090 5
10091 5
10092 6
10093 3
10094 3
10095 8
10096 3
10097 3
10098 5
10099 4
10100 4
10101 5
10102 3
10103 6
10104 4
10105 6
10106 6
10107 3
10108 9
10109 8
10110 5
10111 3
10112 4
10113 2
10114 5
10115 2
10116 5
10117 4
10118 3
10119 6
10120 6
10121 1
10122 6
10123 6
10124 3
10125 4
10127 5
10128 5
10129 5
10130 5
10132 6
10133 6
10134 2
10135 4
10136 8
10137 1
10138 4
10139 3
10140 2
10141 7
10142 2
10143 2
10144 6
10145 4
10146 3
10147 4
10148 2
10149 6
10150 3
10151 5
10152 9
10153 5
10154 7
10155 4
10156 3
10157 3
10158 5
10159 3
10160 7
10161 5
10162 6
10163 5
10164 2
10165 4
10166 6
10167 2
10168 7
10169 6
10170 2
10171 9
10172 1
10173 5
10174 4
10175 4
10176 7
10177 4
10178 7
10179 3
10180 4
10181 4
10182 6
10183 3
10184 4
10185 3
10186 3
10187 5
10188 3
10189 7
10190 4
10191 2
10192 5
10193 2
10195 8
10196 4
10197 3
10198 5
10199 4
10200 4
10201 3
10202 8
10203 2
10204 1
10205 4
10206 7
10207 6
10208 2
10209 4
10210 1
10211 3
10212 5
10213 5
10214 3
10215 8
10216 5
10217 6
10218 4
10219 5
10220 5
10221 3
10222 6
10223 4
10224 2
10225 4
10226 7
10227 9
10228 5
10229 3
10230 4
10231 2
10232 9
10233 6
10234 3
10235 4
10236 3
10237 1
10238 2
10239 9
10240 4
10241 7
10242 4
10243 4
10244 7
10245 4
10246 7
10247 2
10248 1
10249 7
10250 6
10251 5
10252 6
10253 2
10254 4
10255 2
10256 7
10257 6
10258 5
10259 4
10260 4
10261 5
10262 3
10263 4
10264 3
10265 3
10266 4
10267 4
10268 4
10269 6
10270 6
10271 2
10272 3
10273 4
10274 3
10275 5
10276 2
10277 4
10278 8
10279 4
10280 5
10281 4
10282 3
10283 7
10284 3
10285 8
10286 6
10287 5
10288 8
10289 4
10290 5
10291 3
10292 5
10293 6
10294 5
10295 6
10296 4
10297 3
10298 4
10299 5
10300 4
10301 6
10302 9
10303 4
10304 4
10305 5
10306 6
10307 5
10309 1
10310 5
10311 2
10312 8
10313 4
10314 6
10315 8
10316 5
10317 4
10318 4
10319 5
10320 3
10321 2
10322 3
10323 6
10324 7
10325 4
10326 6
10327 4
10328 4
10329 8
10330 6
10331 4
10332 4
10333 1
10334 8
10335 6
10336 6
10337 2
10338 3
10339 4
10340 3
10341 6
10342 4
10343 11
10345 3
10346 4
10347 4
10348 5
10349 7
10350 7
10351 4
10352 5
10353 5
10354 4
10355 4
10356 8
10357 5
10358 7
10359 4
10360 5
10361 2
10362 5
10363 3
10364 3
10365 5
10366 6
10367 7
10368 6
10369 4
10370 2
10371 4
10372 4
10373 4
10374 4
10375 4
10376 6
10377 5
10378 4
10379 4
10380 11
10381 3
10382 4
10383 2
10384 3
10385 4
10386 1
10387 4
10388 8
10389 4
10390 4
10391 5
10392 3
10393 5
10394 2
10395 6
10396 7
10397 2
10398 2
10399 5
10400 7
10401 1
10402 6
10403 4
10404 6
10405 3
10406 3
10407 4
10408 2
10409 7
10410 2
10411 6
10412 4
10413 6
10414 4
10415 2
10416 2
10417 3
10418 2
10419 5
10420 5
10421 4
10422 5
10423 7
10424 4
10425 4
10426 6
10427 3
10428 7
10429 4
10430 4
10431 5
10432 3
10433 4
10434 4
10435 4
10436 2
10437 5
10438 3
10439 13
10440 5
10441 5
10442 3
10443 2
10444 2
10445 5
10446 6
10447 5
10448 4
10449 2
10450 9
10451 4
10452 4
10453 6
10454 3
10455 3
10457 3
10458 2
10459 2
10460 6
10461 4
10462 2
10463 5
10464 7
10465 6
10466 4
10467 1
10468 4
10469 1
10470 3
10471 4
10472 1
10473 4
10474 8
10475 5
10476 5
10477 10
10478 3
10479 1
10480 2
10481 1
10482 2
10483 3
10484 5
10485 5
10486 5
10487 4
10488 5
10489 4
10490 5
10491 6
10492 6
10493 3
10494 7
10495 3
10496 6
10497 5
10498 3
10499 4
10500 4
10501 7
10502 5
10503 1
10504 3
10505 5
10506 4
10507 2
10508 6
10509 3
10510 4
10511 4
10512 5
10513 4
10514 2
10515 4
10516 4
10517 3
10518 6
10519 6
10520 4
10521 6
10522 2
10523 6
10524 3
10525 4
10526 5
10527 3
10528 3
10529 4
10530 3
10531 3
10532 2
10533 3
10534 5
10535 6
10536 3
10537 4
10538 6
10539 4
10540 4
10541 3
10542 3
10543 3
10544 1
10545 6
10546 4
10547 6
10548 7
10549 6
10550 7
10551 2
10553 4
10554 4
10555 4
10556 7
10557 6
10558 4
10559 5
10560 5
10561 5
10562 9
10563 7
10564 1
10565 3
10566 2
10567 2
10568 5
10569 4
10570 3
10571 2
10572 5
10573 6
10574 8
10575 2
10576 2
10577 1
10578 4
10579 2
10580 2
10581 6
10583 1
10584 7
10585 2
10586 5
10587 5
10589 4
10590 1
10591 5
10592 6
10593 5
10594 7
10595 1
10596 4
10597 4
10598 2
10599 3
10600 9
10601 1
10602 8
10603 3
10604 2
10605 5
10608 5
10609 4
10610 4
10611 8
10612 2
10613 7
10614 2
10615 7
10616 5
10617 2
10618 7
10619 5
10620 3
10621 5
10622 4
10623 3
10624 7
10625 3
10626 5
10627 4
10628 5
10629 1
10630 4
10631 3
10632 4
10633 3
10634 1
10635 7
10636 6
10637 5
10638 2
10639 3
10640 3
10641 3
10642 5
10643 1
10644 4
10645 4
10646 6
10647 4
10648 4
10649 3
10651 3
10652 3
10653 2
10654 5
10655 8
10656 5
10657 4
10658 3
10659 9
10660 3
10661 3
10662 3
10663 1
10664 3
10665 5
10666 3
10667 5
10668 3
10669 3
10670 7
10671 6
10672 7
10673 2
10674 3
10675 5
10676 4
10677 3
10678 2
10679 4
10680 5
10681 6
10682 4
10683 6
10684 7
10685 2
10686 4
10687 1
10688 7
10689 6
10690 4
10691 7
10692 3
10693 4
10694 2
10695 3
10696 7
10697 3
10698 7
10699 5
10700 5
10701 5
10702 1
10703 4
10704 2
10705 3
10706 2
10707 4
10708 7
10709 7
10710 5
10711 2
10712 4
10713 4
10714 1
10715 8
10716 4
10717 2
10718 5
10719 3
10720 4
10721 7
10722 4
10723 5
10724 4
10725 4
10726 2
10727 4
10728 5
10729 5
10730 1
10731 1
10732 8
10733 3
10734 3
10735 5
10736 2
10737 5
10738 5
10739 4
10740 5
10741 3
10742 9
10743 3
10744 6
10745 6
10746 4
10747 2
10748 2
10749 4
10750 2
10751 4
10752 5
10753 4
10754 6
10755 7
10756 6
10757 4
10758 3
10759 3
10760 1
10761 6
10762 10
10763 2
10764 4
10765 3
10766 5
10767 4
10768 3
10769 6
10770 4
10771 3
10772 4
10773 3
10774 4
10775 2
10776 5
10777 3
10778 5
10779 5
10780 3
10781 5
10782 5
10783 4
10784 1
10785 4
10786 2
10787 3
10788 4
10789 5
10790 3
10791 3
10792 4
10793 6
10794 4
10795 3
10796 3
10798 6
10799 2
10800 2
10801 5
10802 5
10803 5
10804 1
10805 4
10806 10
10807 9
10808 6
10809 7
10810 3
10811 4
10812 5
10813 5
10814 2
10815 4
10816 4
10817 5
10818 5
10819 3
10820 4
10821 4
10822 7
10823 4
10824 6
10825 6
10826 3
10827 4
10828 4
10829 4
10830 7
10831 3
10832 4
10833 6
10834 1
10835 8
10836 7
10837 5
10838 6
10839 3
10840 2
10841 6
10842 4
10843 2
10844 6
10845 2
10846 3
10847 3
10848 1
10849 7
10850 6
10851 3
10852 5
10853 4
10854 5
10855 5
10856 3
10857 4
10858 2
10859 4
10860 4
10861 4
10862 4
10863 4
10864 3
10865 5
10866 6
10867 1
10868 9
10869 1
10870 4
10871 7
10872 3
10873 5
10874 7
10875 4
10876 5
10877 2
10878 5
10879 9
10880 7
10881 7
10882 4
10883 3
10884 2
10885 5
10886 3
10887 4
10888 3
10889 7
10890 7
10891 2
10892 5
10893 3
10895 7
10896 4
10897 3
10898 6
10899 3
10900 3
10901 2
10902 3
10903 9
10904 4
10905 5
10906 4
10907 2
10908 1
10909 5
10910 4
10911 3
10912 2
10913 3
10914 6
10915 6
10916 5
10917 5
10918 1
10919 6
10920 4
10922 5
10923 7
10924 4
10925 7
10926 3
10927 5
10928 4
10929 4
10930 3
10931 3
10932 7
10933 3
10934 7
10935 5
10936 6
10937 1
10938 4
10939 5
10940 4
10941 5
10942 3
10943 6
10944 6
10945 5
10946 2
10947 5
10948 5
10949 5
10950 2
10951 2
10952 4
10953 4
10954 6
10955 4
10956 2
10957 4
10958 2
10959 5
10960 7
10961 2
10962 4
10963 3
10964 1
10965 1
10966 5
10967 2
10968 8
10969 3
10970 4
10971 6
10972 4
10973 4
10974 2
10975 2
10976 8
10977 4
10978 4
10979 5
10980 1
10981 3
10982 2
10983 6
10984 2
10985 5
10986 8
10987 9
10988 6
10989 4
10990 3
10991 2
10992 3
10993 2
10994 4
10995 1
10996 3
10997 6
10998 1
10999 4
11000 8
11001 2
11002 7
11003 4
11004 2
11005 9
11006 6
11007 3
11008 1
11009 4
11010 7
11011 5
11012 6
11013 5
11014 8
11015 7
11016 3
11017 3
11018 4
11019 4
11020 6
11021 5
11022 4
11023 6
11024 1
11025 4
11026 5
11027 1
11028 4
11029 7
11030 5
11031 6
11032 4
11033 8
11034 5
11035 4
11036 2
11037 3
11038 4
11039 6
11040 2
11041 6
11042 5
11043 4
11044 7
11045 3
11046 6
11047 1
11048 4
11049 5
11050 2
11051 4
11052 3
11053 2
11054 3
11055 6
11056 5
11057 7
11058 3
11059 5
11060 4
11061 5
11062 6
11063 4
11064 1
11065 4
11066 4
11067 3
11068 6
11069 1
11070 8
11071 1
11072 6
11073 5
11074 4
11075 4
11076 6
11077 5
11078 6
11079 5
11080 4
11081 3
11082 3
11083 6
11084 4
11085 8
11086 5
11087 4
11088 4
11089 3
11090 2
11091 1
11092 4
11093 2
11094 3
11095 4
11096 7
11097 5
11098 3
11099 2
11100 2
11101 4
11102 4
11103 7
11104 6
11105 2
11106 3
11107 5
11108 3
11109 5
11110 5
11111 3
11112 3
11113 3
11114 3
11115 3
11116 2
11117 4
11118 5
11119 3
11120 3
11121 4
11122 6
11123 10
11124 1
11125 3
11126 4
11127 5
11128 3
11129 5
11130 2
11131 7
11132 4
11133 3
11134 6
11135 2
11136 8
11137 3
11138 4
11139 6
11140 7
11141 7
11142 5
11143 2
11144 3
11145 3
11146 4
11147 7
11148 4
11149 4
11150 7
11151 4
11152 2
11153 7
11154 2
11155 5
11156 1
11157 1
11158 4
11159 1
11160 1
11161 2
11162 6
11163 2
11164 4
11165 7
11166 8
11167 5
11168 5
11169 2
11170 6
11171 3
11172 2
11173 3
11174 5
11175 5
11176 2
11177 5
11178 3
11179 5
11180 4
11181 4
11182 8
11183 4
11184 6
11185 2
11186 1
11187 4
11188 4
11190 2
11191 8
11192 4
11193 7
11194 3
11195 4
11196 6
11197 2
11198 4
11199 4
11200 2
11201 5
11202 6
11203 2
11204 9
11205 4
11206 4
11207 4
11208 2
11209 5
11210 2
11211 3
11212 6
11213 5
11214 5
11215 4
11216 5
11217 2
11218 3
11219 6
11220 3
11221 5
11222 2
11223 3
11224 3
11225 3
11226 5
11227 4
11228 3
11229 2
11230 4
11231 5
11232 4
11233 1
11234 1
11235 5
11236 2
11237 4
11238 5
11239 4
11240 4
11241 1
11242 2
11243 4
11244 5
11245 5
11246 4
11247 6
11248 6
11249 3
11250 7
11251 2
11252 2
11253 7
11254 4
11255 6
11256 5
11257 3
11258 6
11259 3
11260 2
11261 5
11262 4
11263 4
11264 6
11265 1
11266 4
11267 5
11268 5
11269 4
11270 5
11271 5
11272 2
11273 4
11274 4
11275 5
11276 4
11277 7
11278 4
11279 5
11280 2
11281 3
11282 3
11283 5
11284 5
11285 3
11286 2
11287 4
11288 5
11289 7
11290 3
11291 2
11292 6
11293 4
11294 2
11295 1
11296 2
11297 4
11298 1
11299 5
11300 5
11301 8
11302 6
11303 4
11304 5
11305 4
11306 2
11308 6
11309 2
11311 6
11312 3
11313 3
11314 5
11315 1
11316 7
11317 5
11318 5
11319 4
11320 5
11321 7
11322 3
11323 7
11324 2
11325 2
11326 3
11327 7
11328 5
11329 6
11330 5
11331 3
11332 8
11333 1
11335 7
11336 4
11337 3
11338 6
11339 1
11340 5
11341 3
11342 6
11343 5
11344 3
11345 6
11346 6
11347 5
11348 3
11349 4
11350 1
11351 6
11352 3
11353 4
11354 4
11355 2
11356 4
11357 3
11358 2
11359 2
11360 4
11361 3
11362 6
11363 3
11364 4
11365 4
11366 5
11367 6
11368 1
11369 4
11370 1
11371 5
11372 2
11373 5
11374 7
11375 6
11376 3
11377 1
11378 4
11379 4
11380 3
11381 6
11382 5
11383 2
11384 6
11385 3
11386 6
11387 3
11388 4
11389 7
11390 4
11391 6
11392 4
11393 3
11394 4
11395 3
11396 3
11397 7
11398 4
11399 4
11400 4
11401 1
11402 4
11403 5
11404 3
11405 6
11406 2
11407 3
11408 10
11409 4
11410 4
11411 4
11412 4
11413 5
11414 2
11415 8
11416 2
11417 3
11418 7
11419 5
11420 5
11421 3
11422 2
11423 3
11424 3
11425 3
11426 6
11427 2
11428 4
11429 5
11430 2
11431 2
11432 4
11433 2
11434 3
11435 6
11436 7
11437 4
11438 4
11439 4
11440 6
11441 1
11442 6
11443 3
11444 4
11445 4
11446 2
11447 2
11448 5
11449 4
11450 3
11451 4
11452 10
11453 3
11454 7
11455 4
11456 3
11457 4
11458 1
11459 8
11460 1
11461 3
11462 7
11463 4
11464 8
11465 5
11466 3
11467 4
11468 2
11469 8
11470 5
11471 3
11472 2
11473 3
11474 3
11475 3
11476 4
11477 3
11478 5
11479 3
11480 2
11481 8
11482 6
11483 8
11484 2
11485 1
11486 5
11487 2
11488 2
11489 5
11490 1
11491 4
11492 3
11493 4
11494 3
11495 3
11496 6
11497 5
11498 5
11499 5
11500 2
11501 4
11502 3
11503 3
11504 1
11505 6
11506 4
11507 5
11508 6
11509 3
11510 4
11511 2
11512 5
11513 1
11514 5
11515 10
11516 4
11517 4
11518 1
11519 2
11520 3
11521 2
11522 3
11523 6
11524 1
11525 9
11526 5
11527 4
11528 6
11529 5
11530 5
11531 2
11532 6
11533 3
11534 6
11535 4
11536 7
11537 4
11538 4
11539 5
11540 4
11541 2
11542 5
11543 6
11544 4
11545 2
11547 5
11548 4
11549 8
11550 2
11551 4
11552 6
11553 1
11554 4
11555 1
11556 6
11557 3
11558 2
11559 2
11560 4
11561 2
11562 6
11563 3
11564 3
11565 6
11566 5
11567 3
11568 5
11569 5
11570 3
11571 5
11572 4
11573 6
11574 1
11575 3
11576 7
11577 4
11578 7
11579 2
11580 7
11581 2
11582 4
11583 2
11584 2
11585 4
11586 5
11587 3
11588 5
11589 5
11590 3
11591 5
11592 4
11593 6
11594 3
11595 5
11596 3
11597 4
11598 4
11599 3
11600 3
11601 6
11602 3
11603 3
11604 3
11605 4
11606 3
11607 2
11608 5
11609 5
11610 4
11611 1
11612 2
11613 4
11614 3
11615 3
11616 3
11617 8
11618 1
11619 4
11620 2
11622 9
11623 2
11624 3
11625 6
11626 4
11627 3
11628 2
11629 2
11630 5
11631 3
11632 7
11633 7
11634 3
11635 2
11636 3
11637 2
11638 3
11639 5
11640 3
11641 4
11642 6
11643 4
11644 4
11645 2
11646 6
11647 4
11648 2
11649 4
11650 6
11651 3
11652 8
11653 2
11654 2
11655 3
11656 4
11657 4
11658 4
11659 8
11660 3
11661 4
11662 5
11663 6
11664 3
11665 4
11666 4
11667 1
11668 4
11670 4
11671 3
11672 3
11673 5
11674 2
11675 2
11676 9
11677 3
11678 3
11679 3
11681 1
11682 1
11683 3
11684 4
11685 1
11686 3
11687 9
11688 3
11689 2
11690 6
11691 1
11692 2
11693 1
11694 2
11695 5
11696 2
11697 6
11698 4
11699 5
11700 3
11701 3
11702 3
11703 5
11704 2
11705 4
11706 3
11707 2
11708 5
11709 3
11710 4
11711 4
11712 3
11713 6
11714 8
11715 4
11716 1
11717 3
11718 1
11719 4
11720 4
11721 4
11722 6
11723 4
11724 2
11725 5
11726 3
11727 5
11728 2
11729 4
11730 8
11731 5
11732 5
11733 6
11734 4
11735 1
11736 3
11737 2
11738 6
11739 6
11740 1
11741 7
11742 4
11743 3
11744 1
11745 4
11746 3
11747 4
11748 1
11749 5
11750 5
11751 1
11752 3
11753 4
11754 3
11755 3
11756 6
11757 4
11758 4
11759 3
11760 5
11761 5
11762 4
11763 6
11764 2
11765 3
11766 4
11767 2
11768 4
11769 8
11770 4
11771 6
11772 3
11773 4
11774 3
11775 5
11776 6
11777 2
11778 2
11779 3
11780 2
11781 1
11782 7
11783 3
11784 5
11785 4
11786 6
11787 9
11788 1
11789 1
11790 1
11792 3
11793 7
11794 3
11795 5
11796 4
11797 4
11798 3
11799 4
11800 5
11802 2
11803 3
11804 3
11805 3
11806 4
11807 3
11808 3
11809 3
11810 6
11811 5
11812 4
11813 5
11814 1
11815 5
11816 3
11817 2
11818 4
11820 1
11821 3
11822 3
11823 5
11824 7
11826 4
11827 2
11828 4
11829 5
11830 5
11831 7
11832 4
11833 4
11834 4
11835 1
11836 4
11837 9
11838 4
11839 5
11840 6
11841 4
11843 1
11844 2
11845 2
11846 4
11847 3
11848 5
11849 5
11850 6
11852 4
11853 3
11854 2
11855 6
11856 3
11857 5
11858 6
11859 5
11860 4
11861 6
11862 3
11863 2
11864 4
11865 3
11866 3
11867 4
11868 5
11869 5
11870 4
11871 3
11872 5
11873 3
11874 3
11875 3
11876 3
11877 3
11878 5
11879 3
11880 3
11881 4
11882 3
11883 5
11884 5
11885 2
11886 1
11888 2
11889 4
11890 4
11891 4
11892 7
11893 5
11894 4
11895 3
11896 4
11897 5
11898 1
11899 3
11900 2
11901 4
11902 5
11903 4
11904 7
11905 1
11906 6
11907 3
11908 4
11909 8
11910 5
11911 5
11912 3
11913 3
11914 2
11915 1
11916 2
11917 2
11918 4
11919 2
11920 7
11921 6
11922 4
11923 6
11924 1
11925 3
11926 5
11927 3
11928 7
11929 3
11930 3
11931 6
11932 3
11933 3
11934 5
11935 4
11936 5
11937 2
11938 2
11939 3
11940 4
11941 5
11942 2
11943 3
11944 2
11945 4
11946 5
11947 4
11948 1
11949 3
11950 1
11951 1
11952 6
11953 3
11954 5
11955 6
11956 2
11957 5
11958 6
11959 3
11960 1
11961 1
11962 2
11963 2
11964 3
11965 5
11966 3
11967 5
11968 1
11969 4
11970 3
11971 3
11972 4
11973 3
11974 3
11975 7
11976 4
11977 5
11978 3
11979 3
11980 4
11981 3
11982 5
11983 5
11984 2
11985 3
11986 2
11987 2
11988 3
11989 5
11990 3
11991 7
11992 1
11993 7
11994 5
11995 3
11996 3
11997 2
11998 5
11999 4
12000 3
12001 4
12002 3
12003 1
12004 7
12005 2
12006 5
12007 3
12008 1
12009 2
12011 2
12012 1
12014 3
12015 2
12016 5
12017 3
12018 5
12019 5
12020 9
12021 3
12022 2
12023 1
12024 2
12025 2
12026 3
12027 2
12028 7
12029 5
12030 4
12031 6
12032 3
12033 2
12034 1
12035 4
12036 2
12037 3
12038 6
12039 3
12040 4
12041 2
12042 3
12043 9
12044 8
12045 4
12046 4
12047 3
12048 4
12049 3
12050 6
12051 3
12052 3
12053 2
12054 3
12055 5
12056 3
12057 5
12058 3
12059 5
12060 1
12061 2
12062 7
12063 3
12064 4
12065 3
12066 3
12067 4
12068 1
12069 1
12070 3
12071 2
12072 6
12073 3
12074 5
12075 4
12076 1
12077 2
12078 4
12079 4
12080 1
12081 6
12083 4
12084 2
12085 1
12086 4
12087 4
12088 4
12089 5
12090 2
12091 5
12092 4
12093 4
12094 4
12095 1
12096 4
12097 2
12098 3
12099 2
12100 4
12101 5
12102 7
12103 4
12104 2
12105 8
12106 1
12107 2
12108 6
12109 2
12110 1
12111 5
12112 3
12113 3
12114 3
12115 3
12116 7
12117 7
12118 4
12119 2
12120 3
12121 1
12122 2
12123 4
12124 2
12125 1
12126 3
12127 5
12128 4
12129 2
12130 4
12132 5
12133 2
12135 7
12136 4
12137 4
12138 3
12139 3
12140 6
12141 2
12142 3
12143 2
12144 2
12145 5
12146 4
12147 4
12148 4
12149 2
12150 2
12151 5
12152 6
12153 4
12154 4
12155 1
12156 7
12157 3
12158 2
12159 2
12160 3
12161 4
12162 4
12163 2
12164 3
12165 5
12166 1
12167 6
12168 1
12169 5
12170 3
12171 3
12172 3
12173 2
12174 2
12175 2
12176 1
12177 1
12178 3
12179 6
12180 2
12181 7
12182 5
12183 2
12184 3
12185 3
12186 2
12188 2
12189 5
12190 3
12191 5
12192 2
12193 1
12194 2
12195 1
12196 6
12197 3
12198 3
12199 4
12200 4
12201 3
12202 3
12203 3
12204 2
12205 6
12206 1
12207 2
12208 5
12209 3
12210 5
12211 1
12212 1
12213 9
12214 1
12215 2
12216 3
12218 4
12219 3
12220 3
12221 1
12222 3
12223 8
12224 5
12225 5
12226 6
12227 3
12228 3
12229 3
12230 1
12231 2
12232 3
12233 2
12234 5
12235 5
12236 3
12237 4
12238 3
12239 5
12240 2
12241 2
12242 9
12243 6
12244 5
12246 2
12247 3
12248 2
12249 2
12250 4
12251 4
12252 7
12253 4
12254 4
12255 4
12256 3
12257 5
12258 2
12259 3
12260 1
12261 3
12262 3
12263 4
12264 3
12265 3
12266 4
12267 3
12268 4
12269 4
12270 8
12271 1
12272 3
12273 1
12274 3
12275 4
12276 5
12277 2
12278 4
12279 3
12280 1
12281 5
12282 1
12283 5
12285 5
12286 5
12287 1
12288 5
12289 4
12290 1
12291 3
12292 4
12293 2
12294 3
12295 1
12296 5
12297 2
12298 4
12299 4
12300 6
12301 2
12302 4
12303 3
12304 2
12305 7
12306 1
12307 3
12308 2
12309 5
12310 4
12311 3
12312 3
12313 3
12314 2
12315 4
12316 6
12317 4
12318 4
12319 3
12320 3
12321 3
12322 6
12323 5
12324 2
12325 3
12326 3
12328 1
12329 1
12330 2
12331 4
12332 5
12333 3
12334 3
12335 5
12336 4
12337 1
12338 1
12339 2
12340 4
12341 2
12342 3
12343 3
12344 4
12345 2
12346 4
12347 4
12348 2
12349 8
12350 4
12351 3
12352 6
12353 3
12354 4
12355 4
12356 3
12357 3
12358 1
12359 6
12360 8
12361 6
12362 3
12363 4
12364 1
12365 2
12366 6
12367 2
12368 4
12369 3
12370 3
12371 2
12372 1
12373 7
12374 1
12375 3
12376 5
12377 3
12378 7
12379 5
12380 1
12381 2
12383 4
12384 6
12385 3
12386 3
12387 5
12388 3
12389 1
12390 4
12391 3
12392 6
12393 1
12394 1
12395 4
12396 2
12397 1
12398 3
12399 3
12400 4
12401 2
12402 1
12403 5
12404 6
12405 2
12406 3
12407 3
12408 2
12409 3
12410 1
12411 4
12412 3
12413 3
12414 5
12415 3
12416 3
12417 7
12418 2
12419 6
12420 4
12421 3
12422 7
12423 1
12424 3
12425 5
12426 4
12427 2
12428 3
12429 4
12430 4
12431 1
12432 4
12433 4
12434 2
12435 7
12436 3
12438 5
12439 4
12440 2
12441 5
12442 1
12443 1
12444 2
12446 7
12447 3
12448 1
12449 7
12450 4
12451 4
12452 4
12453 5
12454 2
12455 1
12456 2
12457 6
12458 4
12459 3
12460 4
12461 4
12462 2
12463 3
12464 3
12465 3
12466 6
12467 2
12468 7
12469 7
12470 4
12471 2
12472 2
12473 2
12474 2
12475 3
12476 3
12477 6
12478 2
12479 2
12480 3
12481 4
12482 3
12483 7
12484 6
12485 2
12486 5
12487 4
12488 3
12490 8
12491 3
12492 4
12493 3
12494 2
12495 4
12496 6
12497 2
12498 3
12499 3
12500 3
12501 5
12502 3
12503 3
12504 3
12506 2
12507 4
12508 2
12509 4
12510 3
12511 4
12512 4
12513 4
12514 9
12515 3
12516 4
12517 2
12519 1
12520 4
12521 2
12522 6
12523 3
12524 5
12525 3
12526 3
12527 3
12529 5
12530 4
12531 3
12533 6
12534 3
12535 2
12536 4
12537 3
12538 5
12539 3
12540 5
12541 4
12542 3
12543 6
12544 1
12545 5
12546 2
12548 5
12549 3
12550 1
12551 4
12552 1
12553 6
12554 4
12555 4
12556 4
12557 7
12558 3
12559 4
12560 4
12561 3
12563 2
12564 6
12565 4
12566 5
12567 4
12568 3
12569 4
12572 2
12573 5
12574 3
12575 4
12576 3
12577 4
12579 4
12580 3
12581 2
12582 5
12583 2
12584 6
12585 4
12586 4
12587 5
12588 4
12589 2
12590 1
12591 3
12592 2
12593 2
12594 3
12595 2
12596 1
12597 4
12598 4
12599 5
12600 4
12601 1
12602 3
12603 3
12604 4
12605 2
12606 2
12607 1
12608 5
12609 2
12610 4
12611 8
12612 2
12613 1
12614 1
12615 1
12616 4
12617 4
12618 5
12619 4
12620 3
12621 5
12622 4
12623 3
12624 1
12625 3
12626 4
12627 2
12628 5
12629 3
12630 3
12631 8
12632 2
12633 4
12634 4
12635 2
12636 4
12637 2
12638 1
12639 4
12640 3
12641 1
12642 3
12643 3
12644 3
12645 3
12646 4
12647 4
12648 3
12649 4
12650 3
12651 4
12652 3
12653 2
12654 1
12655 7
12656 3
12657 5
12658 2
12659 1
12660 4
12661 2
12662 3
12663 4
12664 3
12665 4
12666 2
12667 2
12668 3
12669 2
12670 1
12671 1
12672 4
12673 3
12674 5
12675 2
12676 3
12677 6
12678 1
12679 5
12680 2
12681 4
12682 5
12683 3
12684 3
12685 4
12686 2
12687 2
12688 3
12689 4
12690 5
12691 5
12692 2
12693 4
12694 7
12695 2
12696 5
12697 1
12698 1
12699 3
12700 2
12701 1
12702 3
12703 2
12704 3
12705 2
12706 2
12707 3
12708 2
12709 2
12710 2
12711 3
12712 2
12713 1
12714 1
12715 1
12716 3
12717 1
12718 6
12719 2
12720 6
12721 4
12722 1
12723 1
12724 1
12725 3
12726 3
12727 1
12728 6
12729 3
12730 2
12731 3
12733 2
12734 5
12735 2
12736 5
12737 2
12738 3
12739 3
12741 1
12742 4
12743 3
12744 3
12745 7
12746 1
12747 8
12748 3
12749 3
12750 2
12751 3
12752 5
12753 2
12754 2
12755 4
12756 3
12757 2
12758 4
12759 2
12760 4
12761 1
12762 3
12763 1
12764 4
12765 4
12766 1
12767 3
12769 2
12770 5
12771 4
12772 1
12773 5
12774 1
12775 2
12776 2
12777 2
12778 4
12779 2
12780 2
12781 4
12782 2
12783 2
12784 3
12785 3
12786 5
12787 1
12788 2
12789 5
12790 3
12791 4
12792 1
12793 4
12794 2
12795 1
12796 1
12797 2
12798 1
12799 7
12800 2
12801 5
12802 5
12804 5
12805 4
12806 2
12807 3
12808 3
12809 2
12810 4
12811 2
12812 2
12813 5
12814 4
12815 2
12816 2
12817 3
12818 3
12819 1
12820 2
12821 1
12822 2
12823 3
12824 2
12825 5
12827 3
12828 3
12829 3
12830 5
12831 1
12832 5
12833 1
12834 1
12835 5
12836 1
12837 1
12838 3
12839 1
12840 1
12841 4
12842 3
12843 5
12844 4
12845 4
12846 3
12847 4
12848 1
12849 1
12850 2
12851 2
12852 2
12853 1
12854 5
12855 6
12856 4
12857 3
12858 1
12859 5
12860 3
12862 4
12863 3
12864 2
12865 3
12866 2
12867 3
12868 2
12869 4
12870 4
12871 3
12872 5
12873 1
12874 3
12875 4
12876 2
12877 2
12878 4
12879 5
12880 1
12881 5
12882 1
12883 3
12884 3
12885 2
12886 4
12887 1
12888 2
12889 7
12890 2
12891 1
12892 2
12893 1
12894 1
12895 1
12896 6
12897 2
12898 2
12899 4
12900 3
12901 4
12902 2
12903 2
12904 1
12905 3
12907 3
12908 3
12909 2
12910 5
12911 1
12912 3
12913 2
12914 1
12915 1
12916 3
12917 2
12918 2
12920 1
12921 4
12922 1
12923 4
12924 3
12925 3
12926 3
12927 4
12928 2
12929 2
12930 1
12931 1
12932 5
12933 3
12934 2
12935 6
12936 3
12937 1
12938 3
12939 2
12940 6
12941 1
12942 3
12943 6
12944 1
12945 4
12946 4
12947 3
12948 2
12949 1
12950 4
12951 5
12952 3
12953 1
12954 4
12955 3
12956 3
12957 2
12958 3
12959 4
12960 1
12961 2
12962 6
12963 3
12964 6
12965 2
12966 3
12967 5
12968 1
12969 5
12970 4
12971 3
12972 2
12973 1
12974 2
12975 4
12976 3
12977 2
12978 6
12979 4
12980 3
12981 1
12982 3
12983 2
12984 2
12985 1
12986 2
12987 1
12988 3
12989 3
12990 3
12991 2
12992 1
12993 3
12994 1
12995 5
12996 3
12997 4
12998 4
12999 2
13000 2
13002 2
13003 1
13004 2
13005 4
13006 7
13007 3
13008 6
13009 4
13010 2
13011 1
13012 5
13013 4
13015 4
13016 3
13017 2
13018 1
13019 5
13020 1
13021 4
13022 1
13023 5
13024 5
13025 3
13026 1
13027 1
13028 1
13029 3
13030 3
13031 2
13032 4
13033 2
13035 3
13036 2
13037 5
13038 1
13039 3
13040 2
13041 1
13042 1
13043 4
13044 3
13045 4
13046 2
13047 3
13048 1
13049 5
13050 5
13051 3
13052 2
13053 4
13054 2
13057 2
13058 4
13059 5
13060 3
13061 4
13062 3
13063 4
13064 1
13065 1
13066 3
13067 2
13068 4
13069 5
13070 4
13071 3
13072 2
13073 4
13074 4
13075 4
13076 2
13077 5
13078 4
13079 3
13080 1
13081 2
13082 4
13083 3
13084 2
13085 1
13086 4
13087 3
13088 4
13089 2
13090 3
13091 1
13092 4
13093 2
13094 3
13095 4
13096 3
13097 3
13098 2
13100 2
13102 1
13103 4
13104 3
13105 6
13106 3
13107 1
13108 2
13109 1
13110 2
13111 3
13112 3
13113 2
13114 2
13115 3
13116 1
13117 2
13119 6
13120 3
13121 3
13122 4
13123 3
13124 1
13125 2
13126 3
13127 2
13128 2
13129 3
13130 2
13131 5
13132 1
13133 3
13134 4
13135 1
13136 5
13137 1
13138 2
13139 4
13140 4
13141 4
13142 1
13143 4
13144 4
13145 3
13146 5
13147 4
13148 3
13149 3
13151 1
13152 2
13153 3
13154 2
13155 1
13156 2
13157 3
13158 1
13159 4
13160 4
13162 4
13163 1
13165 5
13166 2
13167 3
13168 5
13169 2
13170 2
13171 3
13172 1
13173 5
13174 1
13175 1
13176 5
13177 3
13178 4
13179 2
13180 5
13181 1
13183 2
13184 2
13185 2
13186 5
13188 1
13189 4
13190 2
13191 3
13192 2
13193 2
13194 2
13195 4
13196 5
13197 1
13198 1
13199 1
13200 3
13201 1
13202 4
13203 2
13204 5
13205 1
13206 4
13207 2
13208 2
13209 2
13210 4
13211 4
13212 4
13213 3
13214 2
13215 2
13217 5
13218 1
13219 5
13220 3
13222 3
13223 2
13224 1
13225 1
13226 1
13227 1
13228 3
13229 1
13230 5
13231 3
13232 1
13233 3
13234 2
13235 2
13236 2
13237 2
13238 5
13239 1
13240 1
13241 7
13242 3
13243 4
13244 3
13245 1
13246 1
13249 3
13250 1
13251 4
13252 2
13253 3
13254 2
13255 2
13256 5
13257 7
13258 3
13260 4
13261 1
13263 3
13265 5
13266 2
13267 2
13268 5
13269 3
13270 4
13271 1
13272 2
13273 3
13274 3
13275 4
13276 3
13277 2
13278 1
13279 1
13280 4
13281 3
13282 1
13283 2
13284 7
13285 3
13286 1
13287 4
13288 2
13289 1
13290 1
13291 1
13292 3
13293 3
13294 2
13295 1
13296 5
13299 5
13300 3
13301 3
13302 2
13303 1
13304 3
13306 1
13307 2
13308 2
13309 3
13310 1
13311 4
13312 2
13313 2
13314 3
13315 4
13316 2
13317 1
13318 4
13319 1
13320 2
13321 2
13322 1
13324 1
13325 3
13326 2
13327 4
13328 2
13329 3
13330 4
13331 3
13333 3
13335 2
13336 4
13337 1
13338 5
13339 5
13340 2
13341 4
13342 1
13343 2
13345 2
13346 2
13348 3
13349 2
13350 2
13351 2
13352 3
13353 4
13354 2
13355 1
13356 1
13357 2
13358 3
13359 3
13360 4
13361 1
13363 2
13364 4
13365 4
13366 2
13367 3
13369 4
13370 3
13371 1
13372 4
13373 3
13374 4
13375 1
13376 1
13377 3
13378 3
13380 3
13382 5
13383 4
13384 4
13385 2
13387 5
13388 1
13389 2
13390 3
13391 4
13392 4
13393 2
13394 2
13395 3
13398 1
13401 4
13402 2
13403 2
13404 6
13406 2
13407 2
13408 2
13409 2
13410 2
13411 3
13412 2
13413 2
13414 1
13415 2
13416 3
13417 3
13418 5
13419 1
13420 2
13421 5
13422 2
13423 2
13424 1
13425 1
13426 4
13427 1
13428 1
13430 2
13431 1
13432 1
13433 3
13434 3
13435 3
13436 5
13437 3
13438 4
13439 3
13440 1
13442 1
13443 1
13445 4
13446 2
13447 4
13448 3
13450 4
13451 1
13452 3
13453 1
13454 1
13455 4
13456 4
13457 4
13458 1
13460 2
13461 2
13462 1
13463 5
13464 4
13465 3
13466 2
13469 3
13470 2
13471 2
13472 5
13474 4
13475 3
13476 4
13477 2
13478 2
13479 4
13480 2
13481 4
13482 2
13483 3
13484 1
13485 3
13486 1
13487 3
13488 1
13489 2
13490 2
13491 2
13492 2
13493 1
13494 3
13495 1
13497 1
13498 3
13499 1
13500 4
13501 5
13502 1
13503 2
13505 3
13506 1
13507 2
13508 2
13509 3
13511 1
13512 2
13513 5
13514 2
13515 1
13516 1
13517 2
13518 5
13519 2
13520 2
13522 2
13523 2
13524 3
13525 4
13526 4
13527 1
13528 3
13529 3
13530 1
13531 4
13532 2
13533 1
13534 3
13535 2
13536 2
13537 4
13538 3
13539 2
13540 2
13541 2
13542 3
13543 2
13544 3
13545 4
13547 3
13548 3
13549 1
13550 1
13551 1
13552 4
13553 3
13554 2
13555 3
13556 2
13557 2
13558 1
13559 3
13560 3
13562 3
13563 2
13564 1
13565 1
13566 1
13567 1
13568 4
13569 4
13570 4
13571 2
13572 5
13573 3
13574 4
13575 1
13576 1
13577 1
13578 1
13579 3
13580 1
13581 3
13582 3
13583 4
13584 2
13585 1
13586 8
13587 1
13588 1
13589 4
13590 2
13591 2
13592 2
13593 2
13594 1
13595 1
13596 3
13597 5
13598 6
13599 2
13600 2
13601 2
13602 2
13603 2
13604 2
13605 3
13606 1
13607 1
13608 2
13609 1
13610 1
13611 2
13612 2
13613 3
13615 3
13616 4
13617 4
13618 1
13620 2
13621 2
13623 1
13624 1
13625 2
13626 3
13627 1
13628 3
13629 3
13630 2
13631 1
13632 4
13633 3
13634 2
13635 4
13637 3
13638 1
13639 2
13640 1
13641 3
13642 1
13643 3
13644 1
13645 2
13646 2
13648 6
13649 1
13650 1
13651 4
13652 1
13654 4
13655 1
13656 2
13658 1
13659 8
13660 3
13662 6
13663 4
13664 1
13665 2
13666 4
13667 2
13668 1
13669 2
13670 5
13671 1
13672 5
13673 2
13674 2
13675 2
13676 1
13677 2
13678 3
13679 1
13681 3
13682 3
13683 5
13684 2
13685 1
13686 4
13688 2
13689 3
13690 3
13691 5
13693 1
13694 5
13695 1
13696 3
13697 2
13698 2
13699 3
13700 2
13701 1
13702 2
13703 4
13704 2
13705 5
13706 5
13707 4
13708 1
13709 2
13710 2
13712 3
13713 1
13714 2
13715 2
13716 2
13717 1
13719 1
13720 4
13721 2
13722 2
13723 3
13724 3
13725 5
13727 2
13728 1
13729 2
13731 1
13732 1
13733 6
13734 2
13735 5
13736 3
13737 1
13738 2
13739 2
13742 2
13743 1
13744 2
13746 4
13747 1
13748 3
13749 2
13750 2
13751 7
13752 1
13753 2
13754 1
13756 3
13757 2
13758 2
13759 5
13760 1
13761 2
13762 3
13763 1
13764 2
13766 6
13767 4
13768 1
13770 4
13772 3
13773 1
13774 1
13776 1
13777 4
13778 3
13779 2
13780 5
13781 3
13782 2
13783 1
13785 3
13786 4
13787 1
13788 1
13789 2
13790 4
13791 2
13792 1
13793 3
13794 2
13795 2
13796 4
13797 3
13798 4
13799 1
13800 2
13801 1
13802 2
13803 1
13804 3
13805 2
13806 2
13807 1
13809 1
13810 2
13811 2
13812 2
13813 4
13815 1
13816 1
13817 1
13819 4
13820 1
13821 5
13822 2
13823 2
13824 6
13825 1
13828 2
13829 2
13830 2
13831 5
13832 2
13833 1
13834 1
13835 2
13836 1
13837 2
13839 3
13840 2
13841 1
13842 3
13843 1
13844 2
13845 1
13846 2
13847 3
13848 3
13849 2
13850 1
13851 1
13852 1
13853 3
13854 2
13855 1
13856 4
13857 1
13858 2
13859 5
13860 2
13861 1
13862 1
13863 2
13864 2
13865 3
13866 2
13867 1
13868 5
13869 1
13870 2
13871 1
13872 2
13873 5
13875 2
13876 2
13877 2
13879 1
13880 2
13881 2
13883 1
13884 1
13885 2
13886 3
13887 2
13888 2
13889 2
13890 2
13892 3
13893 1
13894 3
13895 2
13896 2
13897 4
13898 3
13899 2
13900 3
13901 2
13902 3
13903 6
13904 2
13905 1
13906 3
13907 3
13908 1
13910 1
13911 2
13912 1
13913 4
13914 2
13916 5
13917 1
13919 3
13920 2
13921 2
13922 2
13924 1
13927 6
13928 1
13929 1
13930 3
13931 4
13932 1
13933 3
13934 1
13937 1
13938 2
13939 2
13941 1
13942 3
13943 1
13944 2
13945 1
13946 4
13947 3
13949 3
13950 3
13951 1
13952 1
13955 2
13956 1
13957 3
13958 4
13959 1
13960 3
13961 1
13962 2
13963 3
13964 1
13965 6
13966 1
13967 1
13968 4
13969 1
13971 4
13972 2
13973 4
13974 1
13976 1
13977 1
13978 1
13979 1
13980 2
13981 2
13982 3
13983 2
13984 6
13985 1
13986 1
13987 1
13989 3
13990 1
13992 5
13993 3
13994 2
13995 3
13996 3
13997 1
13998 1
14000 1
14001 3
14002 1
14003 2
14004 3
14005 1
14007 3
14008 1
14010 3
14011 2
14012 5
14013 1
14014 3
14015 3
14016 1
14017 1
14018 1
14019 1
14020 3
14021 1
14022 1
14023 4
14024 3
14026 5
14027 3
14028 1
14029 2
14030 2
14031 1
14033 1
14034 1
14035 1
14036 3
14037 2
14038 6
14040 1
14041 3
14042 3
14043 1
14044 2
14045 2
14046 1
14047 3
14048 1
14050 2
14053 1
14054 4
14055 3
14056 2
14057 3
14058 1
14060 3
14061 1
14062 3
14063 3
14064 1
14065 3
14066 3
14067 4
14068 4
14069 2
14070 1
14072 1
14073 1
14075 1
14076 1
14077 1
14078 3
14079 2
14080 4
14081 3
14082 1
14083 2
14084 2
14085 2
14086 1
14087 3
14088 1
14089 2
14091 3
14092 6
14093 1
14094 2
14095 1
14096 1
14097 3
14099 4
14100 2
14101 2
14102 1
14103 1
14104 1
14106 1
14107 3
14109 5
14110 2
14111 3
14112 3
14114 3
14115 2
14116 1
14117 1
14118 3
14119 1
14120 2
14121 2
14122 1
14123 3
14125 1
14126 1
14127 2
14128 2
14129 1
14130 2
14131 1
14133 2
14134 2
14136 2
14137 1
14138 4
14140 2
14141 1
14142 1
14144 1
14145 2
14146 2
14147 1
14148 2
14149 1
14151 1
14152 1
14153 3
14154 3
14155 2
14157 2
14158 2
14159 1
14160 2
14161 2
14162 4
14163 3
14164 2
14165 3
14166 1
14168 1
14169 1
14170 2
14172 5
14173 1
14174 2
14175 4
14176 1
14177 6
14179 2
14180 3
14181 1
14182 1
14183 2
14184 3
14185 3
14187 1
14188 2
14190 3
14191 4
14192 3
14193 2
14196 1
14197 1
14198 2
14199 2
14200 1
14201 4
14202 2
14203 2
14206 2
14207 1
14208 2
14209 2
14210 1
14211 2
14212 1
14214 1
14215 2
14216 1
14217 3
14218 1
14219 2
14220 2
14221 1
14222 2
14225 3
14226 1
14227 2
14228 4
14230 1
14231 1
14232 4
14233 1
14234 3
14235 2
14236 3
14237 1
14239 1
14240 1
14241 2
14242 2
14243 1
14244 1
14245 5
14246 2
14248 2
14249 1
14250 2
14251 2
14252 3
14253 1
14254 2
14256 1
14257 1
14258 2
14259 1
14260 1
14261 2
14262 3
14264 2
14265 1
14266 1
14267 2
14269 2
14270 1
14271 3
14272 4
14274 3
14275 2
14276 1
14277 1
14279 1
14280 4
14281 2
14282 3
14283 2
14285 1
14286 3
14287 2
14288 3
14290 3
14291 3
14293 1
14294 1
14295 4
14296 2
14297 2
14298 1
14299 3
14300 1
14301 3
14303 1
14305 2
14306 3
14307 1
14308 2
14309 1
14310 1
14311 2
14313 3
14315 1
14316 3
14317 1
14318 2
14319 2
14324 2
14325 4
14327 3
14329 1
14330 1
14332 3
14333 1
14334 1
14335 2
14337 1
14338 1
14339 1
14340 1
14341 2
14342 3
14343 1
14344 3
14347 2
14348 2
14349 1
14350 1
14352 1
14353 3
14355 1
14356 3
14357 1
14358 2
14359 3
14360 3
14361 1
14362 2
14366 2
14367 1
14368 3
14370 1
14371 1
14372 1
14373 2
14375 2
14376 1
14377 1
14378 3
14381 3
14382 2
14383 1
14384 1
14385 1
14386 5
14387 1
14388 1
14389 3
14390 2
14391 1
14393 2
14394 1
14396 1
14397 3
14398 1
14399 4
14401 1
14402 3
14403 1
14404 2
14405 2
14406 1
14407 1
14408 2
14409 1
14410 3
14411 1
14412 1
14413 3
14415 2
14416 1
14417 2
14418 1
14420 1
14421 1
14422 1
14423 2
14424 1
14425 1
14426 2
14427 1
14428 1
14430 1
14432 4
14433 3
14434 1
14435 2
14436 2
14437 1
14439 2
14441 1
14442 1
14443 3
14444 1
14445 1
14446 1
14447 2
14448 2
14449 1
14450 3
14451 3
14452 2
14453 1
14454 2
14455 2
14456 4
14457 1
14459 1
14460 2
14462 2
14465 1
14466 2
14467 1
14468 1
14469 2
14470 1
14471 1
14473 1
14474 1
14475 1
14476 1
14478 5
14479 1
14480 2
14481 1
14482 1
14483 2
14485 1
14486 4
14487 1
14488 2
14489 3
14490 2
14493 5
14494 3
14495 1
14497 5
14500 2
14502 2
14504 2
14505 1
14506 2
14507 3
14508 1
14509 3
14510 2
14512 3
14513 2
14517 1
14518 3
14520 2
14521 4
14522 1
14524 2
14525 2
14526 1
14529 1
14531 1
14532 2
14533 2
14534 1
14536 1
14538 1
14539 1
14540 2
14541 1
14542 1
14543 1
14546 1
14548 2
14549 3
14550 1
14551 5
14552 3
14553 1
14554 1
14555 2
14556 2
14558 2
14559 2
14562 1
14563 1
14564 2
14565 1
14566 3
14567 2
14568 1
14569 2
14570 1
14571 1
14572 1
14573 4
14575 2
14576 2
14577 1
14578 2
14580 2
14583 2
14585 2
14586 4
14587 2
14589 1
14590 1
14591 1
14592 1
14593 2
14595 2
14596 2
14597 2
14600 4
14601 1
14602 1
14603 3
14604 3
14605 1
14606 1
14607 2
14608 1
14609 1
14610 1
14611 1
14612 2
14614 2
14615 2
14616 1
14617 4
14619 1
14620 2
14621 2
14622 1
14624 4
14625 1
14626 1
14627 2
14628 2
14629 3
14630 2
14631 1
14632 1
14633 1
14634 1
14635 1
14638 2
14640 2
14641 2
14643 4
14646 2
14647 2
14648 2
14649 2
14650 2
14651 2
14654 3
14655 1
14657 1
14658 4
14659 1
14660 1
14661 1
14663 1
14665 2
14667 2
14669 2
14670 2
14671 1
14672 1
14673 2
14674 2
14675 1
14676 3
14677 3
14682 2
14683 2
14684 1
14685 3
14687 3
14688 1
14689 3
14690 2
14691 1
14692 2
14693 1
14694 2
14695 1
14698 2
14699 1
14700 4
14701 2
14706 1
14707 1
14708 1
14709 1
14710 1
14711 2
14713 3
14714 2
14716 4
14719 4
14720 3
14721 2
14722 3
14723 1
14724 1
14726 1
14727 1
14730 1
14731 3
14732 2
14734 1
14735 1
14737 3
14738 3
14739 3
14740 1
14741 1
14742 1
14745 1
14746 1
14747 1
14749 1
14750 4
14751 3
14753 2
14754 2
14755 2
14756 2
14757 1
14760 1
14761 2
14762 2
14763 2
14764 1
14765 5
14766 2
14767 1
14768 2
14769 1
14771 2
14773 2
14774 2
14775 1
14777 3
14779 1
14780 2
14781 3
14782 3
14783 1
14784 2
14785 2
14787 1
14788 1
14789 3
14790 2
14792 2
14794 2
14795 1
14796 2
14797 2
14799 2
14800 1
14801 1
14803 2
14805 1
14806 2
14807 2
14808 3
14809 1
14810 2
14811 3
14812 2
14814 2
14815 1
14816 2
14819 3
14820 2
14822 1
14823 2
14824 1
14826 1
14827 2
14828 2
14830 2
14833 1
14834 2
14836 1
14838 2
14839 2
14841 2
14842 1
14845 2
14846 1
14848 2
14850 3
14852 1
14853 1
14854 4
14855 1
14856 1
14861 1
14863 2
14865 2
14867 1
14868 1
14869 1
14870 1
14871 1
14872 2
14873 2
14875 1
14876 2
14879 1
14880 1
14881 2
14882 3
14884 1
14885 4
14887 1
14888 1
14889 2
14891 1
14892 1
14895 1
14896 2
14897 2
14899 3
14902 2
14903 1
14904 3
14906 1
14907 4
14911 2
14912 2
14913 1
14914 1
14915 3
14917 2
14918 3
14919 3
14920 3
14923 1
14925 2
14926 1
14927 1
14928 4
14931 1
14933 2
14934 1
14936 2
14937 1
14938 3
14941 1
14942 1
14944 3
14945 1
14946 2
14947 1
14949 1
14957 1
14958 1
14959 2
14961 2
14962 3
14963 1
14964 3
14966 1
14968 1
14969 1
14970 1
14971 1
14972 3
14973 1
14975 3
14976 1
14977 1
14979 3
14980 1
14981 2
14984 1
14985 1
14986 1
14988 3
14989 1
14990 1
14991 1
14993 2
14994 2
14996 1
14998 2
14999 3
15000 1
15001 1
15003 2
15004 2
15006 2
15007 1
15009 2
15011 1
15013 1
15015 3
15017 2
15018 3
15019 1
15022 2
15023 1
15024 1
15026 2
15028 1
15030 1
15032 2
15033 2
15034 1
15035 3
15036 1
15037 1
15038 1
15041 2
15043 1
15044 2
15046 1
15047 1
15050 1
15052 1
15054 1
15055 1
15056 1
15057 1
15058 1
15059 1
15060 1
15061 2
15062 1
15065 1
15066 1
15067 2
15068 2
15069 1
15071 1
15072 2
15074 1
15076 1
15077 1
15078 1
15079 2
15080 2
15081 1
15082 1
15083 1
15084 1
15085 2
15086 2
15088 1
15090 1
15093 2
15094 1
15095 1
15096 3
15097 1
15098 3
15099 1
15101 1
15102 1
15105 1
15109 2
15110 2
15111 1
15112 1
15113 2
15114 2
15115 1
15116 2
15122 1
15123 1
15124 2
15125 1
15126 2
15127 1
15129 4
15132 3
15133 1
15134 1
15135 2
15137 1
15139 1
15140 6
15141 1
15143 2
15144 2
15147 1
15149 1
15150 1
15151 2
15153 3
15155 1
15156 1
15158 1
15159 3
15162 1
15163 1
15164 2
15165 1
15169 1
15170 1
15171 2
15172 1
15175 1
15176 1
15177 1
15178 2
15179 2
15180 1
15181 1
15182 1
15183 2
15184 2
15186 2
15187 2
15189 1
15193 2
15194 2
15195 2
15197 3
15200 1
15201 1
15202 3
15205 4
15206 2
15208 1
15209 2
15210 1
15212 1
15213 1
15214 1
15216 2
15217 2
15218 1
15220 2
15221 1
15223 1
15224 2
15226 2
15227 1
15229 3
15230 1
15231 1
15232 1
15233 1
15236 1
15237 2
15239 2
15240 1
15242 1
15245 2
15247 1
15248 2
15249 3
15251 2
15253 1
15256 1
15257 1
15259 2
15260 3
15261 2
15263 3
15266 1
15267 2
15268 1
15270 2
15274 1
15275 2
15276 2
15277 1
15278 3
15279 4
15280 1
15281 1
15287 1
15290 1
15291 1
15292 2
15293 2
15294 2
15296 1
15297 1
15300 4
15302 3
15303 1
15304 1
15305 4
15309 1
15310 1
15312 2
15313 2
15314 1
15317 1
15318 1
15320 3
15322 1
15323 1
15324 2
15326 1
15328 1
15329 1
15330 1
15331 1
15332 1
15333 1
15334 3
15336 2
15337 1
15339 1
15340 1
15341 1
15343 1
15344 2
15346 1
15347 1
15349 1
15351 2
15354 1
15356 1
15358 1
15359 1
15362 1
15365 1
15366 1
15367 3
15370 2
15374 1
15375 3
15377 2
15378 2
15383 2
15385 3
15388 1
15389 1
15390 1
15391 1
15392 2
15394 2
15396 1
15397 1
15398 1
15399 1
15402 1
15403 2
15404 1
15405 1
15409 1
15410 1
15411 1
15412 1
15414 3
15416 1
15418 1
15421 1
15422 1
15424 1
15427 3
15428 2
15430 1
15433 1
15435 1
15440 2
15441 1
15443 1
15444 1
15446 2
15447 1
15448 1
15449 2
15453 1
15454 2
15457 1
15458 1
15459 1
15461 1
15462 2
15464 1
15465 3
15467 2
15470 2
15473 3
15474 2
15475 1
15477 1
15482 2
15485 2
15487 1
15488 2
15489 1
15491 1
15492 1
15493 3
15494 1
15496 1
15498 1
15499 1
15500 1
15501 2
15503 1
15504 3
15506 1
15507 1
15508 3
15509 1
15511 1
15512 1
15514 1
15516 1
15517 2
15519 2
15523 1
15524 1
15525 1
15526 1
15527 1
15528 2
15530 1
15535 2
15538 3
15540 1
15543 1
15546 1
15547 1
15548 1
15550 2
15554 1
15555 2
15557 1
15561 1
15564 1
15566 2
15568 1
15569 1
15570 1
15572 1
15573 1
15575 1
15580 1
15581 3
15584 1
15590 3
15592 1
15595 1
15597 1
15599 1
15603 1
15604 1
15608 1
15609 2
15610 1
15611 1
15612 2
15614 1
15615 2
15618 1
15619 1
15621 1
15623 2
15624 1
15625 1
15626 1
15627 1
15634 2
15635 2
15638 1
15639 1
15640 1
15642 1
15643 1
15645 1
15646 1
15647 1
15652 1
15653 1
15655 1
15658 2
15660 1
15661 1
15663 1
15664 1
15665 2
15666 1
15668 1
15669 2
15671 1
15672 2
15673 2
15679 1
15681 1
15682 1
15684 1
15687 1
15688 1
15689 1
15690 1
15691 2
15692 1
15693 1
15698 1
15699 1
15700 1
15702 1
15703 2
15706 3
15708 1
15711 1
15713 1
15715 3
15717 1
15720 2
15722 1
15723 2
15726 2
15727 1
15730 1
15731 3
15733 1
15734 2
15738 1
15739 1
15745 2
15746 2
15749 1
15755 2
15762 2
15764 1
15768 2
15769 1
15771 1
15774 1
15777 1
15778 1
15779 1
15780 1
15782 1
15785 1
15786 2
15788 3
15789 1
15790 1
15792 1
15793 1
15794 1
15796 1
15799 2
15800 1
15805 1
15806 2
15808 2
15810 1
15813 1
15817 1
15820 1
15822 1
15823 3
15824 1
15825 3
15828 1
15829 1
15830 1
15834 1
15837 2
15840 2
15841 2
15842 1
15849 2
15851 1
15853 1
15854 1
15856 2
15859 2
15862 1
15863 1
15867 3
15868 1
15870 1
15871 1
15878 1
15880 3
15883 1
15885 1
15886 1
15887 1
15888 1
15891 1
15892 1
15895 1
15896 1
15898 1
15902 1
15904 1
15906 1
15911 1
15913 2
15914 2
15920 1
15921 1
15922 1
15924 2
15927 1
15929 2
15932 3
15933 1
15935 1
15936 1
15937 1
15943 1
15944 1
15945 1
15947 1
15950 1
15951 1
15953 3
15956 2
15957 1
15958 1
15959 2
15963 1
15964 1
15969 1
15974 1
15975 1
15976 2
15978 2
15984 1
15986 1
15987 2
15988 2
15990 3
15993 2
15994 1
15997 1
15999 1
16001 1
16002 3
16003 1
16005 1
16006 1
16010 1
16014 2
16016 1
16017 1
16019 1
16020 1
16021 2
16023 1
16027 1
16029 1
16032 3
16033 1
16036 2
16037 1
16040 2
16045 1
16047 2
16049 1
16051 1
16053 1
16056 1
16061 2
16063 1
16064 1
16067 2
16076 1
16078 1
16083 1
16085 1
16086 1
16089 1
16093 1
16094 1
16095 1
16097 1
16102 2
16105 1
16110 2
16112 1
16116 1
16118 1
16119 2
16121 1
16124 1
16126 1
16128 1
16130 1
16132 1
16139 1
16141 2
16144 1
16146 1
16149 1
16150 1
16151 1
16154 2
16155 1
16157 2
16158 1
16162 1
16163 1
16170 1
16171 1
16175 2
16176 1
16181 2
16182 1
16188 1
16189 1
16194 2
16197 3
16200 2
16201 4
16202 1
16212 3
16213 1
16214 1
16216 1
16218 1
16219 1
16220 1
16221 1
16226 1
16228 2
16230 1
16231 2
16235 2
16241 1
16243 2
16244 1
16246 1
16248 1
16252 1
16254 1
16255 1
16260 1
16262 1
16265 1
16267 1
16270 1
16274 1
16275 1
16278 1
16280 1
16281 1
16284 1
16291 1
16292 1
16293 2
16295 1
16296 1
16297 1
16304 1
16307 1
16308 1
16309 2
16311 2
16315 1
16317 2
16319 1
16322 1
16327 1
16331 1
16335 3
16336 1
16337 1
16342 1
16346 1
16348 1
16350 1
16351 1
16352 1
16353 1
16354 1
16361 1
16362 2
16366 3
16369 1
16370 1
16377 1
16378 1
16384 1
16385 1
16388 1
16392 1
16393 1
16395 1
16396 2
16399 1
16400 1
16406 2
16408 2
16409 1
16414 1
16415 1
16417 1
16419 1
16425 1
16427 1
16430 1
16431 1
16439 2
16442 2
16443 1
16445 1
16449 1
16450 1
16453 1
16458 2
16461 2
16466 1
16469 1
16472 1
16473 1
16474 1
16476 1
16482 2
16487 1
16492 1
16496 1
16500 1
16505 1
16507 1
16513 2
16515 2
16516 2
16517 1
16518 1
16522 1
16527 1
16531 1
16533 1
16535 1
16537 1
16539 1
16542 1
16546 1
16547 1
16549 1
16550 1
16552 1
16557 1
16561 1
16567 1
16569 1
16571 1
16576 1
16578 1
16580 1
16590 1
16596 1
16604 1
16607 1
16612 1
16614 1
16615 1
16622 1
16629 1
16631 1
16640 2
16641 1
16652 1
16659 1
16670 1
16675 1
16678 1
16680 1
16683 3
16686 3
16687 1
16690 1
16698 1
16699 1
16701 1
16702 1
16704 1
16705 1
16707 2
16710 1
16711 1
16712 1
16717 1
16720 1
16726 1
16729 1
16730 2
16737 1
16738 1
16740 1
16741 2
16743 1
16744 1
16748 2
16751 1
16759 1
16760 1
16763 1
16772 1
16777 1
16783 1
16794 1
16803 2
16805 1
16810 1
16817 1
16821 1
16822 1
16824 1
16840 1
16846 1
16847 1
16848 2
16851 1
16855 1
16856 1
16864 1
16866 1
16871 1
16872 1
16873 1
16877 1
16880 1
16884 1
16885 1
16890 1
16895 1
16897 1
16902 1
16903 1
16905 1
16908 1
16909 1
16913 1
16916 1
16921 1
16924 1
16928 2
16935 1
16937 1
16939 1
16940 1
16943 1
16946 1
16948 1
16968 2
16970 1
16975 1
16982 1
16987 1
17001 1
17005 1
17007 1
17011 1
17016 1
17019 1
17021 1
17031 1
17032 1
17036 2
17038 1
17042 1
17045 1
17047 1
17054 1
17062 3
17071 1
17078 1
17093 2
17096 1
17100 1
17104 1
17105 1
17111 1
17133 1
17135 1
17158 1
17166 2
17169 2
17170 1
17172 1
17181 1
17196 1
17201 1
17212 1
17214 1
17215 1
17219 1
17227 2
17230 1
17236 1
17243 1
17245 1
17249 1
17258 1
17260 1
17266 1
17269 2
17273 1
17274 1
17277 1
17298 1
17323 1
17331 1
17332 1
17334 1
17339 1
17367 1
17376 1
17379 1
17383 1
17394 1
17395 1
17402 1
17410 2
17413 2
17414 1
17425 1
17426 1
17431 1
17434 3
17437 1
17438 1
17439 1
17456 1
17457 1
17465 1
17467 1
17468 1
17475 1
17478 1
17497 1
17499 1
17504 1
17517 1
17530 2
17532 1
17544 1
17548 2
17564 1
17567 1
17574 1
17575 1
17583 1
17591 1
17599 1
17607 1
17621 1
17622 1
17630 1
17632 1
17640 1
17643 1
17662 1
17664 1
17682 1
17695 2
17700 1
17709 1
17724 1
17729 1
17743 1
17748 1
17755 1
17759 2
17772 1
17774 1
17789 1
17798 1
17827 1
17865 1
17889 1
17896 1
17908 1
17912 1
17920 2
17923 1
17924 1
17939 1
17942 1
17954 1
17957 1
17963 1
17985 1
17996 1
18059 1
18061 1
18077 1
18085 1
18093 1
18103 1
18110 1
18121 1
18122 1
18150 1
18161 1
18183 1
18201 1
18224 1
18229 1
18244 1
18245 1
18252 1
18253 1
18258 1
18275 1
18284 1
18291 1
18348 1
18355 1
18394 1
18409 1
18418 1
18427 1
18449 1
18451 1
18456 1
18462 1
18482 1
18486 1
18562 1
18586 1
18592 1
18616 1
18639 1
18643 1
18647 2
18650 1
18651 1
18709 1
18712 1
18804 1
18812 1
18820 1
18877 1
18928 1
18937 1
18956 1
18972 1
18979 1
18980 1
18985 1
19011 1
19082 1
19102 1
19121 1
19145 1
19176 1
19189 1
19289 1
19313 1
19370 1
19386 1
19409 1
19414 1
19421 1
19436 1
19465 1
19466 1
19524 1
19568 1
19577 1
19631 2
19664 1
19675 1
19731 1
19755 1
19775 1
19782 1
19799 1
19812 1
19829 1
19856 1
19863 1
19909 1
19922 1
19929 1
19966 1
20016 1
20032 1
20073 1
20113 1
20116 1
20136 1
20139 1
20141 1
20148 1
20173 1
20192 1
20193 1
20197 1
20239 1
20251 1
20263 1
20295 1
20304 1
20358 2
20402 1
20458 1
20482 1
20502 1
20509 1
20526 1
20539 1
20555 1
20583 1
20590 1
20599 1
20606 1
20622 1
20629 1
20634 1
20636 1
20649 1
20656 1
20693 1
20732 1
20737 1
20743 1
20746 1
20759 2
20790 1
20800 1
20829 1
20839 1
20843 1
20844 1
20866 1
20900 1
20924 1
20939 1
20940 1
20944 1
20951 1
20963 1
20966 1
20968 1
20990 1
20995 1
20997 1
21025 1
21032 1
21063 1
21076 1
21078 1
21122 1
21131 1
21135 1
21142 1
21179 1
21185 1
21188 1
21229 1
21242 1
21245 1
21254 1
21282 1
21285 1
21286 1
21326 1
21329 1
21333 1
21342 1
21349 1
21352 1
21356 1
21358 1
21361 1
21366 1
21386 1
21393 1
21410 1
21452 1
21459 2
21464 1
21473 1
21476 1
21486 1
21517 1
21520 1
21556 1
21566 1
21571 1
21586 1
21627 1
21666 1
21667 1
21671 1
21678 1
21690 1
21693 1
21695 1
21722 1
21724 1
21727 1
21752 1
21759 1
21763 1
21768 1
21775 1
21790 1
21793 1
21803 1
21805 1
21819 1
21842 1
21849 1
21858 1
21862 1
21869 1
21906 1
21912 1
21915 1
21928 1
21945 1
21954 1
21956 1
21959 1
21969 1
21972 2
21981 1
22012 1
22013 1
22042 1
22049 1
22052 1
22056 1
22069 1
22079 1
22085 1
22093 1
22109 1
22113 1
22120 1
22137 1
22152 2
22153 1
22159 1
22164 1
22166 1
22176 1
22179 1
22186 1
22203 1
22210 1
22217 1
22245 1
22247 1
22259 1
22276 1
22283 1
22286 1
22291 1
22300 1
22313 2
22344 1
22348 1
22354 1
22357 1
22359 1
22370 1
22383 1
22393 1
22398 1
22401 1
22420 1
22436 1
22454 1
22455 1
22467 1
22490 1
22493 1
22495 1
22498 1
22502 1
22520 1
22546 1
22551 1
22555 1
22562 1
22569 1
22571 1
22578 1
22579 1
22606 1
22617 1
22655 1
22672 2
22681 2
22686 1
22689 1
22699 1
22733 1
22742 1
22769 1
22776 1
22779 1
22788 1
22796 1
22799 1
22808 1
22836 1
22840 1
22879 2
22880 1
22886 1
22888 1
22891 1
22893 1
22896 1
22903 1
22906 1
22912 1
22937 1
22940 1
22944 1
22972 1
22976 1
22983 1
22986 1
22988 1
23003 1
23006 1
23010 1
23013 1
23018 1
23027 1
23040 1
23071 1
23075 1
23084 1
23086 1
23097 1
23110 1
23120 1
23125 1
23128 1
23136 1
23141 1
23163 1
23167 1
23182 1
23183 1
23194 1
23220 1
23225 1
23262 1
23278 1
23282 1
23289 1
23298 1
23305 1
23306 1
23317 1
23322 1
23333 1
23344 1
23365 1
23372 1
23374 1
23379 1
23386 1
23399 1
23408 1
23416 1
23430 1
23460 1
23469 1
23472 1
23482 1
23496 1
23499 1
23508 1
23513 1
23515 1
23523 1
23526 2
23535 1
23539 1
23567 1
23570 1
23572 1
23579 1
23583 1
23596 1
23606 1
23615 1
23623 1
23633 1
23639 1
23649 1
23667 1
23703 1
23706 2
23710 1
23712 1
23715 1
23720 1
23733 1
23764 1
23775 1
23791 1
23813 1
23830 1
23863 1
23868 1
23894 2
23902 1
23903 1
23910 1
23911 1
23913 1
23924 1
23955 1
23989 1
23990 1
24001 1
24009 1
24021 1
24044 1
24049 1
24092 1
24099 1
24101 2
24106 1
24108 1
24109 1
24113 1
24125 1
24157 1
24196 1
24199 1
24209 1
24223 1
24226 1
24235 2
24240 1
24253 1
24266 1
24297 1
24299 1
24306 1
24310 1
24323 1
24333 1
24342 1
24349 1
24376 1
24396 1
24403 1
24433 2
24439 1
24442 1
24447 1
24491 1
24502 1
24518 1
24530 1
24540 1
24556 1
24557 1
24587 1
24599 1
24621 1
24629 1
24630 1
24638 1
24640 1
24651 1
24682 1
24690 1
24695 1
24717 1
24721 1
24728 1
24736 1
24737 1
24748 1
24752 1
24792 1
24828 1
24835 1
24836 1
24852 1
24919 1
24923 1
24925 1
24928 1
24932 1
24933 1
24962 1
25026 1
25069 1
25076 1
25085 1
25093 1
25116 1
25123 1
25124 1
25126 1
25130 1
25137 1
25169 1
25203 1
25257 1
25266 1
25283 1
25314 1
25321 1
25326 1
25417 1
25422 1
25448 2
25457 1
25464 1
25479 1
25519 1
25555 1
25616 1
25646 1
25652 1
25655 2
25659 1
25660 1
25753 1
25769 1
25812 1
25820 1
25843 1
25851 1
25853 1
25864 1
25903 1
25930 1
25950 1
25993 1
26048 1
26110 1
26141 1
26145 1
26175 1
26184 1
26282 1
26298 1
26306 1
26343 1
26382 1
26479 1
26496 1
26630 1
26639 1
26670 1
26677 1
26837 1
26868 1
26872 1
27025 1
27033 1
27206 1
27323 1
27366 1
27397 1
27408 1
27420 1
27852 1
28050 1
28135 1
28147 1
28577 1
28579 1
28621 1
28633 1
29019 1
29085 1
29304 1
29348 1
29360 1
29746 1
29785 1
29790 1
29812 1
30188 1
30232 1
30298 1
30512 1
30517 1
30915 1
30959 1
30998 1
31025 1
31205 1
31401 1
31725 1
31734 1
31932 1
32128 1
32418 1
32461 1
32947 1
33145 1
33674 1
52486 1
53699 1
End
