01 01 1.553e-05
02 01 4.949e-06
02 02 3.536e-06
03 01 4.168e-06
03 02 5.130e-06
03 03 3.937e-06
04 01 3.737e-06
04 02 8.616e-06
04 03 5.761e-06
04 04 5.901e-06
05 01 8.115e-06
05 02 6.001e-06
05 03 5.851e-06
05 04 7.143e-06
05 05 5.631e-06
06 01 9.247e-06
06 02 6.853e-06
06 03 7.124e-06
06 04 7.063e-06
06 05 7.043e-06
06 06 6.913e-06
07 01 1.120e-05
07 02 1.524e-05
07 03 1.282e-05
07 04 1.271e-05
07 05 1.336e-05
07 06 1.360e-05
07 07 1.317e-05
08 01 1.382e-05
08 02 1.576e-05
08 03 1.248e-05
08 04 1.304e-05
08 05 1.256e-05
08 06 1.329e-05
08 07 1.327e-05
08 08 1.299e-05
09 01 1.631e-05
09 02 1.615e-05
09 03 2.016e-05
09 04 2.400e-05
09 05 2.547e-05
09 06 2.654e-05
09 07 2.686e-05
09 08 2.911e-05
10 01 1.224e-05
10 02 1.888e-05
10 03 2.062e-05
10 04 3.009e-05
10 05 4.201e-05
10 06 3.256e-05
10 07 3.170e-05
10 08 3.786e-05
11 01 1.394e-05
11 02 1.768e-05
11 03 2.995e-05
11 04 3.257e-05
11 05 4.322e-05
11 06 4.927e-05
11 07 5.356e-05
11 08 5.341e-05
12 01 2.030e-05
12 02 2.988e-05
12 03 3.760e-05
12 04 5.895e-05
12 05 7.692e-05
12 06 8.755e-05
12 07 8.940e-05
12 08 8.946e-05
13 01 2.590e-05
13 02 4.750e-05
13 03 5.891e-05
13 04 7.041e-05
13 05 9.004e-05
13 06 1.328e-04
13 07 1.519e-04
13 08 1.696e-04
14 01 2.531e-05
14 02 6.832e-05
14 03 4.625e-05
14 04 1.499e-04
14 05 1.494e-04
14 06 2.262e-04
14 07 2.896e-04
14 08 3.259e-04
15 01 5.965e-05
15 02 6.395e-05
15 03 2.094e-04
15 04 1.165e-04
15 05 1.656e-04
15 06 2.872e-04
15 07 3.947e-04
15 08 5.363e-04
16 01 4.225e-05
16 02 7.169e-05
16 03 3.895e-04
16 04 1.938e-04
16 05 4.480e-04
16 06 4.692e-04
16 07 7.061e-04
16 08 8.731e-04
17 01 3.398e-05
17 02 2.867e-04
17 03 3.686e-04
17 04 8.125e-04
17 05 5.004e-04
17 06 1.146e-03
17 07 1.581e-03
17 08 2.024e-03
18 01 6.000e-05
18 02 3.007e-04
18 03 2.580e-04
18 04 7.562e-04
18 05 1.194e-03
18 06 1.782e-03
18 07 2.851e-03
18 08 3.878e-03
19 01 5.767e-05
19 02 2.196e-04
19 03 1.396e-03
19 04 2.615e-03
19 05 2.723e-03
19 06 3.178e-03
19 07 5.857e-03
19 08 7.290e-03
20 01 1.954e-04
20 02 1.316e-03
20 03 2.238e-03
20 04 4.298e-03
20 05 3.715e-03
20 06 4.466e-03
20 07 1.609e-02
20 08 1.851e-02
21 01 4.325e-04
21 02 1.488e-03
21 03 6.339e-03
21 04 7.366e-03
21 05 5.875e-03
21 06 1.415e-02
21 07 1.700e-02
21 08 2.883e-02
22 01 2.993e-04
22 02 7.216e-04
22 03 5.921e-03
22 04 1.790e-02
22 05 2.356e-02
22 06 1.846e-02
22 07 3.280e-02
22 08 2.706e-02
23 01 1.414e-03
23 02 1.345e-03
23 03 1.285e-02
23 04 6.353e-03
23 05 2.359e-02
23 06 5.990e-02
23 07 5.168e-02
23 08 6.271e-02
24 01 2.170e-03
24 02 9.910e-03
24 03 1.296e-02
24 04 2.713e-02
24 05 6.056e-02
24 06 1.037e-01
24 07 3.024e-02
24 08 1.108e-01
25 01 1.213e-03
25 02 1.167e-02
25 03 2.324e-02
25 04 2.905e-02
25 05 8.444e-02
25 06 2.057e-02
25 07 1.136e-01
25 08 2.505e-01
26 01 7.196e-04
26 02 3.795e-02
26 03 3.623e-02
26 04 3.760e-02
26 05 7.728e-02
26 06 9.898e-02
26 07 1.390e-01
26 08 3.600e-01
27 01 1.699e-03
27 02 3.305e-02
27 03 4.500e-02
27 04 1.517e-01
27 05 2.051e-01
27 06 1.420e-01
27 07 3.307e-01
27 08 8.599e-01
28 01 5.521e-04
28 02 7.440e-02
28 03 2.667e-01
28 04 6.698e-02
28 05 1.225e+00
28 06 7.870e-01
28 07 1.698e+00
28 08 5.686e-01
29 01 5.954e-03
29 02 1.145e-01
29 03 3.477e-01
29 04 5.743e-01
29 05 1.101e+00
29 06 8.530e-01
29 07 1.173e+00
29 08 3.183e+00
30 01 4.443e-02
30 02 1.239e-01
30 03 1.524e-01
30 04 1.468e+00
30 05 1.313e+00
30 06 6.401e+00
30 07 4.350e+00
30 08 5.685e+00
31 01 3.312e-02
31 02 2.578e-01
31 03 2.947e-01
31 04 2.780e+00
31 05 3.741e+00
31 06 1.077e+01
31 07 3.118e+00
31 08 9.516e+00
32 01 4.680e-03
32 02 4.118e-01
32 03 1.838e+00
32 04 1.406e+00
32 05 2.188e+00
32 06 6.922e+00
32 07 5.086e+01
32 08 1.418e+01
33 01 2.248e-02
33 02 7.195e-01
33 03 2.243e+00
33 04 2.258e+01
33 05 2.328e+01
33 06 1.941e+01
33 07 4.540e+01
33 08 3.033e+01
34 01 2.683e-02
34 02 7.004e-01
34 03 9.367e+00
34 04 1.637e+01
34 05 4.515e+01
34 06 2.057e+01
34 07 1.100e+01
34 08 4.851e+01
35 01 1.189e-01
35 02 2.724e+00
35 03 2.274e+01
35 04 1.396e+01
35 05 1.996e+01
35 06 8.381e+01
35 07 1.086e+02
35 08 1.309e+02
36 01 9.127e-02
36 02 1.585e+00
36 03 2.465e+00
36 04 3.801e+01
36 05 4.560e+01
36 06 1.996e+02
36 07 2.230e+02
36 08 2.244e+02
37 01 1.638e-01
37 02 4.696e+00
37 03 1.414e+01
37 04 3.324e+01
37 05 4.053e+01
37 06 3.782e+02
37 07 3.804e+02
37 08 2.508e+02
38 01 3.650e-01
38 02 1.948e+00
38 03 4.217e+01
38 04 8.209e+01
38 05 2.973e+02
38 06 5.650e+02
38 07 1.061e+03
38 08 1.582e+03
39 01 5.650e-01
39 02 2.431e+01
39 03 3.256e+01
39 04 6.160e+02
39 05 1.551e+02
39 06 5.003e+02
39 07 1.626e+03
39 08 1.629e+03
40 01 4.348e+00
40 02 4.817e+00
40 03 2.004e+02
40 04 6.000e+02
40 05 1.905e+03
40 06 1.093e+03
40 07 1.060e+03
40 08 1.400e+03
