NMec = 2020
T = 30
P = 5
Profits not ignored
Valid tasks: 384183424
Solution time = 9.371e+000
Task data
    0   7  1692 0
    1   8   772 1
    2  18  2113 2
    3  13   942 -1
    4  21  1238 -1
    4  25  2386 -1
    8  26  3255 0
    9  15  1159 1
   10  43  5062 3
   11  24  2430 4
   13  22  1279 -1
   14  17   263 -1
   16  27  2394 1
   17  25   944 -1
   19  20   522 2
   23  36  2740 2
   26  33   777 4
   29  37  1176 0
   35  57  5012 1
   38  49  1712 0
   40  49  1671 -1
   42  45   994 2
   42  54  2247 4
   44  45   353 -1
   44  51  1239 -1
   45  51   903 -1
   45  59  2329 3
   47  57   855 -1
   47  59  1371 2
   53  55   663 0
Best profit: 38420
End
