NMec = 2020
T = 30
P = 5
Profits not ignored
Valid tasks: 0
Solution time = 3.240e+000
Task data
    0   7  1692 0
    1   8   772 -1
    2  18  2113 -1
    3  13   942 1
    4  21  1238 2
    4  25  2386 -1
    8  26  3255 0
    9  15  1159 -1
   10  43  5062 3
   11  24  2430 4
   13  22  1279 -1
   14  17   263 -1
   16  27  2394 1
   17  25   944 -1
   19  20   522 -1
   23  36  2740 2
   26  33   777 4
   29  37  1176 -1
   35  57  5012 0
   38  49  1712 1
   40  49  1671 -1
   42  45   994 2
   42  54  2247 4
   44  45   353 -1
   44  51  1239 -1
   45  51   903 -1
   45  59  2329 3
   47  57   855 2
   47  59  1371 -1
   53  55   663 -1
Best profit: 33679
End
