NMec = 2020
T = 35
P = 8
Profits not ignored
Valid tasks: 10622081288
Solution time = 3.298e+002
Task data
    0  10  2315 0
    1  11  1217 -1
    1  15  1682 -1
    1  16  2095 1
    1  21  2928 2
    2   5   396 3
    2  38  7336 4
    3  12   768 -1
    3  17  3043 5
    3  28  2773 6
    5  14  1071 -1
    5  20  1650 -1
    5  24  2450 7
    7   9   369 -1
    7  14  1565 -1
    8  17   822 -1
    8  18  1552 -1
    8  22  2151 3
    9  24  1724 -1
   10  18  1152 -1
   12  14   596 -1
   13  21   895 0
   17  20   789 1
   19  34  1344 -1
   19  39  4041 5
   20  33  1173 -1
   21  38  1666 1
   22  33  2405 0
   27  40  1507 2
   28  41  2564 3
   28  43  2044 7
   31  34   355 -1
   31  35   765 6
   34  40  1585 0
   37  43  1404 6
Best profit: 45152
End
