NMec = 2020
T = 40
P = 8
Profits not ignored
Valid tasks: 0
Solution time = 8.030e+000
Task data
    0  18  1850 -1
    0  20  2311 -1
    0  39  3900 -1
    0  46  3232 -1
    1  10  2617 0
    1  13  2073 -1
    1  15  1544 1
    2  17  2376 -1
    3  48  8870 2
    4  15  2244 3
    4  20  1897 -1
    4  24  4801 4
    8  18   820 5
    8  22  3506 -1
    8  24  2444 -1
    9  17   905 -1
   11  23  1161 -1
   11  25  2571 -1
   13  23  2385 0
   13  37  4638 6
   14  20  1341 -1
   14  34  3576 -1
   19  30  1267 -1
   19  36  1637 -1
   19  43  3776 1
   20  29  1031 -1
   20  34  1826 -1
   21  32   999 -1
   21  38  5032 3
   22  41  3844 5
   24  28   625 0
   24  37   837 7
   27  46  2566 4
   30  39  1031 -1
   30  46  1974 0
   34  42  1680 -1
   35  38   649 -1
   35  40   678 -1
   35  41  1359 -1
   45  48   746 -1
Best profit: 46573
End
