NMec = 97746
T = 16
P = 5
Profits ignored
Valid tasks:                                                                0
Solution time = 1.883e-06
Task data
    1  13     1 0
    5  14     1 1
   12  18     1 2
    4  22     1 3
   16  22     1 0
   18  22     1 1
   16  23     1 4
    3  24     1 -1704100755
   21  24     1 2
    4  25     1 195
    7  26     1 -1859038312
    9  27     1 32690
    9  29     1 -1858444912
   25  29     1 0
   17  30     1 -1859038204
   19  30     1 0
Best profit: 9
End
