NMec = 97746
T = 16
P = 2
Profits ignored
Valid tasks:                                                                0
Solution time = 1.573e-06
Task data
    1  16     1 0
    4  19     1 1
   13  20     1 246121608
   16  25     1 195
    7  29     1 0
   16  36     1 32590
   19  36     1 0
   32  44     1 1
   54  55     1 0
   40  56     1 0
   48  62     1 1
   60  63     1 0
   54  65     1 249392237
   19  73     1 1736415839
    3  74     1 -566967920
   66  78     1 0
Best profit: 8
End
