NMec = 97746
T = 16
P = 1
Profits ignored
Valid tasks:                                                                0
Solution time = 1.443e-06
Task data
    6  28     1 0
   28  33     1 0
   24  36     1 32646
   40  52     1 0
   56  70     1 0
   86  91     1 0
   78  94     1 195
   87 103     1 2018536557
   98 112     1 0
  107 120     1 2015265928
   27 121     1 -1665478256
   99 122     1 1736415839
  109 133     1 0
  109 135     1 0
  130 152     1 0
   17 159     1 32646
Best profit: 6
End
