NMec = 97746
T = 17
P = 2
Profits ignored
Valid tasks:                                                                0
Solution time = 1.502e-06
Task data
    5  12     1 0
    7  13     1 1
    7  15     1 265383021
    9  28     1 0
   31  36     1 0
   28  37     1 1
   33  39     1 0
   33  43     1 195
   36  44     1 0
   51  55     1 0
   48  56     1 1
   39  58     1 32581
   49  63     1 0
   55  69     1 262112392
   50  75     1 -1962515868
   69  76     1 0
   64  81     1 1
Best profit: 8
End
