NMec = 97746
T = 18
P = 1
Profits ignored
Valid tasks:                                                                0
Solution time = 1.553e-06
Task data
    5  19     1 0
   15  22     1 32650
   17  28     1 0
   28  39     1 0
   32  45     1 0
   28  46     1 1351507204
   41  57     1 0
   56  65     1 195
   67  83     1 0
   88  96     1 0
   89 100     1 1352438160
  102 107     1 0
   96 111     1 0
  102 116     1 4
  118 139     1 0
   92 166     1 0
  158 166     1 0
   23 178     1 1351507096
Best profit: 8
End
