NMec = 97746
T = 18
P = 2
Profits ignored
Valid tasks:                                                                0
Solution time = 1.623e-06
Task data
    2  10     1 0
    8  23     1 1
   11  23     1 0
   11  24     1 32582
   23  28     1 -1123310456
   21  31     1 195
   14  36     1 0
   21  41     1 32582
   38  48     1 0
   43  60     1 1
   53  63     1 0
   58  66     1 656088804
   54  67     1 656088696
   60  71     1 0
   60  74     1 4
   67  79     1 0
   73  84     1 1
   12  85     1 0
Best profit: 8
End
