NMec = 97746
T = 18
P = 4
Profits ignored
Valid tasks:                                                                0
Solution time = 1.973e-06
Task data
    4  10     1 0
    4  15     1 1
    8  15     1 2
    8  17     1 3
   15  19     1 0
    8  20     1 -2093358704
   12  21     1 0
    5  22     1 -2093686152
   13  22     1 32634
    6  27     1 0
    9  28     1 32634
   20  29     1 0
   10  33     1 0
   18  33     1 1
   22  38     1 2
   16  40     1 0
   22  40     1 3
   18  42     1 32634
Best profit: 9
End
