NMec = 97746
T = 19
P = 2
Profits ignored
Valid tasks:                                                                0
Solution time = 1.844e-06
Task data
    9  10     1 0
    6  14     1 1
   11  15     1 0
   15  23     1 1
   23  24     1 0
   23  30     1 1085227320
   24  33     1 1
   24  33     1 0
   26  48     1 0
   49  57     1 0
    1  63     1 1085948304
   54  63     1 1
   67  74     1 0
   74  76     1 1
   56  78     1 0
   73  78     1 1281363053
   68  79     1 32545
   59  83     1 32545
   78  83     1 0
Best profit: 12
End
