NMec = 97746
T = 19
P = 3
Profits ignored
Valid tasks:                                                                0
Solution time = 2.094e-06
Task data
    0   7     1 0
   20  22     1 0
   14  25     1 1
   20  32     1 2
   24  32     1 0
   26  40     1 1
   28  40     1 0
   39  41     1 0
    4  42     1 0
   23  43     1 -1863935400
   24  43     1 1736415839
   37  44     1 2
   40  48     1 32654
   41  50     1 1
   27  53     1 0
   11  55     1 32654
   46  59     1 0
   50  59     1 2
   39  60     1 195
Best profit: 11
End
