NMec = 97746
T = 19
P = 4
Profits ignored
Valid tasks:                                                                0
Solution time = 2.144e-06
Task data
    2   9     1 0
    4  17     1 1
    0  18     1 2
   11  19     1 0
    8  20     1 3
   11  25     1 32694
    4  26     1 0
   25  26     1 0
   12  28     1 0
   21  28     1 1
   19  31     1 2
   22  31     1 3
   12  34     1 32694
   14  34     1 0
   13  36     1 530498696
   20  37     1 4
   23  38     1 0
   30  39     1 0
   24  40     1 32694
Best profit: 10
End
