NMec = 97746
T = 19
P = 5
Profits ignored
Valid tasks:                                                                0
Solution time = 2.044e-06
Task data
    0   2     1 0
    4  11     1 0
    6  15     1 1
    9  18     1 2
   10  19     1 3
   11  20     1 4
   11  21     1 1736415839
    7  24     1 0
   18  26     1 0
   15  27     1 32731
    8  28     1 32731
    6  30     1 195
    8  30     1 0
   12  33     1 -1797708664
   16  33     1 1
   27  33     1 0
   24  34     1 2
   20  35     1 3
   30  36     1 4
Best profit: 12
End
