NMec = 97746
T = 20
P = 3
Profits ignored
Valid tasks:                                                                0
Solution time = 1.173e-05
Task data
    0  12     1 0
    8  17     1 1
   11  27     1 2
   20  32     1 0
   30  37     1 1
   32  39     1 2
   33  39     1 0
   43  47     1 0
   27  48     1 0
   29  50     1 195
   23  51     1 0
   37  54     1 32653
   43  54     1 1
   50  58     1 0
   39  60     1 1736415839
    3  61     1 1073493128
   47  61     1 2
   54  62     1 0
   12  64     1 0
   53  64     1 0
Best profit: 11
End
