NMec = 97746
T = 20
P = 6
Profits ignored
Valid tasks:                                                                0
Solution time = 2.595e-06
Task data
    0   5     1 0
    0   7     1 1
   12  13     1 0
    6  15     1 2
    8  15     1 1
    4  16     1 3
    6  16     1 4
    6  17     1 5
   16  18     1 0
    7  21     1 2124930157
    2  23     1 32699
   23  25     1 0
    7  26     1 4
   16  27     1 1
    3  29     1 195
   14  29     1 0
   12  30     1 351883664
   17  30     1 2
   11  32     1 32699
   28  33     1 0
Best profit: 13
End
