NMec = 97746
T = 20
P = 5
Profits ignored
Valid tasks:                                                                0
Solution time = 2.214e-06
Task data
    0  13     1 0
    8  13     1 1
   13  18     1 2
    0  19     1 3
   11  19     1 4
    4  23     1 -5988088
    5  23     1 32754
   13  27     1 0
   17  29     1 0
    9  30     1 32754
   10  30     1 -5987980
   25  30     1 1
   19  32     1 2
   27  32     1 3
   12  35     1 0
   31  36     1 0
   16  37     1 1736415839
   18  37     1 0
   24  39     1 4
   36  39     1 1
Best profit: 12
End
