NMec = 97746
T = 20
P = 4
Profits ignored
Valid tasks:                                                                0
Solution time = 2.154e-06
Task data
    3  13     1 0
    3  14     1 1
    2  15     1 2
    5  22     1 3
    8  22     1 32548
   13  24     1 -228541496
    5  29     1 1736415839
   25  37     1 0
   31  37     1 1
   20  39     1 2
   15  41     1 81357933
   22  42     1 4
   35  42     1 3
   35  44     1 0
   32  45     1 -226651760
    1  46     1 195
    0  47     1 78087304
   24  47     1 -228541388
    0  49     1 81360235
   42  49     1 0
Best profit: 9
End
