NMec = 97746
T = 20
P = 1
Profits ignored
Valid tasks:                                                                0
Solution time = 1.523e-06
Task data
    9  18     1 0
   11  21     1 195
   13  28     1 32615
   12  29     1 1849300331
   11  35     1 0
   15  38     1 1846027400
   41  44     1 0
   61  74     1 0
   72  88     1 4
   75  99     1 0
   80 105     1 1736415839
   93 106     1 32615
   62 129     1 0
  134 137     1 0
  146 152     1 0
  145 155     1 32615
  137 158     1 0
  150 158     1 -361278364
   23 184     1 0
  180 195     1 0
Best profit: 7
End
