NMec = 97746
T = 20
P = 8
Profits ignored
Valid tasks:                                                                0
Solution time = 2.475e-06
Task data
    1  11     1 0
    2  11     1 1
    3  13     1 2
    7  14     1 3
    3  15     1 4
    3  18     1 5
   13  18     1 0
    3  19     1 6
    3  19     1 7
    0  20     1 -326127216
    0  20     1 -327032684
    7  20     1 32709
   12  22     1 1
   21  24     1 0
    1  25     1 -327032792
   20  26     1 2
    4  27     1 -724810389
    9  27     1 -728083320
   13  28     1 0
    8  29     1 32709
Best profit: 12
End
