NMec = 97746
T = 20
P = 7
Profits ignored
Valid tasks:                                                                0
Solution time = 2.304e-06
Task data
    1  11     1 0
    2  11     1 1
    3  13     1 2
    7  14     1 3
    3  15     1 4
    3  18     1 5
   13  18     1 0
    3  19     1 6
    3  19     1 195
    0  20     1 -703262320
    0  20     1 -704207116
    7  20     1 32627
   12  22     1 1
   21  24     1 0
    1  25     1 -704207224
   20  26     1 2
    4  27     1 1625396587
    9  27     1 1622123656
   13  28     1 0
    8  29     1 32627
Best profit: 11
End
