NMec = 97746
T = 21
P = 4
Profits ignored
Valid tasks:                                                                0
Solution time = 2.284e-06
Task data
    4   6     1 0
    2   9     1 1
    1  12     1 2
   12  14     1 0
    5  20     1 3
    3  21     1 32701
    9  26     1 0
   21  26     1 0
   22  27     1 1
   13  29     1 2
   25  31     1 3
   25  32     1 32701
   24  33     1 0
   29  39     1 0
    8  43     1 -2136470419
   20  44     1 0
   40  44     1 0
   41  45     1 1
    0  50     1 1481744440
   11  51     1 0
    4  52     1 0
Best profit: 12
End
