NMec = 97746
T = 21
P = 6
Profits ignored
Valid tasks:                                                                0
Solution time = 2.184e-06
Task data
    1  10     1 0
    1  15     1 1
    3  16     1 2
    7  16     1 3
    2  17     1 4
   13  20     1 0
    4  22     1 5
    3  23     1 195
   13  23     1 32600
    4  24     1 0
   10  24     1 0
   12  24     1 1
   14  24     1 1815868779
    5  25     1 1059603732
   24  25     1 0
   14  27     1 1815866477
    4  28     1 32600
   12  32     1 1812595848
    4  33     1 4
   24  33     1 1
   21  34     1 2
Best profit: 10
End
