NMec = 97746
T = 21
P = 7
Profits ignored
Valid tasks:                                                                0
Solution time = 2.645e-06
Task data
    2   4     1 0
    1   5     1 1
    2  10     1 2
    8  13     1 0
   10  15     1 1
    6  16     1 3
    5  18     1 4
   13  18     1 2
   15  20     1 0
    2  21     1 5
    1  23     1 6
    1  23     1 32517
    4  23     1 -1365453461
    1  24     1 -1085648496
   13  25     1 32517
   17  25     1 1
   17  25     1 3
   21  26     1 0
    0  27     1 -1368726392
   20  27     1 2
   21  28     1 4
Best profit: 16
End
