NMec = 97746
T = 21
P = 5
Profits ignored
Valid tasks:                                                                0
Solution time = 2.394e-06
Task data
    1   5     1 0
    8   9     1 0
    3  14     1 1
    4  15     1 2
    9  19     1 3
   13  19     1 0
    0  21     1 4
   18  21     1 1
    1  22     1 -1626050160
   10  27     1 0
    5  28     1 1736415839
   21  29     1 0
   24  29     1 1
    8  30     1 0
   21  33     1 2
   18  34     1 32662
   25  35     1 3
   13  36     1 -1626935640
    0  40     1 32662
   18  40     1 -1164235667
   18  41     1 0
Best profit: 12
End
