NMec = 97746
T = 21
P = 1
Profits ignored
Valid tasks:                                                                0
Solution time = 1.553e-06
Task data
    3  23     1 0
   23  27     1 0
   20  35     1 32727
   23  36     1 1050092680
   26  39     1 0
   24  41     1 0
   37  47     1 671072656
   46  58     1 0
   58  73     1 4
    6  75     1 0
   60  85     1 0
   80  92     1 1053363309
   94  97     1 0
  113 120     1 0
  139 146     1 0
   27 151     1 669989028
  106 163     1 32727
  155 167     1 0
   74 183     1 1736415839
  182 189     1 0
  169 192     1 1053365611
Best profit: 9
End
