NMec = 97746
T = 21
P = 3
Profits ignored
Valid tasks:                                                                0
Solution time = 2.004e-06
Task data
   10  18     1 0
    4  20     1 1
    4  27     1 2
   18  29     1 0
   15  30     1 32666
   21  31     1 0
   18  34     1 550919128
   18  36     1 32666
   30  42     1 1
   20  43     1 32666
   35  51     1 0
   39  54     1 2
   35  55     1 0
   45  56     1 1
   49  61     1 0
   44  62     1 -1329580920
   41  63     1 550919236
    1  64     1 551371152
   51  64     1 195
   50  65     1 1
   43  69     1 1736415839
Best profit: 8
End
