NMec = 97746
T = 22
P = 7
Profits ignored
Valid tasks:                                                                0
Solution time = 2.544e-06
Task data
    0   2     1 0
    1  12     1 1
    5  12     1 0
    9  15     1 2
    7  16     1 3
    7  19     1 4
   14  19     1 0
    6  20     1 5
    8  21     1 6
   15  24     1 1
    4  25     1 1736415839
   17  25     1 2
   10  26     1 0
   13  26     1 32764
    5  27     1 4
    6  28     1 0
    6  29     1 -1797970581
   17  29     1 3
   17  29     1 32533
   18  29     1 0
    0  30     1 0
    5  30     1 -1801243512
Best profit: 12
End
