NMec = 97746
T = 22
P = 1
Profits ignored
Valid tasks:                                                                0
Solution time = 1.774e-06
Task data
    5   8     1 0
    0  16     1 0
   24  37     1 0
   35  40     1 1
   29  41     1 32599
   62  66     1 0
   58  75     1 0
   89  97     1 0
   36  99     1 -1880258860
   15 106     1 32599
  107 114     1 0
  109 118     1 725701995
  117 126     1 0
  127 141     1 0
  141 148     1 -1880258968
  138 149     1 195
  131 156     1 0
   12 174     1 0
    4 180     1 0
   33 181     1 4
  179 195     1 0
  196 206     1 0
Best profit: 9
End
