NMec = 97746
T = 22
P = 4
Profits ignored
Valid tasks:                                                                0
Solution time = 2.334e-06
Task data
    8  14     1 0
   10  17     1 1
    7  22     1 2
   13  24     1 3
   10  25     1 1
   21  27     1 0
   13  30     1 -582150805
   14  30     1 -937725552
   17  30     1 32526
   26  31     1 1
   33  36     1 0
   15  37     1 0
   21  41     1 0
    6  43     1 -585423736
   33  43     1 1
   19  45     1 1736415839
   32  47     1 2
   26  48     1 3
   45  51     1 0
    0  52     1 0
   35  53     1 32526
   28  54     1 195
Best profit: 11
End
