NMec = 97746
T = 22
P = 6
Profits ignored
Valid tasks:                                                                0
Solution time = 2.395e-06
Task data
    7  13     1 0
    1  15     1 1
    7  15     1 2
    7  15     1 3
    7  16     1 4
    0  17     1 5
    6  21     1 0
    8  21     1 195
   10  22     1 4
    6  23     1 1736415839
   10  23     1 0
   21  23     1 0
   21  24     1 1
   12  25     1 -112761160
   14  25     1 -1000258424
   18  27     1 2
    5  31     1 32579
   27  32     1 0
   25  33     1 1
   27  34     1 3
   21  35     1 4
   26  36     1 5
Best profit: 14
End
