NMec = 97746
T = 22
P = 8
Profits ignored
Valid tasks:                                                                0
Solution time = 2.745e-06
Task data
    0   4     1 0
    1   5     1 1
    5   8     1 0
    5  14     1 2
    2  16     1 3
   12  17     1 0
   12  18     1 1
   12  18     1 4
    1  20     1 5
   12  20     1 6
    8  22     1 7
    9  22     1 -870525589
   14  22     1 0
   13  24     1 0
    8  26     1 195
   18  26     1 0
   22  26     1 1
   15  27     1 2
   17  27     1 3
    1  28     1 -264605244
   21  28     1 4
    2  29     1 1736415839
Best profit: 16
End
