NMec = 97746
T = 22
P = 3
Profits ignored
Valid tasks:                                                                0
Solution time = 1.964e-06
Task data
    7  16     1 0
   11  16     1 1
   14  20     1 2
   15  25     1 32766
   16  29     1 -1902973843
   27  31     1 0
   20  33     1 1
   24  39     1 2
   26  40     1 1736415839
   24  42     1 195
   36  42     1 0
   47  51     1 0
   36  52     1 1
   42  53     1 2
   37  54     1 -1455811228
   41  55     1 0
   56  60     1 0
   45  61     1 4
   52  61     1 32642
   46  65     1 0
   48  70     1 0
   54  71     1 1
Best profit: 12
End
