NMec = 97746
T = 23
P = 5
Profits ignored
Valid tasks:                                                                0
Solution time = 2.434e-06
Task data
    2   6     1 0
    8  12     1 0
   10  13     1 1
   11  14     1 2
    1  21     1 3
   14  22     1 0
   15  22     1 1
   19  25     1 2
   19  30     1 4
   19  31     1 1
   20  32     1 0
   11  33     1 1829794192
   14  33     1 -1802986387
   26  36     1 0
   31  37     1 1
   24  38     1 3
   23  39     1 0
   35  41     1 2
   38  41     1 0
    1  42     1 1829649832
   35  44     1 4
   25  45     1 0
   27  45     1 1736415839
Best profit: 15
End
