NMec = 97746
T = 23
P = 2
Profits ignored
Valid tasks:                                                                0
Solution time = 1.824e-06
Task data
   10  16     1 0
   12  18     1 1
   15  19     1 -680938133
    2  20     1 -680940435
    8  26     1 0
   14  33     1 32668
   23  34     1 0
   26  37     1 1
   43  48     1 0
   35  51     1 32668
   44  52     1 1
   41  55     1 1736415839
   48  55     1 320795460
   66  72     1 0
   67  73     1 1
   66  81     1 320795352
   78  90     1 0
   62  93     1 0
   80  96     1 1
   91  98     1 0
   85 102     1 1
   93 110     1 -684211064
  105 112     1 0
Best profit: 12
End
