NMec = 97746
T = 23
P = 8
Profits ignored
Valid tasks:                                                                0
Solution time = 2.665e-06
Task data
    3  12     1 0
   10  13     1 1
    6  14     1 2
    6  15     1 3
    0  17     1 4
    3  17     1 5
    7  18     1 6
    7  18     1 7
    0  19     1 32711
    8  20     1 0
    1  21     1 1356808592
    1  21     1 32711
    8  21     1 0
   10  21     1 0
   16  22     1 0
    2  23     1 1
    4  26     1 1876702571
    5  26     1 0
   15  26     1 1
   17  27     1 2
    2  28     1 0
    9  28     1 1355524260
   15  28     1 32711
Best profit: 11
End
