NMec = 97746
T = 23
P = 6
Profits ignored
Valid tasks:                                                                0
Solution time = 2.444e-06
Task data
    2  14     1 0
    5  14     1 1
   15  16     1 0
   11  17     1 2
   11  19     1 3
   15  22     1 1
   19  22     1 0
    9  25     1 4
   12  25     1 5
    5  27     1 32767
   10  28     1 -1173826968
   20  29     1 2
   21  30     1 3
   21  32     1 0
   23  33     1 0
   11  34     1 -1173360240
    3  35     1 4
   11  36     1 32667
   22  36     1 -1188144019
   24  36     1 1
    2  38     1 -1191414648
   18  38     1 195
   25  38     1 1736415839
Best profit: 13
End
