NMec = 97746
T = 23
P = 1
Profits ignored
Valid tasks:                                                                0
Solution time = 1.724e-06
Task data
    2  12     1 0
   10  23     1 -1612567756
   17  38     1 0
   14  39     1 4
   19  42     1 0
   46  50     1 0
   78  81     1 0
   91  94     1 0
   93 102     1 0
  103 110     1 0
   95 113     1 0
  110 132     1 -1612567864
  127 133     1 0
  127 140     1 0
  139 151     1 0
  151 166     1 32700
  168 172     1 0
  158 175     1 -803943315
  155 199     1 -807213944
  191 205     1 0
   25 208     1 0
   46 215     1 1736415839
  216 220     1 0
Best profit: 11
End
