NMec = 97746
T = 23
P = 3
Profits ignored
Valid tasks:                                                                0
Solution time = 2.335e-06
Task data
    3  13     1 0
    3  13     1 1
    2  14     1 2
   14  19     1 0
    5  21     1 32685
   19  24     1 1
   14  28     1 -1865454483
   11  31     1 -1868725112
   25  34     1 0
   22  40     1 2
   24  40     1 0
   32  40     1 1
   30  46     1 -1615859896
   43  49     1 0
   15  52     1 1
   52  55     1 0
   42  59     1 1
    0  61     1 -1615859788
   51  62     1 2
   64  66     1 0
   62  67     1 1
   54  74     1 1736415839
    3  76     1 32685
Best profit: 14
End
