NMec = 97746
T = 23
P = 7
Profits ignored
Valid tasks:                                                                0
Solution time = 2.755e-06
Task data
    0  11     1 0
    9  11     1 1
    5  13     1 2
    8  16     1 3
    6  17     1 4
   13  17     1 0
    2  19     1 5
    0  20     1 6
   11  20     1 32670
   17  20     1 1
   19  23     1 0
   16  24     1 2
   21  24     1 1
    6  25     1 -1849633429
    1  27     1 0
   21  27     1 3
   15  28     1 1
   10  29     1 -1736502200
   15  29     1 32767
   25  29     1 0
   26  30     1 1
   10  32     1 32670
   21  32     1 4
Best profit: 16
End
