NMec = 97746
T = 24
P = 4
Profits ignored
Valid tasks:                                                                0
Solution time = 2.355e-06
Task data
    3  13     1 0
   15  18     1 0
    5  19     1 1
    0  20     1 2
    5  21     1 3
   15  24     1 0
   16  26     1 195
    8  29     1 -916322316
   28  29     1 0
   23  31     1 1
   28  32     1 2
   16  33     1 4
   16  34     1 0
   20  36     1 32766
   15  37     1 0
   31  39     1 0
   37  43     1 1
    6  46     1 1736415839
   30  46     1 3
   29  49     1 1735140488
   39  51     1 2
   34  53     1 32555
   34  53     1 1738413419
   48  58     1 0
Best profit: 13
End
