NMec = 97746
T = 24
P = 1
Profits ignored
Valid tasks:                                                                0
Solution time = 1.824e-06
Task data
   10  18     1 0
    3  19     1 0
   14  33     1 4
   13  35     1 1
   40  53     1 0
   56  60     1 0
   45  63     1 0
   52  68     1 -496974485
   47  69     1 1789591064
   64  75     1 0
   76  94     1 0
   24  95     1 0
  125 131     1 0
  118 132     1 32764
  127 133     1 32560
  132 151     1 0
  148 153     1 0
  151 164     1 0
  145 166     1 0
   19 185     1 0
  187 193     1 0
  188 199     1 195
  205 214     1 0
  203 220     1 -500247416
Best profit: 9
End
