NMec = 97746
T = 24
P = 7
Profits ignored
Valid tasks:                                                                0
Solution time = 2.905e-06
Task data
    0   9     1 0
    2  14     1 1
    2  16     1 2
    1  18     1 3
    4  18     1 4
    1  19     1 5
   10  20     1 0
    1  21     1 6
   20  23     1 1
    7  24     1 1373217168
   18  24     1 2
   18  24     1 0
   15  26     1 0
   17  26     1 -1770023800
   13  28     1 0
   22  28     1 0
   18  29     1 195
   16  30     1 4
   23  30     1 3
    0  31     1 0
   21  31     1 4
   22  31     1 5
    9  32     1 0
   26  34     1 1
Best profit: 15
End
