NMec = 97746
T = 24
P = 3
Profits ignored
Valid tasks:                                                                0
Solution time = 2.295e-06
Task data
    3  17     1 0
   15  19     1 1
   10  20     1 2
   15  27     1 -858025584
   10  29     1 0
   15  29     1 0
   25  36     1 0
   21  37     1 1
   30  40     1 2
   36  45     1 195
   41  47     1 0
   36  50     1 0
   51  54     1 0
   24  55     1 -2123111061
   37  55     1 1
    3  62     1 0
    2  63     1 32674
   41  63     1 1
    8  65     1 4
   15  66     1 0
   46  66     1 2
   21  75     1 -858155420
   74  76     1 0
   46  79     1 32767
Best profit: 11
End
