NMec = 97746
T = 24
P = 2
Profits ignored
Valid tasks:                                                                0
Solution time = 2.014e-06
Task data
    3  16     1 0
   19  21     1 0
   19  29     1 1
   19  32     1 195
   15  33     1 0
   23  33     1 0
   19  36     1 0
   28  45     1 1736415839
   24  46     1 -1438685845
   48  52     1 0
   47  63     1 1
   54  68     1 0
   52  74     1 0
   52  75     1 32571
   52  76     1 4
   66  80     1 1
   61  81     1 0
   75  82     1 0
   85  94     1 0
    2  97     1 271378552
   83  99     1 1
   91 103     1 32571
   84 111     1 0
  115 119     1 0
Best profit: 12
End
