NMec = 97746
T = 25
P = 6
Profits ignored
Valid tasks:                                                                0
Solution time = 2.896e-06
Task data
    7  15     1 0
    9  16     1 1
    4  17     1 2
    8  17     1 3
   14  25     1 4
   17  25     1 0
   15  26     1 5
   18  26     1 1
   18  29     1 2
   25  30     1 3
   20  33     1 -48909176
   22  33     1 1
    2  34     1 32735
    9  34     1 0
   26  34     1 0
   27  34     1 1
   33  35     1 2
    5  36     1 1736415839
   16  36     1 0
   17  36     1 0
   20  37     1 32735
   13  38     1 32735
   20  40     1 -45636245
   21  40     1 -1
   27  41     1 4
Best profit: 14
End
