NMec = 97746
T = 25
P = 8
Profits ignored
Valid tasks:                                                                0
Solution time = 2.976e-06
Task data
    2   3     1 0
    4  10     1 0
    9  10     1 1
    2  11     1 2
    6  11     1 3
    0  13     1 4
    5  13     1 5
    7  14     1 6
    3  16     1 7
    4  21     1 781324688
    8  21     1 781191044
    3  23     1 0
    0  24     1 0
    1  26     1 0
   10  26     1 32611
   21  27     1 0
   15  28     1 1
   22  28     1 2
   19  29     1 3
    2  30     1 0
    9  30     1 4
    7  31     1 0
    8  31     1 0
   26  31     1 4
   27  31     1 5
Best profit: 15
End
