NMec = 97746
T = 25
P = 2
Profits ignored
Valid tasks:                                                                0
Solution time = 1.133e-05
Task data
    1  16     1 0
   17  27     1 0
    5  28     1 1
   22  32     1 32528
   26  32     1 -1507614252
   38  48     1 0
   33  50     1 1
   31  51     1 1736415839
   51  56     1 0
   52  58     1 1
   42  62     1 0
   55  62     1 0
   35  63     1 -1545843603
   59  68     1 0
   56  70     1 195
   60  75     1 1
   61  84     1 0
   62  86     1 -1
   80  90     1 0
   74  92     1 -1505930864
   94  97     1 0
   88 114     1 1
   16 119     1 0
  113 120     1 0
  111 124     1 4
Best profit: 13
End
