NMec = 97746
T = 25
P = 7
Profits ignored
Valid tasks:                                                                0
Solution time = 2.855e-06
Task data
    4  10     1 0
    4  13     1 1
    1  16     1 2
    1  16     1 3
    3  17     1 4
    5  17     1 5
    8  17     1 6
    9  18     1 32639
    7  21     1 32639
    2  22     1 32639
    9  23     1 4
   18  24     1 0
    8  25     1 1736415839
    8  26     1 0
   21  27     1 1
   21  27     1 2
   21  28     1 3
    5  30     1 -1
   13  30     1 0
   16  30     1 1
   25  31     1 0
    9  32     1 -1425025685
   21  33     1 4
   23  33     1 5
   24  34     1 6
Best profit: 15
End
