NMec = 97746
T = 25
P = 5
Profits ignored
Valid tasks:                                                                0
Solution time = 2.584e-06
Task data
    2   4     1 0
    0   6     1 1
    4  19     1 2
    8  20     1 0
    8  21     1 1
   14  23     1 3
   15  24     1 4
   13  25     1 0
   21  26     1 0
   21  27     1 2
   12  30     1 -480091036
    9  31     1 -1889280915
   17  31     1 195
   13  34     1 0
   24  35     1 1
   28  36     1 0
   28  37     1 2
   32  45     1 3
   38  45     1 0
   37  47     1 1
   38  47     1 2
   21  48     1 -1
   27  49     1 4
   35  49     1 32766
   43  49     1 0
Best profit: 17
End
