NMec = 97746
T = 26
P = 8
Profits ignored
Valid tasks:                                                                0
Solution time = 2.855e-06
Task data
    0   8     1 0
    1   9     1 1
    3   9     1 2
    4   9     1 3
    8  11     1 4
    4  15     1 5
    0  16     1 6
   10  16     1 0
    0  18     1 7
    2  18     1 -1
    7  18     1 32760
    2  21     1 1
    3  22     1 32760
    3  24     1 0
    5  24     1 32765
   23  24     1 0
    4  25     1 -1751747448
   16  26     1 1
   10  27     1 2
    7  28     1 1736415839
   21  28     1 3
   25  29     1 0
   22  31     1 4
   17  32     1 5
   21  32     1 6
   25  32     1 7
Best profit: 18
End
