NMec = 97746
T = 26
P = 4
Profits ignored
Valid tasks:                                                                0
Solution time = 2.605e-06
Task data
    8  13     1 0
    9  13     1 1
    5  21     1 2
    8  29     1 3
   23  34     1 0
   25  34     1 1
   20  36     1 0
   27  38     1 2
   20  40     1 32654
   29  40     1 32654
   41  44     1 0
   31  45     1 3
   29  46     1 -2070944405
   30  46     1 0
   22  51     1 4
   30  52     1 0
   47  52     1 0
   47  56     1 1
   48  56     1 2
   11  59     1 0
   41  59     1 32654
   39  61     1 0
   54  61     1 0
   56  62     1 3
   61  62     1 1
   58  63     1 2
Best profit: 16
End
