NMec = 97746
T = 26
P = 1
Profits ignored
Valid tasks:                                                                0
Solution time = 1.743e-06
Task data
   15  34     1 0
   65  68     1 0
   60  77     1 0
   68  79     1 684860248
   66  80     1 0
   83  96     1 0
   94 106     1 0
  100 108     1 0
  107 108     1 4
  106 122     1 0
  112 125     1 0
  106 128     1 684860356
  115 132     1 0
  137 144     1 0
  122 145     1 32664
  146 161     1 0
  166 173     1 0
  171 179     1 32664
  173 188     1 1694850157
  188 199     1 0
  199 203     1 32664
  189 204     1 -1
  197 205     1 1694852459
  203 211     1 0
  220 234     1 0
  227 239     1 32664
Best profit: 11
End
