NMec = 97746
T = 26
P = 5
Profits ignored
Valid tasks:                                                                0
Solution time = 2.865e-06
Task data
    1   7     1 0
    0   9     1 1
    4   9     1 2
    1  19     1 3
    9  23     1 0
    7  24     1 4
   16  24     1 1
    4  28     1 0
   16  28     1 2
   17  30     1 1773913451
   19  30     1 32694
   29  30     1 0
   11  31     1 32694
   13  32     1 1736415839
   12  33     1 -1068067592
   23  35     1 3
   28  35     1 1
    2  38     1 0
   21  40     1 1773911149
   28  44     1 4
   10  45     1 0
   33  46     1 0
   30  49     1 2
   28  50     1 195
   36  50     1 1
   38  51     1 3
Best profit: 16
End
