NMec = 97746
T = 26
P = 3
Profits ignored
Valid tasks:                                                                0
Solution time = 2.485e-06
Task data
    4  18     1 0
   19  21     1 0
    2  26     1 1
   23  27     1 0
   16  29     1 2
   17  29     1 0
   19  34     1 1736415839
   24  34     1 32511
   22  38     1 59894893
   17  39     1 59897195
   28  42     1 0
   36  47     1 1
   34  48     1 2
   40  48     1 56624264
   48  60     1 0
   46  61     1 195
   50  61     1 1
   47  62     1 32511
   52  63     1 2
   46  67     1 1
   59  70     1 0
   57  71     1 0
   11  73     1 -2115537432
   65  78     1 0
   62  80     1 1
   73  82     1 2
Best profit: 14
End
