NMec = 97746
T = 26
P = 2
Profits ignored
Valid tasks:                                                                0
Solution time = 2.165e-06
Task data
    2   9     1 0
    8  25     1 1
   23  26     1 0
   24  32     1 0
   13  33     1 32584
   33  37     1 0
   27  38     1 1
   29  38     1 0
   19  42     1 1790219400
   30  43     1 -1
   26  48     1 0
   31  50     1 1
   69  76     1 0
   68  77     1 1
   73  78     1 59725156
   72  83     1 32584
    9  90     1 0
   70  90     1 32584
   80  92     1 0
   81  92     1 1
   73  93     1 32765
   79  98     1 0
   90 100     1 0
   93 107     1 0
  106 108     1 1
   95 111     1 59725048
Best profit: 11
End
