NMec = 97746
T = 26
P = 7
Profits ignored
Valid tasks:                                                                0
Solution time = 3.356e-06
Task data
    3   9     1 0
    7  10     1 1
    2  13     1 2
    0  14     1 3
    8  14     1 4
    6  15     1 5
   11  17     1 0
   12  19     1 1
    5  20     1 6
    0  22     1 0
   15  22     1 2
   23  25     1 0
    4  29     1 -1
    9  29     1 0
   13  30     1 672555408
   20  30     1 1
   13  31     1 1502137453
   30  32     1 0
    1  33     1 0
    3  33     1 32746
   16  33     1 3
    6  36     1 195
   26  36     1 2
   28  36     1 4
   33  36     1 0
   21  37     1 5
Best profit: 18
End
