NMec = 97746
T = 27
P = 5
Profits ignored
Valid tasks:                                                                0
Solution time = 2.816e-06
Task data
   11  12     1 0
    6  16     1 1
    8  18     1 2
   10  18     1 3
    4  21     1 4
    6  22     1 0
    8  22     1 195
   13  25     1 0
   14  25     1 -1736580720
   16  26     1 547628168
   13  27     1 550901099
   22  29     1 1
    5  30     1 32755
   10  30     1 1
   27  31     1 0
   20  32     1 2
   18  33     1 0
   22  33     1 3
    0  37     1 1736415839
   17  39     1 0
    7  42     1 32755
   32  42     1 0
   38  48     1 1
   39  48     1 2
    1  49     1 0
   42  51     1 3
   45  52     1 0
Best profit: 15
End
