NMec = 97746
T = 27
P = 1
Profits ignored
Valid tasks:                                                                0
Solution time = 1.974e-06
Task data
   10  19     1 0
    1  24     1 411980756
   15  24     1 1397275757
   14  26     1 412471696
   21  34     1 0
   18  40     1 32609
   19  61     1 0
   48  72     1 0
   70  77     1 0
   56  80     1 411980648
   72  85     1 4
   73 108     1 0
   96 112     1 195
  133 135     1 0
  135 144     1 0
  134 146     1 0
  144 153     1 0
   76 183     1 0
  175 188     1 0
  175 198     1 0
  181 203     1 32609
  199 205     1 0
  209 225     1 0
  121 249     1 1736415839
  243 250     1 0
  248 253     1 0
  254 265     1 0
Best profit: 11
End
