NMec = 97746
T = 28
P = 5
Profits ignored
Valid tasks:                                                                0
Solution time = 2.986e-06
Task data
    4  11     1 0
    4  11     1 1
    4  12     1 2
    3  13     1 3
   15  17     1 0
   16  23     1 1
   20  23     1 0
    2  24     1 4
   24  26     1 0
   12  27     1 1937360008
   19  29     1 2
   23  29     1 3
   17  31     1 32596
   22  33     1 1940630637
   23  34     1 0
   30  37     1 0
   37  43     1 1
   40  43     1 0
   23  44     1 0
   43  45     1 2
   25  46     1 4
   29  47     1 0
   41  50     1 3
   45  52     1 0
   48  52     1 1
   39  54     1 4
   46  55     1 2
   53  55     1 0
Best profit: 21
End
