NMec = 97746
T = 28
P = 6
Profits ignored
Valid tasks:                                                                0
Solution time = 3.125e-06
Task data
    5   7     1 0
    5  15     1 1
    4  16     1 2
   16  17     1 0
   13  20     1 3
   17  23     1 1
    2  24     1 4
   14  24     1 5
   14  24     1 32671
   16  24     1 -1963025196
    5  26     1 0
   11  26     1 -1579488147
   15  26     1 32764
    5  29     1 32671
   22  30     1 0
   15  32     1 1736415839
   16  35     1 0
   21  35     1 2
    6  36     1 0
   25  36     1 1
   25  37     1 3
   29  38     1 4
    9  43     1 1
    2  44     1 -1579485845
    1  45     1 0
   32  45     1 0
    0  46     1 32764
   29  46     1 5
Best profit: 15
End
