NMec = 97746
T = 28
P = 8
Profits ignored
Valid tasks:                                                                0
Solution time = 3.136e-06
Task data
    3  10     1 0
    0  11     1 1
    7  13     1 2
    3  15     1 3
   10  16     1 4
    2  17     1 5
    2  17     1 6
    5  17     1 7
   11  18     1 0
    6  19     1 0
    7  20     1 0
    7  22     1 0
   19  23     1 0
   16  24     1 1
    5  25     1 1
   15  25     1 2
   14  26     1 32642
    7  27     1 -310087276
    7  27     1 32642
   17  27     1 3
    2  28     1 195
   11  30     1 -1654231955
   11  32     1 1736415839
   11  32     1 -1
   29  32     1 0
   11  33     1 -310087384
   13  34     1 0
   24  34     1 4
Best profit: 15
End
