NMec = 97746
T = 28
P = 1
Profits ignored
Valid tasks:                                                                0
Solution time = 2.104e-06
Task data
   16  23     1 0
   29  40     1 0
   23  41     1 0
   32  45     1 32556
   53  65     1 0
   55  67     1 0
   63  68     1 32556
   65  71     1 1736415839
   72  87     1 0
   95  98     1 0
  107 115     1 0
  107 115     1 0
  134 151     1 0
  156 173     1 0
  176 189     1 0
  193 198     1 0
  197 210     1 1815146896
  194 213     1 0
  220 233     1 0
  124 236     1 0
  235 245     1 0
  228 250     1 836609160
  254 261     1 0
   63 263     1 32765
  261 263     1 32556
  241 267     1 839879789
  260 270     1 1
  254 272     1 0
Best profit: 13
End
