NMec = 97746
T = 28
P = 4
Profits ignored
Valid tasks:                                                                0
Solution time = 2.985e-06
Task data
    5  15     1 0
   11  17     1 1
    4  22     1 2
   21  23     1 0
   16  24     1 3
    8  25     1 0
    9  29     1 195
   16  30     1 0
   16  32     1 0
   19  35     1 1
   31  38     1 0
   15  39     1 0
   16  40     1 32719
   31  42     1 2
   37  42     1 1
    7  43     1 -561156444
   39  43     1 0
   38  44     1 3
   28  45     1 1486967944
   41  45     1 32719
   42  45     1 32719
   24  46     1 32719
   28  49     1 1
   40  53     1 1490238573
    2  61     1 32767
   59  61     1 0
   53  67     1 1
   50  69     1 2
Best profit: 14
End
