NMec = 97746
T = 28
P = 7
Profits ignored
Valid tasks:                                                                0
Solution time = 3.267e-06
Task data
    4   6     1 0
    0  11     1 1
    0  12     1 2
    3  13     1 3
    9  13     1 0
    2  14     1 4
   13  16     1 1
    3  17     1 5
   16  18     1 0
   14  20     1 2
   17  24     1 1
    0  25     1 6
    5  25     1 0
   23  25     1 0
    2  27     1 0
   15  27     1 3
   13  28     1 32575
   13  29     1 32575
    8  31     1 0
   18  32     1 4
   22  32     1 2
   14  34     1 0
   13  35     1 32575
   23  37     1 5
   27  37     1 0
   15  39     1 32575
   28  39     1 1
   32  39     1 3
Best profit: 20
End
