NMec = 97746
T = 29
P = 4
Profits ignored
Valid tasks:                                                                0
Solution time = 2.935e-06
Task data
    5   8     1 0
    0   9     1 1
    4  13     1 2
   19  21     1 0
   18  22     1 1
    9  29     1 3
   14  34     1 2
   30  34     1 0
   18  38     1 32542
   33  39     1 1
   35  40     1 0
   21  43     1 1736415839
   26  43     1 32542
   17  45     1 -548158328
   34  46     1 3
   38  47     1 2
   43  52     1 0
   30  53     1 0
   39  55     1 0
   37  56     1 -544885397
   48  56     1 1
   46  58     1 0
   44  59     1 -1
   54  59     1 0
   55  59     1 2
   36  61     1 195
   23  64     1 0
   61  66     1 0
   22  72     1 0
Best profit: 17
End
