NMec = 97746
T = 29
P = 7
Profits ignored
Valid tasks:                                                                0
Solution time = 3.185e-06
Task data
    6  11     1 0
    2  13     1 1
    4  14     1 2
    4  14     1 3
   13  15     1 0
    8  16     1 4
    9  17     1 5
    5  22     1 6
   10  23     1 -323422869
   12  24     1 0
   15  24     1 1
    9  25     1 0
   23  25     1 0
   15  26     1 2
   10  27     1 32765
   19  27     1 3
   18  28     1 4
   22  28     1 5
   11  29     1 0
   18  31     1 186540432
   21  32     1 0
   15  34     1 1736415839
   27  35     1 0
   20  37     1 32523
   29  38     1 1
   30  38     1 2
   25  40     1 6
   34  40     1 3
   36  41     1 0
Best profit: 20
End
