NMec = 97746
T = 29
P = 8
Profits ignored
Valid tasks:                                                                0
Solution time = 3.557e-06
Task data
    3   8     1 0
    4  13     1 1
    5  14     1 2
    8  14     1 3
   10  14     1 0
   10  19     1 4
    4  21     1 5
   15  23     1 0
   14  24     1 1
   13  25     1 6
    8  26     1 7
    8  26     1 0
    2  27     1 32525
    2  27     1 0
   21  27     1 2
   20  28     1 3
    5  30     1 0
   22  30     1 4
   10  31     1 32764
   27  32     1 0
   13  33     1 32525
   30  33     1 1
   30  33     1 2
   16  34     1 0
   24  34     1 5
   25  34     1 -1380562796
    7  35     1 32525
   25  35     1 32525
   29  36     1 3
Best profit: 19
End
