NMec = 97746
T = 29
P = 3
Profits ignored
Valid tasks:                                                                0
Solution time = 2.605e-06
Task data
    1  10     1 0
    6  15     1 1
    4  21     1 2
   12  22     1 0
   13  24     1 0
    6  27     1 32765
   21  30     1 1
   19  34     1 -445618837
   31  34     1 0
   30  42     1 2
   31  44     1 1
   35  45     1 0
   29  49     1 0
   27  51     1 1198977424
   43  55     1 2
   32  58     1 32674
   34  60     1 1
   52  63     1 0
   58  63     1 1
   61  69     1 2
   62  75     1 0
   34  78     1 -445621139
   16  80     1 4
   44  83     1 -1
   47  89     1 -448891768
   70  91     1 0
   87  92     1 1
    0  94     1 1736415839
    6  94     1 195
Best profit: 15
End
