NMec = 97746
T = 29
P = 1
Profits ignored
Valid tasks:                                                                0
Solution time = 2.024e-06
Task data
   18  28     1 0
   34  53     1 0
   61  80     1 0
   64  82     1 32647
   84  99     1 0
   90 100     1 0
  104 120     1 0
   27 121     1 0
  115 125     1 32765
  119 129     1 0
  125 133     1 0
  121 135     1 4
  128 144     1 0
  150 158     1 0
  145 163     1 0
  149 169     1 1
  165 170     1 0
  172 182     1 0
  178 185     1 1196518632
  177 189     1 0
   76 216     1 32647
    1 228     1 1196663184
  224 234     1 0
  214 235     1 0
  228 237     1 32647
  234 251     1 0
   11 257     1 1017214315
  247 260     1 0
  258 281     1 195
Best profit: 11
End
