NMec = 97746
T = 29
P = 6
Profits ignored
Valid tasks:                                                                0
Solution time = 3.246e-06
Task data
    0  10     1 0
    6  10     1 1
    2  13     1 2
    0  15     1 3
    9  15     1 4
   11  16     1 0
    1  17     1 5
    9  20     1 849626248
   12  21     1 1
   18  22     1 0
    6  23     1 32579
   25  27     1 0
   24  28     1 1
   11  29     1 0
   15  30     1 2
   18  33     1 3
   19  34     1 4
   17  37     1 -462551660
   28  37     1 0
   18  38     1 5
   19  38     1 -461753968
   21  38     1 -462551768
    0  44     1 32579
   30  44     1 1
   30  45     1 0
    0  46     1 32579
    6  46     1 0
   20  46     1 32766
   34  46     1 2
Best profit: 18
End
