NMec = 97746
T = 30
P = 5
Profits ignored
Valid tasks:                                                                0
Solution time = 3.006e-06
Task data
    0  14     1 0
    6  14     1 1
   13  17     1 2
    1  19     1 3
   15  21     1 0
   23  26     1 0
    4  27     1 4
   21  27     1 1
   20  30     1 2
   16  31     1 1
   13  32     1 0
   22  33     1 3
   23  33     1 -2040083347
   26  34     1 32666
   29  35     1 0
   31  43     1 1
   34  48     1 2
   42  51     1 0
   42  52     1 3
   45  54     1 1
   32  55     1 4
   35  55     1 0
   38  55     1 1345167760
   45  55     1 32766
   33  56     1 0
   26  57     1 4
   32  57     1 32766
   39  57     1 32666
   40  57     1 -2043353976
   47  58     1 195
Best profit: 17
End
