NMec = 97746
T = 30
P = 2
Profits ignored
Valid tasks:                                                                0
Solution time = 2.435e-06
Task data
    2  15     1 0
   19  30     1 0
   19  37     1 1
   22  37     1 0
   29  39     1 1988080776
   23  43     1 1991351405
   44  55     1 0
   56  61     1 0
   60  63     1 1
   49  64     1 116496772
   50  65     1 32559
   50  66     1 0
   58  72     1 116496664
   59  75     1 4
   65  78     1 0
   80  81     1 0
   83  90     1 0
   87  94     1 1
    8 102     1 32766
   99 107     1 0
  102 107     1 1
  112 117     1 0
  103 120     1 0
  108 123     1 1
  120 124     1 0
  115 130     1 32766
  118 138     1 32559
  119 140     1 0
  125 146     1 0
    3 149     1 0
Best profit: 16
End
