NMec = 97746
T = 30
P = 4
Profits ignored
Valid tasks:                                                                0
Solution time = 2.876e-06
Task data
    3  11     1 0
    7  12     1 1
    9  13     1 2
    4  16     1 3
    2  18     1 32767
   17  18     1 0
   16  27     1 1
   19  28     1 0
   21  29     1 2
   25  32     1 3
   24  35     1 32767
   32  35     1 0
    9  36     1 0
   23  36     1 32528
   13  37     1 -999615708
   31  37     1 1
   11  39     1 0
   38  41     1 0
   29  42     1 4
   34  43     1 2
   39  43     1 1
   28  48     1 -848091797
   42  50     1 0
   54  58     1 0
   35  60     1 3
   57  64     1 1
   58  65     1 2
   53  66     1 0
   59  68     1 0
   59  70     1 195
Best profit: 20
End
