NMec = 97746
T = 30
P = 6
Profits ignored
Valid tasks:                                                                0
Solution time = 3.316e-06
Task data
    2   6     1 0
    1   9     1 1
    8  12     1 0
   11  15     1 1
    2  16     1 2
   15  16     1 0
    5  17     1 3
    8  19     1 4
   17  19     1 0
   11  21     1 5
   15  23     1 0
   19  23     1 1
   13  27     1 1479448516
   15  28     1 0
   17  29     1 2
   25  30     1 0
   16  31     1 1479448408
    9  33     1 32589
   22  33     1 3
   18  34     1 32589
   33  40     1 0
   17  41     1 32589
   32  42     1 1
   20  44     1 4
   33  44     1 2
   26  45     1 5
   39  45     1 3
   38  46     1 -1
   19  47     1 0
   38  47     1 0
Best profit: 20
End
