NMec = 97746
T = 30
P = 7
Profits ignored
Valid tasks:                                                                0
Solution time = 3.486e-06
Task data
    0   7     1 0
    1   7     1 1
    1   8     1 2
    1   9     1 3
    2  12     1 4
    3  12     1 5
    2  14     1 6
   14  18     1 0
   11  20     1 1
    1  21     1 32767
    4  21     1 0
   13  21     1 2
   17  21     1 3
   15  22     1 4
    9  23     1 32655
   13  23     1 5
   11  24     1 4
    8  25     1 1
    3  26     1 -16824981
   15  26     1 6
   19  26     1 0
   22  26     1 1
   15  31     1 0
   25  31     1 2
   19  32     1 -1681880556
   19  33     1 0
   20  33     1 -1
   26  36     1 3
   28  39     1 0
    0  42     1 1736415839
Best profit: 19
End
