NMec = 97746
T = 30
P = 8
Profits ignored
Valid tasks:                                                                0
Solution time = 3.567e-06
Task data
    6  11     1 0
   10  13     1 1
    5  14     1 2
    4  15     1 3
    9  18     1 4
    6  19     1 5
    7  19     1 6
   11  19     1 7
   19  20     1 0
   15  22     1 1
   16  22     1 2
   20  23     1 3
    8  26     1 32621
   14  26     1 32621
   19  28     1 4
   15  29     1 -836617107
   12  30     1 32765
   28  31     1 0
   10  33     1 32765
   28  33     1 1
   29  33     1 2
   31  33     1 3
    0  34     1 32765
   15  34     1 0
   22  34     1 5
   32  35     1 0
    1  37     1 0
    2  37     1 32621
   14  37     1 434016656
   18  37     1 0
Best profit: 19
End
