NMec = 97746
T = 30
P = 3
Profits ignored
Valid tasks:                                                                0
Solution time = 3.577e-06
Task data
    2   9     1 0
    1  17     1 1
    8  19     1 2
   11  22     1 0
   17  24     1 32766
   19  27     1 1
   22  32     1 2
   25  33     1 0
   16  34     1 0
   21  35     1 0
   24  35     1 -1
   37  41     1 0
   21  42     1 0
   40  46     1 1
   35  58     1 2
   37  59     1 32766
   43  59     1 0
   35  64     1 1007676708
   35  64     1 32531
   47  65     1 1
   63  75     1 0
   66  77     1 1
   68  78     1 2
    2  83     1 32531
   63  83     1 -579482515
   81  90     1 0
   15  96     1 4
   93  96     1 0
   78  97     1 1
   23  99     1 0
Best profit: 18
End
