NMec = 97746
T = 31
P = 5
Profits ignored
Valid tasks:                                                                0
Solution time = 3.206e-06
Task data
    0  14     1 0
    5  17     1 1
    8  18     1 2
    9  19     1 3
    9  19     1 4
   12  21     1 32593
   17  25     1 0
   11  26     1 694807661
   16  26     1 0
    4  33     1 32593
   21  33     1 1
   24  35     1 2
   22  40     1 3
   32  40     1 0
   19  41     1 691537032
   26  41     1 4
   29  41     1 0
   37  41     1 1
   35  42     1 32593
   30  47     1 32767
    8  48     1 0
   30  51     1 1736415839
   32  52     1 1
   42  53     1 0
   46  54     1 1
   51  54     1 2
   24  55     1 32767
   40  55     1 0
    2  56     1 195
   53  58     1 3
   54  60     1 0
Best profit: 17
End
