NMec = 97746
T = 31
P = 6
Profits ignored
Valid tasks:                                                                0
Solution time = 3.226e-06
Task data
    0  10     1 0
    9  12     1 1
    6  16     1 2
    6  17     1 3
    0  19     1 4
   10  19     1 5
    3  21     1 -510990997
    4  21     1 0
   14  25     1 0
   15  26     1 1
   17  26     1 2
   13  27     1 0
    4  28     1 1
   17  28     1 32667
   20  29     1 3
   11  30     1 1736415839
   19  31     1 0
   22  34     1 4
   31  38     1 0
   34  38     1 1
   13  40     1 -510993299
   26  40     1 5
   30  40     1 2
   34  41     1 3
   36  41     1 4
   16  42     1 0
    3  44     1 937206068
   31  44     1 -1
   24  45     1 32764
   34  50     1 0
    3  51     1 -514263928
Best profit: 17
End
