NMec = 97746
T = 31
P = 2
Profits ignored
Valid tasks:                                                                0
Solution time = 2.585e-06
Task data
   16  23     1 0
   17  28     1 1
   26  33     1 0
   19  34     1 2131682440
   27  45     1 0
   37  45     1 0
   42  47     1 1
   30  48     1 0
   40  48     1 0
   30  49     1 0
   42  49     1 2134914288
   45  58     1 0
   37  60     1 32511
   43  65     1 0
   69  88     1 0
   77  89     1 1
   92  97     1 0
   92 104     1 1
  105 112     1 0
  101 116     1 -1
  107 118     1 1
  118 119     1 0
   16 120     1 32511
  118 122     1 32511
  123 134     1 0
  127 134     1 1
   14 136     1 1
   17 148     1 -1800028316
  140 150     1 0
  142 150     1 1
  148 154     1 32767
Best profit: 16
End
