NMec = 97746
T = 31
P = 1
Profits ignored
Valid tasks:                                                                0
Solution time = 1.933e-06
Task data
    5  18     1 0
   10  18     1 0
    6  20     1 0
   27  34     1 0
   21  47     1 0
   55  70     1 0
  121 131     1 0
  112 133     1 195
  122 133     1 -321715824
  142 145     1 0
  142 152     1 32633
  146 155     1 0
  150 160     1 32765
  145 164     1 0
  150 165     1 32765
  148 169     1 -206025619
  178 185     1 0
  181 191     1 32765
  181 192     1 32633
  179 194     1 0
  207 219     1 0
  219 227     1 -322087788
  209 233     1 1736415839
  235 246     1 0
  237 248     1 0
  243 251     1 -206023317
  252 258     1 0
  260 262     1 0
  260 272     1 -206064400
  263 272     1 0
  277 289     1 0
Best profit: 13
End
