NMec = 97746
T = 31
P = 7
Profits ignored
Valid tasks:                                                                0
Solution time = 3.426e-06
Task data
    6  13     1 0
    2  14     1 1
    4  16     1 2
    3  17     1 3
    2  18     1 4
   14  18     1 0
   16  19     1 1
    1  20     1 5
   13  20     1 6
    9  22     1 692781028
   11  23     1 1281144171
   16  24     1 693219728
   19  24     1 0
   20  24     1 1
    2  25     1 32636
   15  26     1 -1
   11  27     1 1277871240
   12  27     1 0
   27  31     1 0
   21  34     1 2
   20  35     1 3
   23  36     1 4
   26  37     1 1
   29  38     1 5
    1  39     1 0
    9  39     1 195
   19  41     1 1281141869
   33  42     1 0
   14  43     1 0
   21  43     1 6
   30  43     1 0
Best profit: 19
End
