NMec = 97746
T = 31
P = 8
Profits ignored
Valid tasks:                                                                0
Solution time = 3.667e-06
Task data
    2  10     1 0
    1  11     1 1
    2  13     1 2
    4  14     1 3
    3  15     1 4
    4  16     1 5
    1  17     1 6
   11  17     1 0
   15  20     1 1
    6  21     1 7
   18  21     1 0
    1  23     1 0
   10  24     1 -1637350037
   15  24     1 2
   20  24     1 3
    8  25     1 0
   15  26     1 32766
   17  27     1 4
    5  28     1 32766
   13  28     1 32563
   16  29     1 0
   27  31     1 0
   17  32     1 5
   21  32     1 1
   24  33     1 6
    0  34     1 0
   18  35     1 0
   21  35     1 -1
   22  35     1 7
   18  38     1 -1640622968
   24  38     1 0
Best profit: 19
End
