NMec = 97746
T = 32
P = 7
Profits ignored
Valid tasks:                                                                0
Solution time = 3.547e-06
Task data
    5   9     1 0
    3  12     1 1
    5  14     1 2
    1  18     1 3
    8  18     1 4
   11  19     1 0
    9  20     1 5
   10  21     1 6
   16  22     1 1
   25  30     1 0
   24  32     1 1
   27  32     1 2
   16  33     1 32577
   24  33     1 3
   24  33     1 4
   15  35     1 0
   20  35     1 32765
   19  36     1 195
   19  36     1 -1
   21  36     1 5
   25  36     1 6
   27  39     1 1
   30  39     1 0
   28  40     1 233016429
   34  40     1 0
   25  42     1 32577
   30  43     1 232977648
    5  44     1 32577
   19  44     1 32577
   29  44     1 233018731
   21  45     1 1783718152
   24  45     1 0
Best profit: 17
End
d
