NMec = 97746
T = 32
P = 4
Profits ignored
Valid tasks:                                                                0
Solution time = 3.146e-06
Task data
    0  12     1 0
   11  13     1 1
    3  15     1 2
   11  17     1 3
    2  18     1 -1
   15  21     1 0
   11  22     1 0
   14  24     1 1
    7  26     1 0
   14  28     1 0
   13  31     1 32542
   14  33     1 1
    0  35     1 -1582879635
   29  39     1 0
    0  42     1 32767
   29  43     1 1
   27  44     1 2
   28  44     1 3
   37  45     1 167071400
   25  46     1 1736415839
   32  47     1 32767
   45  47     1 0
    4  51     1 0
   46  53     1 1
   36  54     1 167071508
   50  58     1 0
   59  66     1 0
   62  73     1 1
    1  75     1 32542
   54  76     1 2
   67  76     1 0
    1  78     1 0
Best profit: 17
End
