NMec = 97746
T = 32
P = 2
Profits ignored
Valid tasks:                                                                0
Solution time = 2.795e-06
Task data
    2  24     1 0
   19  25     1 1
   34  45     1 0
   47  66     1 0
   54  66     1 1
   49  69     1 0
   53  72     1 0
   63  77     1 195
   71  81     1 0
   73  86     1 1
   16  87     1 0
   78  91     1 32765
   89  93     1 0
   76  98     1 32714
   44  99     1 32714
   86 104     1 9514093
   97 107     1 0
   95 109     1 1
   95 109     1 1
   97 109     1 0
  101 117     1 6243464
  114 119     1 0
  105 133     1 1620963728
  111 134     1 1
   52 140     1 0
  124 146     1 0
  132 146     1 4
  131 149     1 32714
  144 149     1 1
  152 154     1 0
  140 155     1 32714
  155 156     1 0
Best profit: 16
End
