NMec = 97746
T = 32
P = 8
Profits ignored
Valid tasks:                                                                0
Solution time = 4.037e-06
Task data
    0   7     1 0
    4   8     1 1
    0   9     1 2
    4   9     1 3
    1  10     1 4
    2  12     1 5
    0  13     1 6
    0  13     1 7
    5  13     1 0
    4  14     1 -1
   13  17     1 0
    3  19     1 1090299120
    4  19     1 1090340203
    6  23     1 1
    2  25     1 1087067272
    2  25     1 0
   16  25     1 1
   17  25     1 2
   13  26     1 3
   24  26     1 0
   12  27     1 4
   21  28     1 5
   17  29     1 6
   21  30     1 7
   21  30     1 0
   15  31     1 0
   18  32     1 32683
   16  34     1 32683
   28  34     1 0
    8  36     1 32766
    3  39     1 0
   21  39     1 -1729984024
Best profit: 18
End
