NMec = 97746
T = 32
P = 3
Profits ignored
Valid tasks:                                                                0
Solution time = 2.805e-06
Task data
    3  11     1 0
    0  12     1 1
    6  15     1 2
    5  16     1 0
    9  17     1 32659
   12  21     1 0
   11  23     1 1736415839
   20  25     1 1
   18  27     1 2
    8  28     1 0
   15  29     1 32765
   16  36     1 32659
   33  39     1 0
   29  41     1 1
   25  45     1 32659
   34  45     1 2
   40  55     1 0
   44  58     1 1
   44  68     1 0
   65  72     1 0
   76  83     1 0
   74  84     1 1
   65  85     1 2
   69  85     1 -1989815944
   80  85     1 0
   73  91     1 -1466039056
   93  94     1 0
   78  98     1 -1989709424
   84 103     1 32659
    0 106     1 -1469270904
    3 106     1 0
    9 106     1 0
Best profit: 16
End
