NMec = 97746
T = 32
P = 1
Profits ignored
Valid tasks:                                                                0
Solution time = 2.254e-06
Task data
   14  28     1 0
   19  28     1 1830399812
   47  52     1 0
   51  60     1 32726
   53  69     1 0
   73  81     1 0
  107 119     1 0
  113 121     1 1736415839
  124 125     1 0
  136 144     1 0
  125 147     1 -66275989
  137 147     1 1830732176
  140 153     1 32726
  146 157     1 0
  161 170     1 0
  156 172     1 0
  163 181     1 1
  198 212     1 0
  211 215     1 0
  214 225     1 0
  225 231     1 0
   26 232     1 32726
  231 244     1 0
  243 248     1 32726
  260 261     1 0
  265 274     1 0
   33 276     1 0
  285 287     1 0
  264 288     1 0
   46 299     1 32726
  293 312     1 0
  314 316     1 0
Best profit: 17
End
