NMec = 97746
T = 33
P = 8
Profits ignored
Valid tasks:                                                                0
Solution time = 3.837e-06
Task data
    2   9     1 0
    9  11     1 1
    0  12     1 2
    4  13     1 3
    7  13     1 4
    7  13     1 5
   11  13     1 0
    6  14     1 6
    0  15     1 7
    6  15     1 -1660631928
    9  17     1 0
   11  18     1 32730
    4  20     1 0
    8  20     1 0
   11  20     1 32730
   12  20     1 1
    1  22     1 0
   14  23     1 0
   22  24     1 1
   22  25     1 2
    3  28     1 32764
   18  28     1 3
   21  28     1 4
   23  28     1 5
    2  32     1 0
   22  33     1 6
   17  36     1 7
   29  38     1 0
   29  38     1 1
   27  39     1 2
   36  39     1 3
   22  40     1 1
   33  40     1 4
Best profit: 23
End
