NMec = 97746
T = 33
P = 3
Profits ignored
Valid tasks:                                                                0
Solution time = 3.035e-06
Task data
    2  12     1 0
    5  12     1 1
   13  18     1 0
   11  20     1 2
    2  21     1 -442933224
   23  27     1 0
   11  30     1 0
   21  31     1 1
   26  38     1 2
   24  40     1 1736415839
   37  40     1 0
   33  50     1 1
   45  56     1 0
   54  64     1 1
   49  69     1 2
   51  73     1 -442871408
   71  74     1 0
   70  76     1 1
   56  79     1 0
   55  84     1 32765
   75  89     1 0
   74  91     1 2
    2  93     1 0
   87  97     1 1
   82 100     1 -1403036563
   53 101     1 32584
   84 104     1 0
   93 105     1 0
  101 106     1 1
    2 107     1 195
   92 107     1 2
  105 108     1 0
  103 109     1 0
Best profit: 20
End
