NMec = 97746
T = 33
P = 6
Profits ignored
Valid tasks:                                                                0
Solution time = 3.727e-06
Task data
    1  10     1 0
    1  11     1 1
    2  12     1 2
    4  17     1 3
    5  17     1 4
    9  18     1 5
    5  19     1 0
   10  22     1 278116420
   14  23     1 0
    0  25     1 278116312
   22  25     1 1
    9  28     1 2054034672
   25  32     1 0
   24  33     1 2
   15  34     1 32606
   29  34     1 1
   28  35     1 3
   31  35     1 4
   32  42     1 5
   19  45     1 0
   30  46     1 0
   29  47     1 0
   41  48     1 0
   43  49     1 1
   15  50     1 32766
   25  50     1 4
    0  51     1 32766
   23  52     1 -1
   34  52     1 2
   35  52     1 278116848
   32  53     1 2054073453
   43  53     1 3
    0  54     1 32606
Best profit: 18
End
