NMec = 97746
T = 33
P = 7
Profits ignored
Valid tasks:                                                                0
Solution time = 3.607e-06
Task data
    0   7     1 0
    4  19     1 1
   13  19     1 0
    7  21     1 2
   11  21     1 3
    2  24     1 4
    2  24     1 5
   12  26     1 6
   26  27     1 0
   10  29     1 0
   15  29     1 4
   17  30     1 0
   17  31     1 -1
   16  34     1 -1683903379
   20  34     1 1
   16  35     1 32737
   19  38     1 195
   21  39     1 -1687174008
   21  39     1 -1683942160
   17  41     1 32737
   20  41     1 0
   23  41     1 2
   30  41     1 0
   32  41     1 3
   24  42     1 0
   37  43     1 1
   16  46     1 32737
   27  46     1 4
   30  46     1 5
    1  47     1 32737
    1  47     1 0
   25  47     1 0
   26  47     1 32737
Best profit: 16
End
