NMec = 97746
T = 33
P = 4
Profits ignored
Valid tasks:                                                                0
Solution time = 3.456e-06
Task data
    7  14     1 0
   12  16     1 1
    2  17     1 2
   14  19     1 3
   15  22     1 0
   14  26     1 195
   28  32     1 0
   22  33     1 1
   28  36     1 2
   15  38     1 32764
   25  42     1 3
   21  43     1 0
   35  43     1 0
   26  46     1 32651
   45  48     1 0
   37  50     1 1
    4  52     1 0
   25  52     1 -482786064
   43  53     1 2
   40  54     1 4
   35  57     1 32651
   54  64     1 0
   49  65     1 3
    2  66     1 0
   56  66     1 1
   46  69     1 -482744981
   56  72     1 2
   22  73     1 0
    0  75     1 0
   53  76     1 0
   68  78     1 0
   64  82     1 0
   73  82     1 1
Best profit: 19
End
