NMec = 97746
T = 33
P = 2
Profits ignored
Valid tasks:                                                                0
Solution time = 2.745e-06
Task data
    7  18     1 0
   20  27     1 0
   19  34     1 1
   32  38     1 0
   30  39     1 0
   34  47     1 0
   43  61     1 0
   65  72     1 0
   60  76     1 1
   67  77     1 -394139968
   70  79     1 -60889749
   75  84     1 0
   89  93     1 0
   90 100     1 1
   92 100     1 32717
   95 105     1 0
   86 110     1 0
  108 113     1 0
  109 115     1 1
  114 115     1 0
  116 120     1 0
  120 121     1 1
  112 123     1 0
  115 129     1 0
  121 131     1 0
  114 132     1 -394140504
    3 136     1 -393879152
  123 140     1 1
  135 148     1 0
  136 151     1 -60892051
  147 151     1 1
   19 154     1 32767
  145 158     1 0
Best profit: 20
End
