NMec = 97746
T = 34
P = 8
Profits ignored
Valid tasks:                                                                0
Solution time = 3.997e-06
Task data
    4  11     1 0
    1  12     1 1
    1  13     1 2
    4  15     1 3
    5  15     1 4
    6  16     1 5
    7  16     1 6
    4  17     1 7
    5  18     1 1787575640
   14  18     1 0
   11  20     1 32528
   15  20     1 1
    8  21     1 89392264
    1  23     1 0
    6  28     1 32767
   13  29     1 1736415839
   13  29     1 0
   19  29     1 0
    6  31     1 32767
   18  31     1 2
   21  31     1 1
   25  31     1 3
   27  31     1 4
    9  32     1 92624112
   32  36     1 0
   13  37     1 32767
   16  37     1 32528
   18  37     1 5
   29  38     1 6
   30  39     1 7
   30  39     1 0
   38  39     1 0
    2  42     1 0
   31  42     1 32528
Best profit: 20
End
