NMec = 97746
T = 34
P = 4
Profits ignored
Valid tasks:                                                                0
Solution time = 3.116e-06
Task data
    4   9     1 0
    5  14     1 1
    6  21     1 2
   22  26     1 0
   24  27     1 1
    8  30     1 3
   22  31     1 2
    8  34     1 0
   21  35     1 1264913517
   27  36     1 0
   27  38     1 1264915819
   30  38     1 1
   36  46     1 2
   42  46     1 0
   38  48     1 3
   30  50     1 -1875127048
   43  52     1 1
   33  53     1 0
   46  55     1 32766
   38  56     1 1
   46  57     1 32763
    7  59     1 32763
   45  59     1 32763
   51  62     1 0
   47  63     1 2
   58  63     1 1
   53  64     1 3
   55  66     1 0
   35  67     1 32763
   51  68     1 0
   61  76     1 195
   32  81     1 -1874865776
   68  81     1 0
   72  81     1 1
Best profit: 19
End
