NMec = 97746
T = 34
P = 2
Profits ignored
Valid tasks:                                                                0
Solution time = 2.575e-06
Task data
    2  13     1 0
   20  22     1 0
   10  26     1 1
   12  33     1 32766
   23  34     1 0
   23  34     1 -1
   28  43     1 1
   33  57     1 0
   52  66     1 0
   61  71     1 1
   60  82     1 863269216
   76  92     1 0
   69  93     1 4
   84  93     1 1
   88 103     1 1360677997
   88 106     1 0
   97 111     1 0
   94 113     1 1
  111 115     1 1360639216
   99 121     1 0
  110 122     1 32766
  120 123     1 0
  116 125     1 1
  115 128     1 1
   59 141     1 0
  129 141     1 0
  127 143     1 1
  120 145     1 863396240
  131 145     1 0
  126 147     1 0
  135 157     1 863268680
  156 161     1 0
  154 167     1 1
  163 169     1 0
Best profit: 18
End
