NMec = 97746
T = 34
P = 3
Profits ignored
Valid tasks:                                                                0
Solution time = 3.005e-06
Task data
    3   6     1 0
    2  10     1 1
    8  13     1 0
    7  14     1 2
    2  19     1 32754
    4  19     1 1736415839
    3  21     1 4
   15  24     1 0
   11  31     1 1
   16  31     1 2
   28  35     1 0
   18  42     1 -445881712
   34  48     1 1
   31  49     1 32754
   48  57     1 0
   55  58     1 1
   50  65     1 2
    4  67     1 0
   30  67     1 -18967312
   58  69     1 0
   61  72     1 1
   60  74     1 0
   65  74     1 -445882248
   61  79     1 32754
   75  87     1 0
   36  91     1 32766
   66  91     1 2
   75  91     1 1
   86  92     1 32766
   81  98     1 -444972656
   89 101     1 0
    7 108     1 0
   93 110     1 1
  107 113     1 0
Best profit: 20
End
