NMec = 97746
T = 34
P = 1
Profits ignored
Valid tasks:                                                                0
Solution time = 2.264e-06
Task data
    3  18     1 0
    0  22     1 32766
   35  45     1 0
   28  47     1 32620
   41  52     1 -1525042800
   55  58     1 0
   53  65     1 -527227541
   53  70     1 32620
   67  83     1 0
   94 101     1 0
   84 102     1 32620
   93 112     1 0
  104 112     1 0
  100 116     1 32620
  143 163     1 0
  150 164     1 0
  151 170     1 0
  159 181     1 4
  179 188     1 0
  188 198     1 32766
  201 204     1 0
  141 214     1 32766
  210 221     1 0
  235 256     1 0
  251 262     1 0
  244 265     1 -1
  275 281     1 0
  277 284     1 0
  283 297     1 0
    4 310     1 -1525408668
   31 317     1 0
  311 318     1 0
  311 323     1 32620
  313 325     1 195
Best profit: 14
End
