NMec = 97746
T = 34
P = 7
Profits ignored
Valid tasks:                                                                0
Solution time = 3.717e-06
Task data
    1   9     1 0
    3   9     1 1
    4  10     1 2
    1  11     1 3
    4  12     1 4
    5  16     1 5
   10  16     1 0
    2  17     1 6
   10  18     1 1
    1  20     1 32712
   11  20     1 2
   17  21     1 0
   10  24     1 32712
   10  26     1 32712
   15  26     1 3
   16  27     1 4
   24  27     1 0
    3  31     1 1956248685
   30  31     1 0
   15  32     1 0
   24  33     1 1
   26  34     1 2
   19  35     1 5
   18  36     1 6
   27  36     1 3
   30  37     1 4
   15  40     1 0
   26  42     1 1952978056
   29  44     1 1956250987
   22  45     1 -457346672
   38  45     1 0
   28  46     1 0
   29  46     1 0
   30  48     1 -1
Best profit: 22
End
