NMec = 97746
T = 35
P = 6
Profits ignored
Valid tasks:                                                                0
Solution time = 3.707e-06
Task data
    0   8     1 0
    1  11     1 1
    0  18     1 2
   16  18     1 0
    7  20     1 3
    6  21     1 4
    2  22     1 5
    4  23     1 32677
   16  25     1 1
   21  26     1 0
   16  28     1 32677
   11  29     1 32677
   20  29     1 2
   24  29     1 3
   22  30     1 4
   24  33     1 5
   25  34     1 0
    6  35     1 706670992
   17  35     1 32677
    6  39     1 -1028735891
   29  40     1 0
   17  42     1 0
   23  42     1 32765
   32  42     1 1
   24  44     1 0
   23  45     1 32677
   36  48     1 2
   30  49     1 3
   43  50     1 0
   12  51     1 -1028733589
   53  54     1 0
   37  57     1 4
   44  57     1 1
   41  58     1 5
   46  58     1 0
Best profit: 22
End
