NMec = 97746
T = 35
P = 4
Profits ignored
Valid tasks:                                                                0
Solution time = 3.266e-06
Task data
    2  13     1 0
    1  25     1 1
    6  25     1 2
   21  27     1 0
   26  28     1 1
   22  29     1 3
   13  32     1 0
   23  35     1 -1535385600
   23  37     1 32567
   28  39     1 0
   30  39     1 1
   24  44     1 1736415839
   28  44     1 2
   35  44     1 3
   40  45     1 0
   30  47     1 195
   40  47     1 1
   29  50     1 -1
   54  59     1 0
   45  60     1 2
   54  60     1 1
   50  63     1 3
   51  71     1 32764
    2  72     1 32567
    9  72     1 -1535386136
   62  76     1 0
   63  78     1 1
    6  79     1 -1535348336
   71  80     1 2
   72  81     1 3
   76  81     1 0
   71  82     1 233661680
    0  86     1 233702763
   60  86     1 32567
   71  87     1 32567
Best profit: 20
End
