NMec = 97746
T = 35
P = 7
Profits ignored
Valid tasks:                                                                0
Solution time = 3.927e-06
Task data
    4   8     1 0
    0   9     1 1
    7  15     1 2
   11  15     1 0
   12  20     1 1
    6  21     1 3
    7  21     1 4
    8  21     1 5
    6  24     1 6
   16  25     1 0
   15  26     1 0
   21  29     1 1
   21  32     1 2
   20  35     1 0
   23  36     1 3
   25  36     1 4
   22  37     1 5
   34  37     1 0
   30  38     1 1
    3  39     1 4
   29  39     1 6
   26  40     1 -1213025040
   30  40     1 -1216256888
   31  40     1 0
   30  42     1 1379647912
   22  43     1 195
    0  45     1 0
    2  45     1 -1212986259
    9  45     1 0
   22  46     1 32765
   23  46     1 1379648448
   29  48     1 32633
   33  49     1 2
   37  49     1 3
   38  49     1 0
Best profit: 21
End
