NMec = 97746
T = 35
P = 8
Profits ignored
Valid tasks:                                                                0
Solution time = 4.058e-06
Task data
    5  10     1 0
    7  10     1 1
   10  12     1 2
    3  15     1 3
    7  15     1 4
    7  16     1 5
   13  19     1 0
   15  20     1 1
    5  24     1 6
   13  24     1 2
   14  24     1 7
   15  24     1 0
   19  26     1 3
   13  27     1 32764
   13  28     1 -1
   14  28     1 1316883565
   17  30     1 4
   21  30     1 0
   25  30     1 1
   13  31     1 32661
   18  33     1 5
    8  34     1 1316844784
   14  37     1 32661
   16  38     1 -585644024
   24  38     1 32661
    2  39     1 0
   20  39     1 32661
   20  39     1 0
   31  39     1 0
    4  40     1 1736415839
   23  40     1 -585643488
    2  41     1 0
   18  41     1 -585375344
   29  43     1 2
   38  43     1 1
Best profit: 19
End
