NMec = 97746
T = 36
P = 4
Profits ignored
Valid tasks:                                                                0
Solution time = 3.487e-06
Task data
    0   6     1 0
    7  11     1 0
    3  12     1 1
    1  13     1 2
    7  13     1 3
    7  18     1 -569332627
    1  19     1 -569371408
   12  22     1 0
    1  27     1 0
   27  30     1 0
   16  33     1 1
   17  33     1 2
   14  34     1 3
   24  34     1 32598
   24  36     1 0
   23  37     1 195
   29  45     1 32598
   42  45     1 0
   39  48     1 1
   11  53     1 32598
   43  53     1 2
   43  56     1 3
   13  57     1 0
   47  59     1 0
   44  60     1 32766
    5  61     1 0
   56  61     1 1
   42  62     1 4
   48  62     1 32598
   70  73     1 0
    7  75     1 32598
   52  76     1 0
   74  77     1 0
   67  79     1 1
   71  82     1 2
   75  86     1 3
Best profit: 21
End
