NMec = 97746
T = 36
P = 5
Profits ignored
Valid tasks:                                                                0
Solution time = 3.586e-06
Task data
    8  14     1 0
    2  15     1 1
   13  17     1 2
    7  19     1 3
   15  19     1 0
    3  21     1 4
   20  23     1 0
   14  26     1 0
   14  30     1 4
   19  30     1 1
   20  30     1 2
   20  31     1 3
   22  33     1 4
   25  34     1 0
   36  38     1 0
   36  40     1 1
   11  41     1 0
   28  41     1 32766
   35  42     1 2
   38  43     1 3
   24  45     1 0
   32  45     1 32759
   19  46     1 32759
   23  46     1 -1
   35  51     1 4
   41  54     1 0
   41  57     1 1
   45  59     1 2
    0  60     1 -2112336336
   51  63     1 3
   53  63     1 4
   47  64     1 32766
   46  65     1 32759
   53  67     1 1755315309
   60  67     1 0
    0  68     1 0
Best profit: 23
End
