NMec = 97746
T = 36
P = 7
Profits ignored
Valid tasks:                                                                0
Solution time = 4.098e-06
Task data
    2   8     1 0
    5  10     1 1
    1  15     1 2
    7  15     1 3
    1  18     1 4
    9  18     1 0
    5  19     1 5
    9  19     1 6
    9  19     1 0
   10  21     1 32767
    7  22     1 0
    7  23     1 0
   12  23     1 1
    6  24     1 4
   17  24     1 2
   11  28     1 32626
   19  28     1 0
    8  29     1 32626
   20  29     1 3
   12  32     1 -2081634272
   21  32     1 4
   15  33     1 -2081634808
   26  34     1 1
   22  35     1 5
   25  35     1 2
   14  36     1 32626
   34  38     1 0
   15  39     1 0
   30  42     1 3
   39  44     1 0
   33  45     1 4
   27  46     1 6
   36  47     1 1
    0  48     1 32626
   24  50     1 0
   33  51     1 0
Best profit: 22
End
