NMec = 97746
T = 37
P = 5
Profits ignored
Valid tasks:                                                                0
Solution time = 3.446e-06
Task data
    1   3     1 0
    2   9     1 1
    7  12     1 0
   10  16     1 1
    1  20     1 2
    0  22     1 3
   21  24     1 0
   10  30     1 4
    6  31     1 32766
   26  34     1 0
   10  35     1 4
   29  40     1 1
   35  41     1 0
   32  42     1 2
   33  43     1 3
   43  45     1 0
   39  46     1 4
   36  49     1 0
   39  50     1 0
   26  51     1 -1531148949
   42  51     1 1
   35  53     1 32766
   36  53     1 195
   44  54     1 2
   43  55     1 32587
   46  55     1 0
   40  56     1 -1531190032
    7  57     1 -1531151251
   50  57     1 3
   48  58     1 4
    7  61     1 -1
   47  66     1 0
   41  68     1 0
   58  68     1 0
   48  69     1 2000276000
   54  69     1 1
   53  73     1 2000275572
Best profit: 22
End
