NMec = 97746
T = 37
P = 7
Profits ignored
Valid tasks:                                                                0
Solution time = 4.067e-06
Task data
    2   6     1 0
    3  17     1 1
    7  17     1 0
    7  19     1 2
   11  20     1 3
   10  23     1 4
    8  24     1 5
    7  25     1 6
    4  27     1 0
    8  28     1 791520616
   23  28     1 0
   13  29     1 32698
   18  29     1 1
   18  31     1 32698
   23  32     1 2
   13  34     1 0
   16  34     1 0
   26  34     1 3
   23  35     1 32764
   31  36     1 0
   26  37     1 4
   17  38     1 792494480
   26  38     1 5
   21  39     1 0
   27  40     1 6
   27  43     1 4
   23  44     1 -591133333
   33  45     1 1
   14  47     1 791521152
   34  47     1 2
   39  47     1 0
   39  49     1 3
    9  50     1 0
    0  51     1 1
   31  51     1 32764
   20  52     1 32764
   43  52     1 4
Best profit: 21
End
