NMec = 97746
T = 37
P = 8
Profits ignored
Valid tasks:                                                                0
Solution time = 4.618e-06
Task data
    3   4     1 0
    2   6     1 1
    0   8     1 2
    0  10     1 3
    3  11     1 4
    3  12     1 5
    3  18     1 6
    6  19     1 0
    0  20     1 7
   14  22     1 1
    8  23     1 0
   11  23     1 2
   14  23     1 3
    2  24     1 0
   18  25     1 4
   21  25     1 0
   23  26     1 1
    6  28     1 0
   12  30     1 195
   23  30     1 5
   17  32     1 850669968
   17  33     1 32653
   23  34     1 6
   27  34     1 0
   27  34     1 1
   27  35     1 2
   15  36     1 237972589
   32  36     1 3
   22  37     1 7
   17  38     1 32653
   26  38     1 4
   26  40     1 0
   23  41     1 0
   23  41     1 850594240
   31  45     1 5
   36  45     1 0
   38  46     1 1
Best profit: 26
End
