NMec = 97746
T = 37
P = 6
Profits ignored
Valid tasks:                                                                0
Solution time = 4.078e-06
Task data
    1   4     1 0
   10  11     1 0
   17  19     1 0
   15  21     1 1
   10  22     1 2
   15  23     1 3
   11  24     1 4
   15  26     1 5
   23  27     1 0
   17  29     1 -1
   20  29     1 0
   20  29     1 -444140304
   23  30     1 1
   24  31     1 2
   16  32     1 -299394328
   18  32     1 -447372152
    7  35     1 32674
   13  38     1 0
   25  38     1 3
   16  39     1 0
   26  39     1 4
    4  41     1 -299393792
   32  44     1 0
   44  45     1 1
   27  46     1 5
   34  46     1 2
   42  47     1 3
   35  48     1 0
   42  49     1 4
   27  53     1 32674
   40  54     1 0
   12  57     1 32674
   44  58     1 32764
   18  59     1 0
   43  60     1 -299393664
    1  61     1 32674
   47  61     1 0
Best profit: 20
End
