NMec = 97746
T = 38
P = 5
Profits ignored
Valid tasks:                                                                0
Solution time = 3.777e-06
Task data
    3  16     1 0
   10  16     1 1
   12  16     1 2
    2  19     1 3
    3  21     1 4
   15  22     1 0
   23  25     1 0
   24  28     1 1
    4  29     1 32668
   16  29     1 1736415839
   20  30     1 2
   22  30     1 3
   24  33     1 4
   25  34     1 32668
   29  36     1 0
   21  38     1 0
   26  39     1 32668
   22  41     1 32668
   28  41     1 -780593980
   32  46     1 1
   34  47     1 2
   39  48     1 0
   41  51     1 3
   32  52     1 0
    3  54     1 -1151728400
   45  55     1 4
   41  56     1 32764
   33  60     1 0
   54  62     1 0
   65  66     1 0
   32  71     1 0
   53  71     1 1
   57  71     1 2
   65  74     1 3
    0  75     1 -1154960248
    0  75     1 32668
   23  75     1 32764
   70  75     1 0
Best profit: 22
End
