NMec = 97746
T = 38
P = 8
Profits ignored
Valid tasks:                                                                0
Solution time = 4.328e-06
Task data
    4   8     1 0
    3  18     1 1
    6  18     1 2
    7  18     1 3
   14  19     1 0
   15  21     1 4
   20  21     1 0
   12  22     1 5
    7  23     1 6
    7  23     1 7
    1  24     1 0
   10  26     1 -199936508
   13  27     1 195
   20  28     1 1
   17  29     1 32689
    2  31     1 0
    7  33     1 0
   14  35     1 -109034133
   18  35     1 32689
   29  36     1 0
   16  37     1 32689
   20  37     1 2
   23  37     1 3
   30  38     1 1
    9  39     1 -1
   30  39     1 4
   30  40     1 5
   38  41     1 0
   22  42     1 32764
   23  43     1 -112307064
   24  44     1 6
   25  44     1 7
   40  44     1 1
   25  45     1 32689
   31  45     1 -109075216
   36  46     1 -199936080
    0  47     1 -199917168
   41  47     1 2
Best profit: 22
End
