NMec = 97746
T = 39
P = 5
Profits ignored
Valid tasks:                                                                0
Solution time = 4.138e-06
Task data
    2   9     1 0
    0  13     1 1
   10  14     1 0
    7  17     1 2
   14  18     1 1
   15  18     1 0
    6  25     1 3
    7  25     1 4
    6  26     1 939752557
   10  27     1 939754859
   15  29     1 0
   23  29     1 0
   23  33     1 1
   17  35     1 0
   30  35     1 0
   19  36     1 2
   14  39     1 0
   20  42     1 32629
   28  44     1 3
   36  44     1 0
   39  51     1 1
   43  52     1 2
    4  55     1 1
   34  55     1 4
   47  58     1 0
   52  59     1 1
   36  61     1 0
   48  61     1 3
   35  62     1 936481928
   12  66     1 0
   48  67     1 32629
   57  68     1 2
   48  71     1 4
   54  71     1 32629
   44  73     1 1153439224
   63  74     1 0
   67  74     1 1
   55  75     1 32766
   59  77     1 4
Best profit: 24
End
