NMec = 97746
T = 39
P = 7
Profits ignored
Valid tasks:                                                                0
Solution time = 4.067e-06
Task data
    0   5     1 0
    1  10     1 1
    0  13     1 2
    2  15     1 3
    3  18     1 4
    5  20     1 5
   12  23     1 0
    0  24     1 6
    8  25     1 0
   12  26     1 1
    3  27     1 0
   10  27     1 0
   12  28     1 0
   14  30     1 2
   12  31     1 1736415839
   19  31     1 3
   19  35     1 4
   25  35     1 0
   17  36     1 0
   14  39     1 -797257328
   21  39     1 5
   26  40     1 6
   33  40     1 1
   37  40     1 0
   39  43     1 2
   35  44     1 3
   11  46     1 32767
   24  49     1 -1
   35  49     1 -715033360
   39  49     1 4
   27  51     1 4
   44  51     1 0
   20  53     1 -797695536
   46  53     1 1
   31  54     1 0
   53  54     1 0
   34  55     1 195
   44  55     1 2
   49  55     1 3
Best profit: 25
End
