NMec = 97746
T = 40
P = 7
Profits ignored
Valid tasks:                                                                0
Solution time = 4.398e-06
Task data
    5   8     1 0
    7  10     1 1
    6  11     1 2
    2  12     1 3
    3  12     1 4
    7  12     1 5
    0  15     1 6
    6  16     1 4
    6  16     1 0
   10  16     1 0
   13  17     1 1
    3  18     1 0
    6  18     1 0
   16  18     1 2
    6  20     1 32766
    2  21     1 0
    9  21     1 0
    3  26     1 195
   24  27     1 0
   16  31     1 3
   20  31     1 1
    9  33     1 0
   29  33     1 0
   32  39     1 1
   18  40     1 4
   15  42     1 5
   23  42     1 2
   34  42     1 0
   35  44     1 3
   35  45     1 6
   25  47     1 -631060040
   34  47     1 32766
    3  48     1 1
   30  48     1 32582
   40  50     1 1
    8  51     1 32582
    4  53     1 -631059504
   45  54     1 0
   47  54     1 2
   41  57     1 4
Best profit: 25
End
