NMec = 97746
T = 40
P = 5
Profits ignored
Valid tasks:                                                                0
Solution time = 3.808e-06
Task data
   16  18     1 0
    2  19     1 1
   18  20     1 2
    4  22     1 3
    9  25     1 4
   12  26     1 -1
   13  26     1 0
   22  28     1 0
   17  29     1 0
   19  30     1 461309291
   24  30     1 1
   12  31     1 461268208
   11  33     1 0
   19  37     1 1
   14  38     1 1668985232
   19  39     1 0
   23  40     1 2
   27  41     1 3
   29  41     1 0
   35  43     1 1
   35  45     1 4
   38  47     1 0
   30  48     1 0
   35  48     1 0
   30  50     1 0
   39  50     1 32679
   41  51     1 2
   47  53     1 0
   45  58     1 1
   29  59     1 32679
   40  62     1 1668911024
   43  62     1 3
   63  64     1 0
   53  65     1 2
   63  69     1 1
   66  70     1 0
   68  74     1 2
   59  76     1 4
    2  79     1 32766
   59  79     1 1668910468
Best profit: 22
End
