NMec = 97746
T = 40
P = 8
Profits ignored
Valid tasks:                                                                0
Solution time = 4.358e-06
Task data
    2   8     1 0
    6   9     1 1
    9  14     1 0
    9  14     1 2
    1  18     1 3
    2  19     1 4
   14  19     1 1
   10  20     1 5
   13  20     1 6
   12  22     1 7
   19  22     1 0
   11  23     1 -151315347
   13  23     1 32608
    8  25     1 32764
   11  28     1 0
   21  30     1 1
   26  30     1 0
   21  31     1 2
   22  34     1 3
   18  36     1 -151354128
   31  38     1 0
   27  39     1 4
   25  40     1 5
   29  40     1 6
   34  40     1 1
   29  41     1 7
   32  41     1 2
    2  42     1 -154585976
   29  42     1 832149860
   32  42     1 832150416
   22  43     1 0
   26  44     1 32764
   27  44     1 32608
   35  44     1 3
   38  45     1 0
   28  46     1 0
   41  46     1 0
   37  47     1 0
    3  48     1 1736415839
   29  48     1 32608
Best profit: 24
End
