NMec = 97746
T = 40
P = 4
Profits ignored
Valid tasks:                                                                0
Solution time = 3.697e-06
Task data
    8  11     1 0
    9  15     1 1
   10  15     1 2
    5  17     1 3
   16  22     1 0
   14  27     1 -1757531052
    5  30     1 32677
   18  30     1 1
   29  32     1 0
   20  33     1 2
   23  33     1 3
   28  37     1 0
   35  37     1 0
    0  39     1 0
   21  41     1 -1757531160
   34  49     1 1
   42  51     1 0
   48  53     1 2
   30  54     1 -1757470320
   36  58     1 3
   36  66     1 4
   53  66     1 0
   50  67     1 1
   66  67     1 2
   61  68     1 3
   57  69     1 0
   48  70     1 0
   57  73     1 32677
   59  73     1 1736415839
   43  75     1 32677
   69  76     1 0
   61  79     1 32677
   73  79     1 1
   68  86     1 2
    2  88     1 -2040199952
   72  88     1 3
   81  88     1 0
   71  92     1 -1757530496
   80  93     1 1
   74  97     1 1
Best profit: 24
End
