01 01 6.010e-07
02 01 8.210e-07
02 02 8.120e-07
03 01 7.110e-07
03 02 7.510e-07
03 03 7.920e-07
04 01 7.910e-07
04 02 8.720e-07
04 03 8.510e-07
04 04 9.320e-07
05 01 8.310e-07
05 02 1.002e-06
05 03 1.022e-06
05 04 9.920e-07
05 05 1.042e-06
06 01 9.320e-07
06 02 1.002e-06
06 03 1.031e-06
06 04 1.072e-06
06 05 1.142e-06
06 06 1.172e-06
07 01 9.620e-07
07 02 1.072e-06
07 03 1.073e-06
07 04 1.062e-06
07 05 1.202e-06
07 06 1.203e-06
07 07 1.222e-06
08 01 9.820e-07
08 02 1.032e-06
08 03 1.202e-06
08 04 1.243e-06
08 05 1.373e-06
08 06 1.423e-06
08 07 1.453e-06
08 08 1.463e-06
09 01 1.112e-06
09 02 1.052e-06
09 03 1.323e-06
09 04 1.392e-06
09 05 1.383e-06
09 06 1.463e-06
09 07 1.482e-06
09 08 1.463e-06
10 01 9.420e-07
10 02 1.082e-06
10 03 1.252e-06
10 04 1.262e-06
10 05 1.352e-06
10 06 1.403e-06
10 07 1.403e-06
10 08 1.613e-06
11 01 1.042e-06
11 02 1.373e-06
11 03 1.403e-06
11 04 1.954e-06
11 05 1.572e-06
11 06 1.634e-06
11 07 1.664e-06
11 08 1.823e-06
12 01 1.032e-06
12 02 1.343e-06
12 03 1.473e-06
12 04 1.443e-06
12 05 1.563e-06
12 06 1.653e-06
12 07 1.673e-06
12 08 1.603e-06
13 01 1.283e-06
13 02 1.342e-06
13 03 1.563e-06
13 04 1.523e-06
13 05 1.743e-06
13 06 1.923e-06
13 07 1.873e-06
13 08 2.004e-06
14 01 1.322e-06
14 02 1.422e-06
14 03 1.563e-06
14 04 1.834e-06
14 05 1.974e-06
14 06 1.854e-06
14 07 2.004e-06
14 08 2.084e-06
15 01 1.513e-06
15 02 1.563e-06
15 03 1.683e-06
15 04 1.723e-06
15 05 1.823e-06
15 06 2.024e-06
15 07 1.934e-06
15 08 1.883e-06
16 01 1.443e-06
16 02 1.573e-06
16 03 1.592e-06
16 04 1.933e-06
16 05 1.883e-06
16 06 2.134e-06
16 07 2.635e-06
16 08 2.304e-06
17 01 1.543e-06
17 02 1.502e-06
17 03 1.843e-06
17 04 2.014e-06
17 05 1.853e-06
17 06 1.984e-06
17 07 2.094e-06
17 08 2.093e-06
18 01 1.553e-06
18 02 1.623e-06
18 03 1.894e-06
18 04 1.973e-06
18 05 2.124e-06
18 06 2.284e-06
18 07 2.375e-06
18 08 2.284e-06
19 01 1.423e-06
19 02 1.844e-06
19 03 2.094e-06
19 04 2.144e-06
19 05 2.044e-06
19 06 2.214e-06
19 07 2.335e-06
19 08 2.354e-06
20 01 1.523e-06
20 02 1.844e-06
20 03 1.173e-05
20 04 2.154e-06
20 05 2.214e-06
20 06 2.595e-06
20 07 2.304e-06
20 08 2.475e-06
21 01 1.553e-06
21 02 1.703e-06
21 03 2.004e-06
21 04 2.284e-06
21 05 2.394e-06
21 06 2.184e-06
21 07 2.645e-06
21 08 2.725e-06
22 01 1.774e-06
22 02 2.024e-06
22 03 1.964e-06
22 04 2.334e-06
22 05 2.284e-06
22 06 2.395e-06
22 07 2.544e-06
22 08 2.745e-06
23 01 1.724e-06
23 02 1.824e-06
23 03 2.335e-06
23 04 2.465e-06
23 05 2.434e-06
23 06 2.444e-06
23 07 2.755e-06
23 08 2.665e-06
24 01 1.824e-06
24 02 2.014e-06
24 03 2.295e-06
24 04 2.355e-06
24 05 2.625e-06
24 06 2.875e-06
24 07 2.905e-06
24 08 2.945e-06
25 01 1.873e-06
25 02 1.133e-05
25 03 2.334e-06
25 04 2.444e-06
25 05 2.584e-06
25 06 2.896e-06
25 07 2.855e-06
25 08 2.976e-06
26 01 1.743e-06
26 02 2.165e-06
26 03 2.485e-06
26 04 2.605e-06
26 05 2.865e-06
26 06 2.965e-06
26 07 3.356e-06
26 08 2.855e-06
27 01 1.974e-06
27 02 2.415e-06
27 03 2.424e-06
27 04 2.695e-06
27 05 2.816e-06
27 06 2.885e-06
27 07 2.965e-06
27 08 3.146e-06
28 01 2.104e-06
28 02 2.344e-06
28 03 2.655e-06
28 04 2.985e-06
28 05 2.986e-06
28 06 3.125e-06
28 07 3.267e-06
28 08 3.136e-06
29 01 2.024e-06
29 02 2.605e-06
29 03 2.605e-06
29 04 2.935e-06
29 05 3.036e-06
29 06 3.246e-06
29 07 3.185e-06
29 08 3.557e-06
30 01 2.265e-06
30 02 2.435e-06
30 03 3.577e-06
30 04 2.876e-06
30 05 3.006e-06
30 06 3.316e-06
30 07 3.486e-06
30 08 3.567e-06
31 01 1.933e-06
31 02 2.585e-06
31 03 2.895e-06
31 04 2.996e-06
31 05 3.206e-06
31 06 3.226e-06
31 07 3.426e-06
31 08 3.667e-06
32 01 2.254e-06
32 02 2.795e-06
32 03 2.805e-06
32 04 3.146e-06
32 05 3.326e-06
32 06 3.346e-06
32 07 3.547e-06
32 08 4.037e-06
33 01 2.154e-06
33 02 2.745e-06
33 03 3.035e-06
33 04 3.456e-06
33 05 3.236e-06
33 06 3.727e-06
33 07 3.607e-06
33 08 3.837e-06
34 01 2.264e-06
34 02 2.575e-06
34 03 3.005e-06
34 04 3.116e-06
34 05 3.226e-06
34 06 3.797e-06
34 07 3.717e-06
34 08 3.997e-06
35 01 2.525e-06
35 02 2.955e-06
35 03 3.166e-06
35 04 3.266e-06
35 05 3.757e-06
35 06 3.707e-06
35 07 3.927e-06
35 08 4.058e-06
36 01 2.324e-06
36 02 3.006e-06
36 03 3.046e-06
36 04 3.487e-06
36 05 3.586e-06
36 06 3.607e-06
36 07 4.098e-06
36 08 3.837e-06
37 01 2.595e-06
37 02 2.475e-06
37 03 1.279e-05
37 04 3.487e-06
37 05 3.446e-06
37 06 4.078e-06
37 07 4.067e-06
37 08 4.618e-06
38 01 2.735e-06
38 02 3.096e-06
38 03 3.326e-06
38 04 3.246e-06
38 05 3.777e-06
38 06 3.657e-06
38 07 4.038e-06
38 08 4.328e-06
39 01 2.465e-06
39 02 3.086e-06
39 03 3.286e-06
39 04 3.547e-06
39 05 4.138e-06
39 06 4.188e-06
39 07 4.067e-06
39 08 4.348e-06
40 01 2.625e-06
40 02 3.266e-06
40 03 3.337e-06
40 04 3.697e-06
40 05 3.808e-06
40 06 4.017e-06
40 07 4.398e-06
40 08 4.358e-06
