NMec = 97746
T = 19
P = 1
Profits ignored
Valid tasks:                                                                0
Solution time = 1.475e-05
Task data
    6  13     1 0
   23  31     1 0
   25  38     1 -1
   40  51     1 0
   44  55     1 -1
   56  64     1 0
   75  76     1 0
   56  78     1 -1
   78  88     1 0
   91 109     1 0
  107 114     1 -1
  108 116     1 -1
  130 131     1 0
  125 140     1 -1
  132 144     1 0
   34 147     1 -1
  158 166     1 0
  151 168     1 -1
  163 173     1 -1
Best profit: 10
End
