NMec = 97746
T = 20
P = 1
Profits ignored
Valid tasks:                                                                0
Solution time = 1.529e-05
Task data
    9  18     1 0
   11  21     1 -1
   13  28     1 -1
   12  29     1 -1
   11  35     1 -1
   15  38     1 -1
   41  44     1 0
   61  74     1 0
   72  88     1 -1
   75  99     1 0
   80 105     1 -1
   93 106     1 -1
   62 129     1 -1
  134 137     1 0
  146 152     1 0
  145 155     1 -1
  137 158     1 -1
  150 158     1 -1
   23 184     1 -1
  180 195     1 0
Best profit: 7
End
