NMec = 97746
T = 21
P = 1
Profits ignored
Valid tasks:                                                                0
Solution time = 1.570e-05
Task data
    3  23     1 0
   23  27     1 -1
   20  35     1 -1
   23  36     1 -1
   26  39     1 0
   24  41     1 -1
   37  47     1 -1
   46  58     1 0
   58  73     1 -1
    6  75     1 -1
   60  85     1 0
   80  92     1 -1
   94  97     1 0
  113 120     1 0
  139 146     1 0
   27 151     1 -1
  106 163     1 -1
  155 167     1 0
   74 183     1 -1
  182 189     1 0
  169 192     1 -1
Best profit: 9
End
