NMec = 97746
T = 23
P = 1
Profits ignored
Valid tasks:                                                                0
Solution time = 1.641e-05
Task data
    2  12     1 0
   10  23     1 -1
   17  38     1 0
   14  39     1 -1
   19  42     1 -1
   46  50     1 0
   78  81     1 0
   91  94     1 0
   93 102     1 -1
  103 110     1 0
   95 113     1 -1
  110 132     1 -1
  127 133     1 0
  127 140     1 -1
  139 151     1 0
  151 166     1 -1
  168 172     1 0
  158 175     1 -1
  155 199     1 -1
  191 205     1 0
   25 208     1 -1
   46 215     1 -1
  216 220     1 0
Best profit: 11
End
