NMec = 97746
T = 25
P = 1
Profits ignored
Valid tasks:                                                                0
Solution time = 1.749e-05
Task data
    3  15     1 0
   11  20     1 -1
   12  23     1 -1
   13  28     1 -1
   28  35     1 0
   26  38     1 -1
   42  57     1 0
   69  77     1 0
   63  79     1 -1
   71  89     1 -1
   74  92     1 -1
   76 100     1 -1
   87 100     1 0
  102 119     1 0
  139 147     1 0
  131 153     1 -1
  161 172     1 0
  164 176     1 -1
  200 207     1 0
   74 218     1 -1
  218 222     1 0
   53 224     1 -1
  217 224     1 -1
  224 235     1 0
  223 241     1 -1
Best profit: 11
End
