NMec = 97746
T = 28
P = 1
Profits ignored
Valid tasks:                                                                0
Solution time = 1.854e-05
Task data
   16  23     1 0
   29  40     1 0
   23  41     1 -1
   32  45     1 -1
   53  65     1 0
   55  67     1 -1
   63  68     1 -1
   65  71     1 -1
   72  87     1 0
   95  98     1 0
  107 115     1 0
  107 115     1 -1
  134 151     1 0
  156 173     1 0
  176 189     1 0
  193 198     1 0
  197 210     1 -1
  194 213     1 -1
  220 233     1 0
  124 236     1 -1
  235 245     1 0
  228 250     1 -1
  254 261     1 0
   63 263     1 -1
  261 263     1 -1
  241 267     1 -1
  260 270     1 -1
  254 272     1 -1
Best profit: 13
End
