NMec = 97746
T = 30
P = 1
Profits ignored
Valid tasks:                                                                0
Solution time = 2.211e-05
Task data
   11  23     1 0
   20  30     1 -1
   30  47     1 0
   36  51     1 -1
   35  53     1 -1
   56  68     1 0
   58  69     1 -1
   69  80     1 0
   77  85     1 -1
   64  86     1 -1
   98 115     1 0
  109 117     1 -1
  120 125     1 0
  129 144     1 0
  136 145     1 -1
  141 148     1 -1
  158 166     1 0
  170 185     1 0
  178 195     1 -1
  207 213     1 0
  137 218     1 -1
    7 223     1 -1
  223 244     1 0
  229 246     1 -1
  231 249     1 -1
   45 250     1 -1
  262 279     1 0
  263 279     1 -1
  269 283     1 -1
  273 288     1 -1
Best profit: 12
End
