NMec = 97746
T = 31
P = 1
Profits ignored
Valid tasks:                                                                0
Solution time = 1.890e-05
Task data
    5  18     1 0
   10  18     1 -1
    6  20     1 -1
   27  34     1 0
   21  47     1 -1
   55  70     1 0
  121 131     1 0
  112 133     1 -1
  122 133     1 -1
  142 145     1 0
  142 152     1 -1
  146 155     1 0
  150 160     1 -1
  145 164     1 -1
  150 165     1 -1
  148 169     1 -1
  178 185     1 0
  181 191     1 -1
  181 192     1 -1
  179 194     1 -1
  207 219     1 0
  219 227     1 -1
  209 233     1 -1
  235 246     1 0
  237 248     1 -1
  243 251     1 -1
  252 258     1 0
  260 262     1 0
  260 272     1 -1
  263 272     1 0
  277 289     1 0
Best profit: 13
End
