01 9.077e-06
02 8.386e-06
03 8.576e-06
04 9.047e-06
05 1.831e-05
06 9.818e-06
07 1.028e-05
08 1.214e-05
09 1.118e-05
10 1.233e-05
11 1.221e-05
12 1.248e-05
13 1.341e-05
14 1.297e-05
15 1.345e-05
16 1.344e-05
17 1.385e-05
18 1.542e-05
19 1.475e-05
20 1.529e-05
21 1.570e-05
22 1.601e-05
23 1.641e-05
24 1.659e-05
25 1.749e-05
26 1.787e-05
27 1.844e-05
28 1.854e-05
29 1.858e-05
30 2.211e-05
31 1.890e-05
32 2.089e-05
33 1.992e-05
34 2.183e-05
35 2.090e-05
36 2.911e-05
37 2.196e-05
38 4.389e-05
39 2.260e-05
40 2.773e-05
41 2.743e-05
42 2.313e-05
43 2.413e-05
44 2.741e-05
45 2.755e-05
46 3.929e-05
47 2.891e-05
48 3.212e-05
49 3.515e-05
50 2.637e-05
51 3.342e-05
52 2.730e-05
53 4.449e-05
54 3.270e-05
55 4.701e-05
56 4.078e-05
57 3.902e-05
58 3.439e-05
59 3.947e-05
60 3.569e-05
61 4.018e-05
62 3.813e-05
63 6.976e-05
64 3.994e-05
