NMec = 97746
T = 6
P = 6
Profits not ignored
Valid tasks:                                                               64
Solution time = 1.036e-05
Task data
    2  26  5218 0
    7  21  2892 1
   13  17  1156 2
   13  19   903 3
   16  24  1113 4
   18  28  2738 2
Best profit: 14020
All profits:
0 1
903 1
1113 1
1156 1
2016 1
2059 1
2269 1
2738 1
2892 1
3172 1
3641 1
3795 1
3851 1
3894 1
4005 1
4048 1
4754 1
4797 1
4908 1
4951 1
5007 1
5161 1
5218 1
5630 1
5910 1
6064 1
6121 1
6331 1
6374 1
6533 1
6743 1
6786 1
7234 1
7277 1
7487 1
7646 1
7689 1
7899 1
7956 1
8110 1
8390 1
8802 1
8859 1
9013 1
9069 1
9112 1
9223 1
9266 1
9972 1
10015 1
10126 1
10169 1
10225 1
10379 1
10848 1
11128 1
11282 1
11751 1
11961 1
12004 1
12864 1
12907 1
13117 1
End
