NMec = 97746
T = 7
P = 1
Profits not ignored
Valid tasks:                                                               27
Solution time = 9.979e-06
Task data
    8  29  2481 -1
   10  15   997 -1
   11  22  2129 0
   25  67  4985 0
   32  56  1686 -1
   47  51   585 -1
   64  66   390 -1
Best profit: 7114
All profits:
0 1
390 1
585 1
975 1
997 1
1387 1
1582 1
1686 1
1972 1
2076 1
2129 1
2481 1
2519 1
2683 1
2714 1
2871 1
3066 1
3073 1
3104 1
3456 1
3815 1
4167 1
4205 1
4557 1
4985 1
5982 1
7114 1
End
