NMec = 97746
T = 7
P = 3
Profits not ignored
Valid tasks:                                                               64
Solution time = 1.008e-05
Task data
    0  14  1692 -1
    6  18  2306 0
    9  16   540 -1
   10  20  1826 -1
   10  27  2103 1
   13  24  1556 -1
   13  28  1855 2
Best profit: 6264
All profits:
0 1
540 1
1556 1
1692 1
1826 1
1855 1
2096 1
2103 1
2232 1
2306 1
2366 1
2395 1
2643 1
2846 1
3248 1
3382 1
3411 1
3518 1
3547 1
3659 1
3681 1
3788 1
3795 1
3862 1
3922 1
3929 1
3951 1
3958 1
3998 1
4058 1
4087 1
4132 1
4161 1
4199 1
4221 1
4335 1
4402 1
4409 1
4469 1
4498 1
4538 1
4672 1
4701 1
4949 1
5074 1
5103 1
5237 1
5351 1
5373 1
5485 1
5514 1
5554 1
5621 1
5650 1
5688 1
5717 1
5784 1
5824 1
5853 1
5965 1
5987 1
6101 1
6235 1
6264 1
End
