NMec = 97746
T = 9
P = 1
Profits not ignored
Valid tasks:                                                               51
Solution time = 1.585e-05
Task data
    9  87  7019 -1
   10  19  1086 0
   10  22  1178 -1
   21  26  1187 -1
   22  35  1743 0
   35  53  3257 -1
   51  74  5244 0
   70  89  3596 -1
   77  89  2093 0
Best profit: 10166
All profits:
0 1
1086 1
1178 1
1187 1
1743 1
2093 1
2273 1
2829 1
3179 1
3257 1
3271 1
3280 1
3596 1
3836 1
4343 1
4366 1
4435 1
4444 1
4682 1
4774 1
4783 1
4922 1
5244 1
5339 1
5350 1
5530 1
5869 1
6330 1
6422 1
6425 1
6431 1
6436 1
6528 1
6537 1
6853 1
6987 1
7019 1
7337 1
7517 1
7623 1
7939 1
8031 1
8040 1
8073 1
8423 1
8515 1
8524 1
9080 1
9126 1
9610 1
10166 1
End
