NMec = 97746
T = 11
P = 4
Profits not ignored
Valid tasks:                                                              779
Solution time = 3.192e-05
Task data
    1  16  2962 0
    2  20  2291 1
    2  26  4005 2
    5  17  1683 -1
    6  17  3445 3
    8  29  2266 -1
   11  14   621 -1
   11  23  1634 -1
   14  26  1316 -1
   16  23  1117 -1
   17  26  1250 0
Best profit: 13953
All profits:
0 1
621 1
1117 1
1250 1
1316 1
1634 1
1683 1
1738 1
1871 1
1937 1
2255 1
2266 1
2291 1
2304 1
2367 1
2433 1
2566 1
2751 1
2800 1
2884 1
2887 1
2912 1
2933 1
2950 1
2962 1
2988 1
2999 1
3054 1
3187 1
3317 1
3372 1
3383 1
3408 1
3421 1
3445 1
3505 1
3516 1
3541 1
3554 1
3571 1
3582 1
3583 1
3607 1
3620 1
3683 1
3900 1
3925 1
3938 1
3949 1
3974 1
4001 1
4004 1
4005 1
4029 1
4050 1
4066 1
4067 1
4079 1
4116 1
4137 1
4162 1
4200 1
4203 1
4212 1
4228 1
4249 1
4278 1
4304 1
4434 1
4521 1
4546 1
4557 1
4562 1
4567 1
4570 1
4595 1
4596 1
4622 1
4626 1
4633 2
4645 1
4658 1
4671 1
4688 1
4695 1
4699 1
4700 1
4724 1
4737 1
4761 1
4821 1
4832 1
4833 1
4857 1
4870 1
4899 1
5017 1
5042 1
5055 1
5066 1
5079 1
5091 1
5122 1
5128 1
5150 1
5175 1
5178 1
5183 1
5188 1
5199 1
5216 1
5217 1
5224 1
5228 1
5241 1
5253 1
5254 2
5255 1
5265 1
5266 1
5279 1
5290 1
5316 1
5317 1
5320 1
5321 1
5329 1
5345 1
5366 1
5382 1
5395 1
5453 1
5478 1
5528 1
5583 1
5608 1
5638 1
5639 1
5663 1
5674 1
5684 1
5687 1
5688 1
5700 1
5711 1
5712 1
5713 1
5736 1
5743 1
5749 1
5750 1
5762 1
5771 1
5796 1
5807 1
5812 1
5820 1
5837 1
5845 1
5846 1
5849 1
5862 1
5873 1
5874 1
5876 1
5878 1
5883 1
5886 1
5895 1
5911 1
5912 1
5938 1
5942 1
5949 1
5950 1
5961 1
5974 1
5987 1
6011 1
6016 1
6149 1
6191 1
6196 1
6204 1
6229 1
6240 1
6245 1
6260 1
6267 1
6271 1
6279 1
6292 1
6295 1
6296 1
6305 1
6309 1
6316 1
6329 1
6332 1
6333 1
6334 1
6341 1
6345 1
6357 1
6358 1
6370 1
6371 1
6372 1
6378 1
6382 1
6383 1
6395 1
6407 2
6428 1
6433 1
6438 1
6444 1
6466 1
6467 1
6478 1
6491 1
6494 1
6499 1
6503 1
6504 1
6515 1
6516 1
6533 1
6540 1
6544 1
6569 1
6570 1
6571 1
6582 1
6595 1
6632 1
6645 1
6700 1
6725 1
6756 1
6762 1
6805 1
6812 1
6817 1
6828 1
6833 1
6853 1
6858 1
6861 1
6862 1
6866 1
6887 1
6888 1
6889 1
6892 1
6899 1
6900 1
6911 1
6913 1
6917 1
6924 2
6936 1
6937 1
6938 1
6950 1
6954 1
6955 1
6961 1
6962 1
6963 1
6966 1
6967 1
6979 1
6986 1
6990 1
6991 1
6993 1
6999 1
7003 1
7004 1
7012 1
7016 1
7027 1
7028 2
7029 1
7052 1
7059 1
7065 1
7078 1
7087 1
7099 1
7112 1
7123 1
7124 1
7128 1
7136 1
7161 1
7162 1
7165 1
7190 1
7192 1
7211 1
7266 1
7308 1
7321 1
7322 1
7345 1
7346 1
7357 1
7370 1
7377 1
7383 1
7388 1
7394 1
7396 1
7413 1
7419 1
7426 1
7441 1
7446 1
7449 1
7450 1
7454 1
7474 1
7479 1
7483 1
7490 1
7495 1
7507 1
7508 1
7510 1
7512 1
7519 1
7521 1
7524 1
7529 1
7532 1
7545 1
7546 1
7556 1
7557 1
7559 1
7561 1
7576 1
7582 1
7584 1
7587 1
7588 1
7595 2
7607 1
7611 1
7612 1
7620 1
7625 1
7633 1
7645 1
7648 1
7650 1
7657 1
7661 1
7673 1
7686 1
7688 1
7694 1
7699 1
7723 1
7744 1
7749 1
7783 1
7794 1
7819 1
7832 1
7874 1
7879 1
7905 1
7929 1
7930 1
7943 1
7954 1
7966 1
7978 1
7979 2
7991 1
8002 1
8004 1
8006 1
8009 1
8012 1
8015 1
8017 1
8028 1
8034 1
8040 1
8041 1
8053 1
8055 1
8062 1
8067 1
8071 1
8072 1
8078 2
8084 1
8090 1
8103 1
8111 1
8112 1
8116 1
8121 1
8133 1
8137 1
8140 1
8142 1
8144 1
8145 1
8150 1
8161 1
8167 1
8169 1
8178 1
8182 1
8186 1
8203 1
8205 1
8208 1
8216 1
8217 1
8227 1
8233 1
8241 1
8252 1
8254 1
8266 1
8277 1
8278 1
8279 1
8282 1
8283 1
8302 1
8307 1
8309 1
8315 1
8328 1
8344 1
8415 1
8439 1
8440 1
8462 1
8487 1
8500 1
8511 1
8526 1
8536 1
8545 1
8551 1
8562 1
8567 1
8570 1
8572 1
8575 1
8595 1
8600 2
8601 1
8620 1
8623 1
8625 1
8627 1
8633 1
8636 1
8638 2
8644 1
8646 1
8649 1
8650 1
8661 1
8662 1
8663 1
8669 1
8673 1
8674 1
8676 1
8686 1
8693 1
8698 1
8699 1
8700 1
8704 1
8705 1
8710 1
8711 1
8724 1
8729 1
8733 1
8735 1
8742 1
8758 1
8765 1
8766 1
8769 1
8774 1
8782 1
8790 1
8807 1
8826 1
8835 1
8837 1
8838 1
8840 1
8845 1
8862 1
8875 1
8898 1
8900 1
8904 1
8911 1
8923 1
8936 1
8949 1
8973 1
9022 1
9028 1
9047 1
9053 1
9060 1
9071 1
9083 1
9084 1
9096 1
9108 1
9119 1
9132 1
9133 1
9153 1
9155 1
9157 1
9158 1
9180 1
9183 1
9188 1
9193 1
9202 1
9204 1
9207 1
9216 1
9221 1
9222 1
9229 2
9233 1
9241 1
9246 1
9252 1
9254 1
9257 1
9258 1
9259 1
9265 1
9267 1
9270 1
9271 1
9278 1
9284 1
9290 1
9291 1
9294 1
9295 1
9303 1
9318 1
9319 1
9321 1
9325 1
9334 1
9340 1
9350 1
9357 1
9387 1
9390 1
9395 1
9400 1
9406 1
9428 1
9453 1
9458 1
9461 1
9477 1
9483 1
9502 1
9532 1
9533 1
9557 1
9588 1
9594 1
9613 1
9636 1
9643 1
9668 1
9679 1
9685 1
9692 1
9705 1
9716 1
9717 1
9718 1
9724 1
9740 1
9741 1
9754 1
9767 1
9776 1
9779 1
9790 1
9795 1
9801 1
9812 1
9815 1
9817 1
9820 1
9825 1
9828 1
9850 2
9851 1
9854 1
9873 1
9875 1
9878 1
9879 1
9883 1
9886 1
9899 1
9900 1
9912 1
9917 1
9923 1
9924 1
9948 1
9955 1
9961 1
9966 1
9989 1
10014 1
10016 1
10021 1
10085 1
10090 1
10154 1
10196 1
10201 1
10245 1
10250 1
10284 1
10300 1
10307 1
10332 1
10334 1
10337 1
10339 1
10350 1
10356 1
10362 1
10375 1
10381 1
10383 1
10388 1
10400 1
10403 1
10408 1
10411 1
10412 1
10433 1
10436 1
10438 1
10449 1
10452 1
10457 1
10472 1
10483 1
10504 1
10507 1
10508 1
10521 1
10544 1
10549 1
10569 1
10574 1
10607 1
10637 1
10650 1
10656 1
10711 1
10767 1
10822 1
10833 1
10858 1
10867 1
10871 1
10892 1
10916 1
10941 1
10955 1
10964 1
10966 1
10968 1
10971 1
10974 1
10991 1
10996 1
11004 1
11017 1
11029 1
11032 1
11033 1
11040 1
11057 1
11065 1
11078 1
11104 1
11129 1
11167 1
11216 1
11239 1
11264 1
11271 1
11350 1
11375 1
11399 1
11424 1
11454 1
11479 1
11524 1
11529 1
11534 1
11557 1
11582 1
11587 1
11589 1
11600 1
11606 1
11612 1
11625 1
11631 1
11638 1
11661 1
11662 1
11686 1
11728 1
11799 1
11824 1
12007 1
12046 1
12095 1
12117 1
12142 1
12150 1
12166 1
12191 1
12214 1
12221 1
12246 1
12283 1
12678 1
12703 1
12774 1
12779 1
12978 1
13296 1
13345 1
13400 1
13928 1
13953 1
End
