NMec = 97746
T = 12
P = 1
Profits not ignored
Valid tasks:                                                              576
Solution time = 2.209e-05
Task data
    0  20  2804 -1
    6  32  4965 0
   11  12   388 -1
   19  31  1920 -1
   22  32  1324 -1
   28  32   719 -1
   37  41   439 -1
   37  48  1687 0
   62  65   427 0
   89  92   673 0
   95 105  1690 0
  115 118   542 0
Best profit: 9984
All profits:
0 1
388 1
427 1
439 1
542 1
673 1
719 1
815 1
827 1
866 1
930 1
969 1
981 1
1061 1
1100 1
1107 1
1112 1
1146 1
1158 1
1215 1
1254 1
1261 1
1324 1
1357 1
1369 1
1392 1
1408 1
1488 1
1500 1
1534 1
1539 1
1546 1
1585 1
1603 1
1642 1
1649 1
1654 1
1687 1
1688 1
1690 1
1700 1
1712 1
1751 1
1763 1
1780 1
1796 1
1819 1
1831 1
1866 1
1920 1
1927 1
1934 1
1973 1
1997 1
2030 1
2042 1
2075 1
2076 1
2078 1
2081 1
2088 1
2114 1
2117 1
2127 1
2129 1
2139 1
2151 1
2190 1
2207 1
2219 1
2229 1
2232 1
2254 1
2258 1
2293 1
2305 1
2308 1
2322 1
2347 1
2359 1
2360 1
2361 1
2363 1
2373 1
2385 1
2406 1
2409 1
2424 1
2436 1
2462 1
2469 1
2502 1
2505 1
2515 1
2517 1
2539 1
2556 1
2578 1
2593 1
2617 1
2620 1
2646 1
2656 1
2659 1
2671 1
2681 1
2693 1
2732 1
2735 1
2747 1
2748 1
2749 1
2751 1
2761 1
2786 1
2787 1
2790 1
2794 1
2797 1
2800 1
2802 1
2804 1
2812 1
2824 1
2833 1
2836 1
2848 1
2850 1
2863 1
2889 1
2901 1
2902 1
2905 1
2927 1
2944 1
2948 1
2951 1
2966 1
2978 1
2981 1
3011 1
3014 1
3020 1
3032 1
3044 1
3047 1
3059 1
3079 1
3082 1
3098 1
3120 1
3135 1
3174 1
3175 1
3178 1
3188 1
3190 1
3221 1
3224 1
3229 1
3231 1
3236 1
3243 1
3251 1
3275 1
3277 1
3289 1
3290 1
3293 1
3328 1
3329 1
3332 1
3336 1
3339 1
3344 1
3346 1
3354 1
3366 1
3375 1
3377 1
3378 1
3390 1
3399 1
3402 1
3405 1
3408 1
3420 1
3438 1
3441 1
3453 1
3459 1
3467 1
3470 1
3477 1
3486 1
3506 1
3509 1
3521 1
3523 2
3553 1
3556 1
3562 1
3574 1
3607 1
3610 1
3617 1
3621 1
3624 1
3663 1
3670 1
3684 1
3687 1
3716 1
3717 1
3720 1
3732 1
3763 1
3765 1
3766 1
3771 1
3773 1
3778 1
3785 1
3793 1
3804 1
3817 1
3826 1
3829 1
3841 1
3847 1
3880 1
3894 1
3897 1
3904 1
3909 1
3916 1
3919 1
3941 1
3944 1
3948 1
3950 2
3962 2
3980 1
3983 1
3995 2
3998 1
4001 1
4009 1
4012 1
4019 1
4034 1
4037 1
4048 1
4049 1
4050 1
4051 1
4063 1
4065 1
4072 1
4075 1
4096 1
4111 1
4114 1
4126 1
4128 1
4149 1
4152 1
4159 1
4192 1
4196 1
4205 1
4212 1
4226 1
4229 1
4268 1
4280 1
4283 1
4307 1
4336 1
4343 1
4346 1
4368 1
4371 1
4383 1
4389 2
4422 2
4425 1
4436 1
4437 1
4438 1
4439 1
4446 1
4451 1
4458 1
4476 1
4477 1
4484 1
4490 1
4491 1
4492 1
4494 1
4499 1
4502 1
4504 1
4514 1
4523 1
4537 1
4540 1
4553 1
4555 1
4567 1
4576 1
4579 1
4591 1
4592 1
4614 1
4617 1
4623 1
4635 1
4638 1
4653 1
4656 1
4668 2
4670 1
4671 1
4701 1
4707 1
4710 1
4722 1
4734 1
4738 1
4769 1
4801 1
4810 1
4822 1
4825 1
4864 1
4865 1
4878 1
4885 1
4911 1
4918 1
4921 1
4931 1
4933 1
4941 1
4964 1
4965 1
4967 1
4979 1
4980 1
4994 1
5018 1
5019 1
5026 1
5033 1
5036 1
5041 1
5044 1
5056 1
5062 1
5065 1
5089 1
5095 2
5097 1
5098 1
5109 1
5110 1
5128 1
5149 1
5157 1
5164 1
5165 1
5167 1
5177 1
5196 1
5210 2
5213 2
5228 1
5240 1
5243 1
5249 1
5252 1
5264 1
5297 1
5311 1
5343 1
5360 1
5374 1
5392 1
5404 1
5406 1
5407 1
5453 1
5460 1
5463 1
5475 1
5483 1
5507 1
5516 1
5536 1
5537 1
5584 1
5591 1
5594 1
5604 1
5606 1
5631 1
5637 2
5638 1
5640 2
5652 2
5667 1
5670 1
5685 1
5691 1
5699 1
5706 1
5709 1
5724 1
5738 1
5752 1
5755 1
5762 1
5770 1
5782 1
5801 1
5815 1
5818 1
5831 1
5839 1
5883 1
5886 1
5902 1
5916 1
5934 1
5946 1
5970 1
6033 1
6058 1
6065 1
6077 1
6079 2
6112 1
6126 1
6133 1
6136 1
6148 1
6179 1
6180 1
6181 1
6182 1
6189 1
6194 1
6209 1
6227 1
6242 1
6245 1
6257 1
6266 1
6304 1
6310 1
6313 1
6325 1
6343 1
6357 1
6358 1
6360 1
6373 1
6397 1
6425 1
6428 1
6488 1
6491 1
6504 1
6512 1
6575 1
6607 1
6608 1
6619 1
6621 1
6652 1
6654 1
6655 1
6684 1
6723 1
6731 1
6752 1
6784 1
6785 1
6787 1
6799 1
6852 1
6854 1
6855 1
6867 1
6900 2
6915 1
6918 1
6930 1
6939 1
7030 1
7033 1
7046 1
7079 1
7082 1
7094 1
7150 1
7194 1
7197 1
7226 1
7281 1
7294 1
7325 1
7327 2
7328 1
7357 1
7396 1
7442 1
7457 1
7460 1
7472 1
7505 1
7521 1
7573 1
7621 1
7624 1
7636 1
7752 1
7755 1
7767 1
7823 1
7867 1
7869 1
7870 1
7899 1
7932 1
8000 1
8047 1
8063 1
8115 1
8178 1
8194 1
8294 1
8297 1
8309 1
8342 1
8474 1
8542 1
8605 1
8720 1
8736 1
8769 1
8884 1
9015 1
9147 1
9311 1
9442 1
9557 1
9984 1
End
