NMec = 97746
T = 13
P = 6
Profits not ignored
Valid tasks:                                                             7100
Solution time = 1.664e-04
Task data
    0  20  4587 0
    2   7   982 1
    4  17  2443 2
    4  23  2198 3
    6  13  1337 4
    6  27  3306 5
    7  20   942 -1
   10  24  3816 1
   14  17   984 4
   15  29  1422 -1
   16  25  1014 -1
   19  28  1308 2
   19  28   910 4
Best profit: 21871
All profits:
0 1
910 1
942 1
982 1
984 1
1014 1
1308 1
1337 1
1422 1
1852 1
1892 1
1894 1
1924 2
1926 1
1956 1
1966 1
1996 1
1998 1
2198 1
2218 1
2247 1
2250 1
2279 1
2290 1
2292 1
2319 1
2321 1
2322 1
2332 1
2351 1
2364 1
2404 1
2406 1
2436 1
2443 1
2645 1
2730 1
2759 1
2834 1
2836 1
2866 1
2876 1
2906 1
2908 2
2938 1
2940 1
2980 1
3108 1
3140 1
3160 1
3180 1
3182 1
3189 1
3200 1
3202 1
3212 1
3229 1
3231 1
3232 2
3234 1
3261 2
3263 1
3264 1
3274 2
3293 1
3303 1
3304 1
3306 2
3314 1
3316 1
3333 1
3335 1
3346 2
3348 1
3353 1
3378 1
3385 1
3388 1
3418 1
3420 1
3425 1
3427 1
3457 1
3506 1
3535 1
3555 1
3587 1
3620 1
3627 1
3629 1
3640 1
3659 1
3669 1
3672 1
3701 1
3712 1
3714 1
3741 1
3743 1
3744 1
3751 1
3773 1
3780 1
3816 1
3818 1
3848 1
3850 1
3865 1
3890 1
3922 1
4050 1
4067 1
4090 1
4092 1
4122 2
4124 1
4142 1
4144 1
4154 1
4164 1
4171 1
4173 1
4174 1
4184 1
4194 1
4196 1
4203 1
4213 1
4214 1
4216 3
4243 1
4245 2
4246 1
4248 2
4256 1
4258 1
4275 1
4277 1
4288 3
4290 1
4295 1
4298 1
4317 1
4320 1
4328 1
4330 2
4335 1
4337 1
4360 1
4362 1
4367 2
4369 1
4399 1
4402 1
4409 1
4416 1
4439 1
4441 1
4445 1
4448 1
4477 1
4488 1
4490 1
4497 1
4517 1
4519 1
4520 1
4530 1
4537 1
4539 1
4549 1
4562 1
4569 2
4571 1
4582 1
4587 1
4601 1
4602 1
4604 1
4611 2
4614 1
4622 1
4624 1
4634 1
4641 2
4643 2
4651 1
4653 1
4654 2
4656 1
4661 1
4683 2
4685 1
4686 1
4690 1
4693 1
4696 1
4715 1
4722 1
4725 1
4726 2
4728 2
4733 1
4735 1
4755 1
4757 1
4758 1
4762 1
4764 1
4765 1
4775 1
4794 1
4798 1
4800 1
4807 1
4830 1
4832 1
4843 1
4847 1
4849 1
4879 1
4928 1
4957 1
4977 1
5009 1
5032 1
5034 1
5049 1
5051 1
5064 1
5074 1
5081 1
5088 1
5104 1
5106 2
5124 1
5126 1
5136 1
5138 1
5153 1
5155 1
5156 1
5158 2
5173 1
5178 1
5185 1
5187 1
5198 2
5200 1
5202 1
5227 1
5230 3
5232 1
5238 1
5240 1
5259 1
5262 1
5270 1
5272 2
5277 1
5279 1
5302 1
5304 1
5309 1
5312 1
5319 1
5344 1
5349 1
5351 2
5358 1
5381 1
5383 1
5387 1
5398 1
5400 1
5423 1
5427 1
5429 1
5430 2
5432 1
5459 2
5461 1
5462 1
5472 2
5479 1
5481 1
5491 1
5497 1
5501 1
5502 1
5504 2
5511 1
5512 1
5514 1
5521 1
5524 1
5529 1
5531 1
5533 1
5544 2
5546 1
5551 2
5553 3
5556 1
5564 1
5566 1
5569 1
5571 1
5576 1
5583 2
5585 2
5586 1
5593 1
5595 1
5596 2
5598 1
5601 1
5603 1
5606 1
5616 1
5618 1
5623 1
5625 4
5627 1
5628 1
5632 1
5635 1
5636 1
5638 3
5643 1
5645 1
5655 1
5657 1
5665 1
5667 2
5668 2
5670 2
5672 1
5674 1
5675 2
5677 1
5697 1
5699 1
5704 2
5706 1
5707 1
5708 1
5710 3
5712 1
5717 2
5736 1
5739 1
5740 2
5742 2
5746 1
5747 1
5749 2
5753 1
5757 1
5759 1
5772 1
5776 1
5778 1
5782 1
5785 1
5789 2
5791 1
5812 1
5814 1
5821 1
5825 1
5827 1
5831 1
5838 1
5857 1
5861 1
5863 1
5867 1
5870 1
5895 1
5899 1
5910 1
5912 1
5919 1
5924 1
5939 1
5941 1
5942 1
5949 1
5951 1
5959 1
5961 1
5971 1
5978 1
5991 2
5993 1
5998 1
6009 1
6014 1
6016 1
6023 1
6030 1
6033 1
6034 1
6036 1
6046 1
6048 1
6063 3
6065 2
6066 1
6070 1
6072 1
6083 1
6088 1
6095 1
6102 1
6106 1
6108 1
6112 1
6115 1
6120 1
6135 1
6137 1
6138 1
6140 2
6142 1
6144 1
6148 1
6155 1
6157 1
6167 1
6169 1
6172 1
6180 1
6182 1
6184 1
6186 1
6187 1
6212 1
6214 2
6216 1
6220 1
6222 1
6244 1
6246 1
6252 1
6254 1
6259 1
6261 1
6265 1
6286 1
6291 1
6293 1
6333 1
6340 1
6342 1
6365 1
6369 1
6371 1
6372 1
6382 1
6401 1
6411 1
6412 1
6414 3
6439 1
6441 1
6443 2
6444 1
6446 2
6454 1
6456 1
6461 1
6463 1
6466 1
6473 1
6475 1
6479 1
6481 1
6486 3
6488 1
6493 2
6495 2
6496 1
6506 1
6508 1
6510 1
6511 2
6513 1
6515 1
6518 1
6526 1
6528 2
6533 1
6535 3
6537 1
6538 2
6540 1
6543 1
6546 1
6548 1
6553 1
6558 1
6560 1
6565 2
6567 4
6569 1
6570 1
6575 1
6577 1
6578 1
6580 3
6583 1
6585 2
6587 1
6597 1
6599 1
6600 1
6607 2
6609 2
6610 1
6612 1
6614 1
6616 1
6617 1
6620 2
6622 1
6627 1
6637 1
6639 2
6641 1
6646 1
6649 1
6650 1
6652 4
6654 1
6656 1
6657 1
6659 3
6681 1
6682 1
6684 1
6686 1
6688 2
6689 1
6691 2
6692 1
6694 1
6695 1
6699 1
6701 1
6718 1
6720 1
6722 1
6724 3
6726 1
6731 3
6733 1
6735 1
6737 1
6741 1
6754 1
6756 1
6760 1
6763 1
6767 2
6769 1
6771 1
6773 2
6780 1
6785 1
6796 1
6799 1
6803 1
6805 2
6809 2
6812 1
6820 1
6822 1
6834 1
6837 1
6839 1
6841 2
6845 1
6849 1
6851 1
6852 2
6854 1
6859 1
6861 1
6866 1
6877 1
6879 1
6881 2
6883 1
6884 1
6888 1
6891 1
6893 1
6894 1
6901 1
6903 1
6906 1
6908 1
6909 1
6913 1
6919 1
6920 1
6923 1
6924 2
6926 2
6931 1
6933 3
6935 1
6938 1
6940 1
6943 1
6946 1
6951 1
6953 1
6955 1
6956 1
6960 1
6962 1
6963 1
6965 1
6973 2
6975 3
6976 1
6978 1
6980 1
6982 1
6991 1
6992 1
6993 1
6996 1
6998 1
7005 3
7007 2
7012 2
7014 1
7016 1
7018 2
7020 1
7023 1
7025 1
7028 1
7030 2
7044 1
7045 2
7047 4
7048 2
7049 1
7050 2
7054 2
7057 1
7065 1
7067 1
7077 3
7079 2
7080 1
7084 1
7086 2
7090 2
7094 1
7096 1
7097 2
7099 1
7109 1
7119 1
7120 1
7122 2
7124 1
7126 2
7128 1
7129 1
7130 1
7132 1
7139 1
7149 1
7151 1
7154 1
7156 1
7158 1
7162 2
7164 1
7168 1
7169 2
7171 2
7175 1
7194 1
7196 1
7198 1
7200 1
7201 1
7204 1
7207 1
7228 1
7232 1
7234 1
7236 1
7241 1
7243 1
7247 1
7249 1
7273 1
7275 1
7279 1
7286 1
7317 1
7322 1
7324 1
7346 1
7351 1
7353 1
7354 1
7356 2
7371 2
7373 1
7383 1
7385 1
7396 2
7398 1
7400 1
7403 1
7420 1
7421 1
7423 1
7425 1
7428 3
7430 1
7436 1
7438 1
7443 1
7445 1
7448 1
7450 1
7452 1
7453 1
7456 1
7457 1
7460 1
7463 1
7468 1
7470 2
7475 2
7477 3
7479 1
7480 1
7485 1
7488 1
7490 1
7492 1
7493 1
7494 1
7495 2
7500 1
7502 1
7507 1
7509 1
7510 1
7517 2
7519 1
7520 1
7522 2
7524 1
7525 1
7527 1
7528 1
7530 1
7542 1
7547 1
7549 3
7551 2
7552 1
7554 1
7557 1
7559 1
7560 1
7562 2
7564 1
7567 2
7569 1
7579 1
7581 2
7583 1
7589 1
7591 1
7594 2
7596 1
7598 1
7599 1
7601 2
7604 1
7621 1
7623 1
7628 1
7630 1
7634 2
7636 2
7641 2
7643 1
7664 1
7666 2
7668 1
7670 1
7673 3
7675 1
7677 1
7679 1
7681 1
7683 1
7695 1
7702 1
7705 1
7706 1
7708 1
7709 1
7713 1
7715 2
7719 1
7722 1
7727 1
7738 1
7745 1
7747 2
7749 1
7751 3
7754 1
7755 1
7762 1
7764 1
7767 1
7769 1
7776 1
7781 1
7783 2
7787 2
7789 1
7791 1
7793 1
7794 2
7796 1
7799 1
7801 1
7803 1
7804 1
7816 1
7818 1
7819 2
7821 1
7823 3
7825 1
7826 1
7830 1
7833 1
7834 1
7836 3
7841 1
7843 2
7845 1
7848 2
7850 1
7851 1
7855 1
7861 2
7863 1
7865 2
7866 2
7868 2
7870 1
7872 1
7873 2
7875 3
7877 1
7880 1
7883 1
7885 1
7888 1
7890 1
7891 1
7893 2
7895 1
7897 1
7901 1
7902 2
7903 1
7904 1
7905 1
7906 1
7907 1
7908 3
7910 1
7915 3
7917 3
7920 1
7922 2
7924 1
7928 1
7930 1
7933 2
7934 1
7935 1
7937 1
7938 2
7940 3
7944 1
7945 1
7947 3
7949 1
7954 1
7955 1
7957 3
7958 1
7959 1
7960 3
7962 1
7964 1
7965 1
7967 1
7970 1
7972 1
7974 1
7975 1
7976 1
7980 1
7987 3
7989 5
7990 1
7991 1
7992 1
7994 1
7996 3
7999 1
8000 1
8002 1
8005 1
8007 2
8009 1
8010 1
8012 2
8014 1
8019 2
8021 1
8026 1
8028 2
8029 2
8030 1
8031 1
8032 4
8034 1
8036 1
8038 1
8039 2
8041 1
8044 1
8049 1
8059 2
8061 4
8062 1
8063 1
8064 2
8068 3
8070 1
8071 1
8072 1
8074 1
8078 1
8079 1
8081 3
8091 1
8093 2
8100 1
8104 3
8106 1
8108 1
8110 2
8111 2
8113 2
8114 1
8117 1
8122 1
8133 1
8136 1
8138 1
8140 1
8142 2
8144 1
8146 2
8149 1
8151 1
8153 3
8155 1
8157 1
8159 1
8174 1
8176 1
8178 1
8182 1
8183 2
8185 2
8189 2
8191 1
8196 1
8207 1
8214 1
8215 1
8216 1
8218 1
8221 1
8225 1
8227 1
8228 1
8231 1
8232 1
8234 1
8246 1
8255 1
8256 1
8257 1
8259 1
8261 2
8263 2
8264 1
8268 1
8270 1
8281 1
8283 1
8288 1
8293 1
8299 1
8300 1
8301 1
8304 1
8306 1
8310 1
8313 2
8315 1
8328 1
8330 1
8331 1
8333 1
8335 1
8336 1
8338 3
8340 1
8342 1
8346 1
8353 2
8355 3
8357 1
8360 1
8362 1
8365 1
8367 2
8370 1
8378 1
8380 1
8382 1
8384 1
8385 3
8387 2
8394 1
8398 1
8402 1
8403 1
8404 1
8405 1
8410 1
8412 2
8414 1
8417 1
8418 1
8420 1
8427 2
8430 1
8432 1
8434 2
8435 1
8436 1
8437 1
8438 1
8440 1
8442 1
8444 1
8450 1
8452 2
8457 2
8459 3
8461 1
8462 1
8464 1
8466 1
8467 1
8469 1
8470 2
8472 1
8476 1
8477 2
8479 1
8484 1
8489 1
8491 2
8493 1
8499 2
8501 1
8502 1
8504 1
8506 2
8508 2
8509 2
8512 1
8531 2
8533 1
8536 1
8538 1
8541 1
8542 1
8544 2
8546 1
8549 1
8551 1
8563 1
8565 1
8571 1
8573 1
8576 1
8578 2
8580 1
8581 1
8583 2
8585 1
8591 1
8610 1
8612 1
8615 1
8618 1
8623 1
8625 1
8637 1
8648 1
8650 1
8654 1
8655 1
8657 2
8659 1
8661 1
8663 1
8664 1
8665 1
8677 1
8679 1
8687 1
8689 1
8691 1
8693 2
8695 1
8697 1
8704 1
8706 1
8708 1
8709 2
8711 1
8729 2
8731 1
8733 2
8735 1
8736 2
8738 1
8741 1
8744 1
8746 1
8751 1
8758 1
8760 1
8761 1
8765 3
8767 1
8768 1
8771 1
8773 1
8775 1
8776 1
8778 3
8781 1
8783 2
8785 2
8787 1
8790 1
8793 1
8797 1
8800 1
8801 1
8803 3
8805 1
8807 2
8808 1
8810 1
8812 1
8814 1
8815 1
8817 1
8818 2
8820 1
8825 2
8827 1
8830 1
8832 2
8833 1
8835 2
8837 1
8839 1
8843 1
8844 1
8845 1
8847 1
8848 1
8850 4
8852 1
8854 1
8855 1
8857 4
8859 2
8862 1
8864 1
8865 1
8867 1
8870 1
8872 1
8875 3
8877 1
8879 1
8880 1
8882 2
8884 1
8885 1
8886 2
8887 1
8889 3
8890 1
8891 1
8892 1
8897 2
8899 3
8901 1
8902 1
8904 2
8906 1
8907 1
8909 1
8912 1
8915 1
8916 1
8917 2
8918 1
8920 1
8922 4
8924 2
8929 3
8931 3
8936 1
8938 2
8939 1
8941 1
8942 2
8944 2
8947 1
8949 2
8951 1
8952 1
8954 3
8956 1
8958 1
8961 1
8969 1
8971 4
8972 1
8973 2
8974 3
8976 1
8978 2
8980 1
8981 2
8983 1
8986 1
8989 2
8991 1
8994 1
8996 1
9001 2
9003 4
9005 1
9010 3
9012 1
9013 1
9014 2
9016 2
9018 1
9020 1
9021 1
9023 3
9026 1
9028 1
9032 1
9035 1
9042 1
9043 2
9045 1
9046 3
9048 1
9050 1
9052 2
9053 1
9055 1
9056 1
9059 1
9063 2
9064 1
9065 1
9075 2
9077 1
9078 1
9082 1
9084 2
9086 1
9088 2
9091 1
9092 1
9093 1
9095 4
9097 1
9099 1
9101 1
9104 1
9106 1
9107 1
9117 1
9118 1
9120 1
9124 2
9125 1
9126 1
9127 1
9128 1
9131 2
9133 1
9135 1
9136 1
9137 1
9138 1
9141 1
9144 1
9149 1
9156 2
9158 1
9160 1
9163 1
9165 1
9167 3
9169 2
9171 1
9173 3
9174 1
9176 1
9178 1
9180 1
9188 1
9189 1
9191 1
9197 1
9198 2
9199 1
9201 1
9203 2
9205 2
9209 1
9210 2
9211 1
9212 1
9214 1
9216 2
9218 1
9221 1
9223 1
9225 1
9228 2
9230 2
9238 1
9239 1
9240 1
9241 2
9242 1
9243 2
9245 3
9246 2
9247 1
9248 3
9252 2
9255 1
9263 1
9265 2
9267 1
9270 2
9272 1
9273 1
9275 2
9277 3
9278 1
9280 1
9282 1
9283 1
9284 2
9288 2
9292 1
9294 1
9295 3
9297 4
9299 1
9302 1
9304 1
9307 1
9309 1
9312 1
9313 2
9315 2
9317 1
9318 1
9320 3
9322 2
9324 2
9326 1
9327 2
9328 1
9329 1
9330 1
9336 1
9337 2
9339 1
9340 1
9342 1
9344 2
9345 1
9346 1
9347 1
9349 2
9351 1
9352 2
9354 1
9356 1
9360 2
9362 2
9366 1
9367 3
9369 6
9371 1
9372 1
9376 2
9378 1
9380 1
9381 1
9382 1
9385 1
9386 1
9387 1
9389 1
9392 1
9394 2
9396 1
9398 1
9399 2
9401 2
9402 1
9408 1
9409 1
9411 1
9412 2
9414 1
9416 1
9417 1
9418 3
9419 2
9421 1
9422 1
9426 1
9430 1
9432 1
9434 2
9436 1
9439 1
9441 4
9443 1
9444 1
9446 1
9448 2
9450 2
9451 1
9452 1
9454 3
9459 1
9461 2
9463 1
9466 1
9471 1
9473 2
9475 1
9481 1
9483 2
9484 1
9486 2
9488 1
9490 3
9491 2
9492 1
9493 2
9513 1
9515 2
9520 2
9522 2
9523 1
9526 2
9528 1
9533 2
9544 1
9552 1
9555 1
9558 1
9560 1
9562 1
9563 1
9564 1
9565 2
9567 1
9569 1
9571 1
9573 1
9575 1
9592 1
9594 1
9596 1
9597 1
9599 1
9601 1
9605 2
9607 1
9618 1
9619 1
9621 1
9636 1
9637 1
9638 1
9639 1
9641 1
9643 1
9646 1
9647 1
9648 1
9650 1
9651 1
9654 1
9661 1
9668 1
9671 1
9673 1
9675 3
9677 2
9678 1
9679 1
9683 1
9686 1
9688 1
9690 1
9691 1
9692 1
9693 2
9707 1
9711 1
9713 1
9715 1
9717 1
9718 1
9720 2
9722 1
9723 1
9725 1
9726 1
9728 1
9735 1
9740 1
9742 1
9743 1
9745 2
9747 1
9749 2
9750 1
9752 1
9755 1
9757 1
9758 1
9760 3
9762 1
9765 2
9767 2
9769 1
9772 1
9774 1
9775 1
9777 1
9779 1
9781 1
9785 2
9787 2
9789 2
9792 2
9794 1
9796 1
9797 1
9799 3
9801 1
9802 1
9807 2
9809 1
9814 2
9816 1
9817 3
9819 1
9821 1
9825 1
9826 1
9827 1
9828 1
9832 2
9834 2
9839 3
9841 2
9846 2
9849 2
9852 1
9854 1
9857 1
9859 2
9862 1
9864 3
9866 2
9868 1
9871 3
9873 2
9879 2
9881 3
9883 1
9884 1
9886 2
9888 1
9889 1
9891 2
9893 1
9896 1
9899 2
9900 1
9903 1
9904 1
9906 2
9911 1
9913 3
9915 1
9918 1
9920 2
9922 1
9923 1
9926 1
9928 1
9931 2
9933 1
9936 2
9938 2
9943 1
9945 2
9952 1
9953 1
9955 1
9956 2
9958 2
9960 1
9962 1
9963 1
9965 2
9968 1
9970 1
9971 1
9973 1
9974 1
9985 3
9987 2
9988 1
9992 1
9994 2
9995 1
9997 1
9998 1
10000 1
10001 1
10002 1
10003 1
10005 2
10007 1
10010 1
10014 1
10016 1
10017 2
10019 1
10024 1
10026 1
10028 1
10030 2
10032 1
10034 1
10037 2
10041 1
10043 1
10046 2
10047 1
10048 1
10049 1
10059 2
10060 1
10062 1
10066 2
10068 1
10070 1
10073 2
10075 1
10077 2
10078 1
10079 2
10081 1
10083 1
10086 1
10088 1
10089 1
10091 2
10098 1
10099 1
10101 1
10102 1
10105 1
10107 1
10108 1
10109 2
10111 2
10113 1
10115 3
10118 1
10120 2
10122 1
10126 1
10128 1
10131 2
10133 1
10138 2
10140 3
10143 1
10145 1
10147 1
10149 1
10151 2
10152 1
10153 1
10155 2
10156 1
10157 1
10158 3
10160 1
10162 1
10163 1
10165 1
10170 2
10172 2
10173 1
10180 1
10181 1
10182 1
10183 2
10185 2
10187 4
10188 1
10189 1
10190 2
10192 1
10193 1
10194 3
10197 1
10198 1
10200 1
10203 1
10205 2
10207 2
10209 1
10210 1
10212 4
10214 1
10215 1
10217 1
10219 2
10222 1
10223 1
10224 1
10225 3
10226 2
10227 1
10228 1
10229 1
10230 5
10232 2
10234 1
10236 1
10237 2
10239 2
10242 1
10244 1
10246 1
10247 1
10249 1
10252 1
10254 2
10255 2
10257 3
10259 4
10260 1
10261 2
10262 4
10264 1
10266 3
10268 1
10269 1
10270 1
10272 1
10276 1
10277 1
10279 5
10281 2
10282 1
10284 1
10286 2
10288 1
10289 1
10291 3
10293 1
10294 1
10295 1
10297 3
10298 1
10299 1
10302 3
10304 3
10306 1
10308 2
10309 3
10311 5
10312 1
10313 1
10318 2
10320 1
10322 1
10323 1
10324 1
10326 2
10327 2
10328 1
10329 2
10331 2
10333 1
10334 2
10336 3
10338 1
10340 2
10342 1
10344 3
10346 1
10349 1
10350 1
10351 5
10353 3
10354 2
10356 1
10358 1
10359 1
10360 3
10363 1
10364 1
10365 1
10369 1
10371 1
10372 1
10373 1
10374 1
10376 3
10378 1
10380 1
10381 2
10383 5
10385 1
10386 1
10390 1
10392 1
10393 1
10394 1
10396 3
10399 1
10400 2
10401 2
10402 1
10403 3
10405 1
10408 1
10412 1
10413 1
10414 1
10415 1
10416 1
10418 1
10423 2
10425 3
10426 1
10428 1
10430 1
10432 4
10433 1
10434 1
10435 1
10436 2
10438 1
10443 1
10444 1
10445 1
10448 1
10450 1
10453 1
10454 1
10455 2
10457 2
10462 1
10464 1
10465 1
10468 3
10470 1
10472 1
10473 1
10474 1
10475 4
10477 1
10481 1
10486 1
10497 2
10499 1
10500 1
10502 1
10504 3
10505 1
10506 2
10507 2
10510 1
10511 1
10513 1
10515 1
10517 1
10526 1
10528 1
10529 1
10534 1
10536 2
10538 1
10540 1
10542 1
10546 1
10547 3
10548 1
10549 1
10551 1
10553 2
10555 1
10557 1
10558 1
10560 1
10565 1
10576 1
10578 2
10579 1
10580 1
10581 1
10583 2
10585 3
10587 1
10589 2
10592 1
10596 1
10600 1
10601 1
10602 1
10603 1
10610 1
10615 1
10617 1
10619 1
10620 1
10621 2
10623 1
10625 2
10628 1
10630 1
10632 2
10633 1
10634 1
10635 1
10636 1
10638 1
10650 3
10652 2
10653 1
10655 1
10657 3
10659 2
10660 1
10661 1
10662 1
10664 1
10665 1
10667 1
10668 2
10670 2
10674 1
10675 2
10677 2
10682 1
10689 2
10691 1
10693 1
10695 1
10697 2
10699 2
10700 1
10702 2
10704 2
10706 2
10707 2
10709 1
10710 1
10717 1
10719 1
10722 1
10724 1
10725 1
10726 1
10727 2
10729 2
10731 2
10734 1
10735 1
10736 1
10739 1
10740 1
10742 3
10744 2
10747 1
10749 3
10751 1
10754 1
10756 2
10758 1
10759 2
10762 1
10763 1
10767 1
10769 2
10771 2
10773 1
10774 2
10776 2
10778 1
10779 1
10781 3
10783 2
10789 2
10791 3
10794 1
10796 1
10798 2
10799 1
10800 1
10801 2
10803 1
10807 1
10808 1
10809 1
10810 1
10813 1
10816 1
10821 2
10823 3
10828 2
10830 2
10831 1
10833 1
10834 1
10836 1
10839 1
10841 2
10846 2
10848 2
10852 1
10853 1
10855 2
10860 1
10861 1
10863 3
10865 1
10866 1
10868 1
10870 2
10873 2
10875 1
10878 1
10880 1
10881 1
10883 1
10885 1
10887 1
10893 1
10895 2
10897 1
10900 1
10902 2
10904 1
10905 1
10907 1
10910 1
10912 1
10913 2
10915 1
10920 1
10927 2
10929 1
10934 1
10936 1
10940 1
10942 2
10944 1
10945 1
10947 1
10952 1
10955 1
10956 1
10958 1
10959 1
10969 1
10970 1
10972 1
10974 1
10976 1
10979 1
10983 1
10984 1
10985 2
10987 2
10988 1
10989 1
10991 1
10998 1
10999 1
11001 3
11008 1
11012 1
11014 1
11015 1
11016 1
11019 1
11021 1
11023 1
11025 1
11028 1
11030 2
11031 1
11033 2
11041 1
11043 1
11044 1
11048 1
11050 1
11053 1
11055 1
11057 2
11060 1
11061 1
11062 1
11063 1
11065 1
11068 1
11070 1
11073 3
11075 1
11080 2
11082 2
11083 1
11087 1
11089 1
11091 1
11093 2
11095 2
11097 3
11099 1
11102 2
11104 1
11105 1
11107 1
11110 1
11113 1
11115 2
11120 1
11122 3
11124 1
11125 2
11127 1
11129 2
11133 1
11134 1
11135 1
11136 2
11139 1
11140 2
11142 2
11145 1
11147 2
11149 1
11152 2
11154 4
11156 1
11157 1
11162 1
11164 1
11165 1
11167 3
11169 2
11170 1
11171 2
11172 4
11174 2
11176 2
11178 1
11179 2
11181 1
11184 1
11186 1
11187 2
11189 2
11191 1
11194 2
11196 2
11197 1
11199 2
11201 3
11203 2
11204 1
11207 2
11208 3
11209 1
11210 1
11211 1
11212 2
11214 3
11216 1
11218 1
11219 1
11221 4
11223 1
11224 1
11226 2
11228 2
11230 1
11233 1
11236 2
11237 1
11239 4
11240 1
11241 2
11243 2
11244 4
11246 4
11248 1
11250 2
11251 1
11253 1
11254 1
11260 1
11261 2
11263 2
11264 1
11266 1
11268 2
11269 1
11270 1
11271 1
11273 2
11275 2
11276 2
11278 2
11279 1
11280 1
11281 1
11282 2
11284 1
11286 3
11288 1
11290 1
11291 1
11293 6
11295 3
11296 1
11300 1
11302 2
11305 1
11306 1
11307 1
11308 1
11309 1
11310 1
11311 3
11313 2
11315 1
11316 1
11318 4
11320 1
11322 2
11323 1
11324 1
11325 2
11326 1
11328 1
11332 1
11333 1
11334 1
11335 2
11336 1
11338 2
11340 1
11341 1
11342 2
11343 1
11344 1
11345 1
11347 1
11350 1
11354 2
11355 1
11356 1
11358 2
11360 2
11363 1
11365 4
11367 4
11368 1
11370 1
11374 2
11378 2
11380 1
11383 1
11384 1
11385 2
11386 1
11387 2
11390 1
11392 1
11395 1
11396 2
11397 2
11399 2
11407 2
11409 1
11410 2
11414 2
11415 1
11416 2
11417 3
11419 1
11420 1
11423 1
11426 1
11428 2
11432 1
11436 1
11437 1
11438 1
11439 3
11441 1
11444 1
11446 3
11448 2
11450 1
11452 2
11457 2
11459 2
11463 1
11465 1
11468 2
11470 1
11471 1
11475 1
11478 1
11480 1
11481 1
11482 1
11484 1
11486 1
11488 2
11489 3
11490 1
11491 1
11493 1
11495 3
11497 1
11499 1
11500 1
11502 1
11507 1
11510 1
11511 2
11513 2
11518 2
11520 3
11521 1
11522 1
11524 1
11525 1
11527 2
11529 1
11530 1
11531 2
11533 1
11534 1
11535 1
11537 1
11538 1
11540 1
11542 2
11543 1
11544 1
11547 1
11549 1
11550 1
11552 1
11560 2
11561 1
11562 3
11563 2
11565 2
11567 5
11569 2
11570 1
11571 1
11574 2
11576 1
11578 1
11579 1
11580 1
11583 1
11584 1
11585 1
11587 1
11592 3
11594 2
11597 1
11599 4
11601 1
11603 2
11605 2
11606 1
11607 2
11609 1
11610 1
11612 2
11614 1
11615 1
11616 3
11617 2
11619 2
11620 1
11631 1
11632 2
11634 4
11635 2
11636 1
11637 2
11639 3
11641 3
11642 1
11644 2
11646 2
11648 2
11649 1
11650 1
11652 4
11654 1
11657 1
11659 3
11661 2
11664 3
11666 2
11667 1
11668 1
11671 2
11673 3
11677 2
11679 1
11681 3
11682 1
11683 1
11684 4
11686 2
11688 3
11689 2
11690 1
11691 4
11693 1
11696 1
11701 1
11704 1
11706 1
11707 1
11708 1
11709 2
11710 1
11711 2
11713 3
11715 1
11716 1
11717 1
11718 2
11719 1
11720 2
11721 1
11723 1
11724 2
11726 2
11731 3
11733 3
11736 1
11738 2
11740 3
11741 1
11742 1
11743 1
11744 1
11745 1
11746 1
11749 2
11750 1
11751 1
11753 1
11755 1
11756 3
11758 3
11760 1
11761 1
11762 1
11763 3
11765 2
11770 1
11771 1
11772 1
11773 3
11775 1
11776 2
11778 1
11780 1
11781 1
11782 1
11783 2
11785 1
11787 1
11788 1
11790 1
11791 1
11792 1
11794 1
11795 1
11797 1
11803 2
11805 4
11807 1
11808 1
11810 1
11812 4
11814 1
11815 2
11818 1
11821 1
11823 2
11825 1
11828 1
11830 1
11834 1
11835 1
11836 1
11837 2
11842 1
11844 2
11845 1
11847 1
11848 1
11850 1
11852 1
11854 1
11855 2
11857 1
11860 1
11862 1
11865 1
11866 1
11869 1
11873 1
11875 1
11877 2
11879 1
11884 3
11886 1
11887 1
11889 1
11894 1
11895 1
11897 3
11909 1
11911 1
11916 1
11918 1
11924 1
11926 2
11927 1
11929 2
11933 1
11938 1
11940 1
11941 1
11943 2
11954 1
11956 1
11958 3
11960 1
11965 1
11967 1
11969 2
11970 1
11971 1
11972 1
11973 1
11975 1
11983 2
11985 1
11987 1
11990 1
11997 1
11998 1
11999 1
12001 1
12003 1
12005 2
12007 2
12012 2
12014 1
12015 3
12017 1
12023 1
12025 1
12030 1
12032 1
12035 1
12037 2
12039 2
12043 1
12044 2
12047 2
12050 1
12052 1
12055 1
12057 2
12062 2
12064 3
12066 1
12067 1
12071 1
12072 1
12075 1
12077 2
12079 3
12081 2
12084 1
12086 1
12087 1
12089 2
12091 1
12094 1
12096 1
12097 2
12099 1
12104 2
12106 1
12107 1
12109 2
12111 2
12113 1
12115 1
12116 1
12117 1
12118 2
12120 1
12121 1
12124 1
12126 1
12129 2
12131 2
12134 1
12136 3
12138 2
12139 1
12141 1
12144 1
12146 1
12147 1
12149 2
12150 1
12151 1
12153 1
12154 3
12156 3
12158 1
12160 1
12161 1
12163 2
12166 1
12168 2
12169 1
12170 1
12171 2
12173 1
12176 1
12178 2
12181 2
12183 2
12185 2
12186 2
12188 2
12190 1
12191 1
12192 2
12193 1
12195 1
12196 1
12198 1
12200 1
12201 1
12203 3
12205 2
12208 1
12210 2
12212 1
12215 1
12217 1
12218 1
12220 1
12221 2
12222 1
12223 2
12224 1
12226 1
12228 4
12230 2
12232 1
12235 2
12242 1
12244 1
12245 1
12248 1
12250 2
12251 1
12252 1
12253 2
12255 1
12257 1
12258 1
12260 4
12262 1
12264 2
12266 1
12268 2
12270 1
12275 2
12277 3
12278 1
12280 1
12282 1
12284 1
12289 1
12292 2
12293 1
12295 2
12296 1
12297 1
12300 2
12302 2
12305 1
12306 1
12307 3
12309 2
12316 1
12320 1
12322 1
12324 2
12325 1
12326 1
12327 1
12329 1
12332 1
12334 1
12336 1
12338 3
12341 1
12342 1
12347 1
12349 3
12351 1
12352 1
12356 1
12358 1
12362 1
12368 1
12369 1
12370 2
12374 1
12378 1
12379 1
12380 1
12381 2
12383 1
12388 1
12390 1
12391 1
12392 1
12394 1
12398 1
12399 2
12401 2
12405 1
12407 1
12410 3
12412 1
12413 1
12417 1
12420 1
12421 1
12423 3
12428 2
12430 3
12431 1
12432 1
12434 1
12441 1
12442 1
12444 1
12447 1
12450 1
12452 2
12453 2
12455 2
12457 1
12459 1
12460 2
12462 3
12464 1
12466 1
12470 1
12471 1
12472 1
12473 2
12475 1
12477 2
12479 2
12480 1
12482 1
12484 2
12486 1
12489 2
12491 1
12492 1
12493 1
12494 1
12495 3
12497 1
12502 3
12503 1
12504 3
12505 1
12507 1
12509 4
12511 2
12513 1
12515 1
12516 2
12517 1
12518 1
12520 1
12521 1
12522 1
12524 2
12525 2
12526 1
12527 2
12529 1
12531 1
12532 1
12534 3
12536 1
12541 1
12542 1
12544 3
12545 2
12546 1
12547 3
12548 1
12549 3
12551 3
12552 2
12554 2
12556 1
12557 1
12558 3
12561 1
12562 1
12563 1
12567 1
12569 1
12571 1
12574 3
12576 5
12577 1
12578 1
12579 1
12581 4
12583 4
12584 1
12586 1
12587 1
12588 1
12589 1
12590 1
12591 1
12594 3
12596 1
12597 1
12598 2
12599 2
12600 1
12601 4
12603 2
12606 2
12608 1
12613 2
12615 2
12616 2
12617 1
12618 1
12619 4
12621 2
12623 3
12624 1
12625 1
12626 3
12628 2
12630 4
12631 1
12632 1
12633 2
12634 2
12636 2
12641 1
12643 2
12646 2
12648 4
12649 1
12650 2
12651 2
12652 1
12653 1
12655 4
12657 1
12658 1
12659 1
12660 1
12661 1
12662 1
12663 1
12665 1
12666 4
12668 4
12670 1
12671 1
12672 1
12673 5
12675 3
12678 1
12680 1
12682 1
12686 1
12687 1
12688 1
12691 3
12692 1
12693 1
12695 2
12697 2
12698 3
12700 3
12701 1
12702 3
12703 1
12704 2
12705 3
12707 1
12708 1
12713 1
12715 3
12717 1
12720 1
12722 2
12723 1
12724 2
12725 2
12727 1
12728 1
12729 1
12731 1
12732 1
12733 2
12734 1
12736 1
12738 2
12740 4
12742 1
12744 1
12745 3
12746 1
12747 3
12752 1
12754 3
12755 1
12756 1
12757 1
12758 1
12760 2
12763 1
12765 2
12767 1
12769 1
12770 2
12772 2
12774 1
12776 2
12777 1
12778 1
12779 1
12783 1
12785 1
12787 3
12789 2
12790 1
12792 1
12794 2
12796 2
12797 2
12799 1
12802 1
12805 1
12807 1
12808 1
12812 1
12815 1
12817 1
12818 1
12819 2
12821 2
12826 3
12828 1
12829 1
12832 1
12836 1
12837 1
12839 3
12842 1
12844 1
12848 2
12850 2
12851 1
12855 1
12857 1
12858 1
12859 1
12861 1
12866 1
12868 3
12869 1
12870 1
12871 1
12875 1
12879 2
12880 1
12881 1
12887 1
12891 1
12893 1
12897 1
12898 1
12900 3
12902 1
12907 1
12908 1
12911 3
12913 1
12915 1
12917 1
12920 1
12922 1
12923 1
12924 1
12925 2
12927 1
12929 1
12933 1
12940 3
12942 3
12943 1
12944 1
12947 1
12949 2
12952 1
12953 1
12954 2
12956 1
12957 2
12960 1
12965 1
12967 1
12969 1
12971 1
12972 3
12974 2
12979 1
12981 2
12983 1
12985 2
12987 1
12989 4
12991 1
12992 1
12994 1
12996 2
12997 1
12998 1
12999 2
13001 1
13004 1
13005 1
13007 1
13014 2
13017 1
13019 2
13021 4
13023 1
13025 1
13026 2
13027 1
13028 2
13029 1
13031 1
13032 1
13034 1
13037 1
13039 2
13041 1
13044 2
13046 3
13048 1
13049 1
13051 1
13053 1
13054 1
13056 1
13057 2
13058 1
13059 1
13061 2
13063 2
13064 2
13066 1
13068 2
13071 2
13073 1
13076 1
13078 2
13079 1
13080 1
13081 2
13083 1
13086 2
13088 1
13089 1
13091 1
13093 3
13095 3
13096 1
13098 1
13099 1
13100 2
13102 1
13103 1
13105 1
13108 1
13110 1
13111 2
13113 3
13115 1
13118 2
13120 2
13123 1
13125 1
13128 1
13129 1
13131 2
13132 1
13133 1
13134 1
13136 1
13138 2
13140 2
13142 1
13143 1
13145 2
13150 1
13152 2
13153 1
13155 1
13158 1
13160 2
13162 1
13163 1
13165 2
13167 1
13168 2
13170 3
13172 2
13174 1
13177 1
13178 1
13182 1
13183 1
13185 3
13187 2
13192 2
13194 1
13197 1
13199 1
13202 2
13205 2
13206 1
13210 2
13212 2
13214 1
13217 1
13224 1
13226 1
13232 1
13234 3
13235 1
13237 2
13242 2
13244 2
13246 1
13248 1
13250 1
13251 1
13252 1
13259 1
13262 1
13264 1
13266 2
13274 1
13276 1
13277 1
13278 1
13279 1
13280 2
13282 1
13284 1
13289 1
13291 2
13293 1
13295 1
13306 2
13308 1
13309 1
13311 1
13316 1
13320 2
13322 1
13323 2
13325 1
13331 1
13333 1
13338 1
13340 1
13352 3
13354 1
13355 1
13360 1
13362 1
13365 2
13370 1
13372 2
13374 1
13376 1
13380 1
13383 1
13384 1
13387 1
13389 1
13392 1
13394 2
13395 1
13397 1
13399 1
13401 1
13402 1
13404 1
13405 2
13407 1
13412 2
13413 1
13414 1
13415 1
13424 1
13426 2
13428 1
13431 1
13434 2
13435 1
13437 4
13439 1
13441 1
13442 1
13444 4
13446 2
13452 1
13454 1
13455 1
13457 1
13458 1
13459 1
13461 1
13462 1
13464 1
13466 2
13467 1
13468 1
13469 1
13471 1
13473 2
13474 1
13476 3
13477 1
13478 1
13479 1
13484 2
13486 3
13487 1
13488 1
13491 3
13493 3
13496 1
13498 1
13499 1
13500 2
13503 1
13504 1
13505 1
13506 1
13507 1
13508 1
13509 3
13511 2
13513 1
13516 3
13518 3
13523 2
13525 2
13526 1
13528 1
13529 2
13530 1
13531 2
13532 1
13533 1
13534 1
13536 3
13538 2
13539 1
13540 2
13541 1
13542 1
13545 1
13548 1
13553 1
13556 1
13558 4
13559 1
13560 2
13561 3
13563 2
13565 4
13566 1
13567 1
13568 3
13570 1
13572 2
13576 2
13578 2
13581 1
13582 1
13583 2
13585 3
13588 2
13590 2
13592 1
13595 1
13597 4
13599 1
13600 1
13601 2
13603 2
13605 2
13607 1
13608 2
13610 3
13612 2
13613 1
13614 2
13615 4
13617 1
13618 1
13629 1
13630 2
13632 2
13633 3
13634 1
13635 1
13637 2
13639 2
13640 1
13642 2
13643 1
13644 2
13646 1
13648 1
13650 4
13652 1
13655 2
13657 3
13662 1
13664 1
13665 1
13666 1
13669 1
13670 1
13671 1
13673 1
13675 2
13678 1
13679 1
13680 2
13682 4
13684 2
13686 2
13687 3
13688 1
13689 2
13697 1
13699 1
13705 1
13706 1
13707 2
13709 1
13711 1
13712 1
13714 1
13715 1
13716 1
13718 1
13719 1
13720 1
13722 2
13724 1
13725 1
13727 1
13728 1
13729 2
13731 2
13736 2
13738 2
13739 1
13742 1
13747 1
13749 1
13750 1
13752 1
13754 3
13756 1
13758 1
13759 1
13760 3
13761 2
13763 1
13765 1
13767 1
13768 1
13769 1
13771 1
13774 1
13778 1
13779 1
13781 2
13784 1
13786 1
13790 2
13792 2
13797 2
13799 1
13801 1
13803 3
13805 1
13808 1
13810 3
13811 1
13812 1
13813 1
13817 1
13821 2
13823 1
13826 1
13829 1
13830 1
13832 3
13833 2
13834 1
13835 2
13839 2
13840 1
13842 2
13850 2
13852 2
13853 2
13854 1
13857 1
13859 1
13862 2
13863 1
13864 2
13865 1
13866 1
13869 1
13871 2
13875 2
13879 1
13881 1
13882 4
13884 4
13886 1
13889 2
13891 2
13893 1
13894 1
13895 2
13899 1
13904 1
13905 1
13906 1
13907 2
13908 1
13909 1
13911 2
13913 1
13914 2
13915 1
13916 1
13917 1
13921 1
13923 1
13924 2
13925 1
13926 1
13927 1
13931 3
13933 1
13934 1
13936 2
13938 3
13939 1
13940 1
13941 1
13942 1
13943 1
13944 1
13947 2
13949 1
13953 1
13954 3
13956 6
13958 1
13959 1
13961 1
13963 3
13965 1
13967 2
13968 1
13969 1
13970 1
13971 2
13973 2
13974 1
13976 2
13978 1
13979 1
13980 1
13981 2
13983 1
13985 1
13986 2
13988 2
13989 1
13995 1
13996 1
13998 1
13999 1
14001 1
14003 4
14005 4
14006 1
14008 2
14009 1
14010 4
14012 1
14013 2
14016 1
14019 1
14021 2
14023 2
14025 1
14026 1
14028 4
14030 1
14031 1
14033 1
14035 3
14037 2
14038 1
14039 1
14040 1
14041 3
14042 2
14045 1
14046 2
14048 3
14050 2
14052 1
14053 1
14055 1
14058 1
14060 2
14062 2
14063 1
14065 1
14068 1
14070 2
14071 1
14073 2
14075 2
14077 4
14078 2
14079 1
14080 2
14082 3
14084 1
14085 1
14087 1
14092 1
14093 1
14095 4
14097 2
14100 1
14102 2
14104 1
14107 2
14109 2
14110 1
14113 2
14114 1
14115 1
14116 1
14120 2
14122 1
14124 2
14125 1
14127 2
14129 1
14134 2
14136 1
14139 1
14142 1
14144 1
14145 1
14147 2
14149 1
14150 1
14152 3
14154 2
14156 1
14158 1
14160 1
14162 1
14166 1
14167 2
14169 2
14174 1
14176 3
14179 1
14181 1
14184 1
14186 1
14187 1
14188 1
14189 1
14192 2
14194 1
14196 1
14199 1
14205 1
14206 1
14208 1
14216 2
14218 1
14219 2
14221 1
14224 1
14226 1
14228 1
14230 1
14233 1
14234 1
14235 1
14237 1
14241 1
14248 3
14250 1
14251 1
14258 1
14260 1
14261 1
14262 2
14264 2
14266 1
14270 1
14273 1
14275 1
14277 1
14279 1
14280 1
14290 1
14291 1
14293 1
14294 1
14297 1
14302 1
14304 1
14305 1
14307 2
14309 1
14313 1
14315 1
14320 1
14322 2
14329 1
14334 1
14336 2
14337 1
14339 1
14342 1
14344 1
14345 1
14347 1
14349 1
14352 1
14354 2
14356 1
14362 1
14364 1
14366 1
14368 1
14369 1
14371 1
14374 1
14376 2
14379 1
14381 1
14383 1
14384 1
14386 3
14388 1
14389 1
14394 2
14396 1
14397 1
14401 2
14403 1
14408 2
14410 1
14413 1
14415 1
14416 1
14418 1
14419 2
14421 2
14426 3
14428 2
14433 1
14436 1
14439 1
14440 1
14441 1
14442 1
14446 1
14448 2
14449 1
14450 1
14451 2
14455 1
14458 3
14460 2
14466 2
14468 3
14470 1
14473 1
14475 2
14478 1
14480 2
14482 1
14486 1
14487 1
14490 2
14491 1
14493 2
14495 1
14498 1
14500 2
14502 1
14505 2
14507 3
14509 1
14510 1
14513 1
14514 1
14515 1
14518 2
14520 2
14522 2
14523 1
14524 1
14530 1
14532 1
14539 1
14540 1
14542 2
14543 2
14545 2
14547 2
14549 1
14550 2
14552 2
14554 1
14558 1
14560 2
14567 1
14572 1
14574 2
14575 1
14579 2
14581 2
14582 1
14584 1
14585 1
14587 1
14588 1
14589 1
14590 1
14592 2
14594 1
14596 1
14597 2
14599 2
14611 1
14613 1
14614 1
14615 1
14616 1
14617 2
14619 1
14621 1
14624 2
14626 1
14628 1
14629 1
14630 1
14632 1
14634 1
14639 1
14646 1
14647 1
14648 1
14649 1
14653 1
14657 1
14660 2
14662 1
14664 2
14666 2
14668 1
14669 1
14670 1
14671 2
14689 1
14691 1
14692 1
14694 1
14696 2
14701 1
14702 2
14707 1
14709 1
14713 2
14715 1
14720 1
14721 1
14723 1
14732 1
14734 1
14736 1
14738 1
14739 1
14742 2
14743 2
14744 1
14745 2
14747 1
14749 1
14750 1
14752 2
14763 1
14768 1
14772 1
14774 4
14776 1
14779 1
14781 3
14784 1
14785 1
14787 1
14792 2
14794 2
14795 1
14796 1
14799 1
14801 1
14804 1
14805 1
14806 1
14811 1
14813 2
14814 1
14815 1
14816 1
14817 4
14819 1
14821 1
14823 1
14824 2
14826 1
14833 1
14834 1
14835 1
14836 1
14841 1
14844 1
14846 3
14847 1
14848 2
14849 2
14850 1
14853 3
14855 1
14856 1
14857 1
14859 1
14863 1
14864 1
14866 5
14868 2
14869 1
14871 1
14873 3
14875 1
14876 1
14877 1
14878 1
14885 1
14889 2
14890 1
14891 1
14893 1
14895 2
14896 3
14898 4
14899 1
14900 1
14903 1
14905 3
14907 1
14909 1
14911 1
14913 2
14915 2
14918 2
14920 2
14921 1
14922 2
14923 2
14925 1
14926 1
14929 1
14931 2
14936 1
14937 1
14938 5
14940 3
14941 2
14943 1
14945 2
14947 3
14950 1
14951 1
14952 3
14955 1
14958 2
14960 1
14961 1
14963 1
14965 1
14967 1
14968 2
14970 5
14972 1
14973 1
14977 1
14979 1
14980 1
14983 2
14985 1
14987 4
14988 1
14989 1
14990 3
14992 3
14994 2
14995 2
14997 1
15000 1
15002 1
15003 1
15005 1
15007 1
15010 2
15012 2
15013 1
15015 1
15017 2
15019 4
15020 1
15021 1
15022 1
15023 2
15024 3
15025 1
15026 1
15027 1
15030 2
15032 1
15034 1
15037 2
15040 1
15042 2
15044 2
15046 1
15049 1
15051 1
15052 1
15055 3
15056 1
15057 1
15059 2
15060 1
15061 1
15062 4
15064 2
15066 1
15067 1
15068 1
15069 1
15076 1
15077 2
15079 2
15084 1
15086 1
15087 1
15089 1
15091 3
15092 1
15093 1
15094 2
15096 1
15097 1
15098 2
15100 1
15102 1
15104 1
15106 1
15109 2
15111 1
15116 1
15118 2
15121 1
15123 1
15127 1
15129 2
15131 1
15134 3
15136 1
15138 1
15140 2
15142 1
15144 1
15147 1
15148 1
15150 1
15151 1
15158 2
15160 1
15163 1
15166 1
15168 1
15170 2
15171 1
15172 2
15174 1
15176 2
15179 1
15181 1
15187 1
15189 1
15190 2
15200 1
15201 1
15202 1
15203 2
15206 1
15212 2
15215 1
15217 1
15219 2
15221 1
15223 1
15225 1
15230 1
15232 2
15233 1
15242 1
15244 2
15246 1
15248 1
15251 1
15252 1
15254 1
15255 1
15257 1
15261 1
15262 2
15264 2
15275 1
15276 1
15278 1
15279 1
15281 1
15284 2
15286 1
15289 1
15291 2
15293 2
15294 1
15296 1
15297 1
15304 2
15306 1
15311 1
15313 2
15316 1
15318 2
15321 1
15323 1
15326 1
15327 1
15329 2
15331 1
15334 1
15336 2
15338 1
15343 1
15345 1
15346 1
15349 1
15350 2
15353 1
15356 1
15358 2
15360 1
15363 1
15365 1
15366 1
15368 3
15370 2
15376 2
15378 3
15381 1
15383 2
15385 3
15387 1
15390 1
15392 1
15395 1
15397 1
15400 2
15403 2
15408 2
15410 3
15415 2
15417 2
15421 1
15422 1
15423 1
15424 1
15428 1
15430 1
15432 3
15433 1
15435 1
15440 1
15442 2
15447 1
15448 1
15450 3
15452 1
15453 1
15457 2
15460 1
15462 2
15464 1
15468 1
15470 1
15472 1
15475 1
15477 1
15480 1
15482 1
15484 2
15487 1
15489 3
15491 1
15492 1
15494 1
15497 1
15499 1
15500 2
15502 1
15504 2
15506 1
15507 1
15514 1
15521 1
15523 1
15524 1
15526 1
15527 1
15529 2
15531 1
15532 1
15534 1
15536 1
15542 1
15556 2
15557 1
15558 1
15559 1
15561 1
15563 1
15566 1
15570 1
15571 1
15572 2
15574 2
15576 1
15578 1
15581 1
15588 1
15595 1
15598 1
15599 1
15601 1
15603 1
15606 1
15610 1
15611 1
15612 1
15628 1
15630 1
15631 1
15642 1
15644 2
15648 1
15650 1
15652 1
15653 1
15674 1
15676 1
15678 1
15682 1
15684 1
15686 1
15689 1
15691 1
15694 1
15697 1
15705 1
15716 1
15721 1
15723 2
15726 1
15727 1
15729 1
15734 2
15736 1
15756 2
15758 2
15759 1
15763 2
15765 1
15766 2
15768 1
15774 1
15776 2
15778 1
15783 1
15786 1
15788 2
15795 2
15797 1
15798 1
15799 2
15801 2
15803 1
15805 1
15808 2
15815 1
15817 1
15823 1
15827 1
15828 1
15830 2
15831 3
15832 1
15833 1
15835 1
15837 1
15838 1
15840 1
15841 1
15847 1
15848 2
15850 2
15851 1
15853 1
15855 2
15857 1
15860 1
15863 1
15867 1
15869 1
15873 1
15877 1
15878 1
15880 5
15882 2
15887 2
15889 2
15893 1
15895 1
15897 2
15900 1
15902 1
15903 1
15904 1
15905 2
15907 1
15910 1
15912 1
15913 1
15919 1
15920 1
15921 1
15922 2
15923 1
15925 2
15927 1
15929 2
15931 1
15934 2
15936 1
15942 1
15947 1
15950 1
15952 4
15954 2
15955 1
15957 1
15961 2
15965 1
15966 1
15967 1
15969 1
15971 1
15972 2
15974 2
15976 1
15977 1
15979 2
15982 1
15984 1
15986 1
15994 1
15997 1
16001 2
16002 1
16003 2
16004 3
16006 1
16007 1
16008 2
16009 1
16019 1
16024 1
16026 1
16028 1
16031 1
16033 2
16037 1
16038 1
16039 2
16044 2
16046 2
16050 1
16051 1
16052 1
16058 1
16060 1
16061 1
16069 1
16073 1
16075 1
16076 3
16078 1
16080 2
16082 2
16084 1
16086 1
16089 1
16091 1
16100 1
16105 1
16108 1
16111 1
16113 1
16116 1
16118 1
16121 1
16122 1
16124 1
16125 1
16129 1
16131 1
16132 1
16142 1
16148 1
16150 1
16152 1
16154 4
16156 1
16157 1
16158 1
16161 1
16163 1
16171 1
16172 1
16174 1
16184 1
16185 1
16186 2
16193 1
16194 1
16196 1
16197 1
16199 1
16201 1
16203 3
16204 1
16206 2
16207 1
16214 1
16226 2
16228 1
16229 1
16233 2
16235 1
16236 1
16239 2
16244 1
16246 3
16248 2
16255 1
16258 1
16260 2
16263 1
16266 1
16268 2
16271 1
16273 1
16275 3
16276 2
16277 1
16278 4
16280 1
16288 1
16295 2
16297 1
16298 1
16300 1
16302 1
16305 2
16307 2
16308 1
16310 1
16311 2
16313 1
16318 2
16320 2
16325 1
16327 3
16329 1
16331 1
16332 2
16333 1
16334 1
16337 1
16340 1
16342 1
16343 1
16347 1
16348 1
16350 3
16352 2
16357 1
16358 1
16359 1
16360 3
16362 1
16363 1
16364 1
16365 1
16367 2
16369 1
16370 1
16374 2
16377 1
16379 1
16382 1
16385 1
16387 1
16390 2
16392 3
16394 1
16397 1
16399 4
16401 1
16402 1
16404 1
16405 1
16406 1
16410 1
16412 1
16414 2
16416 1
16417 1
16424 2
16429 1
16431 2
16432 1
16434 1
16435 1
16437 1
16439 1
16441 1
16442 1
16444 1
16446 2
16452 1
16459 1
16462 1
16464 1
16466 2
16468 1
16471 3
16473 1
16474 1
16476 1
16481 1
16482 1
16484 3
16488 1
16489 1
16503 1
16505 1
16508 1
16511 1
16513 2
16514 1
16516 1
16518 1
16538 1
16540 2
16541 1
16543 1
16552 1
16554 1
16556 2
16558 1
16560 1
16562 1
16570 1
16585 1
16588 1
16592 1
16594 1
16599 1
16601 1
16612 1
16626 1
16631 1
16634 1
16637 1
16658 1
16664 1
16666 2
16668 1
16671 1
16673 1
16676 1
16678 1
16684 1
16686 1
16703 1
16705 1
16707 1
16713 1
16716 1
16718 2
16737 1
16740 2
16741 1
16743 1
16745 1
16747 1
16748 1
16750 2
16756 1
16758 2
16760 1
16765 1
16770 1
16772 1
16777 1
16779 1
16780 1
16783 1
16785 1
16787 1
16788 1
16790 2
16797 1
16799 1
16805 1
16807 1
16812 1
16813 1
16814 1
16815 2
16817 1
16822 1
16829 1
16831 1
16832 1
16835 1
16837 2
16839 1
16844 1
16845 1
16851 1
16862 2
16864 1
16869 1
16871 1
16879 1
16882 1
16884 1
16887 1
16889 1
16892 1
16894 1
16896 1
16903 1
16907 1
16909 1
16911 2
16913 1
16918 1
16934 1
16936 1
16939 1
16943 1
16948 1
16949 1
16956 1
16961 1
16968 1
16985 1
16986 2
16988 1
16990 1
17015 1
17018 1
17021 1
17028 1
17031 1
17034 1
17042 1
17058 1
17060 2
17064 1
17066 1
17071 1
17073 1
17090 1
17096 1
17103 1
17105 1
17107 1
17109 1
17111 1
17113 1
17132 1
17135 1
17136 2
17138 2
17139 1
17141 1
17145 2
17156 1
17158 1
17168 3
17170 1
17175 1
17177 1
17178 1
17181 1
17185 2
17186 1
17187 1
17188 3
17190 1
17200 1
17210 1
17211 1
17213 1
17215 1
17217 2
17221 1
17223 1
17228 1
17230 2
17237 1
17239 1
17240 1
17242 2
17244 1
17247 1
17250 1
17253 1
17257 1
17258 1
17259 1
17260 5
17262 2
17279 1
17284 1
17287 1
17289 3
17290 1
17292 2
17294 1
17295 1
17300 1
17302 1
17304 1
17309 2
17311 2
17312 1
17314 1
17315 1
17316 2
17319 1
17325 1
17332 2
17334 2
17339 1
17341 3
17342 1
17344 1
17346 1
17347 1
17352 1
17354 1
17356 1
17361 1
17364 1
17369 1
17372 1
17374 1
17376 2
17381 2
17383 2
17384 2
17386 1
17388 1
17394 1
17398 1
17406 1
17413 3
17415 1
17416 1
17419 1
17423 1
17426 2
17428 1
17445 1
17448 1
17450 1
17453 1
17455 1
17456 1
17458 1
17462 1
17466 2
17468 1
17485 1
17487 1
17494 1
17495 1
17498 2
17511 1
17522 1
17534 1
17536 1
17540 1
17541 1
17543 1
17544 1
17566 1
17570 1
17576 2
17581 1
17583 2
17585 1
17608 1
17613 2
17615 2
17619 1
17621 1
17645 1
17648 2
17650 1
17655 2
17658 1
17660 1
17666 1
17668 2
17670 1
17680 1
17685 1
17687 2
17695 1
17697 1
17698 1
17700 1
17702 1
17707 1
17722 1
17724 1
17725 1
17727 2
17732 1
17739 1
17740 1
17742 1
17747 1
17749 1
17754 1
17761 1
17769 1
17770 1
17772 2
17774 1
17779 1
17781 1
17789 1
17792 1
17796 1
17797 1
17799 1
17811 1
17813 1
17819 1
17821 3
17824 1
17826 1
17851 1
17853 1
17864 1
17866 1
17878 1
17893 2
17895 1
17896 1
17925 1
17970 1
17974 1
18000 1
18015 1
18021 1
18042 1
18053 1
18055 1
18078 1
18080 1
18085 1
18087 1
18091 1
18093 1
18095 1
18120 1
18123 1
18125 1
18140 1
18150 1
18152 2
18159 1
18169 1
18170 1
18172 1
18182 1
18195 1
18199 2
18202 1
18205 1
18219 1
18221 1
18224 1
18226 1
18229 1
18242 2
18244 2
18271 1
18274 2
18276 1
18286 1
18293 1
18294 1
18296 1
18298 1
18316 1
18323 2
18325 1
18336 1
18346 1
18355 1
18358 1
18365 1
18366 1
18368 2
18395 1
18397 2
18398 1
18408 1
18427 1
18440 1
18444 1
18446 1
18450 1
18469 1
18476 1
18478 1
18480 1
18493 1
18495 1
18518 1
18523 1
18525 1
18548 1
18550 1
18558 1
18560 1
18565 1
18567 1
18568 1
18590 1
18595 1
18597 4
18600 1
18603 1
18627 1
18632 1
18637 1
18640 1
18642 1
18649 1
18650 1
18652 1
18662 1
18669 2
18671 1
18672 1
18679 1
18682 1
18684 1
18689 1
18691 1
18701 1
18706 1
18709 1
18721 2
18723 1
18731 1
18753 1
18754 1
18756 1
18763 2
18774 1
18776 1
18793 1
18795 1
18803 2
18805 1
18806 1
18835 2
18848 1
18877 1
18878 1
18907 1
18956 1
18958 1
18995 1
19003 1
19005 1
19035 1
19062 1
19069 1
19077 1
19080 1
19107 1
19109 1
19129 1
19134 1
19161 1
19184 1
19201 1
19203 1
19226 1
19233 1
19256 1
19278 1
19307 1
19337 1
19350 1
19379 1
19428 1
19460 1
19477 1
19507 1
19532 1
19542 1
19550 1
19552 1
19579 2
19581 1
19582 1
19611 1
19624 1
19631 1
19633 1
19653 1
19654 1
19664 1
19673 1
19683 1
19703 1
19705 2
19735 1
19745 1
19758 1
19777 1
19787 1
19817 1
19905 1
19940 1
19977 1
19979 1
19987 1
20009 1
20019 1
20062 1
20091 1
20111 1
20113 1
20143 1
20185 1
20215 1
20417 1
20534 1
20563 1
20593 1
20615 1
20687 1
20887 1
20889 1
20961 1
20991 1
21001 1
21095 1
21399 1
21871 1
End
