NMec = 97746
T = 14
P = 5
Profits not ignored
Valid tasks:                                                             7716
Solution time = 1.997e-04
Task data
    0   3  1077 0
    0  12  1157 1
    1  26  1986 2
    5  28  2351 0
    7  20  1082 -1
    8  13   444 -1
    9  26  4394 3
   11  24  1292 -1
   11  24   831 -1
   11  29  4354 4
   15  18   840 -1
   15  27  1703 1
   17  26  1285 -1
   18  27  1304 -1
Best profit: 17022
All profits:
0 1
444 1
831 1
840 1
1077 1
1082 1
1157 1
1275 1
1284 1
1285 1
1292 1
1304 1
1521 1
1526 1
1601 1
1671 1
1703 1
1729 1
1736 1
1748 1
1908 1
1913 1
1917 1
1922 1
1986 1
1988 1
1997 1
2115 1
2116 1
2123 1
2125 1
2132 1
2135 1
2144 1
2147 1
2159 1
2234 1
2239 1
2351 1
2352 1
2357 1
2361 1
2362 1
2366 1
2367 1
2369 1
2374 1
2381 1
2386 1
2430 1
2432 1
2441 1
2442 1
2449 1
2461 1
2534 1
2543 1
2560 1
2567 1
2569 1
2576 1
2577 1
2579 1
2588 1
2589 1
2596 1
2603 1
2678 1
2683 1
2748 1
2753 1
2780 1
2785 1
2795 1
2806 1
2811 1
2813 1
2817 1
2818 1
2825 1
2826 1
2828 1
2830 1
2860 1
2886 1
2893 1
2905 1
2956 1
2963 1
2975 1
2978 1
2987 1
2988 1
2990 1
2995 1
2999 1
3007 1
3021 1
3033 1
3040 1
3063 1
3065 1
3068 1
3070 1
3074 1
3079 1
3143 1
3182 1
3191 1
3192 1
3193 1
3197 1
3198 1
3200 1
3202 1
3205 1
3207 1
3209 1
3212 1
3214 1
3217 1
3221 1
3224 1
3226 1
3229 1
3261 1
3270 1
3271 1
3272 1
3273 1
3278 1
3280 1
3282 1
3289 1
3290 1
3292 1
3301 1
3304 1
3316 1
3374 1
3400 1
3407 1
3408 1
3417 1
3419 1
3420 1
3427 1
3428 1
3429 1
3432 1
3433 1
3434 1
3436 1
3439 1
3443 1
3444 1
3451 2
3463 1
3507 1
3508 1
3509 1
3512 1
3514 1
3518 1
3519 1
3523 1
3524 1
3526 1
3531 1
3538 1
3543 1
3587 1
3611 1
3616 1
3620 1
3625 1
3626 1
3635 1
3636 1
3637 1
3642 1
3643 1
3644 1
3646 1
3649 1
3651 1
3653 1
3654 1
3655 1
3656 1
3657 1
3658 1
3659 1
3661 1
3665 1
3666 1
3670 1
3671 1
3673 1
3678 1
3689 1
3691 1
3700 1
3715 1
3717 1
3722 1
3724 1
3726 1
3733 1
3734 2
3736 1
3745 1
3746 1
3753 1
3760 1
3818 1
3819 1
3826 1
3828 1
3830 1
3835 1
3838 1
3847 1
3852 1
3861 1
3862 1
3864 1
3871 1
3872 1
3873 1
3877 1
3880 1
3881 1
3888 1
3894 1
3895 1
3899 1
3903 1
3905 1
3907 1
3908 1
3910 1
3937 1
3942 1
3952 1
3963 1
3968 1
3970 1
3974 1
3975 1
3982 1
3983 1
3987 1
4022 1
4033 1
4038 1
4040 1
4045 1
4052 1
4054 1
4055 1
4057 1
4060 1
4064 1
4065 1
4069 1
4070 1
4072 1
4077 1
4080 1
4084 1
4087 1
4089 1
4098 1
4099 1
4101 1
4102 1
4103 1
4109 1
4110 1
4111 1
4113 1
4115 1
4117 1
4118 1
4120 1
4121 1
4122 1
4130 1
4132 1
4133 1
4135 1
4144 1
4145 2
4147 1
4152 1
4156 1
4164 1
4178 1
4190 1
4197 1
4220 1
4225 1
4248 1
4259 1
4260 1
4263 1
4264 1
4267 1
4268 1
4270 1
4272 1
4273 1
4274 1
4275 1
4279 1
4280 1
4282 2
4284 1
4291 2
4292 1
4294 1
4299 1
4303 1
4306 1
4325 1
4337 1
4338 1
4339 1
4343 1
4347 1
4348 2
4349 1
4350 1
4352 1
4353 1
4354 2
4355 2
4357 1
4359 1
4360 1
4362 1
4364 1
4366 1
4367 1
4369 1
4371 1
4372 1
4374 1
4378 1
4381 1
4383 1
4386 1
4394 1
4418 1
4427 1
4428 1
4435 1
4447 1
4451 1
4456 1
4466 1
4467 1
4474 1
4476 1
4477 1
4482 1
4483 1
4484 1
4485 1
4486 1
4489 1
4490 1
4494 1
4495 1
4496 1
4497 1
4498 1
4499 1
4501 1
4502 1
4504 1
4506 1
4509 2
4510 1
4511 1
4513 1
4514 1
4516 1
4518 1
4520 1
4521 1
4528 1
4529 1
4531 1
4533 1
4546 1
4553 1
4555 1
4557 1
4562 1
4563 1
4564 1
4565 2
4574 2
4575 1
4576 1
4577 1
4582 1
4584 1
4585 1
4586 1
4589 2
4590 1
4591 1
4593 1
4596 1
4600 1
4601 1
4608 2
4620 1
4659 1
4664 1
4666 1
4669 1
4678 1
4692 1
4693 1
4702 1
4703 1
4704 1
4708 1
4711 1
4712 2
4713 1
4717 1
4718 1
4719 1
4720 1
4721 1
4724 1
4725 1
4726 1
4728 1
4732 1
4734 1
4735 1
4736 2
4737 1
4738 1
4739 1
4743 1
4747 1
4748 1
4755 1
4766 1
4768 1
4771 1
4773 1
4777 1
4781 1
4782 1
4783 1
4792 2
4793 1
4794 1
4797 1
4798 1
4799 2
4800 1
4801 1
4803 1
4804 1
4806 1
4808 1
4810 1
4811 2
4812 1
4813 1
4814 1
4815 1
4816 2
4818 1
4822 1
4823 1
4827 1
4828 1
4830 1
4835 1
4838 1
4846 1
4872 1
4879 1
4885 1
4891 1
4894 1
4895 1
4896 1
4900 1
4901 1
4903 1
4905 1
4908 1
4910 1
4911 1
4912 1
4915 1
4917 1
4918 1
4920 2
4924 1
4927 1
4928 1
4929 2
4930 1
4934 1
4938 1
4939 1
4940 1
4941 1
4942 1
4943 1
4946 1
4947 1
4948 1
4949 1
4950 1
4953 1
4954 1
4955 1
4957 1
4958 1
4961 1
4962 1
4963 1
4964 1
4973 1
4974 1
4975 1
4976 2
4981 1
4983 1
4985 2
4987 1
4992 1
4993 1
4995 1
5004 1
5007 1
5009 1
5018 1
5019 2
5021 1
5026 1
5028 1
5029 1
5030 1
5034 1
5037 1
5038 1
5045 1
5051 1
5052 1
5056 1
5060 1
5064 1
5065 1
5099 1
5103 1
5104 1
5110 1
5111 1
5115 1
5120 1
5122 2
5123 1
5130 1
5131 1
5132 1
5134 1
5136 1
5137 1
5139 1
5146 1
5147 1
5154 1
5156 1
5157 1
5162 1
5164 1
5165 1
5166 1
5168 1
5169 1
5176 1
5177 1
5178 1
5179 2
5180 1
5181 1
5183 1
5184 1
5185 1
5186 1
5188 1
5190 1
5191 1
5192 1
5193 1
5194 1
5195 2
5197 1
5198 1
5199 1
5200 1
5202 1
5203 1
5207 1
5209 1
5210 1
5211 1
5212 2
5214 1
5215 1
5217 1
5221 1
5222 1
5225 1
5226 1
5227 1
5229 1
5234 2
5237 1
5241 1
5244 1
5246 1
5255 1
5256 1
5258 1
5259 1
5260 1
5266 1
5267 1
5268 1
5272 1
5274 1
5275 1
5278 1
5279 1
5287 1
5290 1
5302 1
5307 1
5314 1
5325 1
5326 1
5329 1
5330 1
5337 1
5338 1
5339 1
5340 1
5341 1
5342 1
5344 1
5345 1
5346 1
5347 1
5349 2
5350 1
5352 1
5354 1
5356 1
5357 1
5358 1
5359 1
5360 1
5361 1
5362 1
5364 1
5368 1
5369 1
5372 1
5373 1
5374 1
5376 1
5381 1
5384 1
5386 1
5391 1
5393 1
5394 1
5402 1
5403 1
5405 2
5406 1
5407 1
5413 1
5414 1
5415 1
5416 1
5417 1
5418 1
5419 1
5420 2
5421 1
5422 1
5424 1
5425 2
5427 1
5429 2
5430 2
5431 2
5432 1
5436 2
5437 3
5439 2
5441 1
5448 2
5449 2
5451 1
5456 1
5460 1
5463 1
5471 1
5476 1
5482 1
5494 1
5495 1
5500 1
5504 1
5505 1
5509 1
5510 1
5511 1
5512 1
5517 1
5524 1
5529 1
5533 1
5543 1
5544 1
5548 1
5549 1
5551 2
5552 1
5553 1
5555 1
5556 1
5558 1
5559 1
5560 1
5563 1
5564 1
5565 1
5566 1
5567 2
5568 1
5572 1
5574 1
5575 1
5576 2
5577 1
5578 1
5579 1
5580 1
5583 1
5584 1
5586 1
5588 1
5591 1
5595 1
5597 1
5598 1
5602 1
5606 1
5608 1
5610 1
5611 1
5612 1
5613 1
5621 1
5622 1
5623 2
5624 1
5628 1
5629 2
5630 1
5631 1
5632 1
5633 1
5634 1
5635 1
5637 1
5638 1
5639 3
5640 2
5641 2
5642 2
5643 1
5644 1
5645 1
5646 2
5647 2
5651 2
5652 2
5653 1
5654 1
5655 1
5656 2
5657 1
5658 2
5659 2
5661 1
5663 1
5664 1
5666 2
5667 1
5668 1
5669 1
5670 1
5671 1
5673 1
5675 1
5677 1
5678 2
5679 1
5685 1
5686 2
5690 1
5698 1
5703 1
5710 1
5712 1
5719 1
5720 1
5722 1
5725 1
5731 1
5732 1
5736 1
5739 1
5741 1
5743 1
5746 1
5748 1
5751 1
5755 1
5758 1
5759 1
5760 1
5768 1
5769 1
5770 1
5771 1
5774 1
5778 1
5780 1
5781 1
5783 1
5785 1
5786 1
5787 1
5788 1
5789 1
5790 1
5793 1
5794 2
5795 1
5798 1
5801 1
5802 2
5803 1
5804 1
5805 1
5806 1
5812 1
5813 1
5814 2
5816 2
5818 1
5820 1
5821 1
5823 1
5824 1
5825 1
5833 1
5835 1
5838 1
5847 1
5848 1
5849 1
5850 2
5857 1
5858 1
5859 2
5860 1
5861 1
5863 1
5865 1
5866 1
5867 1
5868 1
5869 2
5870 1
5874 2
5875 2
5876 1
5877 1
5878 1
5880 1
5881 2
5882 1
5883 1
5885 1
5889 1
5891 1
5892 1
5893 3
5894 1
5895 1
5896 1
5900 1
5904 1
5905 1
5912 1
5915 1
5920 1
5923 1
5928 1
5938 1
5949 1
5951 1
5954 1
5955 1
5956 1
5961 1
5962 1
5963 1
5967 1
5968 1
5970 1
5971 1
5973 1
5976 1
5977 1
5978 1
5985 1
5987 1
5988 1
5993 1
5994 1
5995 2
5996 1
5997 2
6000 1
6002 1
6004 1
6005 1
6006 1
6007 1
6008 1
6009 1
6010 1
6011 1
6012 1
6016 1
6017 1
6019 1
6020 1
6021 1
6022 1
6023 1
6024 2
6025 1
6026 1
6028 1
6029 1
6030 1
6031 1
6032 1
6038 1
6039 1
6040 2
6041 1
6042 1
6043 1
6046 1
6050 1
6051 2
6052 1
6053 1
6055 1
6056 1
6057 2
6058 2
6060 1
6062 1
6063 1
6065 2
6066 1
6067 1
6068 1
6069 1
6070 1
6072 1
6073 1
6074 1
6075 2
6077 2
6081 1
6083 1
6084 2
6085 2
6086 2
6087 1
6089 1
6090 1
6091 1
6095 1
6096 2
6097 2
6098 1
6099 1
6100 1
6101 1
6102 1
6103 2
6104 1
6105 1
6106 1
6107 1
6108 1
6110 1
6111 1
6112 1
6114 1
6115 1
6118 1
6119 1
6120 1
6121 1
6123 1
6130 2
6131 1
6133 1
6138 1
6142 2
6150 1
6164 1
6169 1
6170 1
6176 1
6177 1
6179 1
6180 1
6181 1
6183 1
6185 1
6186 1
6187 1
6188 1
6189 1
6192 1
6193 1
6197 1
6198 1
6199 1
6200 1
6202 1
6203 1
6204 1
6205 1
6207 1
6209 1
6212 2
6213 1
6214 1
6215 1
6216 1
6221 1
6222 1
6224 1
6231 1
6232 1
6233 1
6234 1
6238 1
6239 1
6242 1
6245 1
6246 2
6247 1
6249 1
6250 1
6253 1
6254 1
6256 2
6258 2
6259 1
6260 2
6261 2
6262 1
6265 1
6266 1
6267 2
6268 3
6270 1
6271 1
6272 1
6276 1
6277 3
6278 1
6279 2
6280 2
6285 1
6287 1
6288 1
6289 2
6291 1
6292 1
6293 1
6294 1
6296 1
6302 1
6303 1
6304 1
6307 1
6311 3
6313 1
6314 1
6316 1
6319 1
6321 1
6322 1
6323 1
6325 1
6326 1
6333 1
6334 1
6335 1
6336 1
6337 1
6338 1
6340 2
6341 1
6342 1
6343 1
6345 1
6348 1
6349 1
6350 1
6351 1
6352 1
6355 1
6356 1
6357 1
6360 1
6364 1
6367 1
6369 1
6372 1
6380 1
6382 1
6384 1
6389 1
6391 2
6395 1
6396 1
6403 1
6406 1
6407 2
6408 1
6411 1
6414 1
6415 2
6416 1
6419 1
6420 1
6421 1
6422 1
6423 1
6424 1
6426 1
6428 1
6429 1
6431 1
6435 1
6437 1
6438 1
6439 1
6440 1
6441 1
6442 1
6449 1
6450 1
6451 1
6452 1
6453 1
6454 1
6458 1
6460 1
6461 1
6462 1
6463 1
6464 1
6466 1
6468 2
6469 2
6470 2
6471 2
6472 1
6473 1
6475 1
6476 1
6477 1
6479 1
6480 1
6481 1
6482 2
6483 2
6484 2
6485 1
6486 2
6487 2
6488 1
6489 1
6490 1
6492 1
6494 1
6495 3
6496 2
6497 2
6498 2
6499 2
6500 1
6501 2
6502 2
6503 1
6504 2
6506 2
6507 2
6509 2
6510 1
6511 1
6513 2
6514 2
6515 1
6516 1
6517 2
6518 1
6519 3
6521 1
6525 1
6526 2
6529 2
6530 1
6531 1
6533 1
6538 2
6541 2
6543 1
6548 1
6550 1
6551 1
6553 1
6559 1
6560 1
6562 1
6563 1
6564 1
6570 1
6571 1
6572 1
6575 1
6576 1
6577 1
6579 1
6582 1
6586 1
6587 1
6588 1
6593 1
6594 2
6599 1
6606 1
6611 1
6614 1
6618 1
6621 1
6623 1
6625 1
6626 1
6628 1
6629 1
6630 1
6631 1
6632 1
6633 3
6635 1
6637 1
6641 1
6642 2
6643 1
6644 1
6645 2
6646 1
6649 1
6650 1
6651 1
6652 1
6653 1
6654 1
6656 1
6657 1
6658 1
6660 1
6661 1
6664 1
6665 1
6666 1
6676 1
6678 1
6679 1
6688 1
6689 1
6690 2
6694 1
6697 1
6698 2
6699 1
6700 1
6701 1
6703 1
6704 1
6705 3
6706 3
6707 1
6708 1
6709 1
6710 2
6711 2
6712 2
6713 1
6714 1
6715 2
6716 2
6717 1
6718 1
6720 2
6721 3
6722 3
6723 3
6724 3
6725 1
6728 1
6729 2
6731 1
6732 1
6733 3
6734 2
6735 2
6736 1
6737 1
6740 2
6741 2
6743 1
6745 2
6746 1
6748 1
6751 1
6752 1
6754 1
6755 2
6756 1
6759 1
6760 1
6761 1
6763 2
6767 1
6768 2
6769 1
6775 1
6778 1
6779 1
6780 2
6784 1
6785 1
6786 2
6787 1
6789 1
6794 1
6795 1
6796 2
6797 1
6798 1
6799 1
6801 1
6802 2
6803 1
6804 1
6807 1
6808 1
6809 1
6813 1
6814 1
6815 1
6816 1
6818 1
6821 1
6824 1
6825 1
6826 1
6828 1
6833 1
6835 2
6836 2
6837 1
6840 1
6841 1
6843 1
6845 1
6847 1
6848 1
6850 1
6851 1
6852 1
6853 1
6855 2
6857 1
6859 1
6860 2
6862 1
6863 1
6864 1
6865 1
6867 1
6868 1
6869 1
6870 1
6871 2
6872 1
6879 1
6880 2
6881 1
6882 2
6883 1
6884 1
6886 1
6887 1
6888 1
6889 1
6891 1
6893 1
6894 1
6895 1
6896 1
6897 2
6898 2
6900 1
6901 1
6902 1
6903 1
6904 1
6905 1
6906 2
6908 1
6910 1
6912 1
6913 1
6914 2
6915 3
6916 2
6917 1
6920 1
6921 1
6923 1
6924 1
6925 2
6926 2
6927 2
6928 2
6929 1
6930 1
6931 2
6932 1
6933 2
6934 1
6935 1
6936 1
6937 2
6938 1
6939 1
6940 2
6941 1
6942 2
6943 3
6944 2
6945 1
6946 1
6947 1
6948 1
6949 1
6950 2
6951 2
6952 1
6954 1
6955 1
6957 1
6958 1
6959 2
6960 1
6961 2
6962 1
6963 2
6969 1
6970 2
6971 3
6973 2
6975 1
6977 1
6978 1
6981 1
6982 2
6983 1
6990 2
6995 1
6997 1
7004 1
7005 1
7007 1
7010 1
7014 1
7015 1
7016 1
7017 1
7020 1
7023 1
7024 1
7028 1
7029 1
7031 1
7032 1
7037 1
7038 1
7040 1
7043 1
7044 1
7047 1
7050 1
7053 1
7055 1
7062 1
7063 1
7070 1
7072 2
7073 1
7075 1
7077 2
7079 1
7085 1
7086 1
7087 2
7089 2
7090 1
7094 1
7096 1
7097 1
7098 1
7099 1
7101 1
7102 1
7105 1
7106 2
7107 1
7108 3
7109 1
7110 1
7116 1
7117 1
7118 1
7119 1
7120 2
7122 1
7123 1
7124 1
7125 1
7127 1
7128 1
7132 1
7133 2
7134 2
7135 1
7139 1
7140 1
7142 3
7143 1
7144 1
7145 1
7147 1
7148 1
7149 1
7150 2
7151 2
7152 2
7153 1
7154 2
7155 1
7159 1
7160 1
7161 1
7162 2
7163 1
7164 1
7165 2
7166 2
7167 3
7168 1
7169 1
7171 1
7172 1
7173 1
7174 2
7176 1
7177 1
7178 2
7179 3
7180 2
7181 2
7182 1
7183 1
7184 1
7185 2
7186 1
7187 1
7188 1
7189 2
7195 1
7196 1
7197 2
7198 1
7200 2
7203 1
7205 1
7207 2
7208 1
7211 1
7212 2
7213 1
7214 1
7215 1
7219 1
7220 2
7222 1
7223 1
7224 1
7227 1
7230 1
7232 1
7240 1
7241 1
7242 1
7246 2
7247 2
7251 1
7252 1
7253 1
7254 2
7256 1
7258 1
7259 2
7260 1
7261 1
7262 1
7263 1
7265 1
7266 1
7268 1
7269 1
7270 1
7271 1
7275 1
7279 1
7280 3
7281 1
7282 1
7285 1
7287 1
7289 2
7291 1
7292 1
7293 1
7294 1
7297 1
7298 1
7299 2
7300 1
7301 1
7304 1
7306 1
7308 1
7309 1
7310 1
7311 1
7312 1
7313 1
7314 1
7315 2
7317 1
7323 1
7324 2
7325 1
7326 2
7327 2
7329 1
7330 1
7331 1
7332 2
7333 1
7334 1
7335 1
7336 2
7337 1
7338 2
7340 1
7341 1
7342 3
7343 2
7344 3
7345 2
7346 1
7347 1
7348 1
7349 2
7350 3
7353 1
7354 2
7355 2
7356 1
7357 2
7358 1
7359 2
7360 2
7361 2
7362 2
7364 1
7366 1
7367 1
7369 3
7370 2
7371 1
7372 2
7373 1
7375 1
7377 1
7378 1
7379 1
7381 2
7382 1
7384 1
7387 1
7388 2
7389 2
7390 1
7391 1
7393 2
7394 1
7395 1
7396 1
7399 1
7401 1
7402 1
7403 2
7404 1
7406 1
7407 1
7410 1
7411 1
7413 1
7415 3
7416 1
7417 2
7418 1
7419 1
7422 2
7423 1
7424 1
7425 2
7427 2
7428 1
7433 1
7434 3
7435 1
7437 1
7442 1
7446 1
7449 1
7454 1
7457 1
7459 1
7461 1
7462 2
7464 1
7466 1
7468 2
7471 1
7472 1
7473 3
7474 1
7481 1
7483 1
7484 1
7485 1
7488 1
7490 1
7491 1
7492 1
7497 2
7498 1
7501 1
7505 1
7507 1
7516 1
7517 1
7519 1
7529 1
7530 1
7531 1
7534 1
7535 1
7536 1
7537 2
7539 1
7541 2
7542 1
7543 1
7544 1
7545 2
7546 3
7547 1
7548 1
7549 1
7550 2
7551 2
7552 3
7553 3
7554 2
7556 1
7558 1
7559 1
7560 2
7561 2
7562 2
7563 3
7564 3
7565 2
7566 2
7568 2
7569 1
7570 1
7571 2
7572 3
7573 1
7574 1
7575 1
7576 2
7577 2
7578 2
7579 1
7580 2
7581 2
7583 2
7584 1
7585 2
7586 2
7587 1
7588 1
7591 1
7592 2
7594 2
7595 1
7596 3
7597 1
7598 1
7599 2
7601 1
7603 1
7606 2
7607 1
7608 2
7609 1
7610 1
7611 2
7615 3
7617 1
7618 2
7619 1
7620 2
7623 2
7624 1
7625 3
7626 2
7627 2
7628 1
7629 1
7630 1
7632 1
7633 1
7634 1
7636 1
7637 1
7638 1
7639 1
7640 1
7641 2
7642 1
7643 1
7644 2
7645 1
7646 1
7647 1
7649 1
7652 2
7653 1
7654 1
7655 2
7656 1
7657 1
7658 1
7659 1
7661 1
7664 2
7665 1
7666 1
7667 1
7670 1
7671 1
7672 1
7674 1
7676 3
7683 1
7684 1
7686 1
7688 1
7691 1
7695 2
7696 1
7698 2
7700 1
7703 1
7705 1
7707 1
7708 1
7710 2
7711 1
7712 1
7713 1
7714 1
7715 1
7719 1
7720 1
7722 1
7723 1
7724 1
7725 1
7726 1
7727 1
7728 1
7729 1
7732 1
7733 1
7735 1
7737 1
7741 1
7742 1
7743 1
7744 1
7745 1
7753 1
7754 2
7755 1
7756 2
7757 1
7758 1
7761 1
7762 1
7764 1
7766 1
7767 1
7768 2
7769 1
7771 3
7773 2
7774 2
7775 2
7776 1
7778 1
7780 2
7781 2
7782 2
7783 2
7784 1
7786 2
7787 3
7788 4
7789 1
7790 3
7792 2
7793 1
7794 2
7797 1
7798 2
7799 3
7800 2
7801 2
7802 3
7803 1
7804 1
7805 2
7806 2
7807 1
7808 1
7809 1
7810 1
7811 3
7813 2
7814 2
7815 1
7817 2
7818 1
7821 2
7822 2
7823 2
7826 1
7827 1
7828 1
7830 1
7833 2
7835 1
7836 1
7837 1
7838 1
7845 3
7846 1
7847 1
7854 1
7855 2
7856 1
7857 1
7860 1
7861 2
7862 2
7863 2
7864 1
7866 1
7867 1
7868 2
7871 1
7872 1
7873 1
7875 1
7877 1
7878 2
7879 2
7880 2
7881 1
7884 1
7885 1
7886 1
7890 1
7891 1
7892 1
7897 1
7898 1
7901 1
7902 1
7903 1
7906 2
7908 1
7910 1
7912 1
7913 1
7915 1
7917 2
7918 3
7920 1
7925 2
7927 2
7929 1
7930 1
7932 1
7934 1
7935 1
7936 1
7937 2
7939 1
7941 1
7942 1
7945 1
7946 1
7948 1
7949 1
7953 1
7957 1
7959 1
7961 1
7962 1
7963 1
7964 2
7965 1
7970 1
7971 1
7973 1
7974 2
7975 1
7979 2
7980 2
7981 2
7982 1
7983 2
7985 1
7988 1
7989 1
7990 3
7991 2
7992 2
7993 2
7994 1
7995 1
7996 2
7997 2
7998 3
8000 1
8002 2
8003 2
8004 1
8005 3
8006 1
8007 3
8008 3
8009 3
8010 4
8011 1
8012 2
8013 1
8014 3
8015 2
8016 2
8017 2
8018 1
8019 3
8020 3
8021 1
8022 1
8024 2
8025 3
8026 2
8027 2
8028 2
8029 2
8030 1
8031 1
8032 1
8036 2
8037 3
8038 2
8039 1
8040 2
8041 1
8043 3
8044 1
8045 2
8046 1
8047 1
8048 2
8049 1
8050 1
8051 2
8052 2
8053 2
8054 2
8055 2
8058 1
8059 2
8060 2
8063 2
8064 1
8065 1
8067 2
8069 1
8070 1
8071 2
8072 3
8073 1
8076 1
8078 1
8080 1
8081 1
8082 1
8083 2
8084 1
8085 1
8086 1
8087 2
8088 2
8089 1
8090 2
8091 1
8093 1
8094 2
8097 1
8098 1
8099 1
8100 2
8101 1
8105 1
8106 2
8107 1
8109 1
8111 1
8114 1
8116 1
8118 1
8120 2
8127 1
8128 2
8130 1
8132 1
8139 2
8140 2
8147 1
8149 1
8152 1
8154 1
8155 1
8156 1
8157 1
8163 1
8164 1
8165 1
8166 1
8167 2
8169 1
8171 1
8172 2
8173 2
8174 2
8175 1
8176 1
8180 1
8182 1
8183 1
8184 2
8185 2
8186 2
8187 1
8189 2
8192 1
8193 1
8195 1
8197 1
8198 1
8199 1
8200 1
8201 3
8202 1
8204 1
8206 1
8208 1
8210 2
8212 2
8213 1
8215 1
8216 1
8217 1
8218 2
8219 2
8220 2
8222 1
8224 1
8225 2
8226 1
8227 2
8228 1
8229 2
8230 1
8231 1
8232 3
8234 1
8235 1
8236 1
8241 1
8242 2
8243 1
8244 3
8246 3
8247 1
8248 1
8249 1
8251 1
8253 2
8254 1
8255 2
8256 2
8257 1
8258 2
8259 1
8261 1
8262 2
8263 2
8264 1
8265 3
8266 2
8267 2
8271 1
8273 1
8274 2
8275 2
8277 1
8279 1
8280 1
8282 2
8288 1
8289 2
8290 1
8291 1
8293 1
8296 1
8297 2
8299 2
8300 1
8301 1
8302 1
8304 1
8305 1
8306 1
8307 1
8308 1
8309 1
8317 1
8319 1
8322 1
8323 1
8324 2
8328 2
8329 2
8331 1
8335 1
8336 3
8337 1
8338 1
8341 1
8342 1
8345 1
8346 1
8348 1
8357 2
8362 2
8364 1
8368 1
8369 1
8370 1
8371 1
8374 1
8376 2
8377 2
8379 1
8381 2
8383 1
8387 1
8389 1
8390 1
8391 1
8392 2
8394 1
8397 1
8399 1
8401 1
8402 1
8403 1
8404 1
8406 2
8407 1
8408 3
8409 3
8411 2
8413 1
8414 2
8415 1
8416 2
8417 1
8418 2
8419 2
8420 1
8421 1
8423 2
8424 2
8425 2
8426 3
8427 3
8428 1
8431 1
8432 2
8434 2
8435 1
8436 2
8437 3
8438 2
8439 2
8440 1
8441 1
8443 1
8444 1
8446 3
8447 1
8448 2
8449 2
8450 1
8451 2
8452 2
8453 1
8454 3
8455 2
8456 2
8457 2
8458 2
8459 2
8463 3
8464 2
8465 2
8466 2
8467 1
8468 1
8469 2
8470 2
8471 3
8472 3
8474 2
8475 1
8476 1
8478 1
8480 1
8481 3
8482 1
8483 2
8484 2
8486 1
8487 2
8488 1
8489 2
8490 1
8492 2
8493 2
8495 1
8496 1
8497 2
8498 1
8499 3
8500 1
8501 2
8502 1
8503 1
8504 2
8505 2
8506 1
8507 2
8509 1
8510 1
8511 2
8512 2
8514 1
8515 2
8516 2
8517 1
8518 1
8519 1
8524 2
8526 1
8527 2
8529 1
8531 1
8532 1
8534 1
8538 2
8539 3
8541 1
8544 1
8545 1
8546 1
8548 1
8550 3
8551 2
8558 2
8560 1
8567 1
8572 1
8574 1
8579 1
8584 2
8591 1
8593 1
8600 1
8602 1
8607 1
8609 1
8611 2
8612 1
8613 1
8614 2
8616 1
8617 2
8618 3
8619 4
8621 2
8622 1
8623 1
8624 1
8626 1
8627 2
8628 4
8629 3
8630 3
8631 2
8633 1
8634 1
8636 3
8637 1
8638 2
8639 1
8640 2
8641 1
8642 2
8643 1
8645 3
8646 2
8647 2
8648 2
8649 1
8653 2
8654 2
8655 1
8657 2
8658 2
8660 1
8661 1
8662 3
8664 2
8666 1
8667 1
8668 1
8669 1
8673 2
8674 2
8676 3
8678 1
8679 1
8685 2
8686 2
8687 1
8688 2
8691 1
8692 2
8693 2
8694 1
8696 1
8697 2
8698 1
8700 2
8701 2
8702 3
8703 2
8704 1
8706 2
8707 3
8708 2
8709 2
8710 2
8711 2
8713 1
8714 1
8715 1
8716 1
8717 1
8718 2
8719 3
8720 2
8721 2
8722 1
8723 2
8725 1
8726 2
8727 1
8728 1
8729 1
8731 2
8732 2
8733 1
8734 1
8735 1
8737 2
8738 1
8740 1
8741 2
8742 2
8743 1
8744 1
8746 1
8747 1
8748 2
8749 2
8751 1
8753 2
8754 1
8756 1
8758 1
8760 1
8761 1
8763 1
8765 1
8766 1
8768 1
8772 2
8773 1
8775 1
8777 1
8780 2
8781 1
8782 2
8788 1
8789 2
8790 1
8792 1
8801 2
8802 1
8805 1
8809 1
8810 1
8812 1
8814 1
8820 1
8821 3
8822 2
8828 1
8829 1
8830 1
8831 2
8833 2
8834 1
8835 1
8836 1
8837 1
8838 1
8839 1
8840 1
8841 2
8843 2
8844 1
8845 2
8846 1
8848 2
8849 1
8850 3
8851 2
8852 2
8853 3
8855 2
8856 1
8857 1
8858 2
8860 2
8861 1
8862 1
8863 2
8864 2
8865 3
8867 2
8868 3
8869 2
8870 4
8871 2
8872 2
8874 1
8875 1
8876 2
8877 2
8878 1
8879 2
8880 2
8881 2
8882 2
8883 3
8884 2
8885 1
8886 1
8887 1
8888 2
8889 2
8890 2
8891 1
8892 2
8893 1
8894 1
8895 1
8896 1
8898 2
8899 1
8900 3
8902 1
8903 2
8904 1
8905 1
8907 2
8908 1
8909 1
8910 2
8911 2
8912 2
8913 1
8914 2
8915 2
8916 1
8917 1
8918 1
8919 2
8921 1
8922 1
8923 2
8924 1
8925 1
8926 1
8927 1
8928 2
8929 1
8930 2
8931 2
8932 1
8933 1
8936 1
8937 1
8938 2
8939 1
8940 2
8941 1
8943 2
8944 2
8945 3
8947 2
8949 2
8950 1
8951 1
8954 1
8955 1
8956 2
8957 2
8958 1
8959 2
8961 1
8962 2
8963 1
8968 3
8969 1
8970 1
8971 1
8974 1
8976 1
8978 1
8979 1
8980 1
8983 3
8984 1
8985 1
8987 1
8990 1
8992 1
8994 1
8995 2
9002 3
9004 1
9011 1
9012 1
9013 1
9014 1
9018 1
9020 1
9023 1
9030 1
9032 1
9039 1
9041 1
9046 1
9047 1
9053 1
9056 2
9057 1
9058 2
9060 1
9061 1
9062 1
9063 2
9065 2
9066 2
9067 2
9071 1
9072 4
9073 3
9074 1
9075 4
9078 1
9079 1
9080 2
9082 2
9084 3
9085 1
9086 3
9087 2
9088 1
9089 1
9090 2
9091 3
9092 3
9093 2
9094 1
9096 2
9097 2
9098 1
9099 1
9101 1
9102 3
9103 1
9105 2
9106 3
9107 1
9109 1
9110 1
9111 1
9112 1
9113 1
9114 2
9115 1
9118 2
9119 2
9120 3
9121 1
9122 2
9125 1
9126 1
9127 1
9128 2
9129 1
9130 3
9131 3
9132 1
9133 1
9135 1
9136 1
9137 3
9140 2
9141 1
9142 1
9145 1
9146 2
9147 2
9148 2
9149 2
9150 1
9151 1
9153 3
9154 1
9155 1
9157 1
9158 1
9159 1
9160 2
9162 2
9163 1
9164 2
9165 4
9166 2
9167 3
9168 1
9169 1
9170 2
9171 2
9172 2
9175 2
9176 2
9177 2
9181 1
9182 2
9183 1
9184 1
9186 2
9187 1
9188 1
9189 1
9191 1
9192 1
9193 2
9194 1
9195 1
9197 1
9198 1
9200 1
9202 1
9204 1
9205 2
9206 1
9207 1
9208 1
9209 1
9210 2
9212 1
9216 1
9217 1
9221 1
9222 1
9224 1
9226 1
9229 1
9232 1
9233 2
9234 1
9239 1
9240 2
9242 1
9244 1
9245 1
9246 1
9248 1
9249 2
9250 1
9251 1
9252 1
9253 1
9254 1
9255 1
9257 1
9259 1
9261 1
9262 1
9263 1
9264 1
9265 1
9266 3
9269 1
9271 1
9272 1
9273 1
9274 2
9275 1
9277 1
9278 2
9279 1
9281 1
9282 1
9283 2
9284 1
9285 2
9287 1
9288 2
9289 2
9290 1
9292 1
9293 1
9294 3
9295 3
9296 2
9297 3
9299 1
9300 1
9301 1
9302 2
9303 1
9304 2
9305 1
9306 2
9307 1
9308 1
9309 3
9311 2
9312 3
9313 1
9314 3
9315 1
9316 1
9317 1
9318 2
9320 1
9321 2
9322 2
9323 3
9324 2
9326 1
9327 1
9328 3
9329 2
9330 3
9331 1
9332 2
9333 2
9334 1
9335 2
9336 1
9337 2
9339 2
9340 2
9341 3
9342 2
9343 2
9344 2
9346 1
9347 2
9348 1
9349 2
9350 1
9351 1
9352 2
9355 2
9356 2
9357 1
9358 3
9359 1
9361 1
9363 1
9367 2
9368 1
9369 1
9370 2
9372 1
9373 2
9374 1
9375 3
9376 1
9377 1
9379 2
9380 1
9381 1
9382 2
9383 1
9384 1
9385 1
9386 1
9387 1
9388 1
9389 1
9391 1
9392 1
9398 1
9399 1
9401 2
9403 1
9405 1
9406 1
9410 1
9412 1
9413 2
9414 1
9415 1
9418 1
9419 1
9420 1
9422 1
9423 1
9424 1
9428 1
9431 1
9432 1
9439 1
9445 1
9446 1
9450 1
9453 1
9454 1
9456 1
9457 1
9458 2
9459 1
9464 1
9465 1
9469 1
9474 2
9476 2
9477 1
9483 1
9484 2
9485 2
9486 2
9488 1
9490 1
9491 2
9493 3
9495 1
9497 1
9498 1
9500 1
9501 1
9502 1
9503 1
9504 1
9505 2
9508 1
9509 1
9510 1
9511 1
9514 2
9516 3
9517 2
9518 1
9519 1
9520 1
9522 1
9523 1
9524 1
9525 1
9526 1
9527 1
9528 2
9529 1
9530 2
9531 3
9532 1
9533 3
9534 2
9535 1
9536 2
9537 1
9538 1
9540 3
9541 1
9542 1
9544 1
9545 1
9546 2
9547 2
9548 2
9549 3
9550 1
9551 2
9552 1
9553 1
9554 1
9556 2
9557 1
9558 2
9559 2
9560 1
9561 1
9562 1
9563 3
9564 2
9565 2
9566 3
9568 1
9569 1
9570 1
9571 3
9572 1
9573 2
9574 2
9575 2
9576 1
9577 1
9578 2
9579 1
9580 2
9581 2
9582 2
9583 2
9584 2
9585 1
9586 1
9587 1
9588 2
9589 2
9591 2
9592 2
9593 2
9594 2
9595 1
9596 1
9597 1
9598 1
9600 1
9601 2
9603 1
9604 2
9605 1
9606 2
9608 1
9609 3
9610 1
9611 2
9612 1
9613 1
9614 1
9615 1
9616 1
9620 2
9621 2
9622 1
9623 1
9626 1
9627 1
9628 2
9629 1
9631 1
9632 1
9633 1
9635 1
9638 1
9640 1
9641 1
9644 1
9649 1
9650 1
9652 1
9653 1
9654 1
9656 1
9660 1
9661 2
9662 1
9666 1
9668 2
9669 1
9672 1
9673 1
9677 1
9679 1
9680 1
9681 1
9683 1
9684 2
9686 1
9688 1
9691 1
9692 1
9693 2
9694 2
9695 2
9696 3
9698 1
9699 1
9700 1
9701 2
9703 1
9704 1
9705 2
9706 2
9707 1
9708 3
9710 1
9711 1
9712 1
9713 2
9714 1
9715 2
9716 1
9717 1
9718 1
9719 1
9720 1
9722 1
9723 2
9724 1
9726 1
9727 1
9728 1
9730 1
9731 1
9732 1
9733 1
9734 1
9735 2
9738 2
9739 2
9740 2
9741 2
9743 1
9744 1
9745 1
9746 1
9747 1
9748 2
9750 2
9751 1
9752 1
9753 1
9754 1
9755 1
9756 2
9757 2
9758 1
9759 2
9760 1
9761 1
9762 1
9763 1
9766 2
9767 2
9768 2
9769 2
9770 2
9771 1
9772 1
9773 2
9774 3
9775 3
9776 2
9778 3
9779 2
9780 1
9781 1
9783 2
9784 3
9785 4
9786 2
9787 2
9788 2
9790 1
9791 3
9793 3
9794 1
9795 1
9796 2
9797 2
9799 2
9800 2
9801 1
9802 2
9803 3
9804 1
9805 1
9807 1
9808 1
9809 1
9810 2
9811 1
9812 1
9813 1
9814 3
9815 1
9816 1
9817 1
9818 1
9819 3
9821 1
9823 2
9824 2
9825 2
9826 1
9830 2
9831 3
9833 2
9835 1
9836 1
9842 2
9843 2
9845 1
9848 1
9849 1
9850 1
9854 1
9857 1
9858 1
9859 1
9863 1
9864 1
9866 1
9871 1
9876 1
9878 1
9883 1
9887 1
9888 1
9889 1
9897 1
9898 2
9899 1
9902 1
9903 2
9904 1
9905 2
9906 1
9907 1
9909 1
9910 1
9911 1
9912 1
9913 1
9914 1
9917 1
9918 2
9919 1
9920 1
9921 2
9922 1
9923 1
9926 1
9927 1
9928 2
9929 1
9930 3
9931 1
9932 1
9933 1
9934 1
9935 1
9937 2
9938 2
9939 1
9940 1
9942 2
9943 1
9945 3
9946 1
9947 3
9949 3
9950 1
9951 1
9952 2
9953 1
9954 1
9956 1
9957 1
9958 2
9959 2
9960 2
9961 2
9962 2
9964 1
9965 1
9966 3
9967 1
9968 1
9969 1
9970 2
9971 2
9972 1
9973 1
9974 1
9975 1
9976 1
9977 3
9978 2
9979 1
9980 1
9982 2
9983 1
9984 1
9985 2
9986 1
9987 1
9988 2
9989 1
9990 1
9991 3
9992 2
9993 2
9994 2
9995 2
9996 3
9997 1
9998 2
9999 1
10000 2
10001 2
10002 1
10003 1
10004 1
10005 3
10006 3
10007 3
10008 2
10009 1
10010 3
10011 1
10012 1
10013 2
10015 2
10016 1
10017 3
10018 2
10020 2
10021 1
10022 3
10023 2
10024 2
10025 2
10026 2
10027 3
10028 1
10029 1
10031 2
10032 2
10033 3
10034 2
10035 2
10036 2
10037 1
10038 2
10039 2
10040 2
10041 2
10044 1
10045 3
10046 2
10047 1
10048 1
10049 1
10050 2
10051 1
10052 2
10053 2
10055 1
10057 2
10058 1
10060 2
10061 1
10062 1
10064 1
10065 1
10066 1
10067 1
10069 1
10071 1
10072 1
10073 1
10074 1
10076 1
10079 2
10080 1
10084 1
10085 1
10086 1
10090 1
10093 1
10097 2
10100 1
10105 1
10106 1
10109 1
10112 1
10113 2
10114 1
10116 1
10119 1
10122 1
10123 1
10124 1
10125 2
10126 1
10130 1
10132 1
10133 1
10134 1
10135 1
10137 2
10138 1
10139 1
10140 2
10141 1
10142 1
10143 1
10144 1
10145 1
10148 1
10149 3
10150 1
10152 3
10153 1
10155 1
10156 2
10157 1
10158 1
10159 2
10160 1
10161 1
10162 1
10163 1
10164 1
10165 1
10166 1
10167 1
10168 3
10169 1
10170 2
10172 2
10174 2
10175 2
10177 2
10178 1
10179 2
10181 1
10182 1
10183 1
10184 1
10187 2
10188 1
10189 2
10192 2
10195 1
10196 3
10198 1
10199 1
10200 1
10201 1
10202 1
10203 1
10204 2
10206 1
10207 1
10208 2
10210 2
10211 1
10212 2
10213 2
10214 2
10215 2
10217 2
10218 2
10219 1
10220 1
10221 1
10222 2
10223 2
10224 1
10227 1
10228 2
10229 2
10230 3
10231 1
10232 2
10235 2
10236 1
10237 1
10239 1
10241 2
10242 2
10243 2
10244 2
10245 1
10246 1
10247 3
10248 2
10249 2
10250 1
10251 1
10252 1
10253 2
10254 2
10255 1
10257 1
10258 1
10259 1
10260 1
10261 1
10262 1
10263 2
10264 1
10266 1
10268 2
10269 2
10270 1
10271 1
10272 1
10274 1
10275 2
10276 1
10277 1
10279 1
10282 1
10283 1
10285 1
10286 1
10287 3
10288 1
10289 1
10290 1
10292 1
10294 1
10298 1
10299 1
10303 1
10306 1
10308 1
10310 1
10316 1
10317 1
10321 1
10322 2
10325 1
10327 1
10330 1
10331 1
10332 2
10339 1
10341 1
10342 1
10343 1
10347 1
10348 2
10349 2
10350 1
10351 2
10356 2
10358 1
10359 1
10360 1
10361 2
10362 2
10363 1
10364 1
10365 2
10366 1
10367 1
10370 2
10371 2
10372 1
10373 1
10374 1
10375 1
10376 1
10377 1
10378 1
10379 1
10380 1
10381 1
10382 2
10383 1
10384 1
10386 1
10387 1
10388 1
10389 2
10390 1
10391 3
10392 1
10393 1
10394 2
10395 1
10396 2
10397 1
10398 1
10399 2
10400 2
10401 1
10402 1
10403 2
10404 2
10405 3
10406 3
10407 1
10409 2
10410 3
10411 2
10412 2
10413 1
10414 2
10415 1
10416 2
10417 2
10418 2
10419 2
10420 2
10421 1
10422 2
10423 2
10424 2
10426 2
10427 1
10428 1
10429 1
10431 2
10432 2
10433 1
10434 2
10435 3
10436 1
10438 2
10439 2
10440 3
10441 1
10443 1
10444 2
10445 2
10446 1
10447 1
10449 2
10450 3
10451 4
10452 4
10453 1
10454 2
10455 1
10456 1
10457 3
10458 1
10459 2
10460 2
10461 2
10462 2
10463 1
10464 1
10465 1
10466 2
10467 1
10468 2
10469 2
10471 2
10472 1
10473 1
10474 1
10475 2
10477 1
10478 2
10479 2
10480 2
10481 1
10483 1
10484 2
10485 1
10487 1
10489 1
10490 2
10491 1
10492 2
10493 1
10494 1
10495 1
10496 2
10497 2
10498 1
10499 1
10500 1
10501 1
10502 1
10504 1
10505 1
10506 1
10508 1
10509 1
10512 1
10513 1
10514 1
10515 1
10518 1
10523 1
10524 2
10525 1
10527 1
10530 1
10531 1
10532 1
10533 1
10534 1
10535 1
10536 1
10537 1
10540 1
10541 1
10542 1
10543 1
10544 1
10551 1
10552 1
10553 1
10554 1
10557 1
10558 1
10561 1
10563 2
10564 1
10566 1
10567 1
10569 1
10570 2
10571 1
10573 1
10574 1
10575 1
10576 1
10577 1
10578 1
10580 1
10581 1
10582 1
10583 1
10585 1
10586 1
10587 1
10591 1
10592 1
10593 2
10594 1
10596 1
10597 1
10599 1
10600 1
10601 1
10603 2
10604 1
10606 1
10607 1
10608 1
10609 1
10610 3
10612 2
10613 2
10614 2
10615 2
10616 1
10618 1
10619 1
10620 1
10621 1
10622 3
10624 1
10625 1
10626 2
10627 1
10631 3
10632 1
10633 3
10634 2
10636 1
10639 2
10640 2
10641 2
10642 1
10643 3
10644 1
10645 1
10646 1
10647 1
10648 3
10650 3
10652 2
10653 1
10654 2
10655 2
10656 1
10657 1
10658 1
10659 1
10660 2
10661 2
10662 3
10664 1
10665 3
10666 1
10667 1
10668 1
10670 1
10671 3
10672 1
10673 3
10674 2
10675 1
10676 1
10677 1
10679 2
10681 1
10682 1
10683 2
10685 1
10686 2
10687 2
10688 2
10689 1
10690 2
10691 1
10692 1
10695 1
10697 2
10698 1
10699 1
10703 1
10704 1
10705 2
10706 1
10707 1
10708 1
10709 1
10710 1
10711 1
10713 1
10714 1
10715 1
10716 1
10717 1
10718 1
10719 1
10721 1
10723 1
10726 1
10727 1
10728 1
10729 1
10730 1
10731 1
10732 1
10734 1
10735 1
10736 1
10737 1
10738 1
10739 1
10743 1
10744 1
10745 2
10746 1
10749 1
10750 1
10751 1
10754 1
10757 1
10758 1
10760 1
10761 1
10763 1
10765 1
10766 1
10769 1
10770 1
10774 1
10775 1
10776 1
10777 1
10778 1
10782 1
10783 1
10785 2
10789 1
10791 1
10792 1
10793 1
10794 1
10795 1
10797 1
10800 1
10803 1
10804 1
10805 2
10806 1
10807 1
10808 1
10809 1
10810 1
10812 1
10814 2
10815 2
10816 2
10817 2
10818 1
10820 1
10822 2
10823 2
10824 1
10825 3
10826 1
10827 1
10829 1
10831 1
10832 1
10833 1
10834 3
10835 2
10836 2
10837 2
10838 2
10840 1
10843 2
10844 2
10845 1
10846 2
10847 1
10848 2
10849 2
10850 3
10851 2
10852 2
10853 2
10854 2
10855 2
10856 3
10857 2
10858 2
10860 2
10861 2
10862 2
10863 3
10864 2
10865 3
10866 1
10867 2
10868 2
10869 1
10870 2
10871 2
10872 1
10873 3
10874 1
10875 2
10876 2
10877 2
10878 2
10879 1
10880 3
10883 2
10884 2
10885 1
10886 1
10887 1
10888 1
10889 2
10890 2
10891 1
10892 3
10893 1
10894 1
10895 3
10896 3
10897 2
10898 1
10900 1
10901 2
10902 1
10905 2
10907 2
10908 2
10909 1
10910 1
10911 1
10912 1
10913 3
10914 1
10915 1
10916 1
10917 1
10918 1
10919 1
10920 1
10923 1
10924 2
10925 2
10926 1
10927 1
10929 1
10930 1
10932 1
10933 1
10935 1
10936 1
10937 1
10940 1
10941 1
10942 1
10945 1
10948 2
10953 1
10954 1
10956 1
10957 1
10958 1
10960 1
10964 1
10965 1
10966 1
10968 1
10969 1
10970 1
10973 1
10975 1
10976 1
10977 1
10979 1
10980 2
10981 1
10982 1
10984 1
10985 1
10986 1
10987 3
10988 2
10989 1
10995 1
10996 2
10997 1
10998 1
10999 1
11000 1
11004 1
11005 1
11007 1
11008 2
11011 1
11014 1
11015 2
11017 1
11019 1
11020 1
11024 1
11025 1
11026 1
11027 2
11029 1
11030 1
11033 1
11035 1
11036 2
11037 1
11038 1
11039 1
11042 1
11043 1
11044 2
11045 1
11047 1
11048 1
11051 1
11052 1
11053 1
11054 2
11055 2
11057 1
11058 1
11059 1
11060 2
11062 1
11064 2
11065 1
11066 1
11068 1
11069 1
11070 2
11071 1
11072 1
11073 1
11074 1
11075 2
11076 3
11077 1
11078 3
11079 1
11082 1
11083 3
11084 1
11085 2
11086 1
11087 3
11088 2
11089 1
11090 1
11091 1
11092 1
11093 1
11094 2
11095 3
11097 2
11098 1
11099 3
11100 3
11102 2
11104 3
11105 2
11106 2
11108 2
11109 3
11110 2
11111 1
11112 1
11113 1
11114 2
11115 3
11116 3
11117 3
11118 3
11119 1
11121 1
11122 2
11123 2
11125 1
11126 1
11127 3
11128 2
11129 2
11130 1
11131 1
11132 1
11133 1
11134 3
11135 2
11137 1
11139 1
11140 1
11142 1
11143 1
11146 1
11148 2
11149 1
11150 1
11151 1
11152 1
11153 2
11156 2
11157 1
11161 1
11162 2
11163 1
11167 1
11168 1
11170 1
11172 1
11173 1
11174 1
11175 1
11178 1
11180 2
11182 1
11183 1
11188 1
11189 2
11190 3
11191 1
11192 1
11193 1
11196 2
11197 1
11199 1
11201 1
11202 2
11203 1
11207 1
11208 1
11209 2
11210 1
11211 1
11214 1
11215 1
11218 1
11219 1
11221 1
11222 1
11225 1
11226 1
11229 1
11230 1
11233 1
11234 1
11235 1
11236 2
11237 1
11238 1
11239 1
11241 1
11242 1
11243 1
11245 1
11247 1
11249 2
11251 2
11252 1
11254 2
11255 1
11256 1
11258 1
11259 1
11260 1
11261 1
11262 1
11264 1
11265 1
11266 2
11267 1
11268 1
11269 1
11270 2
11273 1
11274 1
11275 1
11276 2
11277 1
11278 2
11279 2
11280 2
11281 2
11282 2
11283 1
11285 1
11287 2
11288 1
11289 2
11290 1
11291 3
11292 2
11294 3
11295 2
11296 1
11297 1
11298 2
11299 1
11300 2
11301 1
11302 1
11304 1
11305 1
11306 2
11307 2
11308 2
11309 2
11310 2
11312 1
11313 2
11314 1
11315 2
11316 1
11317 2
11318 1
11319 2
11320 2
11321 2
11322 1
11323 1
11324 2
11325 3
11327 3
11328 1
11329 2
11330 1
11331 2
11332 2
11334 2
11335 1
11336 2
11337 2
11338 2
11339 1
11340 1
11341 1
11344 2
11345 1
11346 1
11349 1
11351 1
11352 1
11353 2
11355 1
11356 1
11357 1
11358 1
11359 1
11361 1
11363 1
11364 1
11365 2
11367 1
11369 2
11370 1
11371 1
11372 1
11375 1
11376 1
11377 1
11378 1
11384 1
11385 1
11398 2
11399 1
11401 1
11404 1
11407 1
11409 1
11410 1
11417 1
11418 1
11424 1
11425 1
11426 1
11429 1
11431 1
11433 1
11438 1
11439 1
11440 1
11441 2
11443 1
11444 1
11447 1
11448 1
11452 1
11453 1
11459 1
11460 1
11464 1
11469 1
11471 1
11473 2
11476 1
11477 1
11478 1
11479 1
11480 1
11481 2
11482 1
11483 1
11486 1
11487 2
11488 2
11489 1
11492 1
11493 1
11494 1
11496 2
11497 1
11498 1
11499 2
11500 1
11501 1
11502 1
11504 1
11505 1
11506 1
11508 2
11511 1
11513 2
11515 1
11516 3
11517 2
11518 2
11519 1
11520 1
11521 2
11522 1
11526 1
11527 3
11528 3
11529 1
11530 1
11531 1
11532 2
11533 2
11534 2
11535 1
11536 1
11537 2
11538 1
11539 3
11540 1
11542 1
11543 2
11544 1
11545 1
11546 1
11548 2
11549 1
11550 1
11551 2
11552 1
11553 1
11554 1
11555 1
11556 2
11557 1
11558 1
11559 2
11560 1
11561 4
11562 1
11565 1
11566 2
11567 2
11568 1
11569 1
11570 1
11571 1
11572 2
11573 2
11574 3
11575 1
11576 1
11577 2
11578 1
11579 2
11580 1
11581 1
11583 1
11586 1
11589 1
11590 1
11591 2
11592 1
11595 1
11596 1
11600 1
11601 2
11602 1
11606 1
11607 2
11608 2
11609 1
11610 1
11612 1
11614 2
11617 2
11620 1
11621 1
11626 1
11629 1
11634 2
11635 1
11636 1
11640 1
11641 2
11643 1
11646 1
11647 1
11648 1
11650 1
11652 1
11653 2
11654 1
11655 1
11657 1
11660 1
11662 1
11663 1
11669 2
11674 1
11678 1
11679 1
11680 2
11681 2
11683 1
11686 2
11687 1
11688 1
11689 1
11690 2
11691 1
11692 1
11693 1
11695 1
11696 1
11697 2
11698 2
11699 2
11700 1
11702 1
11703 1
11704 1
11708 2
11709 3
11710 1
11711 2
11712 1
11716 1
11718 2
11719 1
11720 3
11721 2
11723 2
11724 2
11726 3
11727 2
11728 1
11729 1
11730 2
11731 2
11732 1
11735 2
11736 2
11737 2
11738 3
11739 2
11740 1
11742 2
11743 2
11744 1
11747 1
11748 2
11749 2
11750 2
11751 1
11752 1
11753 1
11755 1
11756 2
11758 1
11760 2
11763 1
11764 2
11765 1
11766 1
11767 1
11769 3
11770 1
11771 1
11772 1
11775 1
11776 1
11777 1
11779 1
11781 2
11782 2
11783 1
11784 1
11788 3
11789 1
11790 1
11791 1
11793 1
11796 2
11800 2
11803 1
11805 1
11809 2
11810 1
11811 1
11812 1
11813 1
11816 2
11817 1
11818 1
11819 1
11821 1
11822 2
11827 1
11828 2
11829 1
11831 1
11836 1
11840 1
11842 1
11843 1
11851 1
11852 1
11859 1
11862 1
11871 1
11882 1
11883 1
11884 1
11885 1
11891 3
11892 1
11893 1
11895 1
11897 1
11899 1
11900 1
11902 1
11903 1
11904 1
11911 1
11912 1
11914 1
11915 1
11917 1
11920 1
11923 1
11924 1
11925 1
11926 1
11927 1
11930 1
11931 3
11932 1
11933 2
11934 1
11935 1
11937 1
11938 1
11939 2
11940 2
11941 1
11942 2
11943 1
11944 1
11945 1
11946 2
11948 2
11949 1
11950 3
11951 1
11952 2
11953 1
11954 1
11955 2
11957 2
11960 3
11961 1
11962 2
11964 1
11965 1
11966 1
11967 1
11969 2
11971 2
11972 3
11973 2
11974 3
11977 2
11978 1
11979 2
11980 1
11982 2
11983 1
11986 1
11988 1
11989 1
11990 2
11991 2
11992 2
11993 1
11994 1
11995 2
12000 1
12001 2
12002 1
12003 1
12004 1
12006 1
12007 1
12009 2
12010 1
12011 1
12012 1
12013 2
12014 1
12017 1
12018 1
12019 2
12020 2
12021 1
12022 1
12023 1
12025 1
12026 1
12028 1
12030 2
12031 1
12032 1
12033 1
12034 1
12035 2
12037 1
12038 1
12040 1
12041 1
12043 1
12045 1
12046 1
12047 1
12049 1
12050 1
12051 1
12052 2
12053 1
12054 1
12061 1
12062 1
12064 2
12065 1
12070 1
12073 1
12074 1
12081 1
12085 1
12092 1
12094 1
12101 1
12102 1
12104 1
12107 1
12113 1
12114 1
12121 1
12122 1
12123 1
12125 1
12130 1
12134 2
12135 1
12137 1
12141 2
12142 3
12143 1
12144 1
12146 1
12147 1
12148 1
12152 1
12153 3
12154 2
12155 2
12156 2
12160 1
12161 1
12162 1
12163 1
12164 1
12165 3
12167 1
12168 2
12170 1
12171 1
12172 1
12174 2
12175 2
12176 1
12177 2
12180 1
12181 3
12182 4
12183 1
12184 2
12186 1
12187 2
12190 1
12191 1
12192 2
12193 3
12194 2
12195 1
12196 1
12199 3
12200 1
12201 1
12202 1
12204 1
12205 1
12208 1
12209 1
12210 1
12211 2
12212 1
12215 1
12217 1
12221 1
12225 1
12227 1
12229 1
12230 1
12233 2
12234 1
12239 1
12240 1
12244 1
12245 1
12249 1
12250 1
12252 1
12255 2
12256 1
12257 2
12260 1
12261 1
12265 1
12266 1
12267 1
12269 1
12271 1
12272 1
12273 2
12274 2
12279 1
12280 1
12284 1
12285 1
12286 1
12291 1
12292 1
12296 1
12302 1
12303 1
12311 1
12313 1
12315 1
12328 1
12335 1
12336 1
12337 1
12339 1
12342 1
12343 1
12344 1
12345 1
12347 2
12351 1
12353 1
12355 1
12356 2
12357 1
12358 1
12359 2
12364 2
12366 1
12368 3
12371 1
12373 1
12374 1
12375 1
12376 1
12377 1
12378 1
12379 1
12382 1
12383 1
12384 2
12385 2
12387 2
12390 2
12391 2
12392 2
12393 1
12394 2
12395 1
12396 2
12397 1
12398 1
12399 2
12400 1
12401 1
12402 2
12403 1
12404 2
12405 1
12406 3
12407 1
12408 1
12409 2
12411 1
12412 1
12413 2
12414 1
12415 1
12416 1
12417 1
12418 2
12419 1
12421 2
12422 1
12425 1
12426 1
12430 1
12431 1
12432 1
12433 1
12434 1
12435 2
12436 1
12437 2
12438 1
12439 1
12440 1
12442 1
12444 1
12446 1
12447 1
12448 1
12449 1
12452 1
12453 1
12454 1
12455 1
12457 1
12461 1
12463 1
12465 2
12470 1
12474 1
12475 1
12476 1
12477 1
12478 1
12481 1
12482 2
12484 2
12487 1
12493 1
12494 2
12495 1
12501 1
12506 1
12508 1
12518 1
12525 1
12546 1
12553 1
12555 1
12558 1
12564 1
12565 1
12566 1
12567 1
12574 1
12576 1
12578 1
12579 1
12583 1
12586 2
12590 1
12593 1
12595 2
12596 1
12598 3
12600 1
12604 1
12605 1
12609 2
12610 2
12612 1
12616 1
12617 1
12619 2
12620 1
12621 1
12625 1
12626 1
12628 2
12629 1
12630 1
12633 1
12636 2
12638 3
12642 1
12643 2
12644 1
12645 1
12647 1
12649 1
12650 1
12651 2
12653 1
12654 1
12655 1
12656 2
12657 1
12658 1
12663 1
12668 1
12673 2
12683 1
12684 1
12685 1
12689 1
12690 1
12691 1
12694 1
12700 1
12703 1
12711 1
12713 1
12716 1
12718 1
12722 1
12729 1
12730 1
12731 1
12735 1
12746 1
12755 1
12756 1
12757 1
12758 1
12763 1
12765 1
12767 1
12770 1
12774 1
12775 1
12777 1
12781 1
12786 2
12788 1
12789 1
12795 1
12796 1
12797 1
12798 1
12800 2
12801 1
12802 1
12803 3
12805 1
12807 1
12808 2
12812 2
12813 1
12814 1
12815 1
12817 2
12818 1
12819 1
12820 2
12825 1
12826 1
12828 1
12829 1
12832 1
12835 2
12836 1
12837 2
12840 1
12841 1
12843 2
12846 2
12847 2
12848 1
12849 1
12850 1
12851 1
12852 1
12853 1
12854 1
12855 1
12856 1
12857 1
12858 1
12859 2
12860 1
12861 1
12863 1
12865 2
12866 2
12868 1
12869 1
12870 1
12873 1
12875 1
12876 1
12877 1
12878 1
12880 1
12881 2
12883 2
12886 1
12887 1
12892 1
12893 3
12894 1
12895 2
12896 1
12899 1
12900 1
12904 1
12905 1
12906 1
12912 1
12913 1
12921 1
12926 1
12938 1
12939 1
12945 1
12968 1
12973 1
12997 1
13007 1
13008 1
13009 1
13011 1
13012 1
13016 2
13018 1
13020 1
13021 1
13022 1
13023 1
13027 1
13028 2
13030 2
13032 1
13037 1
13039 2
13040 1
13041 1
13042 1
13047 1
13048 1
13049 1
13050 1
13051 1
13054 2
13056 1
13057 1
13060 1
13068 1
13069 1
13072 1
13073 1
13081 1
13085 1
13086 1
13087 1
13088 1
13090 1
13094 1
13095 1
13096 2
13097 2
13098 1
13100 2
13101 1
13103 2
13105 1
13107 2
13108 1
13109 1
13112 2
13114 1
13115 1
13117 1
13119 1
13120 1
13122 1
13126 1
13128 1
13129 1
13131 1
13134 1
13147 1
13175 1
13176 1
13183 1
13195 1
13199 1
13200 1
13202 1
13207 1
13211 1
13214 1
13215 1
13218 1
13219 2
13221 1
13222 1
13224 1
13225 1
13230 1
13231 2
13232 1
13233 1
13234 1
13238 1
13240 1
13242 2
13243 1
13244 1
13245 1
13246 1
13247 1
13251 1
13252 1
13254 1
13257 1
13258 2
13259 2
13261 2
13262 1
13264 2
13268 1
13269 1
13270 1
13271 1
13276 1
13277 1
13278 1
13279 1
13280 1
13281 1
13292 1
13294 1
13298 1
13299 1
13303 1
13304 1
13305 1
13310 2
13311 2
13313 2
13317 1
13320 1
13322 2
13323 1
13324 1
13325 1
13330 1
13332 2
13333 1
13334 1
13337 2
13338 2
13339 1
13341 1
13344 1
13348 1
13349 1
13350 1
13351 1
13356 2
13357 1
13368 1
13412 1
13441 1
13450 1
13451 1
13453 1
13459 1
13460 1
13461 1
13465 1
13466 1
13467 1
13468 2
13472 2
13473 1
13476 1
13480 1
13482 1
13483 1
13484 2
13485 1
13486 1
13491 1
13493 1
13494 1
13495 1
13496 1
13499 1
13502 1
13503 1
13508 1
13512 1
13513 1
13514 2
13516 1
13519 1
13521 2
13525 1
13529 1
13530 1
13534 1
13540 2
13541 1
13542 2
13545 1
13547 1
13548 1
13551 1
13553 1
13554 1
13556 1
13558 1
13559 2
13560 1
13561 2
13562 1
13564 2
13570 1
13571 1
13575 1
13576 1
13578 1
13583 1
13594 1
13620 1
13633 1
13639 1
13642 1
13643 1
13644 1
13651 1
13653 1
13659 1
13660 1
13663 2
13668 1
13672 1
13675 2
13676 1
13677 1
13678 1
13682 1
13686 1
13687 1
13688 1
13689 1
13695 1
13696 1
13698 1
13702 1
13703 1
13705 1
13706 1
13710 1
13712 1
13715 1
13721 1
13722 2
13723 1
13724 2
13729 1
13731 1
13733 2
13735 1
13740 1
13741 1
13743 1
13750 1
13752 1
13755 1
13766 1
13767 2
13769 1
13774 1
13777 1
13778 1
13785 1
13786 1
13793 1
13799 1
13808 1
13812 1
13813 1
13847 1
13879 1
13884 1
13885 1
13894 1
13895 1
13902 1
13905 1
13910 1
13912 2
13913 1
13914 1
13916 1
13920 1
13924 1
13925 1
13926 1
13927 2
13928 1
13929 1
13932 1
13934 1
13936 1
13938 1
13940 1
13943 1
13945 1
13946 1
13947 1
13952 1
13953 1
13955 1
13957 1
13958 2
13959 1
13960 2
13963 1
13969 1
13970 1
13972 1
13974 1
13975 1
13977 1
13982 1
13985 1
13989 1
13994 1
13998 1
14003 1
14004 1
14007 1
14015 1
14016 1
14020 1
14022 1
14023 1
14026 1
14035 1
14038 1
14050 1
14077 1
14086 1
14087 1
14088 1
14089 1
14094 1
14095 1
14097 1
14098 1
14104 1
14105 1
14106 1
14107 1
14116 1
14117 1
14120 1
14124 1
14132 1
14139 1
14150 1
14162 1
14164 1
14166 1
14167 1
14168 1
14173 2
14177 2
14178 2
14180 1
14184 1
14185 3
14187 1
14189 1
14196 2
14197 2
14199 1
14204 1
14208 1
14211 1
14230 1
14242 1
14252 1
14253 1
14258 1
14260 1
14272 1
14277 1
14291 1
14292 1
14299 1
14301 1
14308 1
14311 1
14320 1
14323 1
14328 1
14339 1
14345 1
14346 1
14354 1
14356 1
14357 1
14358 1
14369 1
14370 1
14371 1
14372 1
14376 1
14377 1
14380 1
14381 1
14382 1
14387 1
14388 2
14389 1
14390 2
14391 1
14397 1
14399 2
14400 2
14401 1
14402 1
14403 1
14407 1
14409 1
14411 1
14414 1
14415 1
14416 1
14418 1
14419 1
14421 1
14425 1
14433 1
14434 1
14438 1
14460 1
14468 1
14479 1
14480 1
14487 1
14531 1
14538 1
14542 1
14543 1
14549 1
14550 2
14561 1
14562 1
14568 1
14596 1
14598 1
14606 1
14607 1
14617 1
14618 1
14622 1
14623 1
14625 1
14629 1
14633 1
14637 1
14639 1
14641 3
14642 1
14648 1
14652 1
14653 1
14660 1
14671 1
14676 1
14697 1
14710 1
14716 1
14719 1
14736 1
14745 1
14752 1
14753 1
14755 1
14764 1
14765 1
14772 1
14788 1
14789 1
14790 1
14798 1
14799 2
14800 1
14801 1
14806 1
14808 1
14810 1
14814 1
14817 1
14818 1
14820 1
14825 1
14829 1
14832 1
14833 2
14843 1
14844 2
14845 1
14846 1
14851 1
14852 1
14855 1
14862 1
14863 1
14878 1
14879 1
14886 1
14890 1
14898 1
14924 1
14961 1
14987 1
14993 1
15002 1
15004 1
15006 1
15036 1
15040 1
15041 1
15051 1
15052 1
15059 1
15062 1
15071 1
15081 1
15082 1
15084 1
15093 1
15097 1
15100 1
15103 1
15112 1
15115 1
15154 1
15163 1
15164 1
15171 1
15183 1
15197 1
15209 1
15216 1
15232 1
15243 2
15244 2
15245 1
15250 1
15251 1
15254 1
15255 1
15261 1
15262 2
15263 1
15264 1
15273 1
15274 1
15281 1
15289 1
15307 1
15319 1
15323 1
15335 1
15342 1
15354 1
15405 1
15446 1
15447 1
15449 1
15454 1
15458 1
15465 1
15466 1
15468 1
15477 1
15480 1
15496 1
15502 1
15511 1
15515 1
15527 1
15537 1
15545 1
15546 1
15556 1
15557 1
15564 1
15608 1
15615 1
15627 1
15688 1
15700 1
15706 1
15707 1
15718 1
15719 1
15725 1
15753 1
15865 1
15867 1
15876 1
15891 1
15902 1
15910 2
15921 1
15922 1
15929 1
15945 1
15955 1
15956 1
15963 1
15975 1
16001 1
16118 1
16159 1
16309 1
16320 1
16321 1
16328 1
16340 1
16366 1
16400 1
16419 1
16604 1
16623 1
16765 1
16784 1
17022 1
End
