NMec = 97746
T = 14
P = 2
Profits not ignored
Valid tasks:                                                             4409
Solution time = 8.172e-05
Task data
    9  18   890 0
    9  27  1753 -1
   10  13   917 1
   15  28  1833 1
   23  36  1798 0
   30  36   416 -1
   31  41   841 -1
   32  49  4394 1
   37  45  2422 0
   42  51   980 -1
   44  56  1005 -1
   47  65  2477 0
   51  61  2309 1
   59  68   740 -1
Best profit: 17040
All profits:
0 1
416 1
740 1
841 1
890 1
917 1
980 1
1005 1
1156 1
1257 1
1306 1
1333 1
1396 1
1421 1
1581 1
1630 1
1657 1
1720 1
1731 1
1745 1
1753 1
1758 1
1798 1
1807 1
1821 1
1833 1
1846 1
1870 1
1895 1
1897 1
1922 1
1985 1
1997 1
2046 1
2073 1
2136 1
2147 1
2161 1
2169 1
2174 1
2214 1
2223 1
2237 1
2249 1
2262 1
2286 1
2309 1
2311 1
2313 1
2338 1
2401 1
2422 1
2471 1
2477 1
2493 1
2498 1
2538 1
2547 1
2561 1
2573 1
2586 1
2594 1
2610 1
2635 1
2637 1
2639 1
2643 1
2648 1
2662 1
2670 1
2674 1
2688 1
2711 1
2715 1
2723 1
2725 2
2733 1
2736 1
2738 1
2750 1
2758 1
2763 1
2778 1
2787 1
2803 1
2812 1
2813 1
2826 1
2838 2
2875 1
2887 1
2893 1
2902 1
2909 1
2914 1
2954 1
2963 1
2977 1
2989 1
3002 1
3010 1
3026 1
3049 1
3051 1
3053 1
3059 1
3064 1
3078 1
3086 1
3090 1
3104 1
3127 1
3131 1
3139 1
3141 1
3149 1
3150 1
3152 1
3154 1
3162 1
3166 1
3174 1
3179 1
3194 1
3199 1
3203 1
3217 1
3219 1
3226 1
3228 1
3229 1
3242 1
3254 1
3263 1
3289 1
3291 1
3312 1
3314 1
3318 2
3334 1
3339 1
3367 1
3379 1
3383 1
3388 1
3394 1
3402 1
3410 1
3414 1
3427 1
3428 1
3451 1
3455 1
3457 1
3463 1
3465 1
3473 1
3476 1
3478 1
3482 1
3484 1
3490 1
3498 1
3503 1
3511 1
3518 1
3527 1
3529 1
3543 1
3551 1
3552 1
3553 1
3556 1
3564 1
3566 2
3574 1
3578 2
3586 1
3591 1
3599 1
3605 1
3615 2
3619 1
3623 1
3628 1
3631 1
3633 1
3640 1
3642 2
3644 1
3648 1
3650 1
3653 1
3654 1
3668 1
3675 1
3679 2
3693 1
3695 1
3703 1
3705 1
3716 1
3720 1
3728 2
3730 2
3734 1
3738 1
3743 1
3750 1
3755 2
3783 2
3792 1
3799 1
3804 1
3810 1
3818 2
3826 1
3830 1
3843 1
3844 1
3867 1
3871 1
3873 1
3879 1
3889 1
3890 1
3892 1
3894 1
3898 1
3900 1
3906 1
3914 1
3919 1
3927 1
3934 1
3939 1
3943 1
3959 1
3966 1
3967 1
3968 1
3969 1
3980 1
3982 1
3990 1
3994 1
4002 1
4003 1
4007 1
4015 1
4021 1
4029 1
4031 1
4039 1
4040 1
4044 1
4047 1
4052 1
4054 1
4056 1
4058 2
4062 1
4064 1
4066 1
4067 1
4069 1
4070 1
4079 1
4084 1
4091 1
4095 1
4107 2
4109 1
4111 1
4116 1
4119 1
4130 1
4132 1
4134 1
4136 1
4142 2
4144 1
4146 1
4153 1
4154 1
4155 1
4159 1
4167 1
4171 1
4175 1
4179 1
4180 1
4197 1
4199 1
4204 1
4206 1
4208 2
4220 1
4222 1
4224 1
4229 1
4230 1
4231 1
4234 1
4235 1
4243 1
4251 1
4255 1
4268 1
4269 1
4275 1
4284 1
4291 1
4292 1
4296 1
4298 1
4304 1
4306 1
4310 1
4314 1
4317 1
4319 1
4323 1
4326 1
4331 1
4339 1
4344 1
4345 1
4347 1
4355 1
4359 1
4363 1
4368 1
4371 1
4372 1
4374 1
4380 1
4382 1
4384 1
4388 1
4390 1
4392 1
4393 1
4394 2
4399 1
4408 1
4415 1
4419 2
4427 1
4433 1
4435 1
4441 1
4443 1
4445 1
4446 1
4456 2
4460 1
4464 1
4468 3
4470 2
4472 1
4474 1
4478 2
4481 1
4483 2
4489 1
4491 1
4495 2
4503 1
4509 1
4516 1
4521 1
4523 3
4531 1
4532 2
4534 1
4536 1
4544 1
4546 1
4548 1
4550 1
4556 1
4558 3
4561 1
4566 1
4569 2
4571 2
4579 1
4583 1
4585 1
4591 2
4595 1
4596 2
4610 1
4611 1
4613 1
4620 2
4622 1
4624 2
4628 1
4633 1
4636 2
4638 1
4640 1
4645 2
4646 1
4647 1
4651 1
4655 1
4659 2
4667 1
4671 1
4673 1
4684 1
4691 1
4700 2
4707 1
4708 2
4714 1
4720 1
4726 1
4730 1
4731 1
4733 1
4735 2
4739 1
4742 1
4747 1
4755 1
4760 1
4761 1
4763 1
4779 1
4780 1
4784 1
4786 1
4787 1
4788 1
4790 1
4796 1
4802 1
4804 1
4806 1
4807 1
4809 1
4810 2
4815 1
4824 1
4831 1
4835 1
4843 1
4847 1
4849 1
4851 1
4856 1
4857 1
4859 1
4870 1
4872 1
4876 1
4880 1
4882 1
4884 2
4886 1
4893 1
4894 1
4895 1
4897 1
4899 2
4903 1
4905 1
4907 1
4911 1
4915 1
4919 2
4920 1
4932 1
4937 1
4939 1
4944 1
4946 1
4947 1
4948 3
4952 1
4957 1
4960 2
4964 1
4969 1
4970 1
4971 1
4972 1
4974 1
4975 1
4979 1
4982 1
4983 2
4985 1
4987 1
4995 2
4997 1
5001 1
5007 1
5008 1
5012 1
5015 1
5016 1
5020 1
5024 2
5026 1
5027 1
5032 2
5036 1
5038 1
5042 1
5044 1
5045 1
5047 1
5049 1
5050 1
5052 1
5057 1
5059 2
5061 2
5063 1
5065 1
5067 1
5070 1
5071 2
5072 1
5075 1
5084 1
5087 2
5089 1
5092 1
5096 2
5110 1
5112 2
5114 1
5116 2
5120 1
5121 1
5122 1
5124 1
5125 1
5132 1
5133 1
5134 1
5137 1
5139 1
5145 1
5147 3
5151 2
5155 1
5158 1
5160 1
5165 1
5167 1
5172 1
5180 1
5181 1
5185 1
5186 1
5188 1
5192 1
5196 1
5200 2
5202 1
5204 1
5208 1
5209 1
5210 1
5212 1
5213 1
5215 1
5218 1
5221 1
5223 1
5225 1
5227 1
5229 1
5231 1
5234 1
5235 3
5240 1
5243 1
5249 1
5255 1
5256 1
5260 1
5261 1
5263 1
5264 1
5271 1
5272 1
5274 1
5276 1
5280 1
5282 1
5284 2
5286 1
5288 1
5289 1
5290 1
5296 1
5298 1
5301 1
5306 1
5309 3
5311 3
5315 2
5319 2
5325 1
5331 2
5335 1
5336 2
5344 1
5350 1
5351 1
5360 2
5362 2
5364 2
5368 2
5372 1
5373 2
5374 1
5376 2
5385 2
5386 1
5387 1
5389 1
5391 1
5395 2
5397 1
5399 4
5407 1
5411 1
5413 2
5421 1
5424 1
5426 1
5431 1
5432 2
5436 1
5438 1
5440 3
5446 1
5448 4
5451 1
5452 1
5454 1
5458 1
5461 2
5463 1
5466 1
5469 1
5471 1
5473 2
5475 3
5477 1
5479 1
5481 1
5483 2
5486 2
5487 1
5488 1
5496 1
5500 1
5501 1
5503 2
5508 2
5512 2
5514 1
5526 2
5528 3
5530 1
5536 2
5537 1
5538 1
5541 2
5549 2
5550 1
5553 2
5555 1
5561 1
5563 2
5567 1
5571 2
5572 1
5574 1
5576 2
5581 1
5583 1
5588 1
5590 1
5596 1
5597 1
5601 1
5604 1
5608 1
5616 3
5620 1
5621 1
5624 1
5625 2
5626 1
5627 1
5629 1
5631 1
5637 1
5639 1
5641 1
5643 2
5645 1
5647 1
5648 1
5650 1
5651 2
5656 1
5659 1
5671 1
5672 1
5676 2
5677 1
5680 1
5687 1
5688 1
5692 1
5696 1
5697 1
5700 2
5703 1
5704 1
5705 1
5706 1
5711 1
5712 1
5719 1
5722 1
5723 1
5725 1
5727 2
5731 1
5735 1
5736 1
5737 1
5740 1
5741 1
5747 1
5752 1
5756 1
5760 2
5764 1
5766 1
5767 1
5772 1
5776 1
5782 1
5784 1
5785 1
5787 1
5789 2
5790 1
5792 1
5793 1
5799 1
5801 2
5805 1
5807 1
5810 1
5811 2
5812 1
5815 2
5816 1
5820 1
5823 1
5827 1
5829 1
5832 1
5836 2
5837 1
5838 1
5848 1
5850 1
5852 1
5854 1
5856 2
5860 2
5861 1
5862 2
5864 2
5865 2
5873 2
5877 2
5879 1
5883 1
5885 2
5887 3
5889 1
5891 2
5895 2
5898 1
5899 1
5900 2
5902 1
5904 1
5905 1
5906 1
5908 1
5912 2
5914 1
5917 1
5920 1
5924 1
5925 1
5928 2
5932 2
5933 1
5937 1
5940 3
5942 1
5944 1
5949 2
5950 1
5951 1
5952 1
5953 2
5955 1
5957 1
5959 1
5961 1
5962 1
5963 1
5965 2
5967 1
5969 1
5973 1
5974 1
5975 3
5977 1
5978 1
5980 1
5984 1
5986 1
5987 1
5988 3
5992 1
5995 1
5996 1
6000 1
6002 1
6004 2
6006 2
6008 1
6012 1
6013 1
6020 1
6021 1
6022 1
6024 1
6027 1
6028 1
6029 2
6030 1
6032 1
6033 1
6037 2
6039 1
6041 3
6043 1
6045 1
6049 1
6050 1
6051 2
6053 1
6055 2
6059 1
6062 1
6063 1
6064 2
6066 1
6068 1
6070 1
6072 1
6075 1
6076 2
6082 1
6084 1
6090 1
6092 1
6096 1
6097 1
6100 1
6101 1
6102 1
6105 1
6108 2
6112 1
6113 1
6114 1
6115 1
6117 2
6119 1
6121 1
6125 3
6127 2
6129 1
6130 1
6131 1
6135 1
6137 1
6139 2
6142 1
6145 1
6147 2
6150 1
6152 4
6153 1
6156 2
6161 1
6166 1
6170 1
6172 3
6176 1
6177 1
6178 1
6180 2
6186 1
6188 2
6191 1
6192 2
6197 1
6198 1
6201 3
6203 1
6205 2
6207 1
6209 2
6213 1
6215 2
6217 1
6221 1
6223 2
6226 2
6227 2
6228 1
6232 2
6236 2
6240 1
6241 1
6243 1
6248 2
6252 2
6254 1
6262 1
6264 1
6266 2
6268 2
6276 3
6277 1
6278 1
6279 1
6281 2
6287 1
6289 5
6291 1
6293 2
6295 1
6299 1
6301 1
6303 2
6307 1
6311 3
6312 1
6314 2
6316 4
6320 1
6321 1
6322 1
6324 2
6328 1
6330 2
6336 1
6341 1
6342 1
6344 1
6348 2
6349 2
6353 1
6356 4
6361 1
6365 3
6366 1
6367 1
6369 2
6371 1
6373 1
6375 1
6377 2
6378 1
6379 1
6381 1
6383 1
6388 1
6389 1
6390 1
6391 2
6393 1
6394 1
6396 1
6400 1
6402 1
6404 2
6411 1
6412 2
6416 1
6418 2
6420 2
6424 1
6426 1
6428 1
6429 1
6431 1
6436 1
6437 1
6440 1
6443 2
6444 1
6445 2
6446 1
6451 1
6453 2
6455 1
6457 2
6461 1
6462 1
6466 2
6467 2
6469 1
6471 1
6476 1
6478 1
6479 1
6480 2
6484 2
6486 1
6488 2
6489 1
6491 1
6492 2
6498 1
6500 1
6506 2
6513 1
6516 1
6517 2
6521 1
6524 1
6529 2
6530 1
6531 1
6533 4
6538 1
6539 1
6541 2
6543 1
6544 1
6546 1
6547 1
6552 1
6555 1
6556 1
6558 1
6560 1
6561 1
6563 2
6564 1
6566 1
6568 2
6572 1
6577 2
6578 1
6584 1
6586 1
6588 2
6593 2
6594 1
6596 1
6600 1
6601 1
6602 1
6604 1
6605 1
6613 2
6617 2
6619 2
6621 1
6623 2
6625 1
6626 1
6628 1
6629 1
6630 1
6635 1
6639 1
6640 1
6642 1
6643 1
6644 1
6646 1
6648 2
6652 2
6653 1
6654 1
6657 2
6664 1
6668 1
6672 1
6673 1
6677 1
6680 2
6682 1
6684 1
6689 1
6691 1
6692 1
6693 1
6697 2
6699 1
6701 2
6702 1
6703 2
6705 2
6706 1
6707 1
6709 1
6713 1
6717 1
6718 1
6720 1
6724 1
6726 1
6727 1
6728 3
6732 3
6736 2
6740 1
6742 1
6744 1
6745 1
6746 2
6748 1
6750 1
6752 1
6753 1
6755 1
6761 1
6765 1
6767 1
6768 1
6769 2
6772 1
6773 2
6777 3
6779 1
6781 4
6785 1
6790 2
6791 1
6793 1
6794 1
6796 1
6798 1
6800 1
6802 1
6803 1
6804 2
6806 1
6808 1
6810 1
6812 2
6814 1
6815 1
6816 3
6818 1
6821 1
6822 1
6825 1
6828 1
6830 2
6834 1
6836 1
6837 1
6840 2
6841 1
6842 1
6843 1
6845 2
6848 1
6849 1
6853 1
6855 1
6857 3
6859 1
6861 1
6863 1
6865 4
6867 2
6868 1
6869 2
6870 2
6871 2
6875 1
6878 2
6880 1
6882 2
6885 1
6886 1
6887 1
6890 2
6892 4
6894 2
6896 2
6900 2
6903 1
6904 2
6905 2
6910 1
6911 1
6912 1
6913 1
6917 1
6918 1
6919 1
6920 2
6922 1
6923 1
6925 1
6929 1
6931 1
6932 1
6933 1
6937 1
6938 1
6941 2
6943 1
6945 5
6947 1
6949 3
6953 1
6954 2
6955 2
6956 1
6958 2
6960 1
6966 2
6967 1
6968 2
6970 1
6972 2
6976 1
6978 1
6980 3
6983 1
6986 1
6988 2
6991 1
6993 3
6998 1
7000 1
7002 1
7004 1
7007 1
7008 1
7009 1
7011 1
7013 2
7016 1
7017 1
7018 1
7019 1
7021 1
7025 1
7027 1
7029 3
7031 1
7032 1
7033 2
7035 2
7037 1
7038 1
7039 1
7042 3
7043 1
7044 1
7046 2
7048 1
7051 1
7054 1
7056 2
7058 1
7060 1
7062 2
7064 3
7067 1
7068 3
7069 1
7070 1
7073 2
7082 2
7087 1
7088 2
7089 2
7093 1
7096 1
7097 1
7105 2
7107 1
7109 2
7113 3
7115 1
7117 3
7118 1
7119 2
7122 2
7127 1
7129 1
7130 1
7132 1
7133 1
7134 1
7136 1
7140 1
7142 1
7144 3
7148 1
7152 4
7157 1
7158 2
7160 1
7161 1
7164 1
7166 2
7168 1
7169 1
7171 1
7172 1
7177 1
7181 1
7183 2
7184 1
7185 2
7189 1
7193 3
7195 1
7197 3
7201 1
7202 1
7206 4
7207 2
7208 1
7209 1
7210 1
7212 1
7214 1
7216 1
7218 1
7219 1
7220 1
7224 2
7226 1
7228 3
7229 1
7231 1
7232 4
7237 1
7238 1
7241 1
7246 3
7253 1
7256 2
7257 1
7259 1
7261 1
7264 1
7265 1
7267 1
7269 2
7271 1
7273 4
7278 1
7279 1
7281 3
7283 1
7284 1
7286 1
7287 2
7291 1
7292 1
7294 2
7296 1
7298 1
7301 1
7302 1
7303 1
7304 1
7306 2
7308 2
7310 1
7312 1
7316 1
7317 1
7319 1
7320 1
7321 1
7325 1
7326 1
7327 1
7328 1
7329 2
7333 1
7334 1
7335 1
7336 2
7341 2
7345 1
7347 1
7353 1
7354 1
7357 2
7359 1
7361 3
7363 1
7366 1
7368 1
7369 1
7370 3
7374 3
7379 1
7380 1
7382 2
7383 1
7384 1
7386 1
7388 1
7392 1
7393 1
7394 1
7396 1
7397 1
7401 1
7404 1
7405 1
7407 1
7409 2
7414 1
7419 1
7420 1
7423 2
7424 1
7425 1
7429 2
7434 2
7437 2
7441 2
7442 1
7443 1
7445 1
7446 2
7447 1
7448 1
7449 2
7453 1
7454 1
7456 1
7458 1
7459 1
7460 2
7462 1
7464 2
7467 1
7469 1
7472 2
7474 2
7476 1
7478 1
7480 2
7481 1
7483 1
7484 1
7485 1
7489 2
7490 1
7493 1
7494 1
7495 1
7501 1
7503 1
7504 1
7505 1
7509 3
7513 2
7517 1
7518 1
7521 1
7529 1
7530 1
7533 1
7534 2
7536 2
7538 3
7540 1
7542 1
7543 2
7544 2
7547 1
7552 1
7554 1
7556 1
7558 1
7560 1
7561 1
7565 1
7568 2
7569 2
7570 1
7573 1
7574 1
7580 1
7582 1
7583 1
7585 1
7587 1
7589 1
7591 1
7593 2
7597 2
7599 1
7603 1
7605 1
7608 1
7609 2
7610 2
7611 1
7614 1
7615 1
7618 3
7620 2
7622 3
7623 1
7624 1
7626 1
7630 1
7632 1
7634 2
7635 1
7637 1
7640 2
7643 1
7644 2
7645 2
7648 1
7649 1
7651 1
7653 2
7657 1
7658 1
7659 1
7660 1
7662 2
7663 1
7665 1
7669 1
7671 2
7677 1
7678 1
7681 2
7683 2
7685 3
7686 1
7689 2
7693 1
7694 2
7696 1
7698 3
7702 1
7704 1
7706 4
7708 3
7710 1
7711 1
7712 2
7716 1
7718 1
7720 2
7723 1
7726 1
7728 2
7730 1
7731 2
7733 4
7735 1
7737 1
7738 1
7741 2
7745 1
7747 2
7748 1
7751 1
7753 2
7755 1
7757 2
7758 1
7759 1
7760 1
7761 3
7765 1
7766 1
7770 1
7772 1
7773 2
7777 1
7778 1
7782 4
7783 1
7784 2
7786 4
7788 2
7790 1
7792 1
7794 1
7795 2
7796 1
7798 1
7802 1
7804 1
7807 1
7808 3
7809 1
7810 1
7811 1
7813 2
7817 2
7819 1
7821 2
7822 1
7827 1
7828 1
7829 1
7835 2
7837 2
7839 2
7843 1
7845 2
7848 1
7849 2
7850 1
7853 2
7854 1
7857 1
7858 1
7859 1
7860 1
7862 4
7866 1
7867 1
7868 1
7870 3
7872 2
7873 1
7874 2
7876 2
7878 1
7880 1
7883 2
7884 2
7885 1
7888 1
7890 1
7892 2
7895 1
7897 2
7898 1
7899 1
7901 1
7903 1
7905 3
7906 1
7908 1
7909 2
7910 1
7912 1
7915 1
7917 1
7921 1
7923 2
7925 4
7928 1
7929 2
7930 1
7933 1
7934 1
7937 1
7938 1
7945 1
7946 2
7947 1
7948 1
7950 4
7952 2
7954 2
7956 1
7958 2
7959 1
7960 2
7963 2
7968 2
7972 2
7975 1
7977 1
7978 1
7980 1
7981 1
7985 4
7986 1
7989 1
7993 1
7996 1
7999 2
8003 2
8005 2
8007 1
8009 2
8013 1
8017 1
8019 1
8021 1
8022 1
8024 1
8025 1
8026 1
8027 1
8030 2
8031 1
8034 3
8036 2
8038 1
8042 2
8044 1
8046 1
8047 1
8048 2
8049 1
8050 1
8051 1
8053 1
8056 1
8059 1
8060 1
8061 1
8062 1
8065 2
8067 1
8069 4
8073 2
8074 1
8075 1
8076 1
8078 1
8081 1
8085 1
8087 2
8089 1
8093 1
8094 1
8097 2
8098 1
8099 2
8101 2
8102 1
8109 1
8110 2
8114 4
8118 1
8119 1
8122 4
8124 3
8125 1
8126 1
8127 1
8128 1
8132 1
8134 1
8136 1
8141 1
8144 1
8145 1
8146 1
8147 1
8149 4
8153 1
8154 1
8157 1
8159 1
8163 3
8164 1
8169 1
8171 1
8173 1
8174 1
8177 2
8181 1
8182 2
8186 2
8188 1
8189 2
8193 1
8194 1
8198 2
8199 1
8202 1
8204 3
8207 1
8208 1
8209 1
8211 1
8214 1
8215 1
8218 1
8220 1
8221 1
8223 1
8224 1
8226 1
8229 2
8233 2
8234 1
8237 1
8242 1
8243 1
8244 1
8245 1
8249 1
8251 1
8253 2
8258 1
8259 1
8260 1
8264 1
8269 1
8270 2
8273 1
8274 1
8276 1
8278 3
8282 2
8283 2
8284 3
8286 1
8287 2
8295 1
8297 1
8299 1
8300 2
8305 1
8308 1
8309 2
8311 1
8313 1
8314 1
8315 1
8317 1
8321 1
8322 1
8324 1
8325 1
8327 1
8330 1
8331 2
8333 1
8336 1
8337 2
8339 2
8341 1
8342 1
8346 1
8350 3
8354 3
8358 1
8359 1
8360 1
8362 3
8363 1
8364 1
8366 2
8371 1
8372 2
8375 2
8376 1
8377 2
8379 2
8381 1
8383 1
8384 1
8385 1
8388 1
8389 1
8391 2
8393 1
8394 1
8396 1
8397 1
8399 1
8401 1
8402 1
8406 1
8410 2
8411 1
8417 2
8419 1
8421 2
8423 1
8424 1
8426 3
8428 1
8433 1
8434 2
8438 1
8442 1
8444 1
8446 3
8448 1
8450 2
8451 2
8452 2
8455 1
8456 2
8458 1
8459 1
8460 1
8461 2
8463 1
8465 1
8470 1
8471 1
8473 2
8475 1
8477 1
8481 2
8485 3
8486 1
8487 1
8490 1
8495 1
8497 1
8498 1
8499 1
8500 1
8501 3
8504 1
8506 1
8510 2
8513 1
8514 1
8518 1
8522 2
8524 2
8526 2
8527 1
8528 1
8530 2
8532 1
8534 1
8535 2
8536 1
8538 1
8539 1
8540 1
8541 1
8543 1
8547 1
8549 2
8550 1
8551 1
8552 1
8553 1
8557 2
8559 1
8561 2
8565 1
8567 1
8569 2
8571 1
8573 1
8574 1
8575 2
8577 1
8578 1
8579 2
8583 1
8588 2
8589 1
8592 1
8594 2
8596 1
8598 3
8600 2
8602 4
8606 1
8608 1
8610 2
8613 1
8614 3
8618 1
8619 1
8620 1
8623 4
8624 2
8625 2
8627 1
8629 2
8631 1
8633 1
8635 1
8637 1
8638 1
8639 1
8643 1
8645 3
8648 1
8649 3
8650 1
8651 1
8654 1
8655 1
8658 2
8663 2
8665 2
8668 1
8669 2
8670 1
8674 1
8676 1
8678 3
8684 1
8685 1
8686 1
8688 1
8690 3
8694 1
8698 3
8699 1
8700 2
8701 1
8703 3
8704 1
8708 1
8709 1
8711 2
8713 1
8715 1
8718 1
8720 1
8721 1
8725 4
8727 1
8729 1
8733 2
8736 1
8738 1
8739 2
8743 2
8745 1
8746 2
8749 1
8752 2
8753 1
8756 1
8757 1
8762 1
8764 2
8765 1
8766 3
8770 3
8771 1
8774 1
8775 1
8776 1
8778 2
8782 1
8784 1
8787 2
8788 3
8789 1
8791 3
8793 2
8795 1
8797 1
8799 1
8800 1
8801 2
8802 1
8805 1
8807 1
8809 2
8813 2
8815 1
8816 1
8818 1
8819 1
8821 1
8822 1
8826 3
8827 1
8829 1
8833 2
8835 1
8837 1
8839 1
8840 2
8842 3
8844 1
8846 1
8850 1
8854 1
8858 2
8862 3
8864 2
8865 1
8866 1
8867 2
8868 1
8871 1
8872 2
8875 2
8877 1
8879 1
8883 1
8885 1
8886 1
8889 3
8893 1
8895 1
8897 2
8901 1
8902 1
8903 1
8906 1
8910 1
8911 1
8913 1
8914 1
8915 1
8917 1
8920 2
8922 1
8925 1
8926 2
8938 3
8939 1
8942 1
8943 1
8944 1
8946 1
8948 1
8950 1
8951 1
8952 1
8955 2
8960 1
8961 1
8963 2
8965 2
8966 2
8968 1
8969 1
8973 1
8977 1
8979 1
8982 1
8983 1
8985 3
8989 1
8990 2
8991 1
8993 1
8994 1
8999 1
9000 1
9004 2
9005 1
9006 1
9008 1
9010 2
9014 2
9015 1
9016 2
9018 2
9022 1
9024 1
9026 1
9027 1
9030 1
9035 2
9039 3
9040 2
9041 2
9043 1
9045 2
9049 1
9051 1
9054 1
9057 1
9061 1
9062 1
9064 1
9065 2
9070 2
9071 1
9074 1
9076 1
9079 2
9081 1
9086 1
9090 1
9094 3
9099 1
9102 1
9104 1
9106 2
9111 1
9115 1
9116 1
9119 2
9120 1
9121 1
9123 2
9124 1
9125 2
9131 1
9134 1
9136 1
9139 1
9141 1
9143 1
9146 1
9150 2
9158 1
9159 1
9161 1
9162 1
9164 1
9166 1
9168 2
9172 1
9173 1
9174 2
9177 1
9178 1
9180 1
9186 1
9187 1
9190 2
9191 1
9195 2
9196 1
9198 1
9199 2
9200 1
9201 2
9203 2
9212 1
9213 2
9217 1
9220 1
9222 1
9225 2
9226 1
9227 1
9230 1
9232 1
9234 1
9238 1
9240 1
9241 1
9242 1
9244 1
9247 1
9250 1
9252 1
9253 1
9254 1
9256 1
9258 2
9262 2
9264 1
9265 1
9267 3
9270 1
9275 1
9276 1
9278 1
9279 2
9280 1
9281 1
9283 1
9287 2
9289 3
9291 1
9292 2
9293 2
9297 2
9300 1
9302 1
9305 1
9307 2
9309 1
9311 2
9313 2
9314 1
9316 1
9318 1
9322 1
9326 1
9327 1
9328 1
9332 1
9334 2
9336 2
9338 2
9340 2
9341 1
9342 3
9345 1
9346 1
9351 2
9354 1
9355 1
9359 1
9363 3
9364 1
9365 1
9367 3
9369 2
9371 2
9373 2
9376 2
9377 2
9380 1
9382 1
9388 1
9389 1
9390 1
9391 2
9394 1
9398 2
9401 1
9402 1
9408 1
9409 1
9414 1
9415 1
9416 1
9418 3
9420 1
9422 1
9424 1
9426 1
9430 2
9431 1
9433 1
9435 1
9436 1
9438 1
9439 1
9441 2
9443 2
9444 1
9447 1
9449 1
9451 2
9453 1
9455 2
9457 1
9459 1
9460 1
9461 2
9465 2
9466 1
9467 1
9468 1
9470 1
9473 1
9476 1
9478 1
9479 1
9481 1
9484 1
9486 3
9490 2
9492 2
9495 1
9496 1
9504 3
9506 2
9509 1
9510 2
9511 1
9514 1
9515 2
9516 1
9518 1
9519 2
9527 1
9529 1
9531 3
9535 2
9537 1
9539 2
9540 1
9541 5
9544 1
9545 1
9555 1
9556 1
9559 2
9561 1
9562 1
9566 4
9568 1
9574 1
9575 1
9580 2
9582 1
9584 1
9586 2
9588 1
9590 1
9593 1
9594 1
9596 1
9598 1
9602 1
9605 1
9606 1
9607 1
9611 2
9612 1
9615 3
9617 1
9619 1
9621 1
9623 1
9625 1
9628 1
9629 2
9635 1
9636 1
9637 1
9638 1
9641 1
9642 1
9643 1
9646 1
9650 2
9654 1
9655 1
9660 2
9663 1
9665 1
9666 1
9668 1
9670 1
9678 3
9681 1
9682 1
9683 2
9686 1
9690 1
9691 1
9692 1
9695 2
9700 1
9703 3
9705 3
9706 1
9708 1
9709 2
9713 1
9716 1
9718 1
9719 1
9723 2
9725 2
9729 1
9730 2
9732 1
9734 1
9736 1
9738 2
9742 1
9743 1
9744 1
9745 1
9748 1
9750 2
9754 2
9756 2
9757 1
9758 2
9761 1
9762 1
9767 1
9770 1
9775 1
9779 3
9780 1
9781 1
9783 3
9785 1
9789 2
9792 1
9796 1
9801 1
9802 1
9804 1
9805 1
9806 1
9810 1
9814 1
9815 1
9818 1
9826 1
9831 1
9832 1
9834 1
9836 1
9840 1
9842 2
9846 1
9847 1
9851 1
9852 1
9855 1
9856 1
9859 1
9860 1
9863 2
9865 1
9867 1
9869 1
9871 1
9875 1
9877 2
9878 1
9880 1
9881 1
9882 1
9883 1
9884 1
9886 1
9895 1
9896 1
9898 1
9900 1
9902 3
9906 2
9908 1
9911 1
9912 1
9917 1
9920 1
9922 1
9923 1
9925 1
9926 1
9927 1
9930 1
9931 2
9932 1
9935 2
9939 1
9943 1
9947 1
9951 1
9952 1
9955 1
9957 3
9958 1
9960 2
9962 1
9974 1
9980 1
9982 2
9987 1
9992 1
9996 1
10002 1
10005 1
10007 1
10010 1
10013 1
10015 2
10019 1
10021 2
10027 1
10031 1
10032 1
10033 1
10037 3
10040 2
10042 2
10051 1
10053 1
10056 1
10062 1
10066 1
10067 1
10068 1
10070 1
10075 1
10076 1
10080 1
10081 1
10082 1
10085 1
10086 1
10091 2
10093 1
10095 1
10097 1
10103 2
10107 2
10111 1
10113 1
10116 2
10117 1
10120 2
10128 2
10130 2
10131 1
10138 1
10141 1
10142 1
10148 2
10152 1
10154 1
10155 1
10157 1
10158 1
10160 1
10163 1
10166 1
10169 1
10170 2
10173 1
10175 2
10176 1
10177 1
10179 2
10181 2
10182 1
10183 3
10187 2
10192 1
10193 1
10195 2
10199 1
10200 1
10201 1
10204 1
10205 2
10206 1
10208 3
10210 2
10214 2
10217 1
10218 1
10221 1
10224 2
10226 1
10230 2
10232 1
10235 1
10239 1
10243 1
10244 1
10246 1
10249 1
10250 1
10254 2
10255 1
10256 1
10257 1
10259 3
10261 1
10267 2
10271 2
10272 1
10275 1
10277 1
10279 1
10281 3
10284 2
10285 1
10288 1
10289 1
10293 1
10294 2
10296 1
10298 1
10299 1
10302 1
10306 2
10308 2
10312 1
10314 1
10318 1
10320 1
10325 1
10326 2
10328 1
10331 2
10333 1
10334 2
10337 1
10339 1
10343 1
10345 1
10347 2
10350 1
10351 3
10353 1
10355 2
10356 1
10357 1
10360 1
10361 1
10367 1
10368 1
10371 1
10372 1
10374 1
10376 2
10378 2
10382 3
10385 1
10390 1
10396 1
10398 1
10400 1
10402 1
10403 1
10406 1
10407 1
10408 1
10418 1
10421 2
10422 1
10423 1
10425 1
10427 1
10431 3
10433 1
10435 2
10443 1
10446 1
10447 1
10449 1
10452 1
10453 1
10456 2
10457 1
10458 3
10462 1
10472 1
10476 2
10478 2
10482 1
10483 1
10486 1
10491 1
10496 1
10497 1
10498 1
10501 1
10502 2
10507 1
10511 1
10513 1
10519 1
10523 2
10529 1
10532 1
10536 1
10541 1
10544 1
10546 2
10554 1
10555 1
10558 1
10566 1
10568 1
10571 1
10572 1
10576 1
10579 1
10580 1
10582 2
10585 1
10586 1
10592 1
10593 1
10595 2
10599 2
10603 1
10607 1
10608 1
10609 1
10611 1
10615 1
10617 2
10620 2
10621 1
10624 1
10626 2
10630 1
10633 1
10635 1
10640 2
10642 2
10646 2
10648 1
10651 1
10655 1
10659 1
10660 1
10662 1
10665 1
10666 1
10670 1
10671 1
10672 1
10673 1
10675 2
10687 1
10691 1
10692 1
10695 1
10697 2
10700 2
10705 1
10718 1
10719 1
10722 2
10736 1
10737 1
10742 1
10743 1
10747 1
10750 1
10753 2
10755 1
10759 2
10761 1
10763 1
10764 1
10767 1
10769 1
10772 1
10776 1
10777 1
10780 1
10782 1
10788 1
10794 2
10798 1
10799 1
10801 1
10812 1
10813 1
10815 1
10816 1
10818 1
10822 1
10823 1
10833 1
10837 1
10839 1
10841 1
10843 2
10847 1
10848 1
10849 1
10860 1
10868 2
10872 1
10873 1
10874 1
10878 2
10892 1
10897 1
10903 1
10909 1
10911 1
10917 1
10919 1
10921 1
10922 1
10923 3
10927 2
10932 2
10933 1
10938 1
10944 1
10948 2
10950 1
10954 2
10957 1
10958 1
10972 1
10978 1
10979 1
10983 1
10987 1
10993 1
10994 1
10997 1
10999 1
11001 1
11007 1
11010 1
11011 1
11013 1
11017 1
11018 1
11020 1
11024 1
11028 1
11029 1
11033 1
11034 1
11036 1
11042 1
11045 1
11046 2
11048 1
11055 1
11058 1
11060 1
11065 2
11066 1
11071 2
11073 1
11074 1
11077 1
11080 1
11083 1
11085 1
11087 1
11090 1
11091 3
11093 1
11095 1
11096 1
11097 1
11098 1
11100 3
11107 1
11108 1
11111 1
11112 1
11116 1
11118 1
11122 3
11125 2
11126 1
11130 1
11135 1
11136 1
11138 1
11140 1
11142 1
11144 1
11146 1
11147 1
11149 1
11161 2
11162 1
11163 1
11165 1
11167 2
11171 3
11173 1
11174 1
11175 2
11178 1
11184 1
11186 1
11187 1
11188 2
11192 2
11194 1
11196 1
11197 1
11198 2
11202 1
11206 1
11210 1
11213 1
11215 1
11216 1
11219 1
11223 1
11224 1
11229 1
11231 1
11234 1
11241 1
11242 1
11247 1
11248 1
11251 2
11255 1
11257 1
11259 1
11264 1
11266 1
11268 1
11269 1
11272 1
11274 1
11284 1
11288 1
11293 1
11294 3
11298 1
11299 1
11308 1
11312 1
11313 1
11314 1
11317 1
11319 2
11323 1
11325 1
11333 1
11335 1
11337 1
11339 3
11342 1
11348 3
11349 1
11352 1
11360 1
11364 1
11366 1
11370 1
11373 1
11374 2
11388 1
11392 1
11395 1
11399 1
11403 1
11413 1
11415 1
11419 1
11429 1
11440 1
11445 1
11458 1
11462 2
11471 1
11476 1
11482 1
11483 1
11487 1
11493 1
11496 1
11499 1
11501 1
11503 1
11507 1
11509 1
11516 2
11528 1
11534 1
11538 1
11541 1
11542 1
11552 1
11556 1
11558 1
11562 1
11563 1
11565 1
11577 1
11581 1
11583 1
11587 1
11589 1
11590 1
11600 1
11602 1
11608 1
11612 1
11613 1
11614 1
11618 1
11622 1
11635 1
11639 1
11649 1
11654 1
11663 1
11664 1
11667 1
11672 1
11676 1
11680 1
11685 1
11689 1
11698 1
11710 1
11711 1
11729 1
11733 2
11735 1
11739 1
11750 1
11756 1
11758 2
11760 1
11764 1
11768 1
11774 1
11785 1
11786 1
11790 1
11795 2
11813 2
11820 1
11823 1
11828 1
11831 1
11838 1
11840 3
11848 1
11850 1
11854 1
11865 1
11866 1
11868 1
11870 1
11875 1
11884 1
11889 1
11895 1
11901 1
11903 1
11907 1
11911 1
11914 1
11918 1
11924 1
11926 1
11928 1
11930 1
11932 1
11934 1
11936 1
11946 1
11953 1
11959 1
11963 2
11964 1
11974 1
11981 2
11987 1
11988 1
11990 1
11991 1
11997 1
11999 1
12006 1
12008 2
12009 1
12012 1
12014 1
12015 1
12016 1
12018 1
12024 1
12028 1
12033 1
12034 2
12038 1
12039 1
12043 1
12047 1
12051 1
12052 1
12053 1
12054 1
12057 1
12059 1
12063 1
12065 1
12077 1
12079 2
12082 1
12088 2
12092 2
12104 1
12105 1
12110 1
12114 2
12124 1
12127 1
12132 1
12135 1
12141 1
12145 1
12149 1
12151 1
12158 1
12159 1
12164 1
12172 1
12176 1
12183 1
12184 1
12186 1
12189 1
12202 1
12204 1
12211 3
12215 1
12229 1
12231 1
12236 1
12239 1
12254 1
12256 2
12264 1
12266 1
12282 1
12291 1
12305 1
12309 1
12319 1
12330 1
12346 1
12352 1
12362 1
12379 2
12404 1
12425 1
12432 1
12450 1
12459 1
12473 1
12475 1
12479 1
12490 1
12492 1
12498 1
12504 1
12508 1
12517 1
12519 1
12530 1
12535 1
12552 1
12553 1
12570 1
12580 1
12588 1
12597 1
12602 1
12615 1
12627 1
12646 1
12664 1
12676 2
12691 1
12703 1
12711 1
12721 1
12730 2
12731 1
12744 1
12748 1
12755 1
12756 2
12765 1
12766 1
12771 1
12783 1
12785 1
12787 1
12811 1
12820 1
12844 1
12850 1
12864 1
12875 1
12879 1
12881 1
12889 1
12891 1
12898 2
12904 1
12908 1
12916 1
12923 1
12924 2
12926 1
12929 1
12933 1
12935 1
12944 1
12951 2
12955 1
12968 1
12969 1
12971 1
12994 1
12996 1
13004 1
13027 1
13031 1
13049 1
13052 1
13062 1
13092 1
13119 1
13121 1
13127 1
13146 1
13172 1
13181 1
13182 1
13199 1
13236 1
13295 1
13342 1
13349 1
13355 1
13367 1
13400 1
13409 1
13416 1
13435 1
13451 1
13470 1
13487 1
13496 1
13505 1
13566 1
13584 1
13593 1
13607 1
13619 1
13621 1
13628 1
13638 1
13646 1
13648 1
13661 1
13664 1
13673 2
13683 1
13701 1
13728 1
13734 1
13761 1
13767 1
13771 1
13792 1
13796 1
13814 1
13825 1
13841 1
13851 1
13861 1
13867 1
13886 1
13921 1
14035 1
14044 1
14089 1
14099 1
14212 1
14245 1
14272 1
14290 1
14306 1
14317 1
14325 1
14333 1
14352 1
14368 1
14386 1
14413 1
14474 1
14501 1
14524 1
14536 1
14554 1
14563 1
14581 1
14618 1
14661 1
14688 1
14731 1
14741 1
14768 1
14784 1
14952 1
15153 1
15188 1
15207 1
15233 1
15242 1
15303 1
15471 1
15604 1
15658 1
16043 1
16070 1
16105 1
16123 1
16150 1
16521 1
17040 1
End
