NMec = 97746
T = 14
P = 1
Profits not ignored
Valid tasks:                                                              442
Solution time = 2.323e-05
Task data
    2   5   917 0
    4  13  2442 -1
    7 136 11989 -1
    8  98 11684 0
    9 106  7483 -1
   25  31   913 -1
   39  51  1274 -1
   44  47  1077 -1
   45  65  2750 -1
   48  54   542 -1
   80  87   475 -1
   90 104  1335 -1
   93  98   444 -1
  112 125  2938 0
Best profit: 15539
All profits:
0 1
444 1
475 1
542 1
913 1
917 1
919 1
986 1
1017 1
1077 1
1274 1
1335 1
1357 1
1361 1
1388 1
1392 1
1455 1
1459 1
1461 1
1521 1
1552 1
1619 1
1718 1
1749 1
1810 1
1830 1
1832 1
1836 1
1877 1
1899 1
1903 1
1930 1
1934 1
1990 1
1994 1
1996 1
2063 1
2094 1
2187 1
2191 1
2193 1
2248 1
2252 1
2274 1
2305 1
2352 1
2372 1
2374 1
2378 1
2412 1
2434 1
2438 1
2442 1
2465 1
2469 1
2532 1
2536 1
2538 1
2609 1
2631 1
2635 1
2662 1
2666 1
2723 1
2727 1
2749 1
2750 1
2790 1
2794 1
2816 1
2847 1
2886 1
2887 1
2907 1
2909 1
2913 1
2917 1
2938 1
2954 1
2976 1
2980 1
2984 1
3007 1
3011 1
3084 1
3104 1
3106 1
3110 1
3165 1
3194 1
3225 1
3265 1
3269 1
3291 1
3325 1
3329 1
3351 1
3355 1
3361 1
3382 2
3413 1
3428 1
3429 1
3449 1
3451 1
3455 1
3459 1
3480 1
3519 1
3522 1
3526 1
3548 1
3579 1
3640 1
3663 1
3667 1
3669 1
3707 1
3716 1
3777 1
3799 1
3800 1
3804 1
3826 1
3830 1
3851 1
3855 1
3857 1
3867 1
3871 1
3893 1
3897 1
3903 1
3924 2
3955 1
3963 1
3994 1
3997 1
4001 1
4015 1
4023 1
4061 1
4085 1
4107 1
4111 1
4138 1
4142 1
4160 1
4182 1
4191 1
4212 1
4242 1
4252 1
4273 1
4274 1
4295 1
4299 1
4319 1
4326 1
4330 1
4341 1
4342 1
4346 1
4368 1
4372 1
4393 1
4397 1
4399 1
4432 1
4438 1
4439 1
4459 1
4490 1
4505 1
4536 1
4557 1
4560 1
4580 1
4582 1
4586 1
4629 1
4635 1
4656 1
4687 1
4690 1
4717 1
4748 1
4768 1
4770 1
4774 1
4784 1
4794 1
4815 1
4816 1
4837 1
4841 1
4854 1
4868 1
4872 1
4876 1
4907 1
4914 1
4928 1
4932 1
4934 1
4974 1
4980 1
4998 1
5001 1
5002 1
5024 1
5032 1
5051 1
5055 1
5073 1
5104 1
5125 1
5129 1
5131 1
5165 1
5186 1
5190 1
5192 1
5212 1
5232 1
5243 1
5259 1
5290 1
5310 1
5312 1
5316 1
5329 1
5350 1
5351 1
5372 1
5376 1
5380 1
5396 1
5403 1
5407 1
5418 1
5449 1
5470 1
5473 1
5474 1
5476 1
5477 1
5499 1
5526 1
5547 1
5548 1
5569 1
5573 1
5600 1
5604 1
5636 1
5661 1
5665 1
5667 1
5687 1
5688 1
5707 1
5728 1
5732 1
5754 1
5767 1
5785 1
5824 1
5825 1
5845 1
5847 1
5851 1
5855 1
5871 1
5892 1
5893 1
5914 1
5915 1
5918 1
5922 1
5945 1
5949 1
5964 1
6022 1
6042 1
6044 1
6048 1
6103 1
6105 1
6111 1
6132 1
6163 1
6203 1
6207 1
6229 1
6242 1
6263 1
6267 1
6289 1
6293 1
6299 1
6309 1
6320 1
6366 1
6367 1
6387 1
6389 1
6390 1
6393 1
6397 1
6439 1
6457 1
6460 1
6464 1
6486 1
6517 1
6527 1
6549 1
6578 1
6580 1
6601 1
6605 1
6607 1
6645 1
6654 1
6715 1
6737 1
6738 1
6742 1
6764 1
6768 1
6784 1
6805 1
6809 1
6831 1
6835 1
6841 1
6862 1
6901 1
6932 1
6935 1
6939 1
6961 1
6999 1
7002 1
7023 1
7024 1
7045 1
7049 1
7076 1
7080 1
7098 1
7120 1
7129 1
7180 1
7190 1
7212 1
7257 1
7279 1
7280 1
7284 1
7306 1
7310 1
7370 1
7376 1
7377 1
7440 1
7443 1
7474 1
7483 1
7498 1
7518 1
7520 1
7524 1
7567 1
7573 1
7628 1
7655 1
7722 1
7732 1
7754 1
7792 1
7814 1
7845 1
7852 1
7912 1
7915 1
7918 1
7936 1
7940 1
7962 1
7989 1
7993 1
8011 1
8042 1
8103 1
8130 1
8170 1
8197 1
8267 1
8289 1
8334 1
8356 1
8387 1
8400 1
8411 1
8415 1
8437 1
8464 1
8486 1
8574 1
8605 1
8645 1
8705 1
8809 1
8831 1
8853 1
8902 1
9043 1
9049 1
9180 1
9247 1
9328 1
9377 1
9465 1
9487 1
9518 1
9722 1
9940 1
9962 1
10378 1
10421 1
10853 1
11338 1
11684 1
11989 1
12601 1
12906 1
14622 1
15539 1
End
