NMec = 97746
T = 14
P = 6
Profits not ignored
Valid tasks:                                                            11636
Solution time = 2.509e-04
Task data
    0   3  1077 0
    0  12  1157 1
    1  26  1986 2
    5  28  2351 0
    7  20  1082 -1
    8  13   444 3
    9  26  4394 4
   11  24  1292 -1
   11  24   831 -1
   11  29  4354 5
   15  18   840 -1
   15  27  1703 1
   17  26  1285 -1
   18  27  1304 3
Best profit: 18770
All profits:
0 1
444 1
831 1
840 1
1077 1
1082 1
1157 1
1275 1
1284 1
1285 1
1292 1
1304 1
1521 1
1526 1
1601 1
1671 1
1703 1
1729 1
1736 1
1748 1
1908 1
1913 1
1917 1
1922 1
1986 1
1988 1
1997 1
2115 1
2116 1
2123 1
2125 1
2132 1
2135 1
2144 1
2147 1
2159 1
2234 1
2239 1
2351 1
2352 1
2357 1
2361 1
2362 1
2366 1
2367 1
2369 1
2374 1
2381 1
2386 1
2430 1
2432 1
2441 1
2442 1
2449 1
2461 1
2534 1
2543 1
2560 1
2567 1
2569 1
2576 1
2577 1
2579 1
2588 1
2589 1
2596 1
2603 1
2678 1
2683 1
2748 1
2753 1
2780 1
2785 1
2795 1
2806 1
2811 1
2813 1
2817 1
2818 1
2825 1
2826 1
2828 1
2830 1
2860 1
2886 1
2893 1
2905 1
2956 1
2963 1
2975 1
2978 1
2987 1
2988 1
2990 1
2995 1
2999 1
3007 1
3021 1
3033 1
3040 1
3063 1
3065 1
3068 1
3070 1
3074 1
3079 1
3143 1
3182 1
3191 1
3192 1
3193 1
3197 1
3198 1
3200 1
3202 1
3205 1
3207 1
3209 1
3212 1
3214 1
3217 1
3221 1
3224 1
3226 1
3229 1
3261 1
3270 1
3271 1
3272 1
3273 1
3278 1
3280 1
3282 1
3289 1
3290 1
3292 1
3301 1
3304 1
3316 1
3374 1
3400 1
3407 1
3408 1
3417 1
3419 1
3420 1
3427 1
3428 1
3429 1
3432 1
3433 1
3434 1
3436 1
3439 1
3443 1
3444 1
3451 2
3463 1
3507 1
3508 1
3509 1
3512 1
3514 1
3518 1
3519 1
3523 1
3524 1
3526 1
3531 1
3538 1
3543 1
3587 1
3611 1
3616 1
3620 1
3625 1
3626 1
3635 1
3636 1
3637 1
3642 1
3643 1
3644 1
3646 1
3649 1
3651 1
3653 1
3654 1
3655 1
3656 1
3657 1
3658 1
3659 1
3661 1
3665 1
3666 1
3670 1
3671 1
3673 1
3678 1
3689 1
3691 1
3700 1
3715 1
3717 1
3722 1
3724 1
3726 1
3733 1
3734 2
3736 1
3745 1
3746 1
3753 1
3760 1
3818 1
3819 1
3826 1
3828 1
3830 1
3835 1
3838 1
3847 1
3852 1
3861 1
3862 1
3864 1
3871 1
3872 1
3873 1
3877 1
3880 1
3881 1
3888 1
3894 1
3895 1
3899 1
3903 1
3905 1
3907 1
3908 1
3910 1
3937 1
3942 1
3952 1
3963 1
3968 1
3970 1
3974 1
3975 1
3982 1
3983 1
3987 1
4022 1
4033 1
4038 1
4040 1
4045 1
4052 1
4054 1
4055 1
4057 1
4060 1
4064 1
4065 1
4069 1
4070 1
4072 1
4077 1
4080 1
4084 1
4087 1
4089 1
4098 1
4099 1
4101 1
4102 1
4103 1
4109 1
4110 1
4111 1
4113 1
4115 1
4117 1
4118 1
4120 1
4121 1
4122 1
4130 1
4132 1
4133 1
4135 1
4144 1
4145 2
4147 1
4152 1
4156 1
4164 1
4178 1
4190 1
4197 1
4220 1
4225 1
4248 1
4259 1
4260 1
4263 1
4264 1
4267 1
4268 1
4270 1
4272 1
4273 1
4274 1
4275 1
4279 1
4280 1
4282 2
4284 1
4291 2
4292 1
4294 1
4299 1
4303 1
4306 1
4325 1
4337 1
4338 1
4339 1
4343 1
4347 1
4348 2
4349 1
4350 1
4352 1
4353 1
4354 2
4355 2
4357 1
4359 1
4360 1
4362 1
4364 1
4366 1
4367 1
4369 1
4371 1
4372 1
4374 1
4378 1
4381 1
4383 1
4386 1
4394 1
4418 1
4427 1
4428 1
4435 1
4447 1
4451 1
4456 1
4466 1
4467 1
4474 1
4476 1
4477 1
4482 1
4483 1
4484 1
4485 1
4486 1
4489 1
4490 1
4494 1
4495 1
4496 1
4497 1
4498 1
4499 1
4501 1
4502 1
4504 1
4506 1
4509 2
4510 1
4511 1
4513 1
4514 1
4516 1
4518 1
4520 1
4521 1
4528 1
4529 1
4531 1
4533 1
4546 1
4553 1
4555 1
4557 1
4562 1
4563 1
4564 1
4565 2
4574 2
4575 1
4576 1
4577 1
4582 1
4584 1
4585 1
4586 1
4589 2
4590 1
4591 1
4593 1
4596 1
4600 1
4601 1
4608 2
4620 1
4659 1
4664 1
4666 1
4669 1
4678 1
4692 1
4693 1
4702 1
4703 1
4704 1
4708 1
4711 1
4712 2
4713 1
4717 1
4718 1
4719 1
4720 1
4721 1
4724 1
4725 1
4726 1
4728 1
4732 1
4734 1
4735 1
4736 2
4737 1
4738 1
4739 1
4743 1
4747 1
4748 1
4755 1
4766 1
4768 1
4771 1
4773 1
4777 1
4781 1
4782 1
4783 1
4792 2
4793 1
4794 1
4797 1
4798 1
4799 2
4800 1
4801 1
4803 1
4804 1
4806 1
4808 1
4810 1
4811 2
4812 1
4813 1
4814 1
4815 1
4816 2
4818 1
4822 1
4823 1
4827 1
4828 1
4830 1
4835 1
4838 1
4846 1
4872 1
4879 1
4885 1
4891 1
4894 1
4895 1
4896 1
4900 1
4901 1
4903 1
4905 1
4908 1
4910 1
4911 1
4912 1
4915 1
4917 1
4918 1
4920 2
4924 1
4927 1
4928 1
4929 2
4930 1
4934 1
4938 1
4939 1
4940 1
4941 1
4942 1
4943 1
4946 1
4947 1
4948 1
4949 1
4950 1
4953 1
4954 1
4955 1
4957 1
4958 1
4961 1
4962 1
4963 1
4964 1
4973 1
4974 1
4975 1
4976 2
4981 1
4983 1
4985 2
4987 1
4992 1
4993 1
4995 1
5004 1
5007 1
5009 1
5018 1
5019 2
5021 1
5026 1
5028 1
5029 1
5030 1
5034 1
5037 1
5038 1
5045 1
5051 1
5052 1
5056 1
5060 1
5064 1
5065 1
5099 1
5103 1
5104 1
5110 1
5111 1
5115 1
5120 1
5122 2
5123 1
5130 1
5131 1
5132 1
5134 1
5136 1
5137 1
5139 1
5146 1
5147 1
5154 1
5156 1
5157 1
5162 1
5164 1
5165 1
5166 1
5168 1
5169 1
5176 1
5177 1
5178 1
5179 2
5180 1
5181 1
5183 1
5184 1
5185 1
5186 1
5188 1
5190 1
5191 1
5192 1
5193 1
5194 1
5195 2
5197 1
5198 1
5199 1
5200 1
5202 1
5203 1
5207 1
5209 1
5210 1
5211 1
5212 2
5214 1
5215 1
5217 1
5221 1
5222 1
5225 1
5226 1
5227 1
5229 1
5234 2
5237 1
5241 1
5244 1
5246 1
5255 1
5256 1
5258 1
5259 1
5260 1
5266 1
5267 1
5268 1
5272 1
5274 1
5275 1
5278 1
5279 1
5287 1
5290 1
5302 1
5307 1
5314 1
5325 1
5326 1
5329 1
5330 1
5337 1
5338 1
5339 1
5340 1
5341 1
5342 1
5344 1
5345 1
5346 1
5347 1
5349 2
5350 1
5352 1
5354 1
5356 1
5357 1
5358 1
5359 1
5360 1
5361 1
5362 1
5364 1
5368 1
5369 1
5372 1
5373 1
5374 1
5376 1
5381 1
5384 1
5386 1
5391 1
5393 1
5394 1
5402 1
5403 1
5405 2
5406 1
5407 1
5413 1
5414 1
5415 1
5416 1
5417 1
5418 1
5419 1
5420 2
5421 1
5422 1
5424 1
5425 2
5427 1
5429 2
5430 2
5431 2
5432 1
5436 2
5437 3
5439 2
5441 1
5448 2
5449 2
5451 1
5456 1
5460 1
5463 1
5471 1
5476 1
5482 1
5494 1
5495 1
5500 1
5504 1
5505 1
5509 1
5510 1
5511 1
5512 1
5517 1
5524 1
5529 1
5533 1
5543 1
5544 1
5548 1
5549 1
5551 2
5552 1
5553 1
5555 1
5556 1
5558 1
5559 1
5560 1
5563 1
5564 1
5565 1
5566 1
5567 2
5568 1
5572 1
5574 1
5575 1
5576 2
5577 1
5578 1
5579 1
5580 1
5583 1
5584 1
5586 1
5588 1
5591 1
5595 1
5597 1
5598 1
5602 1
5606 1
5608 1
5610 1
5611 1
5612 1
5613 1
5621 1
5622 1
5623 2
5624 1
5628 1
5629 2
5630 1
5631 1
5632 1
5633 1
5634 1
5635 1
5637 1
5638 1
5639 3
5640 2
5641 2
5642 2
5643 1
5644 1
5645 1
5646 2
5647 2
5651 2
5652 2
5653 1
5654 1
5655 1
5656 2
5657 1
5658 2
5659 2
5661 1
5663 1
5664 1
5666 2
5667 1
5668 1
5669 1
5670 1
5671 1
5673 1
5675 1
5677 1
5678 2
5679 1
5685 1
5686 2
5690 1
5698 1
5703 1
5710 1
5712 1
5719 1
5720 1
5722 1
5725 1
5731 1
5732 1
5736 1
5739 1
5741 1
5743 1
5746 1
5748 1
5751 1
5755 1
5758 1
5759 1
5760 1
5768 1
5769 1
5770 1
5771 1
5774 1
5778 1
5780 1
5781 1
5783 1
5785 1
5786 1
5787 1
5788 1
5789 1
5790 1
5793 1
5794 2
5795 1
5798 1
5801 1
5802 2
5803 1
5804 1
5805 1
5806 1
5812 1
5813 1
5814 2
5816 2
5818 1
5820 1
5821 1
5823 1
5824 1
5825 1
5833 1
5835 1
5838 1
5847 1
5848 1
5849 1
5850 2
5857 1
5858 1
5859 2
5860 1
5861 1
5863 1
5865 1
5866 1
5867 1
5868 1
5869 2
5870 1
5874 2
5875 2
5876 1
5877 1
5878 1
5880 1
5881 2
5882 1
5883 1
5885 1
5889 1
5891 1
5892 1
5893 3
5894 1
5895 1
5896 1
5900 1
5904 1
5905 1
5912 1
5915 1
5920 1
5923 1
5928 1
5938 1
5949 1
5951 1
5954 1
5955 1
5956 1
5961 1
5962 1
5963 1
5967 1
5968 1
5970 1
5971 1
5973 1
5976 1
5977 1
5978 1
5985 1
5987 1
5988 1
5993 1
5994 1
5995 2
5996 1
5997 2
6000 1
6002 1
6004 1
6005 1
6006 1
6007 1
6008 1
6009 1
6010 1
6011 1
6012 1
6016 1
6017 1
6019 1
6020 1
6021 1
6022 1
6023 1
6024 2
6025 1
6026 1
6028 1
6029 1
6030 1
6031 1
6032 1
6038 1
6039 1
6040 2
6041 1
6042 1
6043 1
6046 1
6050 1
6051 2
6052 1
6053 1
6055 1
6056 1
6057 2
6058 2
6060 1
6062 1
6063 1
6065 2
6066 1
6067 1
6068 1
6069 1
6070 1
6072 1
6073 1
6074 1
6075 2
6077 2
6081 1
6083 1
6084 2
6085 2
6086 2
6087 1
6089 1
6090 1
6091 1
6095 1
6096 2
6097 2
6098 1
6099 1
6100 1
6101 1
6102 1
6103 2
6104 1
6105 1
6106 1
6107 1
6108 1
6110 1
6111 1
6112 1
6114 1
6115 1
6118 1
6119 1
6120 1
6121 1
6123 1
6130 2
6131 1
6133 1
6138 1
6142 2
6150 1
6164 1
6169 1
6170 1
6176 1
6177 1
6179 1
6180 1
6181 1
6183 1
6185 1
6186 1
6187 1
6188 1
6189 1
6192 1
6193 1
6197 1
6198 1
6199 1
6200 1
6202 1
6203 1
6204 1
6205 1
6207 1
6209 1
6212 2
6213 1
6214 1
6215 1
6216 1
6221 1
6222 1
6224 1
6231 1
6232 1
6233 1
6234 1
6238 1
6239 1
6242 1
6245 1
6246 2
6247 1
6249 1
6250 1
6253 1
6254 1
6256 2
6258 2
6259 1
6260 2
6261 2
6262 1
6265 1
6266 1
6267 2
6268 3
6270 1
6271 1
6272 1
6276 1
6277 3
6278 1
6279 2
6280 2
6285 1
6287 1
6288 1
6289 2
6291 1
6292 1
6293 1
6294 1
6296 1
6302 1
6303 1
6304 1
6307 1
6311 3
6313 1
6314 1
6316 1
6319 1
6321 1
6322 1
6323 1
6325 1
6326 1
6333 1
6334 1
6335 1
6336 1
6337 1
6338 1
6340 2
6341 1
6342 1
6343 1
6345 1
6348 1
6349 1
6350 1
6351 1
6352 1
6355 1
6356 1
6357 1
6360 1
6364 1
6367 1
6369 1
6372 1
6380 1
6382 1
6384 1
6389 1
6391 2
6395 1
6396 1
6403 1
6406 1
6407 2
6408 1
6411 1
6414 1
6415 2
6416 1
6419 1
6420 1
6421 1
6422 1
6423 1
6424 1
6426 1
6428 1
6429 1
6431 1
6435 1
6437 1
6438 1
6439 1
6440 1
6441 1
6442 1
6449 1
6450 1
6451 1
6452 1
6453 1
6454 1
6458 1
6460 1
6461 1
6462 1
6463 1
6464 1
6466 1
6468 2
6469 2
6470 2
6471 2
6472 1
6473 1
6475 1
6476 1
6477 1
6479 1
6480 1
6481 1
6482 2
6483 2
6484 2
6485 1
6486 2
6487 2
6488 1
6489 1
6490 1
6492 1
6494 1
6495 3
6496 2
6497 2
6498 2
6499 2
6500 1
6501 2
6502 2
6503 1
6504 2
6506 2
6507 2
6509 2
6510 1
6511 1
6513 2
6514 2
6515 1
6516 1
6517 2
6518 1
6519 3
6521 1
6525 1
6526 2
6529 2
6530 1
6531 1
6533 1
6538 2
6541 2
6543 1
6548 1
6550 1
6551 1
6553 1
6559 1
6560 1
6562 1
6563 1
6564 1
6570 1
6571 1
6572 1
6575 1
6576 1
6577 1
6579 1
6582 1
6586 1
6587 1
6588 1
6593 1
6594 2
6599 1
6606 1
6611 1
6614 1
6618 1
6621 1
6623 1
6625 1
6626 1
6628 1
6629 1
6630 1
6631 1
6632 1
6633 3
6634 1
6635 1
6637 1
6641 1
6642 2
6643 1
6644 1
6645 2
6646 1
6649 1
6650 1
6651 1
6652 1
6653 1
6654 1
6656 1
6657 1
6658 1
6660 1
6661 1
6664 1
6665 1
6666 1
6676 1
6678 1
6679 1
6688 1
6689 1
6690 2
6694 1
6697 1
6698 2
6699 1
6700 1
6701 1
6703 1
6704 1
6705 3
6706 3
6707 1
6708 1
6709 1
6710 2
6711 2
6712 2
6713 1
6714 1
6715 2
6716 2
6717 1
6718 1
6720 2
6721 3
6722 3
6723 3
6724 3
6725 1
6728 1
6729 2
6731 1
6732 1
6733 3
6734 2
6735 2
6736 1
6737 1
6740 2
6741 2
6743 1
6745 2
6746 1
6748 1
6751 1
6752 1
6754 1
6755 2
6756 1
6759 1
6760 1
6761 1
6763 2
6767 1
6768 2
6769 1
6775 1
6778 1
6779 1
6780 2
6784 1
6785 1
6786 2
6787 1
6789 1
6792 1
6794 1
6795 1
6796 2
6797 1
6798 1
6799 1
6801 1
6802 2
6803 1
6804 1
6807 1
6808 1
6809 1
6813 1
6814 1
6815 1
6816 1
6818 1
6821 1
6824 1
6825 1
6826 1
6828 1
6833 1
6835 2
6836 2
6837 1
6840 1
6841 1
6843 1
6845 1
6847 1
6848 1
6850 1
6851 1
6852 1
6853 1
6855 2
6857 1
6859 1
6860 2
6862 1
6863 1
6864 1
6865 1
6867 1
6868 1
6869 1
6870 1
6871 2
6872 1
6879 1
6880 2
6881 1
6882 2
6883 1
6884 1
6886 1
6887 1
6888 1
6889 1
6891 1
6893 1
6894 1
6895 1
6896 1
6897 2
6898 2
6900 1
6901 1
6902 1
6903 1
6904 1
6905 1
6906 2
6908 1
6910 1
6912 1
6913 1
6914 2
6915 3
6916 2
6917 1
6920 1
6921 1
6923 1
6924 1
6925 2
6926 2
6927 2
6928 2
6929 1
6930 1
6931 2
6932 1
6933 2
6934 1
6935 1
6936 1
6937 2
6938 1
6939 1
6940 2
6941 1
6942 2
6943 3
6944 2
6945 1
6946 1
6947 1
6948 1
6949 1
6950 2
6951 2
6952 1
6954 1
6955 1
6957 1
6958 1
6959 2
6960 1
6961 2
6962 1
6963 2
6969 1
6970 2
6971 3
6973 2
6975 1
6977 1
6978 1
6981 1
6982 2
6983 1
6990 2
6995 1
6997 1
7004 1
7005 1
7007 1
7010 1
7014 1
7015 1
7016 1
7017 1
7020 1
7023 1
7024 1
7028 1
7029 1
7031 1
7032 1
7033 1
7037 1
7038 1
7040 1
7043 1
7044 1
7045 1
7047 1
7050 1
7052 1
7053 1
7055 1
7062 1
7063 1
7070 1
7072 2
7073 1
7075 1
7077 2
7078 1
7079 1
7085 1
7086 1
7087 2
7089 2
7090 1
7094 1
7096 1
7097 1
7098 1
7099 1
7101 1
7102 1
7105 1
7106 2
7107 1
7108 3
7109 1
7110 1
7116 1
7117 1
7118 1
7119 1
7120 2
7122 1
7123 1
7124 1
7125 1
7127 1
7128 1
7132 1
7133 2
7134 2
7135 1
7139 1
7140 1
7142 3
7143 1
7144 1
7145 1
7147 1
7148 1
7149 1
7150 2
7151 2
7152 2
7153 1
7154 2
7155 1
7157 1
7159 1
7160 1
7161 1
7162 2
7163 1
7164 1
7165 2
7166 2
7167 3
7168 1
7169 1
7171 1
7172 1
7173 1
7174 2
7176 1
7177 1
7178 2
7179 3
7180 2
7181 2
7182 1
7183 1
7184 1
7185 2
7186 1
7187 1
7188 1
7189 2
7195 1
7196 1
7197 2
7198 1
7200 2
7203 1
7205 1
7207 2
7208 1
7211 1
7212 2
7213 1
7214 1
7215 1
7219 1
7220 2
7222 1
7223 1
7224 1
7227 1
7230 1
7232 1
7240 1
7241 1
7242 1
7246 2
7247 2
7251 1
7252 1
7253 1
7254 2
7255 1
7256 1
7258 1
7259 2
7260 1
7261 1
7262 1
7263 1
7265 1
7266 1
7268 1
7269 1
7270 1
7271 1
7275 1
7279 1
7280 3
7281 1
7282 1
7285 1
7287 1
7289 2
7291 1
7292 1
7293 1
7294 1
7297 1
7298 1
7299 2
7300 1
7301 1
7304 1
7306 1
7308 1
7309 1
7310 1
7311 1
7312 1
7313 1
7314 1
7315 2
7316 1
7317 1
7323 1
7324 2
7325 1
7326 2
7327 2
7328 1
7329 1
7330 1
7331 1
7332 2
7333 1
7334 1
7335 2
7336 2
7337 1
7338 2
7340 1
7341 1
7342 3
7343 2
7344 3
7345 2
7346 1
7347 1
7348 1
7349 2
7350 3
7353 1
7354 2
7355 2
7356 1
7357 2
7358 1
7359 2
7360 2
7361 2
7362 2
7364 1
7366 1
7367 1
7369 3
7370 2
7371 1
7372 2
7373 1
7375 1
7377 1
7378 1
7379 1
7381 2
7382 1
7384 1
7387 1
7388 2
7389 2
7390 1
7391 1
7393 2
7394 1
7395 1
7396 1
7399 1
7401 1
7402 1
7403 2
7404 1
7406 1
7407 1
7410 1
7411 1
7413 1
7415 3
7416 1
7417 2
7418 1
7419 1
7422 2
7423 1
7424 1
7425 2
7427 2
7428 1
7433 1
7434 3
7435 1
7437 1
7442 1
7446 1
7449 1
7454 1
7457 1
7459 1
7461 1
7462 2
7464 1
7466 1
7468 2
7471 1
7472 1
7473 3
7474 1
7477 1
7481 1
7483 1
7484 1
7485 1
7488 1
7489 1
7490 1
7491 1
7492 1
7496 1
7497 3
7498 1
7501 1
7505 1
7506 1
7507 1
7516 1
7517 1
7519 1
7529 1
7530 1
7531 1
7534 1
7535 1
7536 1
7537 2
7538 1
7539 1
7541 2
7542 1
7543 1
7544 1
7545 2
7546 3
7547 1
7548 1
7549 1
7550 2
7551 2
7552 3
7553 3
7554 2
7556 1
7558 1
7559 1
7560 2
7561 2
7562 2
7563 3
7564 3
7565 2
7566 2
7568 2
7569 1
7570 1
7571 2
7572 3
7573 1
7574 1
7575 1
7576 2
7577 2
7578 2
7579 1
7580 2
7581 2
7583 2
7584 1
7585 2
7586 2
7587 1
7588 1
7591 1
7592 2
7594 2
7595 1
7596 3
7597 1
7598 1
7599 2
7601 1
7603 1
7606 2
7607 1
7608 2
7609 1
7610 1
7611 2
7615 3
7617 1
7618 2
7619 1
7620 2
7623 2
7624 1
7625 3
7626 2
7627 2
7628 1
7629 1
7630 1
7632 2
7633 1
7634 1
7636 1
7637 1
7638 1
7639 1
7640 1
7641 2
7642 1
7643 1
7644 2
7645 1
7646 1
7647 1
7649 1
7652 2
7653 1
7654 1
7655 2
7656 1
7657 1
7658 1
7659 1
7661 1
7664 2
7665 1
7666 1
7667 1
7670 1
7671 1
7672 1
7674 1
7676 3
7681 1
7683 1
7684 1
7686 1
7688 1
7691 1
7693 1
7695 2
7696 1
7698 2
7699 1
7700 2
7703 1
7705 1
7707 1
7708 1
7710 2
7711 2
7712 1
7713 1
7714 1
7715 1
7719 1
7720 1
7722 1
7723 1
7724 1
7725 1
7726 1
7727 2
7728 1
7729 1
7732 1
7733 1
7734 1
7735 1
7737 1
7741 1
7742 1
7743 1
7744 1
7745 1
7746 1
7753 1
7754 2
7755 1
7756 2
7757 1
7758 1
7760 1
7761 1
7762 1
7764 1
7766 1
7767 1
7768 2
7769 1
7771 3
7772 1
7773 2
7774 2
7775 2
7776 1
7778 1
7779 1
7780 3
7781 2
7782 2
7783 2
7784 1
7786 2
7787 3
7788 4
7789 2
7790 3
7791 1
7792 2
7793 1
7794 2
7797 1
7798 2
7799 3
7800 2
7801 2
7802 3
7803 1
7804 1
7805 2
7806 2
7807 1
7808 1
7809 1
7810 1
7811 3
7813 2
7814 2
7815 1
7817 2
7818 1
7821 2
7822 2
7823 2
7826 1
7827 1
7828 1
7830 1
7833 2
7835 1
7836 1
7837 1
7838 1
7845 3
7846 1
7847 1
7851 1
7854 1
7855 2
7856 1
7857 1
7860 1
7861 2
7862 2
7863 2
7864 1
7866 1
7867 1
7868 2
7869 1
7871 1
7872 1
7873 1
7875 1
7877 1
7878 2
7879 2
7880 2
7881 1
7884 1
7885 1
7886 1
7890 1
7891 1
7892 1
7897 1
7898 1
7901 1
7902 1
7903 2
7906 2
7908 1
7910 1
7912 1
7913 1
7915 1
7917 2
7918 3
7920 1
7925 2
7927 2
7929 1
7930 1
7932 1
7934 1
7935 1
7936 1
7937 3
7939 1
7941 2
7942 1
7945 1
7946 1
7948 1
7949 2
7950 1
7953 1
7956 1
7957 1
7959 1
7961 1
7962 1
7963 1
7964 2
7965 1
7970 1
7971 1
7973 1
7974 2
7975 1
7979 2
7980 2
7981 2
7982 2
7983 2
7985 1
7986 1
7988 1
7989 1
7990 3
7991 2
7992 2
7993 2
7994 1
7995 1
7996 2
7997 3
7998 3
8000 1
8002 2
8003 2
8004 1
8005 3
8006 1
8007 3
8008 3
8009 3
8010 4
8011 1
8012 2
8013 1
8014 3
8015 2
8016 2
8017 2
8018 1
8019 3
8020 3
8021 1
8022 1
8024 2
8025 3
8026 2
8027 2
8028 2
8029 2
8030 1
8031 1
8032 1
8036 2
8037 3
8038 2
8039 1
8040 2
8041 1
8043 3
8044 1
8045 2
8046 1
8047 1
8048 2
8049 1
8050 1
8051 2
8052 2
8053 2
8054 2
8055 2
8058 1
8059 2
8060 2
8061 1
8063 2
8064 1
8065 1
8067 2
8069 1
8070 1
8071 2
8072 3
8073 1
8076 1
8077 1
8078 1
8080 1
8081 1
8082 1
8083 2
8084 1
8085 1
8086 1
8087 2
8088 2
8089 1
8090 2
8091 1
8092 1
8093 1
8094 2
8096 1
8097 1
8098 1
8099 2
8100 2
8101 1
8105 1
8106 2
8107 1
8109 1
8110 1
8111 2
8114 1
8116 1
8118 1
8120 2
8122 1
8125 1
8127 1
8128 2
8129 1
8130 1
8132 1
8137 1
8139 2
8140 2
8144 1
8145 1
8147 1
8149 1
8152 1
8154 2
8155 2
8156 1
8157 1
8163 1
8164 1
8165 1
8166 1
8167 2
8169 1
8171 2
8172 2
8173 2
8174 2
8175 1
8176 1
8178 1
8179 1
8180 1
8182 1
8183 1
8184 2
8185 2
8186 2
8187 1
8188 1
8189 2
8190 2
8191 1
8192 1
8193 1
8195 1
8197 1
8198 2
8199 1
8200 2
8201 3
8202 2
8204 1
8206 1
8207 1
8208 1
8209 1
8210 2
8212 2
8213 1
8215 1
8216 1
8217 1
8218 2
8219 2
8220 2
8222 1
8224 2
8225 2
8226 1
8227 2
8228 1
8229 2
8230 1
8231 1
8232 3
8233 1
8234 2
8235 2
8236 1
8241 1
8242 2
8243 1
8244 3
8246 3
8247 1
8248 1
8249 1
8251 1
8253 2
8254 1
8255 2
8256 2
8257 1
8258 2
8259 1
8261 1
8262 2
8263 2
8264 1
8265 3
8266 2
8267 2
8271 1
8273 1
8274 2
8275 2
8277 1
8279 1
8280 1
8282 2
8288 1
8289 2
8290 1
8291 1
8293 1
8296 1
8297 2
8299 2
8300 1
8301 1
8302 2
8304 1
8305 1
8306 1
8307 1
8308 1
8309 1
8312 1
8314 1
8317 1
8319 1
8321 1
8322 1
8323 1
8324 2
8328 2
8329 2
8331 1
8332 1
8335 1
8336 3
8337 1
8338 1
8341 1
8342 1
8345 1
8346 1
8347 1
8348 1
8357 2
8362 2
8364 1
8368 1
8369 1
8370 1
8371 1
8374 1
8375 1
8376 2
8377 2
8379 1
8381 3
8382 1
8383 1
8387 1
8389 1
8390 1
8391 1
8392 2
8393 2
8394 2
8397 1
8399 1
8400 1
8401 2
8402 1
8403 1
8404 1
8405 1
8406 2
8407 1
8408 3
8409 3
8410 1
8411 2
8412 2
8413 1
8414 2
8415 1
8416 2
8417 1
8418 2
8419 2
8420 1
8421 1
8423 2
8424 2
8425 2
8426 3
8427 3
8428 1
8431 1
8432 2
8434 2
8435 1
8436 2
8437 3
8438 2
8439 2
8440 1
8441 1
8442 1
8443 1
8444 1
8446 3
8447 1
8448 2
8449 2
8450 1
8451 2
8452 2
8453 1
8454 3
8455 2
8456 2
8457 2
8458 2
8459 2
8461 1
8463 3
8464 2
8465 2
8466 2
8467 1
8468 1
8469 2
8470 2
8471 3
8472 3
8473 1
8474 2
8475 1
8476 1
8478 1
8480 1
8481 3
8482 1
8483 2
8484 2
8485 1
8486 1
8487 2
8488 1
8489 2
8490 1
8492 3
8493 2
8495 2
8496 1
8497 2
8498 1
8499 3
8500 1
8501 2
8502 1
8503 1
8504 2
8505 2
8506 1
8507 2
8509 1
8510 1
8511 2
8512 2
8514 1
8515 2
8516 2
8517 1
8518 1
8519 1
8524 2
8526 1
8527 2
8529 1
8531 1
8532 1
8534 1
8536 1
8538 2
8539 3
8541 1
8543 1
8544 2
8545 1
8546 1
8548 1
8550 3
8551 2
8553 1
8554 1
8555 1
8556 1
8558 2
8560 1
8563 1
8565 1
8566 1
8567 1
8572 2
8573 1
8574 2
8579 1
8583 1
8584 2
8585 1
8589 1
8591 1
8593 1
8597 1
8598 1
8600 1
8602 1
8604 1
8607 1
8609 1
8611 2
8612 1
8613 1
8614 2
8615 1
8616 1
8617 2
8618 3
8619 4
8621 2
8622 1
8623 2
8624 1
8626 1
8627 2
8628 4
8629 3
8630 3
8631 2
8632 1
8633 1
8634 2
8635 1
8636 3
8637 1
8638 2
8639 1
8640 2
8641 1
8642 3
8643 1
8644 1
8645 3
8646 3
8647 2
8648 2
8649 1
8651 1
8652 1
8653 3
8654 3
8655 1
8657 2
8658 2
8660 1
8661 1
8662 3
8663 1
8664 2
8666 1
8667 1
8668 1
8669 1
8673 2
8674 2
8676 3
8678 1
8679 1
8685 2
8686 2
8687 1
8688 2
8691 2
8692 2
8693 2
8694 1
8695 1
8696 1
8697 2
8698 1
8699 1
8700 2
8701 2
8702 3
8703 2
8704 1
8706 2
8707 3
8708 2
8709 3
8710 2
8711 2
8713 1
8714 1
8715 1
8716 1
8717 1
8718 2
8719 3
8720 2
8721 2
8722 1
8723 2
8725 1
8726 2
8727 1
8728 1
8729 1
8731 2
8732 2
8733 1
8734 1
8735 1
8737 2
8738 1
8740 1
8741 2
8742 2
8743 1
8744 1
8746 2
8747 1
8748 2
8749 2
8751 1
8753 2
8754 1
8756 1
8758 3
8760 1
8761 1
8763 1
8765 2
8766 2
8768 1
8770 1
8772 2
8773 1
8775 2
8776 1
8777 2
8780 2
8781 1
8782 2
8788 1
8789 2
8790 1
8792 1
8793 1
8801 2
8802 1
8804 1
8805 1
8809 1
8810 1
8811 1
8812 1
8814 1
8819 1
8820 1
8821 3
8822 2
8823 1
8826 1
8827 1
8828 1
8829 1
8830 1
8831 2
8833 2
8834 1
8835 1
8836 2
8837 2
8838 3
8839 2
8840 1
8841 2
8843 2
8844 1
8845 3
8846 2
8848 3
8849 2
8850 4
8851 2
8852 2
8853 3
8854 1
8855 3
8856 3
8857 3
8858 2
8860 3
8861 1
8862 1
8863 2
8864 2
8865 3
8866 1
8867 2
8868 4
8869 2
8870 4
8871 2
8872 2
8874 1
8875 1
8876 2
8877 2
8878 1
8879 2
8880 2
8881 2
8882 2
8883 3
8884 3
8885 1
8886 1
8887 1
8888 2
8889 2
8890 2
8891 2
8892 2
8893 1
8894 1
8895 1
8896 1
8898 2
8899 1
8900 3
8901 1
8902 1
8903 3
8904 1
8905 1
8907 2
8908 1
8909 1
8910 2
8911 2
8912 2
8913 1
8914 2
8915 2
8916 1
8917 2
8918 1
8919 2
8921 1
8922 1
8923 2
8924 1
8925 1
8926 1
8927 1
8928 3
8929 2
8930 2
8931 2
8932 1
8933 1
8936 2
8937 2
8938 2
8939 1
8940 2
8941 1
8943 2
8944 2
8945 3
8946 1
8947 2
8949 2
8950 1
8951 1
8954 1
8955 1
8956 2
8957 2
8958 1
8959 2
8961 1
8962 2
8963 1
8968 3
8969 1
8970 1
8971 1
8974 1
8976 1
8978 1
8979 1
8980 2
8983 3
8984 1
8985 1
8987 1
8988 1
8990 1
8992 1
8994 1
8995 2
8996 1
8997 1
9000 1
9002 3
9003 1
9004 1
9007 1
9009 1
9011 1
9012 1
9013 1
9014 2
9015 1
9016 1
9017 1
9018 2
9020 1
9023 1
9026 1
9027 1
9029 1
9030 1
9032 1
9033 1
9039 1
9041 2
9046 1
9047 1
9048 1
9049 1
9053 1
9056 2
9057 1
9058 3
9059 1
9060 2
9061 1
9062 1
9063 3
9065 2
9066 2
9067 2
9071 1
9072 4
9073 3
9074 2
9075 4
9078 1
9079 1
9080 2
9082 2
9084 3
9085 1
9086 3
9087 2
9088 1
9089 1
9090 2
9091 3
9092 3
9093 2
9094 2
9096 3
9097 2
9098 2
9099 1
9101 1
9102 3
9103 1
9105 2
9106 4
9107 2
9109 1
9110 1
9111 1
9112 1
9113 2
9114 2
9115 1
9118 2
9119 2
9120 3
9121 1
9122 2
9125 1
9126 1
9127 1
9128 2
9129 1
9130 3
9131 3
9132 1
9133 1
9135 1
9136 2
9137 3
9138 1
9139 1
9140 2
9141 1
9142 1
9145 1
9146 2
9147 2
9148 2
9149 2
9150 1
9151 1
9152 1
9153 3
9154 2
9155 2
9157 1
9158 1
9159 1
9160 3
9162 2
9163 1
9164 2
9165 4
9166 2
9167 3
9168 1
9169 2
9170 2
9171 2
9172 2
9173 1
9175 2
9176 3
9177 2
9181 1
9182 2
9183 1
9184 1
9186 2
9187 1
9188 2
9189 1
9191 1
9192 1
9193 2
9194 1
9195 1
9197 1
9198 1
9200 2
9202 2
9204 1
9205 2
9206 1
9207 1
9208 1
9209 1
9210 3
9212 1
9214 1
9216 1
9217 1
9219 1
9221 2
9222 2
9224 1
9226 1
9229 1
9231 1
9232 1
9233 2
9234 1
9237 1
9238 1
9239 1
9240 2
9242 1
9244 1
9245 2
9246 1
9247 1
9248 2
9249 3
9250 1
9251 1
9252 1
9253 1
9254 2
9255 2
9256 2
9257 2
9259 1
9261 1
9262 1
9263 1
9264 1
9265 2
9266 4
9267 2
9268 2
9269 1
9271 2
9272 1
9273 1
9274 2
9275 2
9277 2
9278 2
9279 2
9280 1
9281 1
9282 2
9283 3
9284 2
9285 2
9286 1
9287 1
9288 2
9289 2
9290 2
9292 2
9293 1
9294 4
9295 3
9296 2
9297 3
9299 2
9300 2
9301 3
9302 3
9303 1
9304 2
9305 1
9306 2
9307 1
9308 1
9309 3
9310 1
9311 3
9312 4
9313 1
9314 3
9315 1
9316 1
9317 1
9318 2
9320 1
9321 2
9322 2
9323 3
9324 2
9326 1
9327 1
9328 4
9329 2
9330 3
9331 1
9332 2
9333 2
9334 1
9335 3
9336 2
9337 2
9339 2
9340 2
9341 3
9342 2
9343 2
9344 2
9345 1
9346 2
9347 3
9348 2
9349 2
9350 1
9351 1
9352 2
9355 3
9356 2
9357 2
9358 3
9359 1
9361 1
9363 1
9364 1
9365 1
9367 2
9368 1
9369 1
9370 2
9372 1
9373 2
9374 1
9375 3
9376 1
9377 1
9379 3
9380 1
9381 2
9382 2
9383 1
9384 1
9385 1
9386 1
9387 1
9388 1
9389 2
9390 1
9391 2
9392 1
9398 2
9399 1
9401 2
9403 1
9405 1
9406 1
9410 1
9412 1
9413 2
9414 1
9415 1
9418 1
9419 1
9420 1
9422 1
9423 1
9424 2
9428 1
9431 1
9432 1
9439 1
9440 1
9445 1
9446 1
9447 1
9448 1
9450 1
9452 1
9453 1
9454 1
9456 1
9457 2
9458 3
9459 4
9460 1
9461 1
9464 1
9465 1
9467 1
9469 2
9470 1
9471 2
9474 2
9476 3
9477 2
9478 2
9483 1
9484 2
9485 2
9486 2
9487 1
9488 1
9489 1
9490 1
9491 2
9493 4
9495 1
9497 1
9498 1
9500 1
9501 1
9502 2
9503 1
9504 2
9505 2
9508 1
9509 1
9510 1
9511 1
9514 2
9516 3
9517 2
9518 1
9519 2
9520 1
9522 1
9523 1
9524 1
9525 1
9526 1
9527 1
9528 2
9529 1
9530 2
9531 3
9532 2
9533 3
9534 2
9535 1
9536 2
9537 1
9538 3
9539 1
9540 3
9541 1
9542 1
9544 1
9545 1
9546 2
9547 2
9548 2
9549 3
9550 3
9551 3
9552 1
9553 1
9554 2
9556 2
9557 2
9558 3
9559 2
9560 1
9561 1
9562 2
9563 3
9564 2
9565 2
9566 3
9567 1
9568 1
9569 2
9570 1
9571 3
9572 2
9573 2
9574 2
9575 2
9576 1
9577 1
9578 2
9579 1
9580 2
9581 2
9582 2
9583 2
9584 2
9585 1
9586 1
9587 1
9588 2
9589 2
9591 2
9592 2
9593 2
9594 2
9595 1
9596 1
9597 2
9598 1
9600 1
9601 2
9603 1
9604 2
9605 1
9606 2
9608 1
9609 3
9610 1
9611 2
9612 1
9613 2
9614 1
9615 1
9616 2
9620 3
9621 3
9622 1
9623 1
9626 1
9627 1
9628 2
9629 1
9630 1
9631 1
9632 2
9633 2
9635 1
9638 1
9640 2
9641 1
9642 1
9644 1
9649 2
9650 1
9652 1
9653 1
9654 1
9656 1
9660 1
9661 2
9662 2
9666 2
9668 2
9669 1
9672 1
9673 1
9674 1
9675 1
9677 1
9679 1
9680 1
9681 2
9682 1
9683 1
9684 3
9686 1
9688 1
9689 1
9691 2
9692 1
9693 3
9694 2
9695 2
9696 4
9698 2
9699 2
9700 3
9701 4
9703 2
9704 1
9705 2
9706 2
9707 1
9708 3
9709 1
9710 3
9711 3
9712 3
9713 3
9714 1
9715 2
9716 1
9717 1
9718 2
9719 2
9720 2
9721 1
9722 2
9723 3
9724 2
9726 1
9727 1
9728 2
9729 2
9730 2
9731 2
9732 1
9733 1
9734 1
9735 2
9736 1
9738 2
9739 2
9740 3
9741 2
9742 1
9743 2
9744 2
9745 1
9746 2
9747 1
9748 2
9750 2
9751 1
9752 1
9753 1
9754 2
9755 2
9756 2
9757 2
9758 1
9759 2
9760 1
9761 2
9762 1
9763 1
9764 1
9766 2
9767 2
9768 3
9769 2
9770 2
9771 1
9772 2
9773 2
9774 3
9775 3
9776 3
9778 3
9779 2
9780 2
9781 1
9783 2
9784 3
9785 4
9786 2
9787 2
9788 2
9789 1
9790 1
9791 3
9792 1
9793 3
9794 1
9795 1
9796 2
9797 2
9799 3
9800 2
9801 2
9802 2
9803 3
9804 1
9805 1
9807 1
9808 2
9809 2
9810 2
9811 1
9812 1
9813 1
9814 3
9815 1
9816 1
9817 1
9818 1
9819 3
9821 1
9823 3
9824 2
9825 2
9826 1
9830 2
9831 3
9833 2
9835 2
9836 1
9842 3
9843 3
9845 1
9848 1
9849 1
9850 1
9852 1
9854 2
9857 1
9858 1
9859 1
9863 1
9864 1
9866 1
9870 1
9871 1
9876 1
9878 1
9883 1
9887 1
9888 1
9889 1
9892 1
9894 1
9896 1
9897 1
9898 2
9899 1
9901 1
9902 1
9903 4
9904 3
9905 2
9906 2
9907 1
9909 1
9910 1
9911 2
9912 1
9913 3
9914 1
9915 3
9916 1
9917 1
9918 2
9919 1
9920 2
9921 3
9922 3
9923 3
9925 1
9926 1
9927 2
9928 2
9929 1
9930 3
9931 2
9932 3
9933 2
9934 2
9935 1
9937 3
9938 2
9939 1
9940 1
9942 2
9943 1
9945 3
9946 2
9947 3
9949 3
9950 2
9951 1
9952 2
9953 1
9954 1
9956 1
9957 1
9958 2
9959 2
9960 2
9961 3
9962 2
9964 1
9965 1
9966 3
9967 1
9968 2
9969 1
9970 2
9971 2
9972 1
9973 1
9974 1
9975 1
9976 2
9977 3
9978 3
9979 1
9980 2
9982 2
9983 1
9984 2
9985 2
9986 1
9987 1
9988 2
9989 2
9990 1
9991 3
9992 2
9993 3
9994 3
9995 3
9996 4
9997 1
9998 2
9999 1
10000 3
10001 2
10002 2
10003 2
10004 1
10005 4
10006 4
10007 3
10008 2
10009 1
10010 3
10011 2
10012 2
10013 3
10014 1
10015 3
10016 1
10017 3
10018 2
10020 2
10021 1
10022 3
10023 3
10024 2
10025 2
10026 2
10027 3
10028 1
10029 2
10031 2
10032 2
10033 3
10034 2
10035 2
10036 2
10037 1
10038 2
10039 2
10040 3
10041 2
10044 1
10045 3
10046 2
10047 1
10048 1
10049 1
10050 2
10051 1
10052 2
10053 2
10055 1
10057 2
10058 1
10060 2
10061 1
10062 1
10064 2
10065 2
10066 1
10067 1
10069 1
10071 1
10072 1
10073 2
10074 2
10076 1
10077 1
10079 2
10080 2
10084 2
10085 1
10086 2
10090 1
10092 1
10093 2
10094 1
10095 1
10097 2
10100 1
10102 1
10104 1
10105 1
10106 2
10109 1
10112 1
10113 2
10114 2
10116 1
10118 1
10119 1
10122 1
10123 1
10124 1
10125 3
10126 2
10128 1
10130 1
10132 1
10133 1
10134 1
10135 3
10137 3
10138 1
10139 1
10140 3
10141 1
10142 2
10143 2
10144 1
10145 2
10147 1
10148 2
10149 3
10150 1
10152 3
10153 2
10154 2
10155 2
10156 2
10157 3
10158 1
10159 2
10160 2
10161 1
10162 2
10163 1
10164 2
10165 1
10166 2
10167 1
10168 4
10169 1
10170 2
10171 1
10172 3
10173 2
10174 3
10175 3
10177 2
10178 1
10179 2
10180 1
10181 1
10182 1
10183 2
10184 2
10186 1
10187 3
10188 2
10189 2
10190 1
10192 2
10195 1
10196 3
10197 1
10198 2
10199 1
10200 1
10201 1
10202 1
10203 1
10204 2
10205 1
10206 2
10207 1
10208 2
10210 2
10211 1
10212 2
10213 3
10214 2
10215 3
10216 1
10217 2
10218 2
10219 2
10220 1
10221 1
10222 2
10223 2
10224 1
10227 1
10228 2
10229 3
10230 3
10231 1
10232 3
10235 2
10236 1
10237 2
10239 1
10241 2
10242 2
10243 2
10244 2
10245 1
10246 1
10247 3
10248 2
10249 2
10250 1
10251 1
10252 1
10253 3
10254 2
10255 1
10257 1
10258 1
10259 2
10260 1
10261 1
10262 1
10263 2
10264 1
10266 1
10268 2
10269 2
10270 1
10271 1
10272 1
10274 1
10275 2
10276 1
10277 2
10279 1
10282 1
10283 1
10285 1
10286 1
10287 4
10288 1
10289 1
10290 1
10292 1
10294 1
10296 1
10298 1
10299 1
10303 1
10305 1
10306 1
10308 1
10310 1
10314 1
10315 2
10316 1
10317 2
10321 1
10322 3
10324 2
10325 1
10326 1
10327 1
10330 1
10331 2
10332 2
10333 1
10334 1
10339 1
10341 1
10342 1
10343 2
10345 2
10347 1
10348 3
10349 2
10350 2
10351 2
10354 1
10355 1
10356 2
10357 2
10358 1
10359 2
10360 2
10361 2
10362 2
10363 1
10364 2
10365 3
10366 1
10367 3
10369 1
10370 2
10371 3
10372 1
10373 1
10374 1
10375 1
10376 3
10377 2
10378 3
10379 2
10380 1
10381 1
10382 2
10383 1
10384 1
10385 1
10386 1
10387 1
10388 2
10389 2
10390 2
10391 3
10392 1
10393 1
10394 4
10395 2
10396 2
10397 2
10398 1
10399 2
10400 2
10401 1
10402 2
10403 2
10404 3
10405 4
10406 3
10407 1
10409 2
10410 3
10411 3
10412 3
10413 2
10414 3
10415 1
10416 2
10417 2
10418 3
10419 2
10420 2
10421 1
10422 3
10423 4
10424 3
10425 2
10426 2
10427 1
10428 1
10429 2
10431 2
10432 3
10433 1
10434 3
10435 3
10436 1
10437 2
10438 2
10439 2
10440 4
10441 2
10442 1
10443 1
10444 2
10445 3
10446 1
10447 1
10449 3
10450 3
10451 4
10452 4
10453 1
10454 2
10455 1
10456 2
10457 4
10458 2
10459 2
10460 2
10461 2
10462 2
10463 1
10464 2
10465 1
10466 2
10467 2
10468 2
10469 3
10471 2
10472 1
10473 1
10474 1
10475 2
10477 1
10478 2
10479 2
10480 2
10481 1
10483 1
10484 2
10485 2
10487 1
10489 1
10490 2
10491 1
10492 2
10493 1
10494 1
10495 1
10496 2
10497 2
10498 1
10499 1
10500 1
10501 1
10502 1
10504 2
10505 1
10506 1
10508 1
10509 1
10512 1
10513 1
10514 1
10515 1
10517 1
10518 1
10523 1
10524 3
10525 2
10527 1
10530 1
10531 1
10532 1
10533 1
10534 2
10535 1
10536 3
10537 2
10538 1
10539 1
10540 1
10541 1
10542 1
10543 1
10544 2
10546 2
10547 1
10548 1
10551 1
10552 1
10553 2
10554 1
10555 1
10556 1
10557 1
10558 2
10559 1
10561 1
10563 2
10564 1
10566 2
10567 1
10568 1
10569 1
10570 3
10571 1
10573 1
10574 1
10575 2
10576 1
10577 1
10578 1
10579 2
10580 1
10581 2
10582 1
10583 1
10585 1
10586 2
10587 2
10588 1
10591 1
10592 2
10593 2
10594 1
10596 2
10597 2
10598 1
10599 2
10600 2
10601 2
10603 2
10604 2
10605 1
10606 2
10607 2
10608 2
10609 2
10610 3
10612 2
10613 2
10614 3
10615 4
10616 3
10617 1
10618 2
10619 1
10620 1
10621 1
10622 3
10624 2
10625 1
10626 3
10627 2
10628 2
10631 4
10632 2
10633 4
10634 3
10635 1
10636 1
10639 2
10640 3
10641 3
10642 1
10643 3
10644 2
10645 1
10646 1
10647 2
10648 3
10650 4
10652 2
10653 1
10654 2
10655 2
10656 1
10657 1
10658 1
10659 2
10660 2
10661 2
10662 3
10664 1
10665 3
10666 1
10667 1
10668 1
10670 1
10671 3
10672 1
10673 3
10674 3
10675 1
10676 1
10677 1
10679 2
10680 1
10681 1
10682 1
10683 2
10685 1
10686 2
10687 2
10688 2
10689 1
10690 2
10691 1
10692 1
10693 1
10694 1
10695 1
10697 2
10698 1
10699 1
10702 1
10703 1
10704 1
10705 2
10706 1
10707 1
10708 1
10709 1
10710 1
10711 1
10713 1
10714 1
10715 1
10716 1
10717 1
10718 1
10719 1
10720 1
10721 1
10723 1
10726 1
10727 1
10728 1
10729 1
10730 1
10731 1
10732 1
10734 2
10735 1
10736 1
10737 1
10738 1
10739 1
10742 1
10743 2
10744 1
10745 2
10746 1
10749 2
10750 2
10751 1
10754 1
10757 1
10758 1
10759 1
10760 1
10761 3
10762 1
10763 1
10765 1
10766 2
10768 2
10769 2
10770 2
10773 1
10774 1
10775 2
10776 2
10777 2
10778 4
10780 1
10782 1
10783 2
10785 2
10787 2
10788 1
10789 3
10790 2
10791 1
10792 1
10793 1
10794 1
10795 2
10796 1
10797 2
10799 1
10800 1
10801 2
10802 1
10803 1
10804 1
10805 2
10806 2
10807 1
10808 2
10809 2
10810 1
10812 1
10813 1
10814 2
10815 2
10816 2
10817 2
10818 2
10819 1
10820 2
10821 1
10822 3
10823 3
10824 1
10825 3
10826 1
10827 1
10829 2
10830 1
10831 2
10832 2
10833 1
10834 3
10835 2
10836 3
10837 2
10838 3
10839 2
10840 1
10841 3
10842 1
10843 2
10844 2
10845 1
10846 2
10847 1
10848 3
10849 3
10850 3
10851 3
10852 2
10853 3
10854 2
10855 3
10856 4
10857 3
10858 4
10860 3
10861 2
10862 3
10863 4
10864 2
10865 3
10866 2
10867 3
10868 3
10869 3
10870 3
10871 2
10872 1
10873 3
10874 1
10875 3
10876 3
10877 2
10878 3
10879 2
10880 3
10881 2
10882 1
10883 2
10884 2
10885 2
10886 2
10887 1
10888 1
10889 3
10890 2
10891 2
10892 3
10893 2
10894 1
10895 3
10896 3
10897 2
10898 2
10900 2
10901 3
10902 1
10903 1
10904 1
10905 2
10907 2
10908 2
10909 1
10910 1
10911 1
10912 1
10913 3
10914 1
10915 1
10916 1
10917 1
10918 1
10919 1
10920 1
10923 1
10924 2
10925 2
10926 1
10927 1
10929 1
10930 1
10931 1
10932 1
10933 1
10935 1
10936 1
10937 1
10940 1
10941 1
10942 1
10944 1
10945 1
10948 2
10953 2
10954 1
10956 1
10957 1
10958 1
10960 1
10964 1
10965 2
10966 1
10968 1
10969 2
10970 1
10971 1
10972 1
10973 1
10975 1
10976 1
10977 1
10978 1
10979 1
10980 3
10981 2
10982 1
10983 1
10984 1
10985 1
10986 1
10987 3
10988 3
10989 1
10990 1
10991 1
10992 1
10993 1
10995 1
10996 2
10997 2
10998 2
10999 3
11000 3
11003 1
11004 1
11005 2
11006 1
11007 1
11008 2
11009 1
11010 1
11011 1
11012 2
11014 1
11015 2
11017 1
11018 1
11019 2
11020 2
11023 1
11024 1
11025 1
11026 1
11027 3
11029 1
11030 1
11031 1
11032 1
11033 1
11035 1
11036 2
11037 1
11038 1
11039 2
11040 1
11042 1
11043 2
11044 3
11045 1
11046 1
11047 1
11048 2
11049 1
11050 1
11051 2
11052 3
11053 2
11054 2
11055 2
11057 1
11058 3
11059 3
11060 3
11061 3
11062 1
11063 1
11064 2
11065 1
11066 2
11067 1
11068 2
11069 1
11070 4
11071 1
11072 3
11073 2
11074 1
11075 2
11076 3
11077 3
11078 4
11079 2
11080 1
11082 2
11083 3
11084 2
11085 2
11086 1
11087 3
11088 4
11089 2
11090 1
11091 2
11092 3
11093 1
11094 2
11095 3
11097 2
11098 1
11099 4
11100 3
11101 1
11102 2
11103 1
11104 3
11105 2
11106 3
11107 1
11108 2
11109 3
11110 2
11111 1
11112 1
11113 1
11114 2
11115 3
11116 3
11117 4
11118 3
11119 1
11121 1
11122 2
11123 3
11125 1
11126 1
11127 3
11128 2
11129 2
11130 1
11131 1
11132 1
11133 1
11134 3
11135 2
11137 1
11139 2
11140 1
11141 1
11142 1
11143 1
11146 1
11148 2
11149 1
11150 1
11151 1
11152 1
11153 2
11155 1
11156 2
11157 1
11158 1
11161 2
11162 2
11163 2
11167 1
11168 1
11170 1
11172 2
11173 1
11174 1
11175 1
11178 1
11179 2
11180 2
11181 1
11182 1
11183 1
11187 1
11188 1
11189 2
11190 3
11191 2
11192 1
11193 1
11194 1
11195 2
11196 2
11197 1
11198 1
11199 1
11201 2
11202 2
11203 1
11204 1
11205 1
11206 1
11207 2
11208 1
11209 2
11210 1
11211 1
11212 1
11213 1
11214 2
11215 1
11216 1
11217 1
11218 1
11219 2
11220 1
11221 1
11222 3
11223 1
11224 1
11225 2
11226 1
11227 1
11229 1
11230 2
11231 2
11232 1
11233 1
11234 4
11235 2
11236 2
11237 2
11238 1
11239 2
11240 1
11241 3
11242 1
11243 2
11244 1
11245 2
11246 1
11247 2
11248 1
11249 3
11250 2
11251 3
11252 2
11253 1
11254 3
11255 1
11256 2
11257 2
11258 2
11259 2
11260 2
11261 1
11262 2
11263 2
11264 2
11265 2
11266 2
11267 1
11268 1
11269 3
11270 2
11271 1
11273 1
11274 3
11275 2
11276 2
11277 1
11278 2
11279 2
11280 3
11281 3
11282 3
11283 3
11285 2
11286 1
11287 2
11288 2
11289 2
11290 2
11291 3
11292 4
11293 1
11294 3
11295 3
11296 2
11297 3
11298 3
11299 2
11300 4
11301 1
11302 2
11303 1
11304 2
11305 2
11306 2
11307 2
11308 2
11309 4
11310 2
11311 1
11312 2
11313 2
11314 3
11315 2
11316 1
11317 2
11318 1
11319 3
11320 2
11321 2
11322 1
11323 2
11324 2
11325 4
11326 1
11327 3
11328 1
11329 2
11330 2
11331 2
11332 2
11333 1
11334 2
11335 2
11336 3
11337 3
11338 2
11339 1
11340 1
11341 1
11342 1
11343 1
11344 3
11345 2
11346 1
11349 2
11351 1
11352 1
11353 2
11354 1
11355 1
11356 1
11357 1
11358 1
11359 1
11361 1
11363 1
11364 2
11365 2
11367 1
11368 1
11369 2
11370 1
11371 2
11372 1
11374 1
11375 1
11376 1
11377 1
11378 1
11382 1
11383 1
11384 1
11385 1
11389 1
11392 1
11394 1
11397 1
11398 2
11399 1
11401 2
11404 2
11407 1
11408 1
11409 2
11410 1
11411 1
11414 1
11416 1
11417 2
11418 1
11422 1
11423 1
11424 1
11425 1
11426 2
11427 1
11429 1
11431 2
11432 1
11433 1
11434 1
11437 1
11438 1
11439 1
11440 1
11441 3
11442 1
11443 2
11444 3
11447 1
11448 1
11449 1
11450 1
11451 1
11452 1
11453 2
11455 1
11456 1
11457 1
11459 1
11460 2
11462 3
11463 1
11464 2
11466 1
11467 1
11469 1
11470 1
11471 3
11472 2
11473 2
11474 2
11476 1
11477 1
11478 1
11479 3
11480 1
11481 4
11482 1
11483 2
11484 1
11486 1
11487 2
11488 3
11489 1
11490 1
11491 2
11492 1
11493 1
11494 1
11495 1
11496 3
11497 1
11498 1
11499 2
11500 3
11501 1
11502 4
11503 1
11504 3
11505 2
11506 2
11507 1
11508 2
11509 1
11510 1
11511 1
11512 1
11513 2
11514 3
11515 1
11516 3
11517 3
11518 2
11519 2
11520 2
11521 3
11522 3
11523 1
11526 2
11527 3
11528 3
11529 1
11530 1
11531 1
11532 2
11533 3
11534 3
11535 2
11536 2
11537 2
11538 1
11539 3
11540 1
11541 1
11542 2
11543 2
11544 2
11545 2
11546 2
11547 1
11548 2
11549 2
11550 1
11551 2
11552 1
11553 1
11554 2
11555 1
11556 2
11557 2
11558 1
11559 2
11560 2
11561 4
11562 2
11563 1
11565 1
11566 2
11567 2
11568 1
11569 1
11570 1
11571 1
11572 2
11573 2
11574 3
11575 2
11576 1
11577 2
11578 1
11579 2
11580 1
11581 2
11582 1
11583 1
11584 1
11586 1
11589 1
11590 1
11591 2
11592 1
11594 1
11595 1
11596 1
11597 1
11600 2
11601 2
11602 1
11605 1
11606 2
11607 2
11608 2
11609 1
11610 1
11612 1
11613 1
11614 2
11615 1
11616 1
11617 2
11619 1
11620 1
11621 1
11622 1
11623 1
11624 2
11625 1
11626 1
11629 1
11633 1
11634 3
11635 2
11636 2
11639 1
11640 2
11641 2
11643 2
11645 2
11646 2
11647 2
11648 2
11650 1
11651 1
11652 2
11653 3
11654 2
11655 2
11656 1
11657 1
11658 1
11659 1
11660 2
11662 2
11663 2
11664 1
11665 2
11666 1
11667 1
11668 1
11669 3
11673 1
11674 3
11675 1
11676 1
11677 1
11678 2
11679 2
11680 2
11681 3
11682 1
11683 2
11684 1
11685 2
11686 2
11687 2
11688 2
11689 1
11690 2
11691 3
11692 3
11693 2
11694 3
11695 2
11696 2
11697 2
11698 3
11699 2
11700 2
11701 2
11702 2
11703 3
11704 3
11705 1
11706 1
11707 1
11708 3
11709 4
11710 2
11711 2
11712 1
11713 2
11714 2
11715 1
11716 2
11717 1
11718 3
11719 1
11720 3
11721 3
11723 3
11724 3
11725 2
11726 3
11727 3
11728 1
11729 1
11730 2
11731 2
11732 3
11733 1
11734 1
11735 2
11736 4
11737 2
11738 3
11739 2
11740 1
11741 1
11742 3
11743 3
11744 3
11745 1
11747 2
11748 2
11749 3
11750 2
11751 1
11752 1
11753 3
11754 2
11755 2
11756 3
11757 2
11758 2
11760 2
11761 2
11763 2
11764 3
11765 2
11766 1
11767 2
11769 3
11770 1
11771 2
11772 2
11773 1
11775 1
11776 1
11777 1
11779 2
11781 2
11782 2
11783 1
11784 1
11785 1
11787 1
11788 3
11789 2
11790 1
11791 1
11793 1
11796 2
11797 2
11798 1
11800 2
11801 1
11803 1
11804 1
11805 1
11807 1
11808 1
11809 2
11810 1
11811 2
11812 1
11813 1
11815 1
11816 3
11817 1
11818 1
11819 2
11820 1
11821 1
11822 2
11825 1
11826 1
11827 3
11828 3
11829 1
11831 1
11835 1
11836 1
11837 1
11838 1
11839 1
11840 1
11842 1
11843 1
11844 1
11845 1
11846 1
11848 1
11851 1
11852 1
11855 2
11856 1
11859 1
11860 1
11861 1
11862 1
11865 1
11866 1
11867 2
11868 1
11870 1
11871 1
11873 1
11875 1
11877 1
11878 1
11879 1
11882 1
11883 1
11884 2
11885 2
11886 1
11888 1
11889 1
11891 3
11892 1
11893 1
11895 3
11896 1
11897 1
11898 1
11899 2
11900 2
11901 1
11902 1
11903 1
11904 2
11905 1
11906 2
11907 3
11908 1
11910 1
11911 1
11912 1
11913 1
11914 2
11915 1
11916 3
11917 2
11918 3
11919 2
11920 1
11922 1
11923 2
11924 2
11925 3
11926 3
11927 1
11928 2
11929 1
11930 2
11931 3
11932 2
11933 3
11934 1
11935 5
11936 1
11937 2
11938 2
11939 3
11940 4
11941 1
11942 2
11943 1
11944 3
11945 3
11946 4
11947 3
11948 3
11949 1
11950 3
11951 1
11952 3
11953 2
11954 2
11955 2
11956 2
11957 3
11958 3
11959 2
11960 3
11961 1
11962 3
11963 2
11964 2
11965 3
11966 3
11967 1
11968 1
11969 2
11970 1
11971 3
11972 3
11973 2
11974 3
11975 2
11977 3
11978 2
11979 3
11980 2
11981 1
11982 2
11983 1
11984 1
11986 1
11987 1
11988 1
11989 1
11990 2
11991 2
11992 2
11993 2
11994 1
11995 2
11996 1
11998 1
11999 1
12000 1
12001 2
12002 1
12003 2
12004 1
12005 1
12006 2
12007 1
12008 1
12009 2
12010 1
12011 2
12012 1
12013 2
12014 1
12015 1
12017 1
12018 2
12019 3
12020 2
12021 2
12022 1
12023 1
12024 1
12025 1
12026 1
12027 1
12028 1
12030 3
12031 1
12032 1
12033 1
12034 1
12035 2
12036 1
12037 1
12038 2
12039 1
12040 1
12041 1
12042 1
12043 1
12045 1
12046 2
12047 1
12048 1
12049 2
12050 2
12051 1
12052 2
12053 1
12054 1
12055 1
12057 1
12058 1
12059 1
12061 1
12062 1
12064 2
12065 2
12066 1
12067 1
12068 1
12069 1
12070 2
12073 1
12074 1
12076 1
12077 1
12078 1
12079 1
12080 1
12081 1
12082 1
12083 1
12085 1
12086 1
12087 1
12089 2
12090 1
12091 1
12092 1
12094 1
12095 1
12096 1
12097 2
12098 1
12099 2
12101 1
12102 1
12104 1
12105 1
12106 1
12107 2
12108 2
12109 2
12110 2
12111 1
12112 1
12113 1
12114 1
12116 1
12117 1
12118 2
12119 1
12120 2
12121 2
12122 2
12123 2
12125 2
12126 2
12127 2
12128 1
12129 3
12130 1
12131 1
12132 1
12134 2
12135 3
12136 2
12137 2
12138 3
12139 1
12140 1
12141 2
12142 3
12143 1
12144 2
12145 1
12146 2
12147 2
12148 3
12149 1
12150 2
12151 1
12152 2
12153 3
12154 3
12155 3
12156 3
12157 1
12158 2
12160 3
12161 2
12162 2
12163 2
12164 1
12165 5
12167 3
12168 3
12169 3
12170 1
12171 1
12172 2
12174 2
12175 3
12176 3
12177 3
12178 1
12180 2
12181 3
12182 4
12183 1
12184 3
12186 2
12187 2
12188 1
12189 1
12190 1
12191 1
12192 2
12193 3
12194 2
12195 1
12196 2
12197 1
12198 1
12199 3
12200 3
12201 2
12202 1
12203 1
12204 1
12205 2
12207 1
12208 2
12209 3
12210 1
12211 2
12212 1
12214 1
12215 2
12216 2
12217 2
12218 1
12221 1
12222 1
12225 1
12227 1
12229 2
12230 1
12232 1
12233 2
12234 1
12235 1
12238 1
12239 1
12240 2
12241 1
12244 1
12245 1
12248 1
12249 2
12250 1
12252 1
12254 1
12255 2
12256 2
12257 2
12258 1
12260 2
12261 1
12262 2
12264 1
12265 1
12266 1
12267 1
12269 2
12271 2
12272 4
12273 2
12274 2
12275 1
12278 1
12279 2
12280 1
12281 2
12283 1
12284 2
12285 1
12286 1
12288 1
12289 1
12290 1
12291 2
12292 1
12293 1
12296 1
12299 1
12300 2
12302 1
12303 1
12304 1
12307 1
12309 1
12311 2
12312 2
12313 1
12315 1
12316 1
12317 1
12318 2
12319 1
12321 2
12323 1
12324 1
12325 1
12327 1
12328 2
12329 2
12330 1
12331 1
12333 2
12334 1
12335 2
12336 2
12337 2
12339 2
12340 1
12342 2
12343 1
12344 2
12345 1
12346 2
12347 3
12348 1
12349 1
12350 1
12351 2
12352 2
12353 1
12355 1
12356 3
12357 2
12358 3
12359 2
12360 1
12361 2
12362 2
12363 2
12364 3
12365 1
12366 1
12367 1
12368 4
12369 2
12370 2
12371 2
12372 1
12373 3
12374 3
12375 2
12376 2
12377 3
12378 1
12379 3
12380 2
12381 1
12382 3
12383 2
12384 3
12385 2
12386 2
12387 2
12388 1
12389 2
12390 3
12391 4
12392 4
12393 1
12394 2
12395 1
12396 3
12397 3
12398 2
12399 2
12400 2
12401 3
12402 4
12403 3
12404 3
12405 2
12406 3
12407 2
12408 3
12409 3
12410 2
12411 2
12412 2
12413 3
12414 3
12415 1
12416 1
12417 2
12418 2
12419 3
12420 2
12421 3
12422 2
12423 1
12424 1
12425 1
12426 3
12427 1
12430 1
12431 2
12432 1
12433 1
12434 1
12435 2
12436 1
12437 3
12438 2
12439 1
12440 2
12441 1
12442 1
12443 1
12444 1
12445 2
12446 1
12447 2
12448 3
12449 1
12451 1
12452 2
12453 1
12454 2
12455 1
12457 2
12459 1
12460 2
12461 1
12463 1
12464 1
12465 2
12466 2
12467 1
12470 1
12472 1
12474 2
12475 1
12476 1
12477 1
12478 1
12480 1
12481 2
12482 2
12483 1
12484 2
12485 1
12486 1
12487 1
12488 1
12491 1
12492 1
12493 2
12494 3
12495 1
12499 1
12500 2
12501 1
12503 1
12506 1
12508 1
12509 1
12510 1
12511 1
12514 1
12517 1
12518 1
12519 1
12520 1
12521 2
12523 1
12525 1
12526 2
12527 1
12528 2
12529 1
12530 1
12533 1
12534 1
12537 1
12538 1
12539 2
12540 2
12541 1
12543 2
12546 1
12547 1
12549 2
12550 1
12551 2
12552 1
12553 1
12554 1
12555 2
12556 1
12557 1
12558 2
12559 1
12560 1
12561 2
12562 1
12563 1
12564 2
12565 1
12566 3
12567 2
12568 2
12569 1
12570 1
12571 1
12572 1
12573 2
12574 2
12576 1
12577 1
12578 2
12579 3
12580 2
12581 2
12582 1
12583 3
12584 1
12586 3
12587 1
12589 1
12590 1
12591 1
12592 1
12593 1
12594 1
12595 3
12596 2
12597 1
12598 4
12599 1
12600 3
12601 1
12602 1
12604 2
12605 1
12606 1
12607 1
12608 1
12609 2
12610 2
12611 1
12612 3
12613 2
12614 1
12616 1
12617 2
12619 4
12620 2
12621 3
12622 1
12623 1
12624 1
12625 1
12626 2
12627 1
12628 2
12629 2
12630 1
12631 1
12633 1
12634 1
12636 3
12637 1
12638 3
12640 2
12641 1
12642 1
12643 2
12644 1
12645 1
12647 2
12648 1
12649 1
12650 1
12651 2
12652 1
12653 2
12654 1
12655 1
12656 2
12657 2
12658 1
12659 3
12660 1
12661 2
12662 1
12663 1
12667 1
12668 1
12669 1
12671 1
12673 2
12674 1
12676 1
12677 1
12678 1
12682 1
12683 2
12684 1
12685 1
12689 1
12690 2
12691 1
12692 1
12693 1
12694 1
12696 1
12699 2
12700 1
12701 1
12702 2
12703 1
12711 2
12713 1
12716 2
12717 1
12718 2
12722 2
12723 2
12724 1
12725 1
12728 1
12729 1
12730 2
12731 2
12732 1
12733 1
12735 2
12736 1
12737 1
12739 1
12742 1
12743 1
12744 1
12745 1
12746 1
12751 2
12755 1
12756 2
12757 1
12758 1
12760 1
12761 1
12762 2
12763 2
12764 1
12765 2
12767 1
12768 2
12769 1
12770 2
12771 2
12772 1
12773 2
12774 1
12775 2
12777 2
12778 1
12779 2
12780 2
12781 3
12782 1
12783 1
12784 1
12785 1
12786 3
12788 1
12789 1
12790 2
12791 4
12792 1
12793 2
12794 1
12795 1
12796 1
12797 1
12798 2
12800 4
12801 2
12802 4
12803 4
12804 1
12805 3
12806 1
12807 1
12808 4
12809 2
12810 2
12811 2
12812 3
12813 3
12814 1
12815 1
12817 3
12818 2
12819 3
12820 4
12821 2
12822 2
12823 1
12824 2
12825 2
12826 3
12828 1
12829 1
12830 2
12831 3
12832 2
12833 1
12834 2
12835 3
12836 1
12837 2
12838 2
12840 2
12841 2
12842 2
12843 2
12844 2
12845 1
12846 3
12847 2
12848 2
12849 2
12850 2
12851 3
12852 1
12853 2
12854 1
12855 1
12856 1
12857 2
12858 2
12859 3
12860 1
12861 2
12862 1
12863 2
12864 2
12865 3
12866 4
12868 1
12869 2
12870 2
12871 1
12873 1
12874 1
12875 2
12876 1
12877 1
12878 3
12880 1
12881 3
12882 1
12883 2
12884 1
12885 1
12886 1
12887 1
12888 1
12891 1
12892 2
12893 4
12894 1
12895 2
12896 1
12898 1
12899 2
12900 1
12901 1
12902 1
12904 3
12905 2
12906 1
12909 1
12910 1
12911 1
12912 2
12913 1
12914 1
12918 1
12921 2
12925 1
12926 1
12928 1
12932 1
12933 1
12938 2
12939 1
12942 1
12944 2
12945 2
12947 1
12952 1
12954 2
12961 2
12963 1
12965 2
12966 1
12968 1
12970 1
12971 1
12972 2
12973 4
12975 1
12977 1
12978 1
12981 1
12982 3
12983 2
12984 3
12985 2
12987 1
12990 1
12991 1
12992 1
12993 1
12994 3
12995 1
12996 2
12997 1
12999 1
13000 1
13001 3
13002 1
13003 2
13005 2
13006 1
13007 1
13008 2
13009 1
13010 1
13011 2
13012 4
13013 3
13015 2
13016 3
13017 1
13018 2
13020 1
13021 2
13022 4
13023 3
13024 3
13025 2
13027 2
13028 2
13030 4
13031 1
13032 2
13033 1
13034 2
13035 1
13036 1
13037 1
13039 3
13040 3
13041 3
13042 3
13043 1
13046 1
13047 1
13048 2
13049 1
13050 1
13051 1
13052 2
13054 2
13055 1
13056 3
13057 1
13058 1
13060 1
13061 2
13062 1
13064 2
13065 1
13067 1
13068 1
13069 1
13070 1
13071 1
13072 1
13073 3
13074 1
13075 1
13076 1
13077 1
13080 2
13081 2
13082 1
13083 1
13085 2
13086 2
13087 1
13088 2
13090 1
13091 1
13092 2
13094 1
13095 3
13096 3
13097 2
13098 1
13100 2
13101 3
13102 2
13103 2
13104 2
13105 2
13107 2
13108 1
13109 1
13110 1
13111 1
13112 2
13113 2
13114 2
13115 2
13116 1
13117 2
13119 1
13120 2
13121 1
13122 1
13123 1
13125 1
13126 1
13127 1
13128 1
13129 1
13131 1
13132 1
13134 2
13135 1
13136 1
13142 1
13143 1
13144 1
13146 1
13147 1
13155 1
13156 1
13163 1
13166 1
13167 1
13168 1
13174 1
13175 2
13176 3
13182 1
13183 2
13184 1
13185 1
13186 1
13187 2
13188 1
13189 1
13195 3
13196 1
13197 1
13199 2
13200 1
13202 1
13203 1
13204 2
13205 1
13206 1
13207 2
13208 1
13209 1
13211 1
13212 1
13214 1
13215 2
13216 2
13218 1
13219 2
13221 1
13222 2
13223 2
13224 3
13225 3
13226 1
13227 2
13228 1
13229 1
13230 2
13231 2
13232 1
13233 2
13234 2
13235 3
13236 1
13237 3
13238 2
13239 1
13240 2
13242 3
13243 2
13244 3
13245 2
13246 3
13247 3
13248 1
13249 2
13250 1
13251 1
13252 3
13253 1
13254 2
13256 2
13257 2
13258 2
13259 3
13261 2
13262 2
13263 2
13264 4
13265 2
13266 3
13267 1
13268 2
13269 2
13270 1
13271 1
13273 1
13274 1
13275 3
13276 2
13277 3
13278 2
13279 1
13280 2
13281 1
13282 1
13283 1
13284 2
13285 1
13286 2
13287 1
13288 1
13291 1
13292 2
13293 1
13294 2
13295 1
13296 1
13298 1
13299 2
13301 1
13303 2
13304 1
13305 2
13306 1
13307 1
13308 1
13309 1
13310 2
13311 2
13312 1
13313 2
13315 2
13317 2
13318 1
13320 1
13322 3
13323 1
13324 2
13325 2
13326 1
13327 1
13330 1
13331 1
13332 2
13333 1
13334 1
13335 1
13337 3
13338 2
13339 3
13341 1
13343 1
13344 1
13346 1
13348 1
13349 2
13350 1
13351 1
13355 1
13356 3
13357 1
13358 1
13362 1
13365 1
13366 1
13368 1
13377 1
13384 1
13386 1
13389 1
13393 1
13395 1
13396 1
13398 1
13405 1
13406 1
13407 1
13410 1
13412 1
13414 1
13415 1
13417 2
13419 1
13421 1
13424 1
13426 3
13427 2
13429 3
13433 1
13434 1
13435 1
13436 1
13438 3
13439 1
13440 2
13441 2
13445 2
13446 2
13447 1
13448 1
13450 3
13451 1
13452 1
13453 1
13455 1
13456 2
13457 2
13459 3
13460 3
13461 2
13464 1
13465 1
13466 3
13467 3
13468 2
13469 4
13472 2
13473 2
13474 3
13475 1
13476 2
13478 3
13479 1
13480 2
13481 1
13482 2
13483 1
13484 3
13485 4
13486 3
13487 2
13488 1
13490 1
13491 2
13493 1
13494 2
13495 1
13496 2
13497 1
13499 2
13500 1
13501 1
13502 1
13503 2
13504 2
13507 1
13508 1
13512 1
13513 2
13514 3
13515 1
13516 1
13517 1
13518 1
13519 2
13520 1
13521 2
13522 1
13524 1
13525 3
13526 1
13529 2
13530 1
13531 2
13534 2
13536 1
13537 1
13539 1
13540 2
13541 2
13542 2
13543 1
13544 1
13545 1
13547 3
13548 1
13549 1
13551 1
13552 1
13553 1
13554 1
13556 1
13557 1
13558 2
13559 3
13560 2
13561 2
13562 1
13563 1
13564 2
13565 1
13566 2
13569 1
13570 1
13571 1
13575 1
13576 2
13577 1
13578 1
13583 1
13586 1
13587 1
13588 1
13594 2
13596 1
13598 1
13600 1
13603 1
13605 1
13606 1
13607 1
13615 1
13617 1
13620 2
13626 1
13627 2
13628 1
13629 1
13631 1
13632 1
13633 1
13634 1
13636 1
13638 1
13639 2
13640 1
13641 1
13642 1
13643 3
13644 1
13645 1
13646 1
13647 1
13648 2
13649 2
13650 1
13651 2
13653 1
13655 1
13656 1
13657 1
13658 1
13659 1
13660 3
13663 2
13665 1
13666 2
13667 1
13668 3
13669 1
13671 1
13672 2
13674 1
13675 2
13676 2
13677 3
13678 2
13679 1
13680 1
13681 1
13682 2
13683 2
13684 1
13685 1
13686 2
13687 2
13688 2
13689 2
13690 2
13691 2
13694 2
13695 2
13696 2
13697 2
13698 2
13700 1
13701 1
13702 1
13703 2
13704 1
13705 1
13706 3
13707 1
13708 1
13709 2
13710 2
13711 1
13712 2
13713 1
13714 1
13715 1
13716 1
13717 1
13718 1
13720 1
13721 2
13722 2
13723 2
13724 3
13725 1
13726 1
13727 1
13728 1
13729 2
13730 1
13731 1
13733 2
13734 1
13735 2
13736 2
13737 1
13738 1
13739 1
13740 1
13741 1
13743 1
13744 1
13746 1
13749 1
13750 1
13752 2
13753 1
13755 2
13757 1
13761 1
13766 1
13767 2
13768 1
13769 2
13770 1
13774 1
13776 2
13777 1
13778 1
13779 1
13782 1
13785 1
13786 1
13793 1
13795 1
13799 1
13800 1
13804 1
13808 1
13810 1
13812 1
13813 1
13828 1
13837 1
13838 1
13839 1
13840 1
13845 1
13847 2
13849 1
13850 1
13851 1
13852 1
13856 1
13857 1
13858 1
13859 2
13863 1
13868 3
13870 2
13871 2
13877 1
13878 2
13879 2
13880 2
13881 1
13882 2
13883 1
13884 1
13885 3
13887 2
13888 1
13889 1
13890 2
13894 2
13895 1
13896 1
13897 1
13899 1
13900 1
13901 1
13902 2
13903 1
13904 1
13905 1
13908 1
13910 1
13911 1
13912 2
13913 2
13914 1
13916 1
13917 2
13918 1
13919 1
13920 1
13921 1
13922 1
13923 1
13924 1
13925 3
13926 1
13927 2
13928 3
13929 1
13930 2
13931 1
13932 2
13934 2
13935 1
13936 2
13937 1
13938 2
13939 1
13940 2
13941 2
13942 1
13943 3
13945 1
13946 2
13947 2
13948 2
13950 1
13951 1
13952 1
13953 1
13955 2
13957 2
13958 3
13959 2
13960 3
13962 1
13963 2
13965 3
13968 1
13969 1
13970 1
13972 1
13974 1
13975 2
13976 1
13977 2
13978 1
13981 1
13982 1
13985 1
13986 1
13987 1
13988 1
13989 1
13992 1
13994 1
13995 1
13998 1
14003 2
14004 1
14005 1
14006 1
14007 1
14008 1
14014 1
14015 1
14016 1
14020 1
14021 1
14022 1
14023 1
14026 1
14027 1
14031 1
14035 1
14038 2
14040 1
14042 1
14047 1
14048 1
14049 1
14050 3
14055 1
14059 2
14060 1
14061 1
14062 2
14067 1
14069 1
14071 2
14073 1
14074 1
14077 1
14078 2
14080 1
14082 1
14085 1
14086 1
14087 2
14088 2
14089 2
14090 2
14092 1
14093 2
14094 1
14095 2
14097 1
14098 1
14099 2
14100 2
14101 1
14102 2
14104 2
14105 1
14106 1
14107 2
14108 1
14109 2
14110 1
14111 2
14112 1
14116 1
14117 1
14118 1
14120 2
14121 1
14122 1
14123 1
14124 1
14127 1
14128 1
14129 2
14130 1
14132 2
14133 1
14134 1
14135 1
14138 1
14139 3
14140 1
14141 2
14142 2
14144 1
14147 1
14148 1
14150 2
14151 3
14153 2
14154 2
14155 1
14157 1
14158 1
14160 1
14161 1
14162 1
14163 2
14164 1
14165 1
14166 1
14167 2
14168 3
14169 2
14170 2
14172 2
14173 3
14175 1
14177 2
14178 3
14179 3
14180 2
14181 1
14182 1
14184 1
14185 3
14187 3
14188 1
14189 1
14190 1
14191 1
14194 1
14196 2
14197 3
14198 1
14199 1
14204 1
14208 1
14211 1
14213 1
14230 1
14242 1
14243 1
14252 1
14253 1
14257 1
14258 1
14260 1
14265 1
14272 1
14277 1
14281 1
14282 1
14284 1
14289 1
14291 1
14292 1
14293 1
14296 1
14297 1
14299 2
14300 1
14301 3
14303 2
14304 1
14306 1
14307 1
14308 1
14311 1
14312 2
14313 2
14314 1
14315 2
14316 1
14320 2
14322 2
14323 1
14324 3
14325 2
14326 1
14327 1
14328 1
14329 1
14331 1
14332 1
14333 2
14334 1
14336 1
14339 2
14340 1
14341 2
14342 1
14343 2
14344 1
14345 2
14346 2
14350 1
14352 2
14353 1
14354 2
14356 1
14357 1
14358 1
14359 1
14360 2
14361 2
14362 1
14364 1
14365 1
14369 1
14370 1
14371 2
14372 1
14373 1
14376 2
14377 1
14378 1
14379 1
14380 2
14381 2
14382 2
14384 1
14385 2
14386 1
14387 2
14388 2
14389 2
14390 2
14391 1
14392 3
14393 1
14394 1
14395 2
14397 1
14399 3
14400 2
14401 2
14402 2
14403 1
14404 3
14405 1
14406 1
14407 2
14409 1
14411 1
14412 1
14414 2
14415 1
14416 2
14418 1
14419 1
14420 1
14421 2
14423 1
14425 1
14426 1
14432 1
14433 1
14434 1
14438 1
14439 1
14451 1
14460 1
14467 1
14468 1
14470 1
14473 1
14479 1
14480 1
14484 1
14487 1
14491 1
14492 1
14494 2
14499 1
14503 2
14504 1
14506 2
14507 1
14511 1
14513 1
14515 1
14516 1
14517 1
14518 1
14519 1
14522 1
14523 1
14526 1
14528 1
14529 1
14531 1
14532 1
14533 1
14534 1
14535 1
14536 1
14537 1
14538 1
14541 1
14542 1
14543 2
14544 1
14546 2
14549 1
14550 3
14551 1
14552 1
14553 2
14554 1
14555 1
14560 1
14561 1
14562 3
14563 1
14564 2
14566 1
14568 1
14569 1
14571 1
14572 2
14573 1
14576 1
14581 2
14583 1
14584 2
14586 1
14590 1
14591 1
14595 2
14596 2
14597 1
14598 2
14602 1
14603 1
14605 1
14606 1
14607 2
14608 1
14609 1
14611 1
14612 1
14614 1
14615 1
14616 2
14617 2
14618 1
14622 2
14623 1
14624 3
14625 1
14626 1
14629 2
14630 1
14631 1
14633 1
14635 1
14636 1
14637 1
14639 1
14640 1
14641 3
14642 2
14643 2
14644 1
14648 1
14652 1
14653 1
14660 1
14671 1
14676 1
14686 1
14697 1
14702 1
14704 1
14710 1
14715 1
14716 1
14719 1
14721 1
14724 1
14725 1
14726 1
14733 1
14735 1
14736 1
14741 1
14742 1
14743 2
14744 1
14745 3
14750 1
14751 1
14752 1
14753 2
14754 1
14755 1
14756 1
14757 2
14758 1
14759 1
14760 2
14763 1
14764 2
14765 1
14767 1
14768 1
14769 1
14770 1
14771 1
14772 2
14774 1
14776 1
14777 1
14778 1
14780 1
14783 1
14784 1
14785 1
14786 2
14787 1
14788 2
14789 2
14790 1
14791 1
14793 1
14794 1
14797 1
14798 2
14799 2
14800 2
14801 1
14803 2
14804 2
14805 2
14806 3
14808 1
14810 1
14811 1
14812 1
14813 1
14814 1
14815 1
14816 1
14817 1
14818 1
14820 1
14821 1
14822 1
14823 1
14825 2
14826 1
14829 2
14832 2
14833 2
14834 2
14835 1
14837 1
14838 1
14843 1
14844 2
14845 2
14846 2
14847 1
14848 1
14849 1
14851 2
14852 1
14853 1
14854 1
14855 1
14856 1
14859 1
14860 1
14862 1
14863 1
14866 1
14867 1
14868 1
14869 1
14878 1
14879 1
14881 1
14886 1
14890 1
14898 1
14912 1
14917 1
14918 1
14924 1
14925 1
14927 1
14928 1
14929 1
14931 1
14934 1
14935 1
14936 1
14937 1
14945 1
14946 1
14947 1
14948 1
14951 1
14955 1
14957 1
14960 1
14961 1
14963 1
14964 1
14967 1
14970 1
14972 1
14979 1
14980 1
14981 1
14987 1
14990 1
14993 1
14994 2
14995 1
14997 1
14998 1
15002 2
15004 2
15006 2
15007 2
15008 2
15009 2
15013 1
15014 2
15015 1
15016 3
15018 1
15020 1
15025 3
15026 1
15027 2
15028 2
15033 1
15034 1
15035 2
15036 1
15037 2
15039 1
15040 2
15041 1
15042 2
15044 1
15051 1
15052 1
15054 1
15059 2
15061 1
15062 1
15067 1
15069 1
15070 1
15071 1
15073 1
15080 1
15081 1
15082 1
15083 1
15084 1
15085 1
15086 1
15089 1
15091 1
15093 1
15097 1
15098 1
15100 1
15103 1
15104 1
15105 1
15108 1
15112 1
15115 1
15117 1
15120 1
15132 1
15139 1
15151 1
15154 1
15159 1
15163 1
15164 1
15168 1
15169 1
15170 1
15171 1
15176 1
15177 1
15179 1
15183 1
15185 1
15186 1
15187 1
15188 2
15189 1
15197 2
15198 1
15199 1
15200 1
15201 1
15202 1
15204 1
15205 1
15206 1
15207 1
15208 1
15209 1
15210 1
15211 1
15212 1
15214 1
15216 2
15217 2
15218 1
15219 2
15220 1
15221 1
15224 1
15228 2
15229 1
15230 2
15231 2
15232 2
15234 1
15237 1
15238 1
15240 1
15242 1
15243 2
15244 3
15245 2
15246 1
15247 2
15248 1
15249 1
15250 3
15251 1
15252 1
15254 1
15255 2
15256 1
15257 1
15259 1
15261 1
15262 2
15263 1
15264 2
15265 1
15266 1
15267 2
15269 1
15273 1
15274 1
15277 1
15278 1
15279 1
15281 1
15286 1
15289 1
15290 1
15291 1
15296 1
15299 1
15307 1
15308 1
15310 1
15311 1
15312 1
15318 1
15319 1
15320 1
15323 1
15324 1
15327 1
15330 1
15334 1
15335 1
15342 2
15354 1
15362 1
15369 1
15371 1
15373 1
15374 1
15378 1
15379 1
15380 1
15381 2
15383 1
15389 1
15390 2
15391 1
15392 1
15393 1
15398 1
15399 1
15401 1
15402 1
15405 1
15408 1
15409 1
15424 1
15427 1
15436 1
15437 1
15438 1
15439 1
15446 1
15447 1
15448 1
15449 1
15451 1
15452 1
15453 1
15454 2
15456 1
15458 3
15459 1
15460 1
15462 1
15463 1
15464 1
15465 1
15466 1
15468 1
15469 2
15470 3
15471 1
15472 3
15473 1
15477 2
15479 2
15480 1
15481 3
15482 2
15483 1
15484 1
15485 1
15488 1
15489 2
15491 1
15493 1
15496 1
15498 1
15500 1
15502 1
15503 1
15507 1
15511 1
15515 1
15516 1
15526 1
15527 1
15528 1
15534 1
15537 1
15542 1
15544 1
15545 1
15546 1
15547 1
15550 2
15556 1
15557 1
15561 1
15562 1
15564 1
15569 1
15576 1
15583 1
15584 1
15593 1
15595 1
15596 1
15603 1
15605 1
15608 1
15612 1
15613 1
15615 1
15619 1
15620 1
15627 1
15628 1
15629 1
15630 2
15631 1
15632 1
15637 1
15639 1
15641 1
15643 1
15645 1
15646 1
15648 1
15649 2
15650 1
15654 1
15656 1
15658 1
15660 1
15661 2
15662 1
15663 1
15664 2
15668 1
15672 1
15673 2
15674 2
15675 2
15676 1
15681 1
15682 1
15683 1
15684 1
15685 1
15686 1
15688 2
15689 1
15691 1
15692 2
15693 1
15694 1
15695 1
15699 1
15700 1
15701 1
15703 1
15706 1
15707 2
15708 1
15709 1
15710 1
15711 1
15717 1
15718 1
15719 2
15721 1
15723 1
15725 1
15726 1
15729 1
15730 1
15738 1
15752 1
15753 1
15755 1
15763 1
15764 1
15771 1
15772 1
15779 1
15792 1
15798 1
15801 1
15818 1
15823 1
15827 1
15833 1
15834 1
15835 2
15837 1
15842 1
15846 1
15847 1
15853 1
15854 1
15865 1
15867 1
15870 1
15871 1
15872 1
15876 1
15880 1
15881 2
15882 1
15883 1
15888 1
15890 1
15891 1
15892 1
15893 1
15896 1
15898 1
15899 1
15900 1
15902 2
15907 1
15909 1
15910 2
15911 1
15912 1
15913 1
15914 1
15915 2
15921 1
15922 1
15924 1
15925 1
15926 2
15927 1
15928 1
15929 1
15931 1
15933 2
15934 1
15937 1
15943 1
15944 1
15945 2
15946 1
15955 1
15956 1
15960 1
15961 1
15963 1
15968 1
15971 1
15975 1
15980 1
15989 1
15990 1
15994 1
15995 1
16001 1
16002 1
16004 1
16006 1
16008 1
16011 1
16014 1
16023 1
16028 1
16037 1
16040 1
16047 1
16049 1
16056 1
16057 1
16063 1
16072 1
16073 1
16074 2
16075 2
16080 1
16081 1
16082 1
16083 1
16084 2
16085 1
16086 1
16090 1
16091 2
16092 2
16093 2
16094 1
16102 2
16103 2
16104 1
16105 1
16106 1
16110 1
16112 1
16114 1
16117 1
16118 2
16120 1
16121 1
16125 1
16129 1
16136 2
16137 1
16138 1
16144 1
16147 1
16150 1
16154 1
16159 1
16163 2
16164 1
16166 1
16170 1
16171 1
16173 1
16175 1
16182 2
16183 1
16185 1
16190 1
16194 1
16197 1
16216 1
16236 1
16245 1
16246 1
16253 1
16265 1
16277 1
16278 1
16279 1
16285 1
16287 1
16289 1
16291 1
16294 1
16296 1
16297 1
16298 1
16306 1
16308 1
16309 1
16311 1
16314 1
16320 1
16321 1
16325 2
16326 1
16327 1
16328 1
16332 1
16333 1
16336 1
16340 1
16342 1
16343 1
16344 2
16345 1
16346 1
16354 1
16355 1
16356 1
16358 1
16363 1
16366 1
16367 1
16368 1
16371 1
16373 1
16374 1
16376 1
16377 1
16385 1
16386 1
16387 1
16388 1
16389 2
16395 1
16397 1
16400 1
16401 1
16404 1
16405 1
16407 1
16419 1
16424 1
16439 1
16446 1
16448 1
16455 1
16456 1
16458 1
16467 1
16468 1
16475 1
16501 1
16517 1
16519 1
16524 1
16528 2
16529 1
16531 1
16535 2
16536 3
16537 1
16538 1
16540 1
16546 1
16547 3
16548 2
16549 1
16550 1
16554 1
16555 1
16556 1
16558 1
16559 1
16562 1
16565 1
16566 1
16581 1
16584 1
16593 1
16603 1
16604 1
16609 1
16611 1
16615 1
16619 1
16623 1
16627 2
16628 1
16634 1
16638 1
16639 1
16646 1
16690 1
16696 1
16697 1
16705 1
16707 1
16709 1
16722 1
16731 1
16733 1
16738 1
16739 1
16741 2
16750 2
16751 1
16752 1
16753 1
16758 1
16760 1
16762 1
16765 1
16769 1
16770 1
16772 1
16776 1
16784 1
16785 1
16786 1
16787 1
16788 1
16789 1
16794 1
16796 1
16800 1
16803 1
16806 1
16807 1
16811 1
16815 1
16819 1
16829 1
16830 1
16831 1
16832 1
16838 1
16841 1
16848 1
16849 1
16900 1
16912 1
16919 1
16947 1
16949 1
16958 1
16973 1
16980 1
16984 1
16990 1
16992 3
16999 1
17003 1
17004 1
17010 1
17011 1
17022 1
17027 1
17037 1
17038 1
17045 1
17048 1
17057 1
17067 1
17083 1
17140 1
17149 1
17150 1
17151 1
17152 1
17157 1
17159 1
17161 1
17168 1
17169 1
17171 1
17180 1
17183 1
17194 1
17195 1
17197 1
17202 1
17206 1
17213 1
17214 1
17229 1
17230 1
17231 1
17237 1
17240 1
17241 1
17247 1
17248 1
17249 1
17250 1
17259 1
17260 1
17267 1
17275 1
17293 1
17391 1
17402 1
17403 1
17410 1
17422 1
17435 1
17444 1
17448 1
17451 1
17454 1
17463 1
17466 1
17482 1
17501 1
17594 1
17596 1
17601 1
17605 1
17612 1
17613 2
17615 1
17624 1
17625 1
17632 1
17658 1
17674 1
17686 1
17692 1
17693 1
17704 1
17705 1
17711 1
17847 1
17853 1
17862 1
17866 1
17888 1
17896 1
17907 1
17908 1
17915 1
18057 1
18069 1
18076 1
18104 1
18306 1
18307 1
18314 1
18326 1
18352 1
18751 1
18770 1
End
