NMec = 97746
T = 14
P = 3
Profits not ignored
Valid tasks:                                                             3689
Solution time = 8.642e-05
Task data
    3  26  3129 0
    4  13  1285 -1
    9  17  1889 1
    9  19  2959 2
    9  42  2597 -1
   13  19   416 -1
   15  25   979 -1
   18  36  2488 1
   19  35  1257 -1
   20  28  2063 2
   23  36  1372 -1
   28  39   928 0
   29  36   739 -1
   32  44  3174 2
Best profit: 16630
All profits:
0 1
416 1
739 1
928 1
979 1
1155 1
1257 1
1285 1
1344 1
1372 1
1395 1
1667 1
1673 1
1701 1
1718 1
1788 1
1889 1
1907 1
1996 1
2024 1
2063 1
2083 1
2111 1
2134 1
2185 1
2213 1
2236 1
2264 1
2300 1
2305 1
2323 1
2351 1
2412 1
2440 1
2479 1
2488 1
2527 1
2542 1
2597 1
2601 1
2628 1
2629 2
2646 1
2652 1
2657 1
2680 1
2716 1
2767 1
2802 1
2817 1
2868 1
2904 1
2924 1
2952 1
2958 1
2959 1
2975 1
2991 1
3003 1
3013 1
3039 1
3042 1
3044 1
3045 1
3062 1
3073 1
3090 1
3129 1
3146 1
3164 1
3174 2
3192 1
3218 1
3227 1
3233 1
3261 1
3279 1
3281 1
3284 1
3320 1
3336 1
3340 1
3348 1
3368 2
3375 1
3391 1
3396 1
3407 1
3416 1
3419 1
3435 1
3455 1
3458 1
3467 1
3470 1
3506 1
3521 1
3525 1
3545 1
3556 1
3557 1
3562 1
3576 1
3580 1
3585 1
3590 2
3607 1
3608 2
3636 1
3643 1
3677 1
3695 1
3697 1
3698 1
3730 1
3736 1
3745 1
3752 1
3764 1
3773 1
3781 1
3784 1
3796 1
3812 1
3832 1
3851 1
3854 1
3860 1
3868 1
3882 1
3883 1
3885 1
3886 1
3887 1
3903 1
3913 2
3914 1
3931 1
3937 1
3938 1
3941 1
3952 1
3969 1
3970 1
3972 1
3973 1
3992 1
4000 1
4001 1
4018 1
4023 1
4024 1
4052 1
4057 1
4059 1
4074 1
4087 1
4102 2
4108 1
4114 1
4125 1
4146 1
4153 2
4155 1
4161 1
4174 1
4189 2
4197 1
4206 1
4209 1
4212 1
4216 1
4240 1
4244 1
4248 1
4260 1
4264 1
4270 1
4276 2
4284 1
4298 1
4299 1
4301 1
4303 1
4315 1
4319 1
4324 1
4327 1
4329 2
4330 1
4331 1
4347 2
4354 1
4363 1
4368 1
4375 1
4377 1
4385 1
4386 2
4395 1
4414 2
4416 1
4431 2
4434 1
4449 1
4459 1
4473 1
4475 1
4484 1
4486 1
4490 1
4501 1
4503 1
4504 1
4512 1
4518 3
4524 1
4535 1
4536 1
4541 1
4546 2
4551 1
4564 1
4569 2
4571 1
4590 1
4593 1
4599 1
4605 2
4621 1
4622 1
4625 1
4626 1
4632 1
4653 1
4656 1
4660 2
4664 1
4673 1
4676 1
4677 1
4680 1
4691 1
4692 2
4701 1
4708 1
4709 1
4715 1
4720 1
4724 1
4731 1
4740 1
4743 1
4747 1
4752 1
4763 1
4779 1
4782 1
4788 1
4791 1
4793 1
4796 1
4802 1
4810 1
4811 1
4813 1
4830 2
4833 1
4839 1
4841 2
4842 1
4847 3
4848 1
4861 1
4864 1
4865 1
4866 1
4875 1
4880 1
4892 2
4893 1
4897 1
4900 1
4902 1
4917 1
4920 1
4928 2
4931 1
4934 1
4948 1
4951 1
4952 1
4955 1
4962 2
4967 1
4979 1
4980 1
4983 1
4987 1
5009 1
5015 2
5018 1
5021 1
5022 1
5030 1
5036 1
5037 1
5038 1
5042 1
5053 1
5063 1
5066 1
5069 1
5070 1
5076 1
5081 2
5085 1
5089 1
5093 1
5102 1
5107 1
5108 1
5116 1
5117 2
5124 1
5125 2
5134 1
5136 1
5139 1
5144 1
5145 1
5153 2
5168 2
5170 2
5172 1
5188 1
5192 1
5195 1
5198 2
5204 1
5209 1
5212 1
5223 1
5225 1
5226 2
5227 1
5229 1
5237 2
5240 1
5243 1
5254 1
5255 2
5257 3
5258 1
5259 1
5263 1
5264 1
5277 1
5280 1
5282 1
5285 2
5290 1
5296 1
5303 1
5305 1
5308 2
5309 1
5310 1
5313 1
5314 1
5324 1
5342 2
5344 2
5347 1
5356 1
5359 2
5364 1
5365 1
5371 1
5387 1
5393 1
5395 1
5399 2
5403 1
5410 2
5414 1
5429 1
5431 2
5434 1
5438 2
5440 1
5446 2
5447 1
5452 1
5454 1
5459 1
5463 1
5465 1
5469 1
5474 2
5479 2
5480 1
5482 1
5486 1
5491 1
5497 3
5501 2
5518 1
5525 2
5530 1
5532 1
5533 2
5541 1
5549 1
5550 1
5555 1
5556 1
5560 1
5561 1
5569 2
5572 1
5578 1
5584 2
5586 2
5587 1
5588 3
5600 1
5604 1
5605 1
5608 1
5614 1
5616 1
5617 1
5619 1
5625 1
5632 1
5634 1
5639 2
5641 1
5642 1
5643 1
5648 1
5652 1
5653 2
5656 1
5659 1
5662 2
5670 2
5671 2
5673 1
5675 1
5680 1
5687 1
5699 1
5701 2
5706 1
5716 1
5719 1
5721 1
5726 2
5730 1
5740 1
5743 1
5749 1
5757 1
5758 3
5760 1
5761 2
5767 1
5769 1
5771 2
5772 1
5775 3
5776 1
5786 1
5789 1
5792 1
5802 1
5803 3
5808 1
5809 1
5815 1
5820 2
5821 1
5824 1
5826 2
5827 1
5830 1
5831 1
5836 1
5845 1
5847 1
5854 1
5856 1
5858 1
5859 1
5862 1
5863 1
5875 1
5876 1
5878 1
5883 1
5884 1
5890 2
5895 1
5896 1
5907 2
5911 1
5913 1
5917 2
5923 1
5931 1
5934 1
5941 2
5945 1
5946 2
5948 1
5949 1
5950 1
5958 1
5962 1
5965 1
5966 1
5972 1
5976 2
5977 1
5991 1
5993 1
5994 2
5997 1
5998 1
6000 1
6001 1
6003 1
6004 2
6009 1
6013 1
6016 1
6021 1
6032 2
6033 1
6035 1
6042 1
6044 1
6048 1
6049 1
6050 1
6053 1
6055 1
6063 1
6064 2
6067 1
6073 1
6078 2
6081 2
6086 1
6087 1
6088 1
6095 1
6096 1
6098 1
6103 1
6104 1
6105 1
6115 1
6118 1
6120 1
6123 1
6124 1
6126 1
6132 2
6133 2
6137 1
6142 1
6149 2
6151 1
6153 1
6159 1
6165 3
6168 1
6171 1
6173 1
6174 1
6177 2
6182 1
6183 1
6185 1
6186 1
6187 1
6188 1
6191 1
6192 1
6202 1
6204 1
6205 1
6208 1
6213 1
6216 2
6218 2
6219 3
6220 1
6224 1
6233 1
6236 3
6237 1
6238 1
6240 2
6247 1
6252 2
6264 2
6269 1
6272 1
6274 1
6275 2
6279 1
6284 1
6292 1
6293 1
6294 1
6295 1
6299 1
6300 1
6303 3
6307 1
6320 1
6321 1
6323 2
6327 3
6333 1
6338 2
6339 1
6342 1
6347 1
6348 1
6355 1
6356 1
6361 1
6362 1
6364 1
6366 2
6370 1
6373 1
6374 1
6375 1
6378 2
6382 1
6387 1
6390 1
6392 2
6393 2
6394 1
6401 2
6402 1
6407 1
6408 1
6409 1
6410 2
6414 1
6417 1
6419 1
6425 1
6426 1
6429 2
6435 1
6438 1
6440 1
6448 1
6449 1
6453 2
6455 1
6457 1
6458 2
6460 1
6465 2
6469 1
6477 1
6479 1
6480 1
6482 1
6483 1
6484 1
6488 1
6489 1
6494 2
6497 3
6504 1
6510 2
6511 2
6512 1
6514 1
6515 1
6516 1
6521 1
6522 1
6525 1
6528 1
6535 1
6536 1
6540 1
6542 2
6544 1
6545 1
6547 1
6548 1
6549 2
6553 1
6562 1
6564 1
6565 2
6566 1
6567 3
6569 1
6570 1
6575 1
6581 3
6584 1
6587 1
6590 2
6593 1
6595 1
6596 1
6597 1
6598 2
6599 1
6602 1
6604 1
6609 2
6613 1
6627 1
6629 1
6632 2
6634 1
6635 1
6636 1
6641 2
6644 1
6649 1
6650 1
6652 1
6654 2
6656 2
6662 1
6668 1
6671 1
6677 1
6680 2
6684 1
6685 2
6686 1
6688 1
6689 1
6691 1
6695 2
6699 2
6700 1
6704 1
6705 1
6711 1
6714 1
6716 1
6719 2
6722 1
6723 1
6728 1
6730 1
6731 1
6732 1
6736 2
6737 1
6739 1
6740 1
6743 2
6748 1
6750 2
6754 2
6755 1
6759 1
6764 2
6765 1
6771 2
6772 1
6781 1
6782 3
6786 2
6789 1
6791 1
6794 1
6803 2
6806 1
6810 2
6813 1
6815 1
6817 2
6818 1
6819 1
6824 1
6826 1
6827 1
6835 1
6837 1
6841 2
6844 1
6845 1
6851 1
6854 1
6856 1
6857 1
6859 1
6862 1
6863 1
6865 1
6869 2
6871 1
6872 2
6873 3
6874 2
6876 1
6881 1
6890 1
6893 1
6898 1
6900 1
6902 1
6904 3
6910 3
6911 1
6913 1
6919 2
6924 1
6925 1
6926 1
6927 2
6928 2
6929 1
6931 1
6932 1
6937 1
6938 1
6941 1
6944 1
6947 1
6955 2
6958 1
6959 1
6960 1
6961 1
6963 1
6965 1
6970 1
6972 1
6974 1
6977 1
6978 1
6980 1
6983 2
6986 1
6989 1
6991 2
6992 1
6997 1
7006 3
7011 2
7013 1
7014 2
7015 1
7016 1
7018 1
7023 1
7025 2
7028 2
7032 1
7033 1
7034 2
7042 3
7043 2
7046 2
7052 1
7056 1
7057 2
7059 1
7060 2
7061 2
7067 1
7070 1
7072 1
7077 1
7078 1
7081 1
7084 1
7087 2
7088 1
7093 2
7098 1
7099 1
7100 1
7101 1
7102 1
7105 2
7109 1
7111 1
7112 2
7114 1
7115 2
7116 1
7126 1
7129 1
7130 1
7132 2
7133 1
7143 2
7144 3
7146 1
7147 2
7148 3
7156 1
7161 1
7165 1
7166 1
7168 1
7174 1
7175 1
7179 1
7180 1
7181 1
7187 1
7188 1
7192 1
7197 2
7198 2
7199 1
7202 2
7203 1
7207 1
7208 1
7216 1
7219 1
7223 1
7226 1
7231 4
7233 2
7235 2
7243 1
7248 1
7251 1
7254 1
7258 1
7260 1
7261 1
7274 1
7275 1
7276 1
7279 1
7282 2
7283 1
7284 1
7286 1
7288 2
7289 2
7292 1
7298 1
7299 1
7303 1
7306 3
7317 1
7318 2
7320 3
7322 1
7326 1
7327 2
7329 1
7334 1
7335 3
7336 1
7338 1
7340 1
7343 1
7344 1
7345 2
7348 2
7349 1
7352 1
7354 1
7363 2
7366 1
7368 1
7369 1
7371 2
7373 2
7375 1
7377 1
7380 2
7386 1
7388 1
7389 1
7390 3
7393 2
7405 2
7407 1
7408 1
7414 1
7418 1
7419 1
7422 3
7430 1
7432 1
7434 2
7438 1
7439 1
7443 1
7444 2
7445 1
7449 1
7450 3
7453 1
7456 1
7458 2
7459 1
7460 1
7461 1
7462 1
7463 1
7467 1
7468 1
7471 1
7472 1
7473 2
7475 1
7476 1
7477 3
7489 2
7492 1
7493 1
7494 1
7495 1
7497 1
7501 1
7503 2
7504 2
7505 2
7506 1
7509 1
7510 1
7514 1
7515 1
7521 2
7523 1
7524 1
7525 1
7528 2
7530 1
7531 1
7532 1
7537 2
7541 1
7542 1
7545 1
7549 2
7551 1
7552 1
7554 1
7558 1
7559 1
7560 4
7563 1
7564 3
7569 2
7576 1
7577 1
7578 1
7580 1
7584 1
7588 3
7590 1
7595 1
7604 1
7605 1
7608 1
7612 2
7613 2
7615 1
7618 1
7619 2
7623 2
7624 1
7627 1
7632 2
7633 1
7639 1
7641 1
7647 3
7649 2
7650 2
7651 2
7656 1
7658 1
7660 2
7663 1
7664 2
7667 2
7668 1
7675 2
7677 1
7678 2
7679 1
7680 1
7686 1
7692 2
7693 1
7697 1
7698 1
7699 1
7700 1
7702 1
7704 1
7709 1
7710 1
7711 1
7713 1
7714 1
7715 1
7719 1
7720 1
7722 2
7725 2
7728 1
7733 1
7734 2
7736 1
7738 2
7741 1
7742 1
7743 2
7745 1
7747 1
7750 2
7752 1
7754 1
7755 1
7764 2
7765 1
7767 1
7769 1
7772 1
7773 1
7779 2
7782 2
7784 1
7789 2
7793 1
7795 1
7796 2
7798 1
7800 2
7801 1
7802 1
7806 3
7809 1
7812 1
7820 2
7821 1
7823 1
7830 2
7832 1
7834 3
7835 1
7837 1
7838 3
7839 1
7847 1
7849 1
7850 1
7851 2
7852 2
7855 1
7856 1
7865 1
7866 3
7869 1
7872 1
7875 1
7876 1
7881 1
7882 1
7883 3
7887 3
7889 2
7890 1
7893 2
7894 1
7898 2
7902 1
7905 1
7907 1
7908 1
7911 1
7917 2
7919 1
7920 1
7921 2
7922 1
7926 2
7937 1
7938 1
7939 2
7941 1
7942 1
7946 1
7947 1
7953 3
7956 1
7962 1
7965 1
7967 1
7970 4
7971 1
7974 2
7976 1
7977 1
7980 1
7984 1
7985 2
7989 1
7990 1
7993 1
7995 1
7997 1
8004 3
8007 2
8009 1
8012 1
8013 2
8015 1
8021 3
8022 1
8025 1
8026 1
8028 2
8035 2
8038 1
8039 1
8040 2
8044 1
8054 1
8056 1
8057 2
8060 1
8061 1
8063 1
8066 2
8067 2
8071 1
8072 1
8074 1
8075 1
8076 3
8079 1
8083 1
8084 2
8088 1
8091 1
8093 1
8094 1
8095 1
8096 1
8098 1
8102 1
8104 1
8105 1
8107 1
8108 2
8109 1
8112 2
8113 1
8116 1
8122 2
8125 1
8126 1
8127 1
8129 3
8136 1
8141 2
8144 2
8147 1
8150 1
8151 1
8153 1
8154 1
8157 1
8158 2
8159 2
8161 1
8163 1
8168 1
8171 1
8182 1
8184 1
8185 1
8186 1
8188 1
8189 2
8192 1
8195 2
8196 2
8198 1
8199 1
8202 1
8204 1
8205 1
8210 2
8211 1
8212 2
8213 1
8214 2
8216 3
8217 1
8222 1
8227 1
8228 1
8231 2
8236 1
8240 1
8244 2
8245 1
8246 1
8248 1
8249 1
8250 1
8253 1
8254 1
8255 2
8259 2
8262 1
8263 2
8264 1
8265 1
8267 2
8268 2
8271 1
8272 1
8273 1
8274 1
8276 1
8277 1
8281 1
8282 2
8283 1
8290 1
8291 2
8297 1
8299 4
8301 2
8303 3
8308 1
8310 1
8313 1
8315 1
8317 1
8318 3
8319 1
8327 3
8333 1
8337 1
8338 1
8342 2
8344 1
8346 2
8347 1
8352 1
8354 1
8357 1
8358 2
8362 1
8363 1
8366 2
8369 2
8372 1
8373 1
8378 1
8383 2
8384 1
8386 3
8387 1
8388 1
8390 2
8397 1
8399 2
8400 2
8401 2
8405 1
8411 1
8414 2
8417 1
8418 1
8419 1
8425 1
8428 1
8429 3
8431 1
8432 1
8433 3
8434 1
8436 1
8437 1
8438 2
8439 1
8441 1
8442 1
8450 1
8451 1
8453 1
8454 1
8456 3
8459 1
8464 2
8470 1
8472 1
8473 2
8477 1
8479 1
8482 2
8483 1
8484 2
8485 1
8488 2
8489 1
8491 1
8492 1
8498 1
8508 1
8516 3
8518 1
8520 1
8521 1
8523 1
8528 2
8530 1
8532 1
8533 1
8537 1
8538 1
8539 2
8543 2
8545 2
8547 1
8551 1
8559 1
8560 1
8567 2
8569 2
8573 3
8574 1
8575 1
8576 1
8577 1
8578 1
8584 2
8588 2
8591 2
8593 1
8598 1
8603 2
8605 2
8607 1
8608 2
8611 1
8612 1
8615 1
8620 2
8621 2
8626 1
8628 2
8629 1
8630 2
8632 2
8633 1
8637 1
8639 2
8643 1
8646 1
8647 1
8648 1
8653 2
8654 2
8656 1
8658 1
8660 2
8661 1
8662 1
8665 2
8671 2
8675 2
8678 2
8680 1
8685 1
8690 1
8692 2
8699 2
8702 1
8704 2
8706 1
8707 2
8708 1
8715 1
8716 1
8717 3
8719 1
8724 1
8726 1
8728 1
8729 2
8730 1
8734 2
8735 1
8743 3
8745 1
8746 1
8748 2
8751 1
8752 1
8754 1
8758 2
8760 1
8761 1
8762 6
8763 2
8767 1
8774 2
8777 1
8779 2
8780 1
8782 1
8783 1
8790 1
8791 2
8793 1
8795 1
8799 2
8800 1
8802 1
8804 1
8806 1
8808 1
8809 1
8813 3
8815 2
8817 3
8818 1
8821 1
8822 1
8826 1
8827 1
8830 1
8834 1
8835 2
8836 1
8837 1
8843 1
8844 2
8845 2
8848 1
8849 2
8850 1
8852 1
8854 2
8861 1
8866 1
8869 1
8872 1
8873 1
8875 1
8876 1
8878 1
8880 2
8881 1
8882 1
8889 1
8890 1
8895 1
8898 2
8900 2
8904 2
8905 1
8907 1
8908 1
8914 1
8917 2
8918 1
8921 1
8923 1
8925 1
8931 1
8932 5
8934 1
8935 3
8936 1
8941 1
8944 1
8945 1
8946 1
8949 3
8950 1
8952 1
8953 2
8960 1
8961 1
8963 2
8965 1
8967 1
8972 1
8977 1
8982 2
8983 1
8985 1
8987 1
8988 1
8989 1
8991 2
8994 2
8998 1
9000 1
9001 1
9003 1
9004 2
9007 2
9010 1
9012 1
9013 1
9019 1
9021 1
9022 1
9023 1
9024 1
9026 1
9032 2
9033 1
9036 1
9037 2
9040 2
9049 1
9050 1
9054 1
9057 1
9064 1
9069 2
9070 1
9074 2
9076 1
9077 1
9078 1
9079 1
9081 1
9083 1
9085 1
9086 1
9087 2
9091 4
9096 1
9097 2
9105 2
9108 2
9112 1
9115 1
9119 1
9120 3
9122 2
9123 2
9124 3
9127 1
9130 1
9133 1
9136 1
9140 1
9141 1
9142 1
9146 1
9147 1
9150 1
9151 1
9164 1
9168 2
9171 1
9172 2
9173 1
9174 1
9175 2
9177 2
9178 3
9183 1
9187 1
9190 1
9192 2
9193 1
9195 3
9196 1
9202 1
9206 3
9207 1
9209 1
9211 2
9223 2
9224 2
9227 1
9228 1
9229 1
9231 1
9234 1
9237 1
9238 3
9243 1
9252 1
9255 2
9259 1
9260 1
9261 1
9262 2
9266 1
9269 1
9270 1
9278 2
9279 1
9280 1
9282 2
9286 1
9289 1
9292 1
9294 3
9297 2
9298 2
9306 2
9307 1
9311 2
9315 1
9316 1
9323 2
9325 1
9329 1
9332 1
9333 1
9337 1
9339 2
9342 1
9345 2
9346 1
9347 2
9348 1
9349 1
9351 1
9352 1
9357 1
9360 2
9361 1
9362 1
9365 1
9366 1
9367 1
9369 2
9376 1
9378 2
9379 1
9381 2
9384 1
9390 1
9392 1
9393 3
9394 1
9397 1
9398 2
9399 1
9401 1
9407 2
9408 1
9410 1
9412 2
9413 1
9414 1
9416 1
9417 1
9419 1
9424 1
9426 2
9429 1
9436 1
9438 2
9441 1
9443 2
9447 1
9448 2
9449 2
9453 3
9456 3
9458 1
9467 2
9469 1
9470 1
9471 1
9477 2
9481 1
9484 1
9487 1
9493 1
9495 2
9497 1
9499 1
9501 3
9502 2
9504 1
9506 1
9507 1
9508 1
9512 2
9513 2
9516 2
9521 2
9523 1
9526 1
9529 1
9530 2
9534 1
9535 1
9536 1
9538 1
9539 1
9540 2
9543 1
9544 1
9548 1
9549 2
9552 3
9556 2
9557 1
9558 1
9564 1
9566 1
9567 2
9568 2
9569 1
9575 1
9582 2
9584 2
9586 1
9588 1
9589 1
9591 1
9593 1
9600 2
9603 1
9608 1
9611 1
9612 1
9613 1
9614 1
9615 1
9617 1
9618 1
9621 1
9622 1
9623 2
9627 2
9630 1
9631 1
9632 2
9636 1
9639 2
9643 1
9644 1
9645 1
9647 1
9651 1
9653 1
9654 1
9657 1
9658 1
9668 1
9671 3
9673 1
9675 1
9678 2
9682 1
9684 1
9685 1
9686 1
9687 1
9689 1
9690 1
9691 1
9695 1
9699 1
9702 1
9704 1
9709 1
9710 1
9714 1
9718 1
9719 2
9721 1
9722 1
9723 2
9724 1
9726 1
9727 2
9730 1
9738 2
9739 1
9740 1
9741 5
9745 1
9749 1
9755 2
9761 1
9762 1
9763 1
9764 1
9769 1
9770 2
9772 1
9773 1
9774 1
9776 2
9778 1
9783 1
9787 1
9797 1
9800 1
9801 1
9806 2
9808 1
9809 1
9810 1
9813 2
9815 2
9817 1
9818 1
9822 1
9823 1
9824 1
9828 2
9830 2
9832 1
9835 1
9836 1
9842 1
9854 1
9858 1
9859 3
9860 1
9861 1
9863 3
9865 1
9869 2
9872 1
9873 1
9874 1
9878 2
9879 1
9883 1
9885 1
9886 1
9888 1
9893 2
9896 1
9897 1
9902 1
9906 1
9910 1
9911 1
9913 1
9914 2
9915 1
9924 1
9928 1
9929 1
9931 1
9932 1
9933 1
9938 1
9939 2
9945 2
9946 1
9948 1
9950 2
9956 2
9960 1
9965 2
9968 1
9973 1
9977 1
9980 1
9982 1
9984 1
9985 1
9987 1
9989 1
9991 1
9993 2
9998 1
10000 1
10001 2
10002 3
10005 1
10011 2
10015 1
10018 1
10019 2
10028 1
10030 1
10033 3
10036 1
10037 1
10039 1
10040 1
10043 1
10046 1
10047 2
10048 4
10052 2
10055 1
10057 1
10058 1
10064 1
10067 1
10068 1
10074 2
10075 1
10076 1
10078 1
10084 3
10085 1
10088 1
10091 1
10093 1
10098 1
10099 1
10101 1
10102 2
10103 3
10105 1
10106 1
10107 1
10115 1
10120 3
10129 1
10133 1
10134 1
10135 1
10137 1
10138 1
10139 2
10146 1
10147 1
10148 1
10151 1
10152 1
10154 1
10156 1
10157 2
10161 1
10162 1
10163 2
10165 1
10166 1
10167 1
10171 1
10175 1
10180 1
10185 2
10188 2
10189 1
10190 2
10192 3
10199 1
10202 1
10206 1
10207 1
10208 1
10210 1
10216 2
10217 2
10220 1
10222 1
10231 1
10234 2
10235 1
10238 1
10241 1
10243 1
10244 1
10247 1
10251 1
10252 1
10255 1
10257 1
10258 1
10262 1
10265 1
10267 1
10272 1
10273 2
10274 1
10275 1
10276 1
10277 1
10279 2
10286 1
10288 1
10290 1
10297 1
10303 1
10304 1
10307 2
10308 1
10309 1
10317 1
10318 2
10321 1
10322 4
10325 1
10327 1
10330 1
10336 1
10339 2
10352 1
10353 1
10354 1
10355 1
10362 2
10364 1
10366 1
10371 1
10372 1
10373 1
10376 1
10377 1
10378 1
10381 2
10382 1
10390 1
10393 1
10405 3
10407 1
10409 2
10412 1
10415 1
10417 2
10421 1
10426 1
10427 1
10428 1
10432 2
10434 1
10436 1
10448 1
10449 1
10451 1
10456 1
10458 1
10460 1
10462 2
10463 3
10465 1
10477 2
10480 3
10491 1
10492 2
10494 1
10496 2
10497 1
10500 1
10501 1
10508 1
10509 3
10510 1
10513 1
10514 1
10517 1
10518 1
10519 2
10522 1
10523 1
10528 2
10536 1
10542 1
10543 1
10545 1
10547 3
10549 1
10551 2
10554 2
10563 1
10564 2
10571 1
10579 2
10582 1
10583 1
10593 1
10596 1
10600 1
10604 1
10606 3
10608 1
10615 1
10617 1
10618 1
10619 1
10622 1
10623 1
10624 1
10630 1
10632 2
10633 1
10634 1
10636 1
10637 1
10639 1
10645 1
10647 1
10650 1
10651 2
10652 1
10656 1
10663 1
10666 2
10668 1
10669 1
10671 1
10672 1
10678 2
10679 1
10680 1
10683 1
10684 2
10687 1
10688 1
10689 1
10693 1
10695 1
10697 1
10698 2
10701 1
10702 2
10706 1
10711 1
10719 1
10723 1
10724 1
10728 1
10732 1
10734 2
10738 3
10741 3
10743 2
10748 1
10752 1
10754 1
10762 1
10765 1
10769 1
10771 1
10778 1
10779 1
10787 2
10789 2
10791 1
10792 1
10793 2
10796 1
10797 2
10798 1
10806 2
10807 1
10808 1
10811 1
10814 1
10815 1
10821 2
10823 1
10824 1
10825 3
10834 1
10837 1
10838 1
10842 3
10846 1
10849 1
10852 1
10853 1
10854 2
10861 1
10867 2
10871 1
10876 2
10878 2
10880 1
10885 1
10893 1
10899 1
10900 1
10901 1
10902 1
10906 1
10907 1
10908 2
10912 1
10913 1
10917 1
10921 1
10924 2
10926 1
10929 2
10930 1
10938 1
10943 1
10958 1
10963 2
10967 1
10968 1
10970 1
10972 2
10974 1
10976 1
10980 2
10985 1
10986 1
10994 2
10995 1
10997 1
11004 1
11008 1
11009 1
11012 3
11013 1
11015 1
11016 1
11023 1
11025 1
11026 2
11031 1
11040 1
11046 1
11048 1
11050 1
11055 1
11057 1
11061 2
11063 1
11064 1
11066 1
11067 2
11072 1
11075 1
11081 1
11082 1
11091 1
11094 1
11095 1
11096 1
11100 1
11103 1
11112 1
11113 2
11117 1
11120 1
11127 2
11144 2
11148 1
11151 1
11154 2
11159 1
11163 1
11164 1
11167 1
11169 1
11171 2
11175 1
11178 1
11181 1
11183 1
11186 1
11187 2
11190 1
11195 1
11199 1
11204 1
11209 1
11214 1
11218 1
11231 1
11233 1
11234 1
11235 1
11236 1
11237 1
11240 1
11241 1
11249 1
11250 2
11253 1
11258 2
11267 1
11269 1
11270 1
11272 1
11278 1
11282 1
11283 1
11286 3
11287 1
11290 1
11296 1
11297 1
11301 1
11303 1
11305 1
11306 1
11315 1
11318 1
11322 1
11324 1
11325 1
11332 1
11333 2
11342 1
11343 1
11345 3
11356 1
11358 1
11360 2
11369 1
11370 1
11373 1
11378 1
11379 1
11384 1
11386 1
11387 1
11388 2
11391 1
11392 1
11393 1
11395 1
11396 1
11402 1
11405 1
11410 1
11412 1
11418 1
11419 1
11420 1
11423 2
11428 1
11429 1
11432 1
11433 1
11437 1
11438 1
11439 1
11441 2
11442 2
11447 1
11448 1
11456 1
11457 1
11471 1
11473 2
11475 3
11477 1
11482 1
11487 1
11489 1
11492 1
11501 1
11504 1
11510 1
11511 1
11512 1
11521 1
11526 1
11528 2
11532 1
11534 1
11540 1
11543 1
11547 2
11550 1
11557 1
11558 1
11562 1
11564 2
11567 1
11575 1
11588 1
11592 1
11593 2
11599 1
11603 1
11606 1
11607 2
11608 1
11612 2
11613 1
11615 1
11619 1
11621 1
11624 1
11627 1
11630 2
11638 1
11647 1
11652 1
11658 1
11659 1
11662 1
11663 2
11665 1
11666 1
11676 1
11690 1
11694 1
11702 2
11707 1
11711 1
11713 1
11717 2
11721 1
11733 1
11734 1
11736 1
11741 1
11747 1
11748 1
11750 1
11752 1
11758 1
11762 1
11767 1
11772 1
11777 1
11781 1
11782 2
11785 1
11789 1
11794 1
11795 1
11802 1
11803 1
11804 2
11813 1
11827 1
11828 1
11832 1
11835 1
11836 1
11837 1
11839 1
11854 1
11859 1
11864 1
11873 1
11876 1
11878 1
11882 1
11890 1
11891 3
11893 1
11900 1
11903 1
11908 1
11917 1
11919 1
11922 2
11924 1
11926 1
11928 1
11936 2
11937 2
11941 2
11948 1
11951 1
11953 1
11965 1
11969 1
11972 1
11973 1
11974 1
11978 1
11983 1
11987 1
11991 2
11992 1
11996 1
12008 1
12009 1
12023 1
12024 1
12028 1
12036 1
12043 1
12045 1
12046 1
12050 1
12052 1
12054 1
12056 2
12063 1
12064 1
12078 1
12079 1
12081 1
12082 2
12092 1
12099 1
12106 2
12109 1
12110 1
12118 1
12123 1
12127 1
12131 1
12132 1
12137 1
12139 1
12151 1
12156 1
12161 2
12162 1
12165 1
12168 1
12178 1
12196 1
12197 1
12198 1
12211 1
12214 2
12225 1
12228 1
12243 1
12248 2
12251 1
12252 1
12253 1
12257 1
12265 2
12270 1
12271 1
12279 1
12282 1
12294 1
12297 1
12298 2
12304 1
12306 1
12307 1
12321 1
12338 1
12340 1
12349 1
12351 1
12352 1
12360 1
12366 2
12367 1
12380 1
12385 2
12397 1
12398 1
12402 2
12408 1
12412 1
12415 1
12417 1
12436 1
12440 1
12452 1
12454 1
12456 1
12468 2
12471 1
12472 1
12475 1
12480 1
12489 1
12497 1
12503 1
12511 1
12519 1
12521 1
12523 1
12526 1
12528 1
12534 1
12541 1
12543 2
12555 2
12567 1
12571 1
12572 1
12573 1
12576 1
12581 1
12582 1
12586 1
12587 1
12591 2
12598 1
12610 1
12612 1
12617 1
12627 2
12641 1
12645 1
12658 1
12663 1
12667 1
12669 1
12673 1
12678 1
12680 1
12682 1
12686 1
12687 1
12697 1
12700 1
12704 1
12708 1
12713 1
12714 1
12723 1
12726 1
12731 1
12732 1
12735 1
12742 1
12743 1
12756 1
12760 1
12765 1
12774 1
12782 1
12787 1
12795 1
12797 1
12801 1
12806 1
12817 1
12818 1
12847 1
12852 2
12856 1
12861 1
12878 1
12893 1
12897 1
12898 1
12901 1
12912 1
12915 2
12944 1
12948 1
12964 1
12971 1
12987 2
12989 1
12992 1
13006 1
13033 1
13035 1
13037 1
13043 1
13052 1
13057 1
13060 1
13067 1
13079 1
13088 1
13107 1
13113 1
13122 1
13124 1
13130 1
13147 1
13159 1
13167 1
13175 1
13176 3
13193 1
13207 1
13214 1
13222 2
13226 1
13231 1
13232 1
13249 1
13258 1
13262 1
13267 1
13277 2
13281 1
13294 1
13312 1
13313 1
13321 1
13330 1
13335 1
13336 1
13337 1
13341 1
13349 1
13364 1
13366 1
13408 1
13421 1
13436 1
13447 1
13450 1
13451 1
13456 1
13481 1
13482 1
13483 1
13496 1
13501 1
13510 1
13513 1
13536 1
13538 1
13552 1
13555 1
13589 1
13591 2
13606 1
13610 1
13625 1
13637 1
13639 1
13651 1
13670 1
13671 1
13683 1
13687 1
13702 1
13721 1
13725 1
13728 1
13757 1
13774 1
13780 2
13796 1
13813 1
13826 1
13830 1
13840 1
13852 1
13858 1
13867 1
13872 1
13876 1
13898 1
13917 1
13922 1
13939 1
13945 1
13953 1
13963 1
13971 1
13982 1
13985 1
13999 1
14016 1
14028 1
14041 1
14054 1
14087 1
14142 1
14146 1
14186 1
14195 1
14277 1
14291 1
14328 1
14345 1
14361 1
14378 1
14407 1
14460 1
14471 1
14480 1
14517 1
14534 1
14552 1
14566 1
14567 1
14586 1
14597 1
14606 1
14649 1
14661 1
14721 1
14741 1
14767 1
14786 1
14795 1
14837 1
14850 1
14881 1
14910 1
14956 1
15011 1
15098 1
15115 1
15170 1
15210 1
15230 1
15256 1
15325 1
15399 1
15514 1
15576 1
15702 1
15765 1
15837 1
16026 1
16441 1
16630 1
End
