NMec = 97746
T = 15
P = 6
Profits not ignored
Valid tasks:                                                            21992
Solution time = 4.178e-04
Task data
    0  16  1602 -1
    2   4   769 0
    2   8  1367 1
    4  26  1852 -1
    5  28  4335 0
    7  15  1264 2
    7  26  3030 3
    8  19  2843 4
    8  24  2285 5
   11  19  1482 -1
   11  22  3249 1
   14  17   560 -1
   14  24  1723 -1
   16  22   642 2
   22  24   307 4
Best profit: 20091
All profits:
0 1
307 1
560 1
642 1
769 1
867 1
949 1
1076 1
1202 1
1264 1
1329 1
1367 1
1411 1
1482 1
1509 1
1571 1
1602 1
1636 1
1674 1
1718 1
1723 1
1789 1
1824 1
1852 1
1906 1
1909 1
1927 1
1971 1
2009 1
2030 1
2033 1
2042 1
2124 1
2131 1
2136 1
2159 1
2162 1
2213 1
2234 1
2244 1
2251 1
2278 1
2283 1
2285 1
2316 1
2340 1
2349 1
2365 1
2371 1
2412 1
2431 1
2443 1
2466 1
2469 1
2492 1
2494 1
2551 1
2558 1
2569 1
2590 1
2592 1
2593 1
2621 1
2631 1
2672 1
2675 1
2678 1
2684 1
2696 1
2719 1
2746 1
2773 1
2778 1
2799 1
2801 1
2804 1
2811 1
2843 1
2845 1
2849 1
2866 1
2876 1
2893 1
2900 1
2925 1
2927 1
2928 1
2931 1
2938 1
2969 1
2982 1
2987 1
2991 1
3003 1
3013 1
3030 1
3052 1
3053 1
3054 2
3084 1
3085 1
3090 1
3111 1
3116 1
3118 1
3134 1
3150 1
3152 1
3156 1
3173 1
3181 1
3191 1
3200 1
3205 1
3219 1
3232 1
3234 1
3235 1
3238 1
3249 1
3263 1
3273 1
3276 1
3294 1
3306 1
3320 1
3325 1
3334 1
3337 1
3338 1
3359 1
3361 2
3388 1
3391 1
3397 1
3400 1
3403 1
3409 1
3423 1
3426 1
3441 1
3453 1
3454 1
3485 1
3487 1
3488 1
3491 1
3498 1
3508 1
3512 1
3515 1
3526 1
3529 1
3542 1
3547 1
3549 1
3556 1
3570 1
3573 1
3575 1
3580 1
3590 1
3611 1
3612 1
3613 1
3614 1
3618 1
3629 1
3632 1
3635 1
3641 1
3644 1
3645 1
3650 1
3652 1
3672 1
3676 1
3694 1
3695 1
3696 1
3707 1
3710 1
3716 1
3726 1
3732 1
3733 1
3738 1
3756 1
3758 1
3760 1
3761 1
3765 1
3767 1
3779 1
3792 1
3794 1
3798 1
3799 1
3809 1
3815 1
3822 1
3823 1
3833 1
3836 1
3847 1
3853 1
3854 1
3856 1
3859 1
3861 1
3880 1
3882 1
3885 2
3887 1
3891 1
3894 1
3897 1
3918 1
3919 1
3921 1
3925 1
3936 1
3942 1
3948 1
3951 1
3957 1
3959 1
3960 1
3967 1
3974 1
3976 1
3979 1
3983 1
3988 1
4001 1
4003 1
4008 1
4014 1
4018 1
4033 1
4039 1
4042 1
4045 2
4051 1
4063 1
4065 1
4068 1
4072 1
4074 1
4075 1
4086 1
4094 1
4096 1
4103 1
4106 1
4107 1
4109 1
4113 1
4116 1
4130 1
4135 1
4137 1
4140 1
4154 1
4157 1
4160 1
4166 1
4168 1
4171 1
4172 1
4178 1
4189 1
4191 1
4192 2
4194 1
4195 1
4198 1
4201 1
4210 1
4212 1
4217 1
4223 1
4232 1
4233 1
4254 1
4255 1
4256 1
4260 1
4267 1
4274 1
4277 1
4281 1
4283 1
4286 1
4292 1
4294 2
4295 1
4298 1
4315 1
4316 1
4318 2
4321 1
4325 2
4327 1
4335 1
4344 1
4348 1
4349 1
4352 1
4354 1
4358 1
4359 1
4375 1
4380 1
4382 1
4397 1
4398 1
4401 1
4403 1
4407 1
4409 1
4410 1
4413 1
4414 1
4416 1
4419 1
4420 1
4421 2
4441 1
4442 1
4444 1
4445 2
4447 1
4451 2
4464 1
4469 1
4478 1
4479 1
4483 1
4485 1
4495 1
4496 1
4498 1
4501 1
4502 1
4512 1
4513 1
4517 1
4519 1
4524 1
4527 2
4529 1
4530 1
4534 1
4536 2
4539 1
4540 1
4548 1
4561 1
4563 1
4566 1
4567 1
4568 1
4572 1
4578 1
4584 1
4589 1
4593 1
4598 1
4599 1
4601 2
4602 1
4605 1
4616 2
4623 1
4625 2
4630 1
4632 2
4634 1
4642 1
4650 1
4651 1
4654 1
4655 1
4656 2
4660 1
4661 1
4663 1
4666 1
4667 1
4673 1
4687 1
4692 1
4695 1
4697 1
4701 1
4704 1
4705 1
4714 1
4716 1
4717 1
4718 1
4720 1
4726 1
4728 2
4731 1
4736 1
4745 1
4748 1
4749 1
4751 1
4752 2
4753 1
4754 1
4755 1
4758 2
4770 1
4776 1
4777 2
4779 1
4783 1
4790 1
4793 1
4802 1
4807 1
4808 1
4814 1
4819 1
4820 2
4821 1
4834 2
4836 1
4837 1
4839 1
4841 1
4843 2
4851 1
4852 1
4854 2
4855 1
4865 1
4873 1
4875 2
4876 1
4878 1
4879 1
4882 2
4885 2
4895 1
4896 1
4904 1
4905 1
4906 1
4908 1
4909 1
4914 1
4916 1
4923 2
4936 2
4937 1
4939 1
4940 1
4942 1
4957 2
4958 1
4960 1
4961 1
4963 2
4967 2
4969 1
4970 1
4972 1
4974 1
4977 1
4979 1
4980 1
4981 1
4986 1
4990 1
4996 1
4999 1
5001 1
5002 2
5004 1
5005 1
5008 1
5011 1
5024 1
5025 1
5029 1
5031 1
5038 1
5039 1
5043 2
5052 1
5055 1
5056 1
5057 1
5058 1
5060 1
5061 1
5062 1
5063 2
5072 1
5073 1
5077 1
5084 2
5086 1
5087 2
5089 1
5090 1
5093 1
5094 1
5096 1
5100 1
5101 1
5104 1
5111 1
5114 1
5117 1
5121 1
5123 1
5125 1
5126 1
5127 1
5128 2
5132 1
5134 1
5144 1
5146 1
5149 1
5151 1
5154 1
5155 1
5158 2
5159 1
5161 2
5166 1
5172 1
5176 2
5177 1
5178 1
5182 1
5183 1
5185 1
5189 2
5190 1
5192 2
5202 1
5208 1
5210 1
5211 1
5213 1
5214 2
5215 1
5216 1
5220 2
5221 1
5223 1
5231 1
5238 1
5240 1
5243 2
5247 1
5249 1
5252 2
5254 1
5255 1
5258 1
5261 1
5264 1
5265 1
5267 1
5272 1
5274 2
5276 1
5278 1
5279 1
5281 1
5282 1
5284 1
5286 1
5288 1
5291 1
5293 1
5296 1
5297 1
5298 1
5303 1
5305 1
5308 1
5309 2
5312 1
5313 1
5315 2
5318 1
5334 1
5335 1
5336 1
5337 2
5338 1
5339 1
5341 1
5343 1
5346 1
5350 1
5358 1
5360 1
5362 1
5364 1
5367 2
5368 1
5369 1
5370 2
5373 1
5375 1
5379 1
5380 1
5381 1
5385 1
5394 2
5395 1
5396 1
5399 1
5400 1
5401 3
5403 1
5408 1
5411 2
5412 1
5418 1
5419 1
5424 1
5425 1
5430 1
5432 1
5433 1
5435 2
5436 1
5439 1
5441 1
5442 2
5449 1
5456 1
5458 1
5461 2
5462 1
5463 1
5464 1
5465 1
5466 1
5470 1
5473 1
5474 1
5476 1
5481 1
5483 2
5484 1
5485 1
5487 1
5490 1
5493 1
5496 2
5497 1
5499 1
5500 1
5502 1
5504 1
5515 1
5517 1
5518 1
5520 1
5521 2
5522 1
5523 1
5524 2
5527 3
5532 1
5534 1
5537 1
5538 1
5539 1
5545 1
5546 1
5547 1
5548 1
5550 1
5556 1
5558 1
5559 2
5561 1
5562 2
5565 1
5568 1
5576 1
5578 1
5579 1
5581 1
5584 1
5585 1
5588 1
5589 2
5590 1
5591 1
5598 1
5599 2
5603 1
5605 1
5608 1
5610 1
5612 1
5614 1
5616 1
5617 1
5619 1
5620 2
5621 1
5622 2
5623 2
5641 1
5642 1
5644 3
5646 1
5647 1
5648 1
5650 1
5651 1
5653 1
5654 1
5661 2
5664 1
5665 1
5667 1
5671 1
5673 1
5674 2
5676 1
5677 1
5680 1
5682 1
5683 1
5685 2
5688 2
5692 2
5694 1
5699 1
5702 2
5705 2
5706 1
5708 2
5709 1
5711 2
5714 1
5715 2
5718 1
5719 1
5726 2
5732 1
5736 1
5737 1
5738 1
5739 1
5741 1
5742 1
5743 2
5746 1
5749 2
5756 1
5759 1
5765 1
5768 2
5770 2
5771 1
5773 1
5774 2
5776 2
5777 1
5780 1
5781 1
5783 1
5788 1
5791 1
5793 1
5794 1
5797 1
5798 1
5800 3
5803 2
5807 1
5808 1
5809 1
5811 1
5812 2
5814 1
5817 1
5818 1
5819 1
5825 1
5826 1
5827 1
5829 1
5830 1
5831 2
5832 1
5834 2
5836 1
5839 1
5841 2
5842 1
5844 1
5846 1
5853 1
5855 1
5856 1
5857 1
5858 1
5860 1
5862 1
5863 1
5865 1
5869 1
5870 1
5873 1
5875 1
5879 1
5880 2
5883 1
5885 1
5891 1
5894 2
5895 1
5896 3
5897 3
5898 1
5901 1
5903 2
5906 2
5914 1
5915 1
5917 1
5918 1
5920 2
5921 1
5923 1
5924 2
5926 1
5927 3
5928 1
5929 1
5930 2
5933 2
5935 1
5937 1
5945 1
5946 1
5951 1
5954 1
5955 1
5956 1
5957 1
5958 1
5959 1
5960 1
5961 3
5965 1
5968 2
5971 1
5977 1
5978 1
5979 1
5980 1
5983 1
5984 1
5990 1
5992 2
5995 2
5999 2
6000 1
6001 1
6006 1
6009 3
6011 1
6012 2
6016 1
6017 2
6018 2
6021 2
6022 2
6023 2
6024 1
6027 1
6030 1
6033 1
6034 1
6041 2
6043 3
6044 1
6045 1
6046 1
6047 1
6048 2
6050 2
6053 2
6058 1
6060 1
6062 1
6064 1
6066 1
6071 1
6072 1
6075 1
6077 1
6078 1
6081 2
6082 1
6083 2
6084 3
6085 1
6087 1
6092 1
6094 1
6098 2
6100 1
6103 1
6105 1
6106 1
6107 2
6108 1
6112 1
6114 1
6115 2
6116 1
6118 1
6119 2
6120 1
6121 1
6124 1
6125 1
6126 1
6129 1
6132 1
6133 1
6136 1
6137 1
6138 2
6139 1
6141 1
6142 1
6143 1
6144 2
6146 2
6148 1
6149 2
6150 1
6159 1
6163 1
6164 1
6165 1
6167 1
6168 2
6169 1
6170 2
6174 2
6176 1
6177 2
6179 1
6180 2
6181 1
6182 1
6186 1
6187 3
6200 1
6201 2
6202 1
6203 2
6204 3
6206 1
6208 1
6210 2
6211 1
6218 2
6221 2
6225 1
6227 2
6230 1
6231 2
6232 1
6233 1
6234 2
6235 1
6236 2
6240 2
6241 1
6242 1
6243 1
6244 1
6245 1
6249 1
6250 1
6252 3
6253 1
6259 2
6261 1
6262 3
6263 1
6264 1
6265 2
6266 1
6268 2
6269 1
6271 1
6272 1
6273 1
6275 1
6279 1
6284 1
6286 1
6290 1
6293 1
6296 1
6297 1
6299 1
6301 1
6302 1
6303 4
6306 2
6307 1
6316 2
6318 1
6319 1
6321 1
6324 2
6325 1
6327 1
6328 1
6330 3
6331 1
6333 1
6334 2
6336 2
6337 1
6339 1
6341 1
6344 1
6347 1
6348 2
6350 2
6351 1
6353 2
6354 1
6355 2
6357 2
6358 1
6360 2
6364 1
6365 2
6367 1
6368 2
6369 1
6371 1
6372 1
6377 1
6378 1
6379 2
6381 1
6383 1
6385 1
6386 1
6388 1
6389 1
6390 1
6391 3
6392 2
6396 1
6398 1
6399 1
6401 1
6405 1
6410 1
6413 1
6415 1
6416 1
6418 2
6419 1
6420 1
6421 1
6422 2
6423 1
6424 1
6425 1
6427 1
6430 2
6433 1
6436 1
6439 2
6440 2
6441 1
6442 1
6443 1
6445 2
6449 1
6451 2
6453 2
6454 3
6456 3
6457 2
6459 1
6461 1
6463 1
6466 1
6468 2
6471 2
6472 1
6474 1
6475 2
6477 2
6478 2
6480 1
6481 2
6483 2
6484 4
6486 1
6487 2
6488 1
6493 1
6494 1
6495 1
6497 1
6502 1
6506 1
6507 1
6508 1
6511 1
6512 1
6513 1
6515 1
6516 1
6517 1
6518 2
6519 1
6521 1
6522 1
6525 3
6528 1
6537 1
6538 2
6539 2
6540 1
6542 1
6543 2
6544 1
6545 2
6548 1
6550 1
6552 1
6555 1
6556 1
6557 1
6559 3
6560 1
6562 1
6566 2
6568 1
6569 4
6571 1
6572 2
6574 1
6575 1
6576 1
6577 2
6578 1
6579 2
6580 1
6581 1
6582 1
6583 2
6586 2
6587 1
6588 1
6598 1
6599 1
6600 1
6601 2
6603 3
6604 1
6605 2
6606 1
6607 1
6608 2
6610 5
6613 1
6618 1
6620 1
6622 1
6626 1
6628 1
6629 1
6631 1
6632 1
6633 1
6634 1
6637 2
6639 1
6640 1
6641 2
6642 1
6643 2
6644 1
6645 1
6646 1
6648 1
6649 1
6651 1
6652 1
6654 1
6658 2
6659 2
6660 2
6662 1
6663 1
6664 1
6665 3
6666 1
6667 1
6671 1
6672 2
6674 1
6675 3
6676 1
6679 1
6680 1
6682 1
6683 1
6684 1
6686 2
6688 1
6689 1
6690 2
6692 1
6693 1
6695 1
6696 1
6697 1
6698 1
6699 1
6700 1
6702 2
6703 2
6704 2
6705 1
6706 3
6713 1
6723 1
6724 1
6725 3
6726 1
6727 2
6728 2
6729 1
6730 2
6731 1
6734 3
6736 2
6737 3
6740 2
6746 1
6747 3
6748 1
6749 1
6754 1
6756 1
6757 1
6760 1
6761 3
6762 1
6763 2
6764 2
6766 2
6768 3
6770 1
6775 2
6778 3
6779 1
6780 1
6781 1
6785 2
6786 2
6787 1
6788 1
6790 1
6791 4
6792 1
6794 1
6795 1
6796 1
6797 1
6798 1
6800 1
6801 1
6802 1
6803 1
6804 1
6809 2
6810 2
6812 2
6813 1
6815 1
6816 1
6817 1
6819 3
6821 1
6822 2
6823 1
6824 2
6825 1
6826 1
6827 1
6828 1
6829 2
6831 1
6832 1
6833 1
6839 1
6840 1
6842 1
6844 1
6845 1
6846 1
6848 1
6850 1
6851 2
6852 2
6853 1
6854 1
6857 2
6860 1
6861 1
6862 1
6863 3
6866 1
6867 2
6869 1
6874 1
6876 2
6877 1
6878 2
6881 2
6882 1
6883 2
6884 3
6885 1
6886 2
6887 1
6888 1
6889 1
6890 2
6891 1
6893 2
6894 2
6895 1
6899 1
6901 2
6904 1
6905 1
6906 1
6907 1
6908 2
6910 2
6911 1
6912 2
6913 1
6914 1
6915 4
6917 3
6918 1
6921 1
6924 1
6925 2
6927 1
6928 1
6929 1
6936 1
6937 1
6938 1
6939 2
6940 1
6941 1
6943 2
6944 1
6945 2
6946 2
6948 2
6949 1
6951 1
6952 2
6955 1
6956 3
6958 1
6959 1
6963 1
6965 1
6966 3
6969 1
6970 1
6972 2
6973 1
6975 2
6977 1
6978 2
6979 1
6980 1
6981 2
6982 1
6983 1
6984 1
6986 1
6987 2
6989 1
6990 2
6996 1
6997 2
6999 1
7000 1
7001 1
7002 1
7003 2
7004 1
7005 2
7006 1
7007 2
7009 2
7010 2
7011 2
7013 3
7014 2
7016 1
7018 1
7019 1
7020 1
7021 2
7028 2
7030 1
7031 2
7032 2
7033 1
7034 2
7035 2
7037 2
7038 3
7040 1
7041 3
7043 2
7044 3
7047 1
7048 1
7054 1
7055 1
7060 1
7061 1
7062 1
7063 1
7064 1
7066 2
7067 1
7068 1
7069 1
7071 1
7072 3
7073 1
7075 3
7076 1
7078 1
7081 2
7082 1
7083 1
7085 2
7087 1
7090 1
7092 1
7093 2
7095 1
7096 1
7098 2
7099 2
7102 2
7103 2
7104 2
7105 3
7106 1
7108 2
7110 2
7113 1
7116 1
7117 2
7119 2
7120 1
7122 1
7123 1
7124 3
7126 4
7128 1
7129 2
7131 1
7133 1
7134 3
7135 1
7136 2
7137 2
7138 1
7139 2
7140 1
7141 1
7143 2
7146 2
7147 1
7148 1
7149 1
7150 1
7155 1
7158 2
7159 1
7160 2
7161 3
7164 2
7165 2
7167 4
7168 1
7170 4
7174 1
7178 1
7180 1
7181 1
7184 2
7185 1
7186 1
7187 2
7188 1
7189 1
7190 2
7191 2
7192 1
7193 2
7194 1
7196 1
7197 2
7198 1
7199 1
7200 1
7201 3
7202 1
7206 1
7208 3
7209 1
7210 1
7211 1
7214 1
7216 1
7218 1
7219 2
7220 1
7221 2
7222 3
7223 2
7224 2
7225 4
7227 1
7228 2
7231 1
7232 1
7235 1
7237 1
7240 1
7241 1
7242 1
7243 1
7244 1
7246 2
7247 2
7248 1
7250 3
7252 3
7253 2
7255 1
7256 1
7257 1
7259 1
7260 1
7262 2
7263 4
7264 2
7265 1
7266 1
7270 1
7271 1
7273 2
7275 1
7276 1
7281 1
7282 2
7284 2
7285 3
7286 1
7287 3
7288 2
7290 2
7291 2
7293 1
7294 4
7296 1
7297 1
7300 1
7301 1
7304 2
7307 2
7308 1
7309 1
7310 1
7311 1
7312 2
7313 2
7314 2
7316 1
7317 2
7321 2
7322 2
7323 1
7324 2
7325 1
7326 2
7328 4
7335 2
7337 1
7338 2
7339 1
7340 1
7341 1
7342 1
7343 1
7344 1
7345 4
7346 2
7347 1
7348 3
7351 2
7352 1
7355 2
7356 1
7357 1
7358 1
7362 2
7365 1
7367 2
7369 1
7370 2
7372 2
7373 2
7374 1
7375 1
7376 2
7377 1
7378 2
7379 5
7382 1
7383 1
7384 2
7385 1
7386 1
7387 1
7388 2
7389 3
7390 1
7391 1
7396 1
7397 1
7399 1
7400 1
7402 2
7403 1
7405 1
7406 2
7408 2
7409 1
7410 3
7411 2
7412 2
7413 1
7414 1
7415 2
7417 2
7419 1
7420 2
7421 1
7425 1
7427 2
7428 2
7429 1
7431 2
7432 1
7433 2
7434 1
7436 1
7437 1
7438 2
7439 1
7440 2
7441 3
7442 1
7443 3
7444 3
7445 1
7446 2
7448 1
7449 1
7450 2
7451 3
7453 1
7455 1
7457 1
7459 2
7461 2
7462 1
7465 1
7466 2
7467 1
7468 2
7469 1
7472 3
7473 1
7474 3
7475 3
7477 2
7481 2
7482 2
7485 1
7487 1
7491 1
7493 2
7494 2
7496 2
7497 1
7498 1
7499 4
7500 2
7503 2
7504 2
7505 3
7506 2
7508 2
7509 2
7513 1
7515 1
7516 4
7517 1
7523 3
7525 2
7526 4
7528 2
7529 1
7530 2
7531 1
7532 3
7534 1
7535 4
7537 2
7540 2
7541 1
7543 2
7544 2
7546 1
7547 2
7548 1
7549 1
7550 1
7554 3
7557 3
7559 2
7560 2
7561 1
7563 2
7564 2
7565 1
7566 2
7567 4
7569 2
7570 3
7571 2
7573 1
7574 1
7576 1
7578 2
7579 1
7580 1
7581 1
7582 1
7584 1
7585 1
7588 2
7590 1
7591 1
7592 1
7593 2
7594 3
7595 1
7596 1
7597 3
7598 4
7600 1
7601 3
7602 1
7603 2
7607 1
7608 3
7611 2
7614 1
7617 1
7619 3
7620 3
7621 1
7622 1
7623 1
7624 1
7626 3
7628 2
7629 3
7631 2
7632 2
7633 1
7635 2
7636 1
7641 1
7643 2
7645 2
7646 2
7647 2
7649 1
7650 3
7651 1
7652 3
7653 2
7655 3
7656 1
7658 1
7659 1
7660 2
7662 2
7663 2
7664 2
7665 1
7666 1
7668 1
7669 2
7670 2
7672 1
7673 1
7674 1
7677 2
7679 2
7680 2
7681 1
7682 1
7683 2
7684 3
7685 2
7686 5
7688 1
7690 1
7691 2
7693 2
7694 3
7696 3
7697 2
7698 1
7700 1
7703 2
7707 1
7708 1
7709 2
7710 1
7713 1
7714 1
7715 2
7717 2
7718 3
7720 1
7721 2
7722 2
7723 1
7724 1
7725 2
7726 1
7727 3
7728 1
7731 1
7732 3
7734 2
7735 3
7738 1
7739 1
7741 1
7744 3
7745 2
7746 3
7747 3
7748 3
7749 1
7750 3
7751 2
7752 1
7753 1
7755 1
7756 1
7757 1
7758 3
7759 1
7761 2
7766 4
7768 2
7769 1
7770 1
7772 1
7773 1
7775 1
7776 3
7778 1
7779 3
7780 1
7781 2
7782 3
7783 2
7784 1
7785 4
7787 1
7788 3
7789 3
7797 1
7800 2
7801 1
7803 2
7804 1
7806 4
7807 3
7808 1
7809 2
7810 2
7812 4
7813 2
7815 1
7816 1
7817 1
7820 2
7821 1
7822 1
7823 4
7824 1
7826 1
7829 1
7830 2
7831 1
7832 2
7833 3
7835 2
7836 1
7837 1
7838 2
7839 1
7841 1
7842 3
7843 1
7844 3
7845 1
7847 4
7848 1
7850 4
7851 3
7852 1
7853 1
7854 2
7861 3
7863 1
7864 3
7865 1
7866 1
7867 2
7868 1
7869 2
7870 1
7871 1
7872 2
7873 3
7874 4
7875 1
7877 1
7879 1
7881 2
7882 2
7883 1
7884 2
7885 1
7886 2
7888 1
7891 1
7892 1
7893 1
7895 2
7897 1
7898 1
7899 1
7900 2
7901 1
7902 1
7903 2
7904 2
7905 6
7906 2
7907 1
7908 2
7909 1
7910 2
7912 2
7915 3
7916 1
7918 1
7922 1
7923 1
7924 1
7925 1
7926 2
7927 3
7929 2
7930 1
7932 1
7933 3
7934 1
7935 2
7936 4
7938 2
7939 3
7941 1
7943 1
7944 2
7946 3
7947 1
7948 1
7949 1
7950 3
7952 1
7953 3
7954 2
7955 1
7956 1
7957 2
7959 2
7960 1
7962 1
7963 1
7964 1
7965 1
7966 3
7967 3
7968 2
7969 1
7970 4
7971 1
7972 1
7973 1
7975 2
7976 1
7977 3
7979 1
7980 1
7984 1
7985 2
7987 3
7988 2
7989 1
7990 2
7991 2
7992 1
7993 3
7994 2
7995 1
7996 1
7997 2
7998 2
7999 1
8000 3
8001 3
8002 1
8003 1
8004 3
8007 2
8009 1
8010 1
8011 2
8015 1
8016 1
8017 1
8019 2
8020 2
8021 2
8022 1
8025 2
8026 4
8027 1
8028 2
8029 2
8030 1
8031 1
8032 4
8033 1
8034 2
8035 1
8038 1
8039 2
8041 2
8042 3
8044 1
8045 1
8050 1
8051 2
8053 3
8054 2
8055 2
8056 3
8057 2
8058 1
8059 3
8060 1
8061 2
8062 1
8063 2
8064 1
8065 1
8066 1
8067 1
8068 2
8069 1
8070 2
8073 4
8074 1
8076 1
8077 1
8079 1
8080 1
8081 1
8082 1
8083 4
8085 3
8086 3
8087 1
8088 3
8090 2
8091 2
8092 4
8093 2
8094 1
8095 3
8096 1
8097 2
8100 1
8101 1
8102 1
8103 2
8104 3
8107 1
8108 1
8110 1
8111 1
8114 5
8115 2
8116 2
8117 2
8119 2
8120 1
8121 2
8122 1
8123 1
8124 3
8125 1
8126 1
8127 3
8128 1
8129 1
8130 1
8131 3
8133 1
8134 2
8136 1
8138 1
8139 1
8140 1
8141 2
8142 2
8144 2
8145 2
8146 1
8147 2
8148 2
8150 1
8151 1
8152 1
8153 2
8154 2
8155 2
8156 1
8157 3
8158 5
8159 1
8161 1
8162 1
8163 1
8164 1
8165 2
8168 3
8170 1
8171 2
8172 1
8174 1
8176 2
8177 2
8179 4
8180 2
8181 2
8182 3
8184 1
8185 2
8186 3
8188 4
8189 3
8191 3
8193 1
8194 1
8196 1
8200 1
8201 1
8202 1
8203 2
8205 2
8206 3
8207 4
8208 1
8209 3
8210 3
8211 1
8212 5
8213 2
8215 2
8216 1
8217 1
8218 2
8219 2
8220 3
8222 2
8223 1
8224 1
8226 1
8228 1
8229 2
8230 2
8231 1
8232 1
8234 1
8235 1
8236 1
8237 1
8238 1
8239 2
8240 1
8241 2
8242 1
8243 3
8244 3
8245 3
8246 2
8248 2
8250 3
8251 3
8253 3
8254 2
8256 1
8257 1
8260 2
8261 2
8262 2
8263 1
8267 1
8268 3
8269 1
8270 1
8271 1
8273 3
8274 2
8275 2
8277 3
8278 2
8279 1
8280 1
8282 3
8283 1
8284 2
8285 3
8286 1
8288 1
8291 2
8292 5
8294 3
8295 3
8297 2
8299 1
8301 2
8302 2
8303 1
8304 3
8305 2
8306 4
8307 2
8308 3
8309 3
8310 1
8311 2
8312 2
8313 1
8314 1
8315 1
8316 1
8318 2
8319 1
8321 1
8323 2
8324 1
8326 4
8327 2
8328 2
8329 1
8330 2
8332 1
8333 5
8335 2
8336 4
8338 2
8339 4
8340 1
8342 2
8343 2
8345 3
8347 1
8348 1
8349 3
8351 1
8353 1
8356 1
8357 1
8360 2
8363 3
8364 2
8365 1
8366 4
8367 3
8368 3
8369 2
8370 3
8371 1
8372 2
8373 1
8374 2
8375 1
8376 1
8377 4
8380 3
8381 2
8383 2
8386 1
8387 1
8388 3
8389 1
8390 3
8391 1
8392 2
8393 2
8394 1
8395 2
8397 3
8398 3
8399 2
8400 3
8401 1
8402 2
8403 2
8404 2
8405 2
8407 2
8408 1
8409 1
8410 3
8411 3
8412 1
8414 1
8415 1
8418 1
8419 1
8421 4
8422 1
8423 1
8424 2
8425 1
8426 2
8427 2
8428 2
8429 3
8430 1
8431 4
8432 1
8433 2
8434 3
8435 1
8438 3
8439 1
8441 3
8442 2
8444 1
8446 1
8448 3
8449 1
8450 1
8451 2
8452 1
8453 2
8454 2
8455 2
8457 2
8459 2
8460 3
8462 3
8463 3
8464 1
8465 5
8466 2
8469 2
8470 2
8471 1
8472 4
8475 1
8478 1
8479 1
8480 1
8483 1
8484 2
8485 1
8486 3
8487 3
8488 1
8489 4
8491 3
8492 3
8493 3
8494 1
8495 3
8496 3
8498 1
8500 1
8501 3
8503 3
8504 2
8506 2
8507 1
8508 1
8510 3
8511 1
8512 1
8513 3
8514 4
8515 2
8516 3
8517 4
8519 2
8520 2
8521 1
8523 2
8524 1
8525 2
8526 3
8527 4
8528 2
8529 1
8530 2
8531 1
8532 1
8533 1
8534 1
8535 2
8536 1
8537 2
8538 1
8542 2
8544 1
8545 3
8546 1
8547 3
8548 3
8549 1
8550 2
8551 3
8552 2
8553 1
8554 4
8555 1
8556 1
8557 4
8558 4
8560 1
8561 1
8562 1
8564 2
8565 1
8567 2
8568 2
8569 2
8575 3
8576 1
8577 2
8578 1
8580 2
8581 2
8582 1
8583 1
8584 1
8585 2
8586 4
8587 1
8588 3
8589 3
8590 2
8591 2
8592 5
8595 2
8598 1
8599 3
8601 2
8602 2
8604 1
8606 2
8607 1
8608 2
8609 3
8610 1
8611 2
8612 1
8613 3
8614 1
8615 2
8616 4
8617 2
8618 2
8619 4
8620 2
8621 2
8622 1
8623 1
8624 1
8626 1
8627 1
8628 1
8629 2
8630 3
8631 1
8632 1
8633 3
8634 1
8635 1
8636 1
8637 2
8638 2
8639 1
8640 3
8641 1
8642 2
8643 5
8644 1
8645 1
8646 2
8647 1
8648 1
8649 2
8650 4
8651 2
8652 3
8653 3
8654 1
8655 1
8656 1
8657 1
8660 2
8661 1
8662 2
8663 1
8664 1
8667 1
8668 2
8669 1
8670 1
8671 2
8672 1
8673 1
8674 5
8675 2
8676 2
8677 2
8678 1
8679 3
8680 1
8681 2
8682 1
8683 2
8684 4
8685 1
8687 1
8688 1
8689 1
8690 1
8691 2
8692 1
8693 1
8694 1
8695 2
8696 1
8697 1
8698 2
8700 1
8701 2
8702 1
8703 2
8704 3
8705 2
8706 2
8707 3
8708 1
8709 1
8710 3
8712 3
8713 2
8714 1
8715 4
8717 1
8718 2
8719 2
8721 1
8722 2
8723 2
8724 1
8725 2
8726 2
8728 2
8729 1
8730 2
8732 2
8733 2
8734 2
8735 1
8736 4
8737 2
8738 2
8739 4
8740 1
8741 3
8742 2
8744 2
8745 4
8746 3
8748 2
8749 2
8751 2
8753 2
8754 1
8755 1
8756 3
8757 2
8758 1
8760 2
8761 1
8762 1
8763 3
8764 2
8766 3
8767 4
8768 1
8769 5
8770 3
8771 1
8772 3
8773 4
8776 3
8777 1
8778 1
8779 2
8780 2
8782 1
8786 3
8787 1
8788 1
8789 2
8790 1
8791 1
8792 1
8794 2
8795 3
8796 2
8797 1
8798 3
8799 3
8800 2
8801 2
8803 2
8804 4
8805 1
8806 1
8807 2
8808 3
8810 4
8811 3
8813 2
8814 1
8817 1
8818 2
8820 1
8821 2
8822 2
8823 2
8824 2
8825 1
8826 1
8827 3
8828 3
8829 1
8830 4
8831 1
8833 4
8834 1
8835 2
8836 1
8837 2
8838 1
8839 2
8840 1
8841 1
8842 3
8843 1
8844 2
8845 1
8847 1
8848 2
8849 3
8851 1
8852 4
8854 4
8855 2
8856 1
8857 3
8859 2
8860 2
8861 4
8862 3
8863 1
8864 3
8865 3
8866 4
8867 1
8868 1
8869 2
8870 1
8871 4
8872 3
8873 2
8874 1
8875 1
8876 1
8883 3
8884 3
8885 1
8886 2
8887 2
8888 2
8889 1
8890 5
8891 1
8892 2
8893 6
8895 3
8896 3
8897 1
8898 1
8899 2
8900 1
8901 1
8902 2
8903 2
8907 2
8909 1
8910 2
8911 1
8913 3
8914 2
8915 2
8916 2
8917 1
8919 1
8920 1
8921 1
8922 1
8923 2
8924 4
8925 2
8926 4
8927 4
8928 3
8930 2
8931 2
8932 1
8933 3
8934 3
8936 2
8937 4
8939 1
8940 1
8941 2
8943 2
8944 2
8945 2
8946 1
8947 2
8948 4
8949 1
8950 4
8951 4
8954 3
8955 2
8956 1
8957 5
8958 3
8959 1
8960 5
8961 1
8962 1
8963 2
8964 2
8965 2
8967 2
8968 1
8969 2
8971 1
8972 1
8974 1
8975 4
8976 2
8978 2
8979 1
8981 4
8982 1
8984 1
8985 2
8986 4
8987 3
8988 2
8989 3
8990 2
8991 5
8992 1
8993 1
8995 2
8996 1
8998 4
8999 1
9001 1
9002 1
9005 1
9007 1
9008 4
9009 1
9010 4
9011 1
9012 2
9013 3
9014 3
9016 1
9017 4
9019 4
9020 2
9022 5
9023 2
9025 3
9026 1
9027 1
9029 2
9030 4
9031 1
9032 3
9033 1
9036 2
9037 1
9039 3
9040 2
9041 1
9042 2
9043 2
9044 2
9045 1
9046 4
9047 3
9048 2
9049 4
9051 4
9052 4
9053 5
9054 1
9055 1
9057 1
9058 1
9060 3
9061 4
9063 4
9064 2
9066 1
9068 2
9070 3
9071 3
9073 2
9074 3
9075 3
9076 5
9077 3
9078 2
9079 2
9080 4
9081 1
9083 3
9084 1
9085 2
9086 1
9087 2
9088 2
9089 1
9090 2
9092 1
9093 3
9094 1
9095 3
9096 2
9098 1
9099 1
9101 2
9102 5
9104 2
9105 3
9106 2
9107 2
9108 3
9109 1
9111 5
9112 3
9113 1
9114 4
9115 2
9116 1
9117 2
9118 3
9122 1
9124 1
9125 3
9127 1
9128 3
9129 2
9130 1
9132 1
9133 3
9134 1
9135 2
9136 2
9137 4
9138 1
9139 1
9140 1
9142 3
9143 3
9144 1
9145 3
9146 5
9147 1
9148 2
9149 3
9150 2
9151 1
9152 3
9154 1
9155 3
9156 3
9159 3
9161 2
9162 2
9163 2
9164 2
9166 3
9167 3
9168 3
9169 5
9170 1
9171 2
9172 2
9173 4
9174 3
9175 1
9176 4
9177 1
9178 3
9179 4
9180 3
9182 1
9184 1
9186 1
9187 1
9189 2
9190 3
9191 2
9192 1
9193 2
9195 2
9196 2
9197 4
9198 3
9199 2
9200 6
9202 1
9203 3
9204 2
9205 1
9206 1
9207 2
9208 2
9209 2
9210 5
9211 2
9213 1
9214 3
9217 4
9219 1
9220 2
9221 1
9222 2
9223 1
9224 1
9226 1
9227 1
9228 3
9229 2
9230 2
9231 4
9232 2
9233 2
9234 4
9235 1
9236 1
9237 1
9238 1
9239 3
9240 3
9241 4
9243 1
9244 2
9248 4
9249 2
9250 1
9251 3
9252 1
9253 1
9254 1
9255 3
9257 2
9258 5
9260 2
9261 3
9262 2
9263 2
9264 3
9265 2
9266 3
9267 3
9268 1
9269 1
9270 3
9271 3
9272 4
9273 2
9274 1
9275 2
9277 1
9279 2
9280 1
9281 1
9282 4
9283 3
9284 1
9285 2
9286 2
9288 2
9289 2
9290 3
9291 1
9292 5
9293 3
9294 3
9295 3
9296 4
9297 2
9298 3
9299 3
9300 1
9301 1
9302 3
9303 1
9304 1
9305 3
9306 1
9307 1
9309 1
9311 2
9313 2
9314 2
9315 2
9316 2
9317 3
9318 1
9319 1
9320 4
9321 3
9323 2
9324 3
9325 1
9326 4
9327 3
9329 3
9330 2
9331 2
9332 2
9333 4
9334 3
9336 2
9337 3
9339 1
9340 1
9343 1
9345 1
9346 3
9347 1
9348 1
9349 3
9350 1
9351 3
9352 2
9354 3
9355 3
9356 3
9357 3
9358 2
9359 2
9360 4
9361 3
9363 1
9364 3
9365 1
9366 2
9367 2
9368 5
9369 1
9370 2
9371 1
9373 1
9374 1
9375 2
9377 1
9378 5
9380 1
9381 2
9382 2
9383 3
9384 2
9385 2
9386 2
9387 6
9388 3
9389 1
9390 3
9391 1
9392 2
9393 3
9395 4
9396 1
9397 2
9398 3
9399 2
9400 1
9401 1
9402 3
9403 1
9405 1
9406 1
9407 1
9408 3
9409 5
9411 3
9412 3
9413 1
9414 2
9415 2
9416 2
9417 2
9418 2
9419 4
9420 2
9421 3
9422 4
9423 2
9424 1
9425 2
9426 3
9428 3
9429 2
9430 1
9431 3
9432 2
9433 1
9434 1
9435 2
9436 2
9437 1
9440 2
9441 1
9443 2
9444 2
9445 1
9446 4
9448 2
9449 4
9450 5
9451 1
9452 5
9453 5
9454 1
9455 3
9456 1
9457 1
9458 1
9459 2
9460 2
9461 1
9462 1
9463 2
9466 1
9467 2
9469 3
9470 3
9471 3
9472 2
9473 2
9474 2
9475 3
9476 3
9477 1
9478 1
9479 2
9480 1
9481 4
9482 2
9483 3
9484 4
9485 1
9486 4
9487 2
9488 1
9489 2
9490 1
9491 2
9492 1
9493 3
9494 2
9495 1
9496 2
9497 1
9498 2
9499 2
9501 3
9502 3
9503 2
9504 2
9505 3
9506 1
9507 4
9508 5
9509 1
9510 3
9511 4
9512 2
9513 2
9514 4
9515 2
9516 1
9517 4
9518 3
9520 2
9521 1
9522 1
9523 1
9524 3
9525 2
9526 2
9527 2
9529 2
9531 1
9532 3
9533 1
9535 4
9536 2
9537 2
9538 3
9539 1
9541 2
9542 1
9543 2
9545 2
9546 4
9547 1
9548 4
9549 4
9550 1
9551 1
9552 2
9555 6
9556 3
9558 2
9559 1
9561 1
9565 2
9566 1
9567 3
9568 3
9569 2
9570 5
9572 2
9573 5
9574 3
9575 2
9576 2
9577 3
9578 2
9579 5
9580 2
9582 2
9583 1
9584 1
9585 2
9586 2
9587 3
9589 3
9590 4
9591 1
9592 2
9593 2
9596 4
9597 4
9598 2
9599 5
9600 2
9601 1
9602 4
9603 2
9604 3
9605 1
9606 4
9607 3
9608 1
9609 4
9610 1
9611 3
9612 1
9613 4
9614 1
9616 1
9617 2
9618 3
9620 2
9621 3
9623 2
9624 1
9626 1
9627 1
9628 5
9629 2
9630 3
9631 3
9632 1
9633 3
9634 3
9635 3
9636 2
9637 2
9638 3
9639 1
9640 6
9641 3
9643 1
9644 2
9645 1
9647 2
9648 1
9650 2
9652 3
9653 2
9655 2
9656 2
9658 3
9659 4
9661 3
9662 4
9663 1
9664 4
9665 1
9666 1
9667 3
9668 2
9669 3
9670 2
9671 3
9672 3
9673 3
9674 2
9675 3
9676 3
9678 1
9679 1
9681 1
9682 2
9683 1
9684 1
9685 4
9687 1
9688 3
9689 2
9690 3
9691 2
9692 1
9693 4
9694 4
9695 4
9696 2
9697 3
9699 2
9700 3
9702 5
9703 3
9704 1
9705 5
9706 4
9708 1
9709 1
9710 3
9712 2
9713 2
9714 1
9715 1
9716 4
9717 2
9718 2
9719 2
9720 3
9721 2
9722 1
9723 3
9724 3
9725 1
9726 4
9727 4
9728 1
9729 4
9730 3
9731 1
9732 2
9733 5
9734 3
9735 3
9736 5
9737 1
9738 2
9740 1
9742 1
9743 2
9744 3
9746 1
9747 1
9748 1
9750 2
9751 2
9753 3
9754 1
9755 4
9756 2
9757 5
9758 3
9759 3
9760 5
9761 1
9762 1
9764 3
9765 2
9766 2
9767 5
9768 2
9770 3
9771 1
9774 3
9776 1
9777 4
9778 2
9779 3
9781 2
9782 1
9783 1
9784 3
9785 1
9786 2
9787 2
9788 4
9789 2
9790 2
9791 5
9792 1
9793 3
9794 3
9795 1
9796 3
9797 1
9798 3
9799 2
9800 2
9801 3
9802 1
9805 3
9806 2
9808 6
9809 4
9810 1
9811 4
9812 1
9813 1
9814 1
9815 5
9816 2
9817 2
9818 5
9819 1
9820 4
9821 4
9822 3
9824 2
9825 2
9826 2
9827 2
9828 2
9829 2
9830 2
9831 3
9832 3
9833 2
9834 1
9835 1
9837 2
9839 4
9840 2
9842 3
9843 1
9844 1
9845 3
9846 2
9847 2
9848 2
9849 3
9850 4
9851 1
9852 5
9853 3
9854 3
9855 3
9856 5
9857 2
9858 1
9859 5
9861 1
9862 4
9863 2
9864 1
9865 1
9867 1
9869 1
9870 2
9871 2
9872 1
9873 2
9874 2
9875 2
9876 1
9877 3
9878 2
9879 1
9880 4
9881 5
9882 3
9883 3
9884 3
9885 1
9886 3
9887 3
9888 1
9890 2
9891 2
9892 2
9893 4
9894 4
9896 2
9897 4
9899 1
9900 1
9902 1
9903 2
9904 2
9905 2
9906 2
9907 1
9908 3
9909 3
9910 1
9911 5
9912 2
9913 3
9914 5
9915 3
9916 3
9917 2
9918 2
9919 1
9920 3
9921 2
9923 2
9924 4
9925 3
9926 2
9928 3
9929 1
9930 1
9931 2
9932 2
9933 2
9934 1
9935 5
9936 2
9937 2
9938 4
9939 1
9940 2
9941 2
9942 3
9943 2
9944 2
9945 4
9946 1
9947 5
9948 3
9949 2
9951 2
9952 2
9953 2
9954 2
9955 4
9956 1
9957 2
9958 2
9959 2
9960 1
9962 3
9965 1
9966 3
9967 2
9968 3
9969 4
9970 1
9971 3
9972 1
9973 3
9974 3
9975 2
9976 5
9977 3
9978 2
9979 5
9980 1
9981 1
9982 3
9983 4
9985 2
9986 4
9988 2
9989 2
9990 1
9991 1
9992 2
9993 2
9994 1
9995 1
9996 4
9997 2
9998 2
9999 2
10000 3
10001 1
10002 2
10003 3
10004 1
10005 2
10006 2
10007 2
10008 3
10009 4
10010 5
10011 2
10012 3
10013 3
10014 1
10015 2
10016 1
10017 5
10018 1
10019 1
10020 4
10023 2
10024 2
10026 1
10027 4
10028 1
10029 4
10030 3
10031 3
10032 2
10033 3
10034 3
10035 3
10036 3
10037 3
10038 1
10039 2
10040 5
10041 4
10042 1
10043 4
10044 3
10046 3
10049 2
10050 3
10051 4
10052 1
10053 2
10054 1
10055 1
10057 1
10058 3
10059 3
10060 1
10061 4
10062 4
10063 1
10064 4
10065 4
10066 1
10067 4
10068 5
10070 3
10071 4
10072 2
10073 3
10074 5
10075 1
10076 1
10077 2
10078 2
10080 1
10081 1
10082 1
10084 2
10085 1
10086 2
10088 1
10089 2
10090 2
10091 4
10092 2
10093 3
10094 2
10095 3
10096 2
10097 3
10098 2
10099 1
10100 3
10101 2
10102 2
10103 4
10105 3
10106 4
10108 3
10109 2
10111 2
10112 3
10113 2
10114 1
10115 4
10116 3
10117 1
10118 3
10119 1
10120 2
10121 1
10122 1
10123 3
10124 1
10125 3
10126 2
10127 3
10128 3
10129 3
10130 3
10131 1
10132 3
10133 4
10134 3
10135 5
10136 3
10137 3
10138 3
10139 2
10140 2
10142 1
10143 2
10144 3
10146 1
10147 4
10149 3
10150 2
10151 1
10152 2
10153 3
10154 4
10155 1
10156 5
10157 4
10158 2
10159 4
10160 2
10161 3
10162 2
10163 1
10164 5
10165 2
10166 5
10167 3
10168 1
10169 2
10170 1
10171 4
10173 1
10174 1
10176 2
10177 3
10178 3
10179 1
10180 2
10181 1
10183 1
10185 3
10186 1
10187 1
10188 6
10189 3
10190 4
10191 4
10192 2
10193 1
10194 4
10195 4
10197 5
10198 2
10200 4
10201 3
10203 1
10204 2
10205 2
10207 1
10208 2
10209 1
10210 2
10211 1
10212 3
10214 1
10215 5
10216 2
10217 1
10218 5
10219 4
10220 2
10221 5
10222 3
10223 2
10224 3
10226 2
10227 3
10228 2
10229 4
10230 2
10231 4
10232 4
10233 3
10235 2
10236 2
10238 4
10239 4
10240 3
10241 1
10242 2
10243 1
10244 1
10245 3
10246 2
10248 2
10249 3
10250 3
10251 4
10252 4
10253 4
10254 3
10255 6
10256 2
10257 2
10258 2
10259 2
10260 3
10261 1
10262 5
10263 2
10264 1
10265 2
10267 1
10268 2
10269 1
10270 3
10271 2
10272 1
10273 2
10274 2
10276 3
10277 3
10278 2
10279 1
10280 5
10281 4
10282 3
10283 4
10284 2
10285 1
10286 5
10287 3
10289 3
10290 3
10291 1
10292 3
10293 5
10294 3
10295 2
10296 3
10298 1
10300 3
10301 1
10303 3
10304 3
10305 2
10306 2
10308 1
10309 1
10310 2
10311 3
10312 3
10313 1
10314 2
10315 6
10316 1
10317 6
10318 4
10319 1
10320 1
10321 3
10322 1
10323 1
10324 6
10325 3
10326 1
10327 4
10330 3
10331 1
10332 1
10334 3
10335 1
10336 3
10337 1
10338 2
10339 4
10340 1
10341 3
10342 4
10343 3
10344 4
10345 1
10346 2
10347 4
10348 4
10349 1
10351 3
10352 3
10353 4
10354 2
10355 2
10356 3
10357 2
10358 5
10359 3
10360 1
10362 2
10365 4
10366 5
10367 1
10368 5
10369 4
10370 1
10371 3
10372 3
10373 3
10374 1
10375 7
10376 3
10377 3
10378 5
10379 1
10380 3
10381 2
10382 2
10383 2
10384 1
10385 2
10386 2
10387 1
10388 2
10389 2
10390 1
10392 2
10393 1
10395 1
10396 1
10397 5
10398 1
10399 4
10400 3
10401 1
10402 2
10403 2
10404 1
10405 1
10406 4
10407 4
10408 2
10409 5
10410 5
10412 2
10413 4
10414 2
10415 1
10416 5
10417 1
10418 2
10419 6
10420 2
10421 2
10422 1
10423 1
10424 1
10425 1
10426 1
10427 3
10428 1
10429 2
10430 3
10431 1
10432 2
10433 4
10435 3
10436 3
10437 3
10438 4
10439 2
10440 4
10441 4
10442 5
10443 4
10444 3
10445 2
10446 2
10447 3
10448 1
10449 1
10450 4
10451 3
10453 1
10454 3
10455 1
10456 2
10457 3
10458 1
10459 2
10460 2
10461 2
10462 3
10463 3
10464 3
10465 1
10466 1
10467 2
10468 4
10469 3
10470 2
10471 6
10472 3
10473 5
10474 5
10475 2
10476 2
10477 1
10478 3
10479 2
10480 1
10481 2
10483 1
10484 2
10485 2
10486 2
10487 1
10488 1
10489 2
10490 2
10491 2
10492 5
10493 2
10494 1
10495 5
10496 4
10497 2
10498 3
10499 3
10500 1
10501 2
10502 4
10503 3
10504 4
10505 4
10507 1
10508 1
10509 3
10511 2
10512 5
10513 2
10514 2
10515 3
10516 1
10517 2
10519 2
10520 1
10521 1
10522 4
10523 2
10524 2
10525 1
10526 4
10527 2
10528 3
10529 4
10530 3
10531 2
10533 4
10534 4
10535 4
10536 7
10537 2
10538 2
10539 5
10540 1
10541 1
10542 1
10543 3
10545 3
10546 5
10547 2
10550 2
10552 2
10553 6
10555 1
10556 5
10557 2
10558 4
10559 3
10560 4
10561 1
10562 5
10563 2
10564 2
10565 4
10566 2
10567 4
10568 1
10569 2
10570 4
10571 3
10573 1
10574 2
10575 4
10576 1
10577 7
10578 3
10580 3
10584 4
10585 1
10586 1
10587 5
10588 3
10589 4
10590 3
10591 3
10593 4
10594 5
10595 2
10596 3
10597 5
10598 2
10599 2
10600 4
10601 3
10603 2
10604 2
10606 2
10607 1
10608 2
10609 2
10610 2
10611 3
10612 2
10613 1
10614 1
10615 3
10616 2
10618 4
10619 4
10620 1
10621 4
10622 3
10623 1
10624 5
10625 5
10626 1
10627 3
10628 6
10630 2
10631 4
10632 3
10633 2
10634 3
10636 1
10637 2
10638 5
10639 1
10640 1
10641 2
10642 1
10645 1
10646 2
10647 1
10648 2
10649 4
10650 4
10651 6
10652 2
10653 3
10654 2
10655 3
10656 4
10657 2
10658 1
10659 5
10660 3
10661 2
10662 4
10663 3
10664 1
10665 4
10666 4
10668 1
10669 2
10671 2
10672 2
10673 4
10674 2
10675 3
10676 2
10677 3
10678 3
10679 2
10680 5
10681 2
10682 5
10683 4
10684 1
10685 4
10686 2
10687 3
10688 3
10689 2
10690 4
10691 1
10692 4
10693 4
10694 2
10695 4
10696 2
10697 2
10698 1
10699 2
10700 3
10701 1
10702 1
10703 1
10704 4
10706 3
10707 3
10708 1
10709 2
10710 2
10711 1
10712 2
10713 4
10714 5
10715 2
10716 6
10717 3
10718 3
10719 1
10720 1
10721 3
10722 1
10723 4
10724 4
10725 1
10726 5
10727 3
10728 1
10730 1
10731 3
10733 2
10734 1
10735 2
10736 2
10737 2
10738 1
10739 2
10740 3
10742 3
10743 2
10744 1
10745 6
10746 1
10747 2
10748 7
10749 2
10750 3
10751 3
10752 2
10753 3
10754 4
10755 4
10756 1
10757 4
10758 2
10759 1
10760 1
10761 1
10762 3
10763 1
10764 2
10765 5
10766 2
10767 1
10768 1
10769 3
10770 1
10771 2
10772 3
10774 4
10775 5
10776 5
10777 4
10778 5
10779 3
10780 4
10781 4
10782 2
10783 2
10784 3
10785 1
10786 4
10787 1
10788 2
10789 5
10791 3
10792 2
10793 3
10795 2
10796 4
10797 1
10798 4
10799 5
10800 3
10801 1
10802 3
10803 4
10805 1
10806 4
10807 1
10808 2
10809 4
10810 4
10811 2
10812 5
10813 5
10815 4
10816 4
10817 1
10818 3
10819 6
10820 2
10821 1
10822 2
10823 1
10827 3
10828 2
10829 1
10830 3
10831 3
10833 3
10834 3
10836 4
10837 4
10838 2
10839 3
10840 3
10841 3
10842 5
10843 6
10844 1
10845 1
10846 3
10847 3
10848 1
10849 1
10850 4
10851 2
10852 2
10853 4
10854 2
10856 1
10857 2
10859 1
10860 7
10861 1
10862 2
10863 3
10864 1
10865 3
10866 3
10868 3
10869 5
10870 2
10871 3
10872 4
10873 2
10874 4
10875 5
10877 6
10878 3
10879 1
10880 3
10881 3
10882 3
10883 1
10884 5
10885 3
10887 2
10890 1
10891 2
10892 3
10893 2
10894 5
10895 2
10896 3
10897 2
10898 3
10899 4
10900 2
10901 4
10902 4
10903 3
10904 7
10905 2
10906 1
10907 2
10908 1
10909 2
10910 1
10911 2
10912 3
10913 4
10914 1
10915 2
10916 4
10917 1
10918 3
10919 1
10920 1
10921 1
10922 4
10923 4
10925 2
10926 4
10927 1
10928 5
10929 2
10930 2
10931 3
10932 3
10933 4
10934 4
10935 7
10936 3
10937 3
10938 3
10939 1
10940 4
10941 1
10942 2
10943 2
10945 5
10946 2
10947 2
10948 1
10952 2
10953 2
10954 2
10956 2
10957 6
10958 3
10959 4
10960 2
10961 1
10962 1
10963 5
10964 4
10965 1
10966 5
10967 3
10968 2
10969 4
10970 3
10971 2
10972 2
10973 2
10974 3
10975 1
10976 4
10977 2
10978 2
10979 1
10980 4
10981 3
10982 1
10983 2
10984 4
10985 3
10986 1
10987 4
10988 2
10989 3
10990 3
10991 1
10992 1
10993 3
10994 3
10995 5
10996 3
10997 5
10998 4
10999 3
11000 6
11001 3
11002 3
11003 1
11004 2
11005 2
11006 2
11007 5
11008 3
11009 1
11010 2
11011 2
11013 1
11014 3
11015 4
11017 3
11018 3
11019 3
11020 2
11021 4
11022 3
11023 3
11024 3
11025 4
11026 1
11027 1
11028 4
11029 2
11030 4
11031 6
11032 2
11033 2
11034 4
11036 1
11037 3
11038 3
11039 2
11040 1
11041 2
11042 1
11043 1
11045 1
11046 1
11047 1
11048 2
11049 4
11050 3
11051 2
11052 6
11053 1
11054 1
11055 6
11056 4
11057 2
11058 4
11059 2
11060 3
11061 4
11062 5
11063 3
11064 2
11065 2
11066 1
11069 5
11071 3
11072 7
11073 2
11074 2
11075 2
11077 1
11078 1
11079 3
11080 3
11081 3
11082 3
11083 4
11084 5
11085 2
11086 4
11087 2
11088 3
11089 3
11090 2
11091 4
11092 2
11093 5
11094 2
11095 2
11096 6
11097 1
11098 2
11099 3
11100 3
11101 2
11102 1
11103 5
11104 1
11105 2
11106 2
11107 2
11109 1
11110 4
11111 2
11112 2
11113 6
11114 1
11115 3
11116 4
11117 2
11118 4
11119 1
11120 5
11121 3
11122 5
11123 3
11124 2
11125 3
11126 4
11127 3
11128 1
11129 1
11130 1
11131 2
11132 1
11133 2
11134 5
11135 4
11137 3
11138 3
11140 2
11141 2
11142 1
11144 5
11145 4
11146 3
11147 3
11148 2
11149 3
11150 3
11151 5
11152 2
11153 1
11154 6
11155 2
11156 2
11157 5
11158 3
11159 2
11160 1
11161 3
11163 1
11164 2
11166 2
11167 2
11168 2
11169 3
11170 1
11171 1
11172 4
11173 2
11174 1
11175 6
11176 5
11177 2
11178 5
11179 3
11180 1
11181 3
11182 4
11183 2
11184 3
11185 4
11186 2
11187 4
11188 5
11189 2
11191 1
11192 4
11193 1
11194 1
11195 3
11196 1
11197 1
11198 4
11199 3
11200 2
11201 3
11202 3
11203 1
11204 2
11205 1
11206 4
11207 2
11208 2
11209 6
11210 2
11211 5
11212 4
11213 3
11214 1
11215 3
11216 5
11217 3
11218 3
11219 6
11220 3
11221 2
11222 2
11223 2
11224 2
11225 2
11226 3
11228 1
11229 2
11230 3
11231 2
11232 1
11233 4
11234 1
11235 3
11236 4
11237 4
11238 2
11239 4
11240 6
11241 3
11242 6
11243 4
11244 1
11245 3
11246 2
11247 4
11248 3
11249 3
11250 5
11252 3
11253 3
11254 2
11255 1
11256 1
11257 1
11258 1
11259 2
11260 4
11261 3
11263 1
11264 4
11265 1
11266 2
11267 1
11268 1
11269 3
11270 2
11271 4
11272 3
11273 3
11274 4
11275 4
11276 3
11277 2
11278 5
11279 1
11280 3
11281 5
11282 1
11283 4
11284 3
11286 1
11287 3
11288 1
11290 3
11291 4
11292 2
11293 4
11294 1
11295 2
11296 1
11297 2
11298 3
11299 2
11300 2
11301 2
11302 5
11303 3
11304 4
11305 5
11306 1
11307 4
11308 5
11309 1
11310 3
11311 1
11312 3
11313 3
11314 3
11315 5
11316 2
11317 1
11318 1
11319 2
11321 3
11322 7
11323 1
11324 2
11325 4
11326 1
11327 2
11328 2
11329 4
11330 1
11331 3
11332 5
11333 1
11334 5
11335 4
11336 5
11337 4
11338 5
11339 3
11340 3
11341 3
11342 2
11343 2
11344 4
11345 2
11346 5
11348 2
11349 3
11351 1
11353 4
11354 1
11355 2
11356 5
11357 3
11358 2
11359 4
11360 4
11361 1
11362 2
11363 7
11364 2
11365 3
11366 4
11367 2
11368 3
11369 4
11370 5
11372 3
11373 4
11375 3
11376 4
11377 1
11378 3
11379 5
11380 1
11381 2
11382 1
11383 1
11384 1
11385 1
11386 1
11387 3
11388 1
11389 1
11390 4
11391 3
11393 4
11394 2
11395 2
11396 5
11397 4
11398 3
11399 3
11400 4
11401 3
11402 3
11403 3
11404 2
11405 1
11406 2
11407 7
11408 3
11410 4
11411 3
11413 3
11414 1
11416 1
11417 3
11418 4
11419 2
11420 6
11421 1
11422 3
11423 2
11424 1
11425 4
11426 2
11427 2
11428 6
11429 4
11430 3
11431 5
11432 2
11433 3
11434 4
11435 4
11437 4
11438 3
11439 2
11440 4
11441 4
11442 3
11443 1
11444 2
11445 2
11447 1
11448 1
11449 3
11450 1
11451 4
11452 5
11453 1
11454 4
11455 2
11456 4
11457 3
11458 6
11459 6
11460 1
11461 7
11462 2
11463 2
11464 5
11465 2
11466 1
11467 1
11468 2
11469 3
11470 1
11471 2
11472 2
11473 2
11474 1
11475 2
11476 3
11478 3
11479 1
11480 3
11481 3
11482 4
11483 5
11484 2
11485 4
11486 2
11487 2
11488 2
11489 2
11490 4
11491 1
11492 4
11493 5
11494 3
11495 5
11496 4
11497 1
11499 4
11500 3
11502 6
11503 1
11504 1
11505 4
11506 1
11508 1
11509 1
11510 2
11511 3
11512 1
11514 3
11515 1
11516 4
11517 5
11518 2
11519 5
11520 2
11521 3
11522 4
11523 4
11524 4
11525 3
11526 5
11527 2
11528 3
11529 1
11531 4
11532 2
11533 4
11534 4
11535 2
11536 2
11537 1
11538 2
11540 4
11541 3
11542 1
11543 4
11544 5
11545 3
11546 4
11547 4
11548 1
11549 3
11550 3
11551 2
11552 2
11553 3
11554 3
11555 5
11556 4
11557 6
11558 5
11559 2
11560 4
11561 1
11562 3
11563 1
11564 2
11565 2
11566 1
11567 3
11568 4
11569 1
11570 1
11571 1
11572 3
11573 1
11575 5
11576 3
11577 3
11578 4
11579 5
11580 1
11581 4
11582 6
11583 1
11584 3
11585 6
11586 1
11587 4
11588 6
11589 1
11590 2
11591 2
11592 1
11594 3
11595 1
11596 2
11597 2
11598 4
11599 3
11600 3
11602 1
11603 1
11605 4
11606 3
11607 2
11608 1
11609 3
11610 3
11611 3
11612 5
11613 2
11614 1
11615 4
11616 5
11617 4
11618 3
11619 5
11620 4
11621 2
11622 6
11623 2
11625 2
11626 3
11628 1
11629 7
11630 1
11631 2
11632 3
11634 2
11635 2
11636 3
11637 3
11638 3
11639 5
11640 3
11641 4
11642 3
11643 4
11644 3
11645 2
11646 5
11647 4
11648 4
11649 4
11650 2
11651 3
11652 2
11653 5
11654 2
11656 3
11657 1
11658 1
11659 2
11660 4
11661 3
11662 1
11663 6
11664 1
11665 1
11666 1
11667 4
11668 2
11669 1
11670 6
11671 3
11672 3
11673 6
11674 1
11675 2
11676 3
11677 3
11678 3
11679 2
11680 6
11681 2
11682 4
11683 4
11684 2
11685 2
11686 2
11687 2
11688 1
11690 2
11691 3
11692 3
11693 2
11694 1
11695 1
11697 5
11698 2
11699 2
11700 3
11701 2
11702 4
11703 2
11704 4
11705 4
11706 3
11707 3
11708 3
11709 4
11710 2
11711 5
11712 2
11713 2
11714 8
11715 3
11716 1
11717 1
11718 2
11719 2
11720 2
11721 3
11722 2
11723 1
11724 1
11725 2
11726 3
11727 2
11728 2
11729 1
11730 1
11731 2
11732 2
11733 5
11734 3
11735 6
11736 4
11737 4
11738 5
11739 2
11740 4
11741 2
11742 4
11743 3
11744 3
11745 5
11746 2
11747 2
11748 1
11749 3
11750 2
11751 1
11752 3
11753 2
11754 1
11755 3
11756 4
11757 1
11758 2
11759 2
11760 2
11761 1
11762 3
11763 5
11764 4
11765 2
11766 7
11767 3
11768 4
11769 5
11770 1
11771 2
11772 2
11773 3
11774 3
11775 4
11776 6
11777 3
11778 3
11779 3
11780 2
11781 2
11782 1
11783 3
11784 2
11785 2
11786 3
11787 4
11788 2
11790 4
11791 3
11792 2
11793 3
11794 4
11796 4
11797 6
11798 1
11799 5
11800 6
11801 2
11802 3
11803 6
11804 1
11805 1
11806 3
11807 4
11808 2
11809 4
11810 3
11811 1
11812 2
11814 1
11816 2
11817 4
11818 3
11819 1
11821 3
11822 1
11823 1
11824 4
11825 2
11826 3
11827 1
11828 3
11829 5
11830 2
11831 5
11832 1
11833 2
11834 6
11835 4
11837 2
11838 5
11839 2
11840 6
11841 7
11842 1
11843 1
11844 2
11847 1
11848 3
11850 2
11851 5
11852 3
11853 4
11854 1
11855 3
11856 1
11857 4
11858 5
11859 3
11860 4
11861 3
11862 4
11863 4
11864 3
11865 5
11866 2
11867 3
11868 2
11869 3
11870 4
11871 1
11872 4
11873 1
11874 1
11875 4
11876 2
11878 2
11879 4
11880 1
11881 2
11882 6
11883 2
11884 4
11885 3
11886 2
11887 3
11888 1
11889 6
11890 2
11891 4
11892 6
11893 1
11894 4
11895 5
11896 4
11897 1
11898 3
11899 2
11900 2
11901 4
11902 5
11903 4
11904 2
11905 2
11906 3
11909 1
11911 2
11912 1
11913 4
11914 4
11915 1
11916 2
11917 4
11918 2
11919 4
11920 7
11921 1
11922 1
11923 8
11924 2
11925 4
11926 5
11927 2
11928 3
11929 4
11930 2
11931 1
11932 4
11933 4
11935 1
11936 3
11937 2
11938 3
11939 1
11941 3
11942 2
11943 3
11944 5
11945 3
11946 2
11947 3
11949 2
11950 2
11951 2
11952 3
11953 3
11954 5
11955 5
11956 4
11957 3
11958 3
11959 1
11960 3
11961 5
11962 1
11963 2
11964 4
11966 2
11967 4
11968 3
11969 1
11970 4
11971 3
11972 1
11973 2
11974 2
11975 3
11976 2
11977 3
11978 6
11979 2
11980 5
11981 3
11982 3
11983 1
11984 2
11985 6
11986 3
11987 5
11988 5
11989 1
11990 5
11991 4
11992 1
11993 2
11994 3
11995 4
11997 2
11998 3
11999 4
12000 1
12001 2
12002 2
12003 1
12004 3
12005 5
12006 3
12007 1
12008 2
12009 4
12010 1
12011 2
12012 6
12013 1
12014 2
12015 4
12016 5
12017 4
12018 7
12019 5
12020 2
12021 7
12022 2
12023 3
12025 1
12026 2
12027 1
12028 4
12029 4
12031 1
12032 2
12033 2
12035 2
12038 5
12040 6
12041 3
12042 4
12043 4
12044 5
12045 3
12046 2
12047 5
12048 2
12049 5
12050 4
12052 5
12053 6
12055 2
12056 3
12057 3
12059 4
12060 4
12062 6
12063 2
12064 1
12066 1
12067 3
12069 2
12070 4
12071 3
12072 2
12073 4
12074 3
12075 1
12076 5
12077 3
12078 1
12079 5
12080 3
12081 5
12082 5
12083 5
12084 3
12085 3
12086 2
12087 1
12088 2
12090 3
12091 6
12092 2
12093 4
12094 4
12096 1
12097 1
12098 5
12100 3
12101 5
12103 5
12104 4
12105 3
12106 5
12107 4
12108 1
12109 3
12110 4
12111 3
12112 2
12113 3
12114 4
12115 5
12116 3
12117 3
12118 3
12119 1
12120 4
12121 1
12122 3
12123 3
12124 3
12125 3
12126 1
12128 2
12129 1
12130 1
12131 1
12132 5
12133 4
12134 2
12135 4
12136 4
12137 2
12138 5
12139 5
12141 7
12142 6
12143 1
12144 5
12145 4
12146 1
12147 5
12148 5
12150 1
12151 1
12152 1
12155 2
12156 2
12157 1
12158 4
12159 3
12160 3
12162 3
12163 3
12164 3
12165 3
12166 4
12167 4
12168 2
12169 3
12170 3
12171 1
12172 3
12173 5
12174 2
12175 3
12176 6
12177 6
12178 1
12179 5
12180 3
12182 6
12183 1
12185 3
12186 4
12187 1
12188 2
12189 3
12190 1
12191 2
12192 2
12193 2
12194 4
12195 1
12196 3
12197 4
12198 4
12199 6
12200 4
12201 3
12202 2
12203 4
12204 3
12205 2
12206 4
12207 3
12208 4
12209 6
12210 4
12211 2
12212 1
12213 1
12214 2
12216 2
12217 2
12218 3
12219 1
12220 3
12221 5
12223 3
12224 2
12225 2
12226 2
12227 7
12228 3
12229 1
12230 6
12231 1
12232 3
12233 4
12234 1
12235 4
12236 3
12237 2
12238 4
12239 3
12240 7
12241 2
12242 2
12243 1
12244 3
12245 2
12247 3
12248 1
12249 2
12250 2
12251 4
12252 2
12253 1
12254 2
12256 1
12257 3
12258 3
12259 6
12260 2
12261 5
12262 6
12263 2
12264 3
12265 3
12266 2
12267 2
12268 5
12269 3
12270 2
12271 8
12273 2
12274 4
12275 1
12276 1
12277 1
12278 3
12279 4
12280 2
12281 4
12282 1
12283 2
12284 1
12285 5
12286 1
12287 2
12288 4
12289 3
12290 3
12291 2
12292 4
12293 4
12294 3
12295 6
12296 2
12297 4
12298 4
12299 1
12300 4
12301 4
12302 6
12303 3
12304 1
12305 3
12306 1
12307 1
12308 1
12309 3
12310 3
12311 1
12312 4
12313 3
12314 2
12315 2
12316 1
12317 1
12318 1
12319 4
12320 4
12321 1
12322 4
12323 4
12324 5
12325 6
12326 6
12327 3
12328 4
12329 4
12330 2
12331 1
12332 2
12333 2
12334 2
12335 4
12336 4
12337 2
12338 2
12339 3
12341 2
12342 2
12343 1
12344 4
12345 3
12346 1
12347 4
12348 3
12349 1
12350 5
12351 5
12352 2
12353 3
12354 5
12355 3
12356 5
12357 5
12359 2
12360 5
12361 4
12362 2
12363 4
12364 4
12365 1
12366 2
12367 5
12368 1
12369 3
12370 1
12371 1
12373 1
12374 3
12375 2
12376 3
12377 3
12378 2
12379 3
12380 2
12381 3
12382 3
12384 3
12385 4
12386 5
12387 2
12388 5
12389 3
12390 2
12391 6
12392 2
12393 1
12394 3
12395 3
12396 1
12397 3
12398 8
12399 2
12400 2
12401 2
12403 1
12404 2
12405 5
12408 5
12409 1
12410 3
12411 3
12412 3
12413 3
12414 2
12415 3
12416 4
12417 4
12418 6
12419 3
12420 4
12421 3
12422 5
12423 5
12425 4
12426 1
12427 4
12428 3
12429 4
12430 3
12432 4
12433 1
12435 1
12436 2
12438 3
12439 7
12440 3
12441 3
12442 4
12443 1
12444 1
12445 4
12446 5
12447 3
12448 2
12449 8
12450 3
12451 4
12452 4
12453 2
12454 2
12455 2
12456 4
12457 1
12458 2
12459 3
12460 2
12461 2
12462 3
12463 2
12464 1
12465 1
12466 4
12467 1
12468 1
12469 1
12470 2
12471 3
12473 4
12474 3
12475 1
12476 4
12477 3
12478 2
12479 5
12480 7
12481 2
12482 4
12483 7
12484 2
12485 2
12486 2
12487 2
12488 3
12489 4
12490 3
12491 1
12492 2
12493 4
12494 1
12495 1
12496 1
12497 3
12498 1
12499 2
12500 4
12501 3
12502 3
12503 2
12504 3
12505 3
12506 4
12507 4
12508 1
12509 2
12510 1
12511 4
12512 5
12513 3
12514 5
12515 3
12516 4
12517 3
12518 3
12519 2
12520 2
12521 4
12522 1
12523 3
12524 4
12525 2
12526 2
12527 1
12528 2
12529 1
12530 1
12531 3
12532 3
12533 3
12534 2
12535 3
12536 3
12537 3
12538 4
12539 3
12540 4
12541 3
12542 6
12543 3
12544 4
12545 6
12546 2
12547 6
12548 4
12549 1
12550 2
12551 2
12552 1
12553 2
12554 4
12555 2
12556 3
12557 1
12558 1
12559 3
12560 1
12561 2
12562 2
12563 2
12564 1
12565 4
12566 6
12567 2
12568 3
12569 4
12570 2
12571 2
12572 3
12573 3
12574 2
12575 4
12576 5
12577 2
12578 7
12579 4
12580 3
12581 2
12582 1
12583 3
12585 4
12586 5
12587 1
12588 2
12589 1
12591 1
12592 1
12593 1
12594 1
12595 2
12596 2
12597 4
12598 4
12599 1
12600 7
12602 4
12603 6
12604 4
12605 2
12606 3
12607 4
12608 4
12609 7
12610 5
12612 2
12613 3
12614 1
12615 2
12616 1
12617 6
12619 2
12620 5
12621 2
12622 2
12623 1
12624 2
12626 3
12627 8
12628 2
12629 2
12630 3
12631 2
12632 5
12633 2
12634 3
12635 1
12636 6
12637 3
12638 2
12639 5
12640 2
12641 5
12642 2
12643 4
12644 3
12645 2
12646 1
12647 2
12648 3
12649 1
12650 2
12651 5
12652 1
12653 2
12654 3
12655 1
12656 1
12657 2
12658 5
12659 2
12660 5
12661 5
12662 2
12663 3
12664 4
12665 4
12666 1
12667 2
12668 5
12669 2
12670 4
12671 6
12672 1
12673 1
12674 5
12675 3
12677 3
12678 1
12680 4
12681 1
12682 4
12683 3
12684 2
12685 1
12686 3
12688 3
12689 4
12690 1
12691 2
12692 5
12693 2
12694 2
12695 6
12696 1
12697 2
12698 6
12699 5
12700 1
12701 6
12702 5
12703 3
12704 4
12705 5
12706 2
12707 2
12708 1
12709 1
12710 1
12711 1
12712 4
12713 2
12715 3
12716 2
12718 4
12719 1
12720 4
12721 3
12722 3
12723 5
12724 4
12725 5
12726 3
12727 4
12728 2
12729 3
12730 5
12731 1
12732 4
12733 4
12734 2
12735 5
12736 4
12737 3
12738 1
12739 3
12740 4
12742 3
12743 2
12744 1
12745 3
12746 5
12747 3
12748 2
12749 2
12750 1
12751 2
12752 2
12753 3
12754 4
12755 1
12756 7
12757 5
12758 1
12759 4
12760 4
12761 2
12762 2
12763 5
12764 3
12765 2
12766 4
12767 2
12768 3
12769 3
12770 1
12772 1
12773 2
12774 4
12775 3
12776 2
12777 1
12778 2
12780 2
12781 5
12783 3
12784 2
12785 4
12786 4
12787 6
12788 3
12789 3
12790 5
12792 3
12794 2
12795 5
12796 1
12797 6
12798 5
12799 1
12800 4
12801 2
12802 1
12804 5
12805 2
12806 1
12807 3
12808 1
12809 3
12810 1
12811 2
12812 1
12813 2
12814 2
12815 2
12816 4
12817 2
12818 4
12819 7
12820 1
12821 6
12822 5
12823 3
12824 4
12825 2
12826 5
12827 2
12828 5
12829 2
12830 2
12831 5
12832 1
12833 1
12835 1
12836 4
12838 4
12839 5
12840 1
12841 3
12842 2
12843 3
12845 5
12846 3
12847 3
12848 5
12849 5
12850 4
12851 4
12852 5
12853 1
12854 3
12855 4
12856 2
12857 2
12858 3
12859 2
12860 5
12861 3
12862 4
12863 4
12865 1
12866 1
12867 3
12869 3
12870 2
12872 3
12873 3
12875 2
12876 1
12877 4
12878 3
12879 2
12880 4
12881 2
12882 5
12883 5
12884 4
12885 4
12886 5
12887 2
12888 1
12889 6
12890 2
12891 1
12892 4
12893 4
12894 1
12895 1
12896 1
12897 1
12899 2
12900 2
12901 3
12902 3
12903 2
12904 3
12905 3
12907 5
12908 3
12909 1
12910 5
12911 5
12912 3
12913 4
12914 2
12915 3
12916 5
12917 4
12918 2
12919 1
12920 3
12921 4
12922 2
12923 3
12924 5
12925 2
12926 2
12927 5
12929 1
12930 1
12931 2
12932 2
12933 2
12934 5
12935 2
12936 2
12937 2
12938 2
12939 4
12940 1
12941 3
12942 4
12943 4
12944 5
12945 4
12946 5
12947 1
12948 5
12949 2
12950 2
12951 5
12952 2
12953 1
12954 4
12955 4
12956 2
12957 1
12958 2
12959 2
12960 1
12961 2
12962 3
12963 3
12965 4
12966 3
12967 3
12968 4
12969 2
12970 2
12971 1
12972 5
12973 2
12974 2
12975 5
12976 3
12977 4
12978 7
12979 3
12980 2
12981 3
12982 3
12983 3
12984 3
12985 4
12986 2
12987 4
12988 1
12989 2
12990 2
12992 3
12993 2
12995 1
12996 3
12997 3
12998 2
12999 3
13000 1
13001 2
13002 4
13003 3
13004 4
13005 2
13006 6
13007 4
13008 3
13009 8
13010 3
13011 2
13012 2
13013 4
13014 2
13015 2
13016 4
13017 1
13018 1
13019 3
13020 3
13022 1
13023 2
13025 1
13026 3
13027 3
13028 4
13029 1
13030 4
13031 3
13032 2
13033 4
13034 2
13035 2
13036 3
13037 4
13038 4
13039 3
13040 7
13041 2
13042 4
13043 3
13044 2
13045 3
13046 1
13047 6
13048 2
13049 2
13050 5
13051 1
13052 1
13053 2
13054 4
13055 2
13056 1
13057 2
13058 4
13059 3
13060 4
13061 3
13062 2
13063 3
13064 5
13065 2
13066 2
13067 4
13068 2
13069 4
13070 3
13071 5
13072 3
13073 2
13074 4
13075 1
13076 4
13077 1
13078 1
13079 2
13080 3
13081 5
13082 3
13083 3
13084 1
13086 1
13088 4
13089 3
13091 2
13092 3
13093 2
13094 4
13095 5
13096 2
13097 3
13098 6
13099 2
13100 1
13101 4
13102 5
13103 2
13104 7
13105 5
13106 1
13107 3
13108 4
13110 1
13111 3
13112 2
13113 2
13114 1
13116 2
13118 1
13119 3
13120 1
13121 3
13122 3
13123 5
13124 3
13125 3
13126 3
13127 2
13128 2
13129 4
13130 6
13131 3
13132 2
13133 6
13134 2
13135 4
13136 5
13138 3
13139 3
13140 1
13141 1
13142 3
13143 4
13144 1
13145 5
13146 4
13148 3
13149 2
13150 1
13151 1
13152 1
13153 3
13154 3
13155 3
13156 2
13157 4
13158 4
13159 2
13160 4
13161 2
13162 4
13163 4
13164 4
13165 4
13166 3
13167 5
13168 3
13169 3
13170 3
13172 1
13173 2
13174 3
13175 2
13176 1
13177 3
13178 1
13179 3
13180 2
13181 1
13182 2
13183 2
13184 6
13185 2
13186 1
13187 4
13188 2
13189 5
13190 3
13191 3
13192 4
13193 1
13194 3
13195 2
13196 7
13197 3
13198 2
13199 2
13200 2
13201 6
13202 1
13203 1
13204 1
13205 1
13206 2
13207 4
13208 5
13209 2
13210 1
13211 2
13214 1
13215 4
13216 2
13217 1
13218 7
13219 5
13220 3
13221 2
13222 4
13223 2
13224 3
13225 7
13226 1
13227 3
13228 6
13230 3
13231 4
13232 2
13233 1
13234 2
13235 2
13237 2
13238 1
13239 2
13240 1
13241 1
13242 5
13243 1
13244 1
13245 4
13246 2
13247 1
13248 5
13249 5
13250 3
13251 4
13252 4
13253 1
13254 2
13255 2
13256 3
13257 3
13258 4
13259 6
13260 2
13261 4
13262 6
13263 4
13265 3
13266 3
13267 1
13268 2
13269 6
13270 3
13272 3
13273 1
13274 1
13275 2
13276 3
13278 3
13279 4
13280 2
13281 5
13282 5
13283 5
13284 3
13285 6
13286 4
13287 3
13288 1
13289 3
13290 5
13291 2
13292 6
13293 4
13294 1
13295 3
13296 1
13297 1
13298 2
13299 3
13300 4
13301 1
13302 2
13303 1
13304 2
13305 1
13306 1
13307 1
13308 3
13309 2
13310 5
13311 5
13312 1
13313 5
13314 4
13316 6
13317 4
13319 3
13320 3
13321 3
13322 4
13323 5
13324 2
13325 1
13326 3
13327 1
13328 1
13330 2
13333 3
13334 2
13335 4
13336 1
13337 2
13338 2
13339 2
13340 3
13341 2
13342 3
13343 3
13344 3
13345 7
13346 1
13347 6
13348 4
13349 3
13351 2
13352 5
13354 6
13355 4
13357 6
13358 2
13360 3
13361 1
13362 3
13363 1
13364 2
13365 3
13366 3
13367 3
13368 2
13369 4
13371 4
13372 3
13373 2
13374 2
13375 2
13376 4
13377 4
13378 5
13379 5
13381 4
13382 4
13383 4
13384 4
13385 2
13386 5
13387 3
13388 5
13389 3
13390 2
13392 1
13393 1
13395 4
13396 7
13398 3
13399 3
13401 3
13402 2
13403 4
13405 8
13406 2
13407 2
13408 4
13409 3
13410 5
13411 5
13412 3
13413 2
13414 3
13415 3
13416 2
13417 1
13418 2
13419 2
13420 5
13423 2
13425 1
13426 2
13427 2
13428 2
13429 4
13430 4
13431 2
13433 1
13434 3
13436 2
13437 7
13438 2
13439 4
13440 6
13441 2
13442 2
13443 6
13444 2
13446 6
13447 1
13448 1
13449 5
13450 2
13451 2
13452 3
13453 2
13455 1
13457 2
13458 3
13459 2
13460 2
13461 3
13462 1
13463 2
13464 4
13465 4
13466 1
13467 4
13468 5
13469 2
13470 5
13471 4
13472 4
13473 4
13474 3
13475 1
13476 2
13477 3
13478 3
13479 1
13480 4
13481 5
13482 2
13483 2
13484 3
13485 2
13486 1
13487 4
13488 2
13489 3
13490 2
13491 4
13492 2
13493 1
13494 3
13495 1
13496 2
13497 3
13498 2
13499 4
13500 3
13501 4
13502 5
13503 4
13504 6
13505 3
13506 3
13507 1
13508 5
13509 3
13510 1
13511 3
13512 1
13513 1
13514 4
13515 4
13516 1
13517 1
13518 1
13519 1
13520 2
13521 1
13522 3
13523 2
13524 1
13525 6
13526 4
13527 1
13528 2
13529 2
13530 3
13531 4
13532 5
13533 3
13534 3
13535 6
13537 1
13538 4
13539 3
13540 1
13541 2
13542 3
13543 3
13544 4
13545 3
13546 1
13547 1
13549 5
13550 1
13552 3
13554 3
13555 2
13556 2
13557 2
13558 2
13559 3
13560 2
13561 3
13562 1
13563 3
13564 5
13565 2
13566 8
13567 4
13568 2
13569 5
13570 2
13571 1
13572 2
13573 4
13574 3
13575 3
13576 4
13577 1
13578 1
13579 1
13582 1
13583 4
13584 1
13585 3
13586 3
13587 1
13588 6
13589 2
13590 5
13591 2
13592 4
13593 3
13594 2
13595 3
13596 3
13597 4
13598 3
13599 3
13600 4
13601 3
13602 3
13603 1
13604 1
13605 5
13606 1
13607 6
13608 4
13609 1
13610 1
13612 1
13614 3
13615 3
13616 2
13617 6
13618 5
13619 2
13620 4
13621 3
13623 2
13624 4
13625 4
13626 4
13627 4
13628 3
13629 5
13630 3
13631 3
13632 2
13633 1
13634 3
13635 1
13636 1
13637 1
13638 2
13639 1
13640 2
13641 2
13642 3
13644 1
13645 2
13646 5
13648 3
13649 3
13650 1
13651 4
13652 5
13653 1
13654 2
13655 6
13656 3
13657 1
13658 4
13659 4
13660 1
13661 4
13662 5
13664 4
13665 2
13666 1
13667 2
13668 4
13669 3
13670 2
13671 1
13672 1
13674 1
13675 1
13676 3
13677 1
13678 2
13679 1
13680 3
13681 3
13682 2
13683 2
13684 4
13685 3
13686 5
13687 3
13689 5
13690 5
13691 4
13692 5
13693 5
13694 2
13695 4
13696 5
13698 1
13699 2
13700 1
13701 1
13702 3
13703 7
13704 1
13705 3
13706 2
13707 1
13708 2
13709 1
13710 3
13711 3
13712 3
13713 3
13714 2
13715 2
13716 2
13717 5
13718 4
13719 2
13720 5
13721 3
13722 4
13723 4
13724 3
13725 3
13726 1
13727 3
13728 2
13730 3
13731 1
13732 1
13733 1
13734 3
13735 2
13736 2
13737 4
13738 2
13740 1
13741 4
13742 1
13743 3
13744 5
13745 2
13746 5
13747 5
13748 2
13749 1
13750 2
13751 3
13752 3
13753 4
13754 3
13755 2
13756 3
13757 2
13758 3
13760 1
13761 4
13763 2
13764 1
13765 4
13766 4
13767 1
13768 1
13769 1
13770 1
13771 3
13772 4
13773 1
13775 5
13776 2
13777 3
13778 5
13779 3
13780 3
13781 3
13782 1
13783 3
13784 4
13785 7
13786 1
13787 4
13788 5
13789 1
13790 3
13791 1
13792 1
13794 2
13795 4
13796 2
13797 1
13799 2
13800 1
13801 2
13802 3
13804 3
13805 3
13806 5
13807 5
13808 2
13809 4
13810 2
13811 4
13812 3
13813 3
13814 3
13815 1
13816 6
13817 2
13818 3
13819 5
13820 1
13821 3
13822 2
13823 3
13824 2
13825 2
13826 2
13827 3
13828 2
13829 3
13830 1
13831 1
13832 2
13833 3
13834 1
13836 2
13837 4
13838 4
13839 2
13840 5
13841 2
13842 4
13843 5
13844 1
13845 4
13846 4
13847 2
13848 2
13849 4
13850 4
13851 2
13852 3
13853 2
13855 1
13856 1
13857 1
13858 3
13859 1
13860 1
13861 4
13863 1
13864 4
13866 2
13867 6
13868 2
13869 1
13870 3
13871 3
13872 2
13873 7
13874 3
13876 3
13877 2
13878 1
13879 2
13880 3
13881 4
13882 2
13883 3
13884 2
13885 1
13887 2
13890 5
13891 2
13892 2
13894 1
13895 1
13896 2
13897 1
13898 3
13899 4
13900 3
13901 2
13902 4
13903 3
13904 3
13905 7
13907 4
13908 4
13909 3
13910 1
13911 3
13912 5
13914 6
13915 4
13917 2
13918 1
13920 2
13921 2
13922 3
13923 2
13924 5
13925 3
13926 2
13927 3
13928 2
13929 2
13930 1
13931 3
13932 5
13933 4
13934 5
13935 2
13936 2
13937 3
13938 2
13939 4
13940 1
13941 4
13942 3
13943 2
13944 3
13945 3
13946 3
13947 1
13948 3
13950 1
13952 3
13953 6
13955 1
13956 2
13958 4
13959 2
13961 2
13962 2
13963 4
13964 3
13965 6
13966 3
13967 3
13968 2
13969 3
13970 4
13971 2
13972 2
13973 2
13974 1
13975 5
13976 4
13977 2
13980 1
13982 2
13984 3
13985 1
13987 5
13988 3
13989 1
13990 1
13991 3
13993 4
13994 7
13996 2
13997 6
13998 1
13999 5
14000 3
14001 2
14002 3
14003 3
14004 3
14005 1
14006 3
14007 1
14008 2
14009 1
14010 4
14011 3
14012 1
14014 2
14015 1
14016 1
14017 2
14018 4
14019 2
14020 3
14021 2
14023 3
14024 3
14025 5
14026 3
14027 5
14028 5
14029 3
14030 3
14031 4
14032 4
14034 2
14035 3
14036 1
14037 3
14038 5
14040 3
14041 5
14042 1
14044 2
14045 4
14047 3
14048 4
14049 1
14050 2
14051 4
14052 3
14053 3
14054 2
14055 3
14056 1
14058 4
14059 4
14060 2
14061 5
14062 6
14063 1
14064 3
14065 3
14066 1
14067 2
14068 6
14069 2
14070 2
14071 2
14072 2
14073 2
14077 1
14078 1
14079 5
14080 2
14082 4
14083 2
14085 4
14086 3
14087 2
14088 4
14089 1
14090 4
14091 3
14092 7
14093 3
14094 2
14095 4
14096 1
14097 1
14099 3
14100 1
14101 2
14102 6
14103 2
14104 1
14105 1
14106 1
14107 1
14108 1
14109 4
14110 1
14111 2
14112 3
14113 3
14114 5
14116 2
14117 1
14118 3
14119 2
14120 2
14121 4
14122 2
14123 7
14124 3
14126 7
14127 1
14128 2
14129 3
14130 2
14131 3
14132 1
14133 3
14134 1
14135 2
14136 3
14137 1
14140 3
14141 3
14142 1
14143 3
14144 3
14145 2
14146 3
14147 3
14148 4
14150 5
14151 1
14152 4
14153 5
14154 2
14155 2
14156 4
14157 3
14158 1
14159 2
14160 1
14161 2
14162 2
14163 1
14164 3
14165 5
14166 1
14167 3
14168 2
14170 1
14171 3
14172 3
14174 3
14175 2
14176 1
14177 2
14178 1
14179 2
14180 5
14181 2
14182 2
14183 3
14184 4
14185 3
14186 2
14187 4
14188 3
14189 4
14190 2
14191 3
14192 1
14194 3
14196 1
14197 2
14198 2
14199 2
14203 3
14205 3
14206 5
14207 2
14208 4
14209 3
14210 2
14211 1
14212 5
14213 3
14214 2
14215 4
14216 4
14217 2
14218 4
14219 3
14221 3
14222 4
14223 1
14224 1
14225 2
14226 1
14227 3
14228 2
14229 2
14230 2
14231 2
14232 2
14233 1
14234 3
14236 2
14237 1
14238 2
14239 4
14240 2
14241 2
14242 2
14243 2
14244 3
14245 2
14246 3
14247 4
14248 2
14249 6
14250 4
14251 3
14252 3
14253 2
14254 1
14255 2
14256 3
14257 2
14258 1
14259 2
14260 4
14261 2
14263 1
14264 1
14265 1
14266 3
14267 2
14268 3
14269 2
14270 4
14271 3
14272 3
14273 4
14274 3
14275 2
14276 1
14277 4
14278 2
14279 3
14280 3
14281 1
14282 4
14283 4
14284 2
14286 1
14287 2
14288 2
14289 1
14290 2
14291 2
14292 1
14293 1
14294 3
14295 1
14297 2
14298 1
14299 2
14300 3
14301 5
14302 2
14303 1
14304 5
14305 2
14306 2
14307 2
14308 4
14309 3
14310 2
14311 5
14312 3
14313 3
14314 2
14315 1
14317 2
14318 4
14320 1
14321 3
14323 4
14324 1
14325 1
14326 1
14327 2
14328 3
14329 2
14330 2
14331 2
14332 3
14333 4
14334 3
14335 5
14336 2
14337 1
14338 4
14339 2
14340 2
14341 2
14342 4
14343 3
14344 2
14345 7
14346 1
14347 3
14348 3
14349 1
14350 1
14351 1
14352 4
14353 1
14354 2
14355 2
14357 1
14358 1
14359 4
14360 2
14361 1
14362 3
14363 1
14364 3
14365 4
14366 1
14367 3
14368 3
14369 4
14370 3
14371 3
14372 2
14373 2
14374 4
14375 3
14376 5
14377 2
14378 2
14379 2
14381 1
14383 2
14384 1
14385 1
14386 5
14387 3
14388 1
14389 3
14390 2
14393 2
14394 5
14395 3
14396 1
14397 3
14398 2
14399 5
14400 5
14401 1
14402 3
14403 5
14405 2
14406 3
14407 2
14408 3
14409 4
14410 2
14411 1
14412 1
14413 1
14414 1
14415 2
14416 1
14417 2
14418 1
14419 1
14420 2
14421 4
14422 1
14423 1
14424 2
14425 4
14426 3
14427 2
14428 4
14429 2
14430 4
14431 3
14432 1
14433 3
14434 1
14435 2
14436 2
14437 3
14438 3
14440 2
14441 3
14443 3
14444 1
14447 3
14448 3
14449 2
14450 2
14451 1
14452 1
14453 2
14454 1
14455 3
14456 2
14457 1
14458 3
14459 3
14460 4
14461 4
14462 3
14463 3
14464 3
14465 5
14466 1
14467 2
14468 3
14469 3
14470 2
14471 4
14472 4
14473 1
14474 3
14475 2
14478 1
14479 3
14480 2
14482 3
14483 1
14484 1
14485 2
14486 3
14487 2
14488 3
14489 5
14490 2
14491 5
14492 3
14493 1
14494 3
14495 2
14496 3
14497 2
14498 1
14499 4
14500 1
14501 3
14502 2
14503 2
14505 1
14506 4
14508 1
14510 3
14511 1
14512 3
14513 2
14514 1
14515 4
14516 2
14520 5
14521 1
14522 2
14523 6
14524 3
14525 3
14526 3
14527 2
14529 5
14530 3
14532 4
14533 1
14534 2
14535 3
14536 2
14538 1
14539 1
14540 2
14541 2
14542 2
14544 1
14545 1
14546 3
14547 3
14549 2
14550 3
14551 3
14552 2
14553 2
14554 5
14555 1
14556 6
14557 4
14558 1
14559 3
14561 2
14562 3
14563 3
14564 5
14565 1
14566 1
14567 1
14568 3
14570 1
14571 1
14573 3
14574 4
14575 3
14576 2
14577 2
14578 1
14580 3
14581 3
14582 2
14583 3
14584 1
14585 4
14586 5
14587 3
14588 4
14589 3
14590 4
14591 1
14592 3
14593 1
14594 2
14595 3
14597 2
14598 2
14600 1
14602 1
14603 1
14604 1
14605 2
14606 4
14607 2
14608 2
14609 5
14611 3
14612 4
14613 1
14614 1
14615 5
14616 3
14617 3
14618 3
14619 3
14620 1
14621 3
14622 3
14624 3
14625 2
14626 1
14627 3
14628 4
14629 2
14630 4
14633 1
14635 2
14636 4
14637 1
14639 2
14640 3
14641 2
14642 3
14643 2
14644 1
14645 3
14646 3
14647 2
14648 2
14649 4
14650 5
14651 1
14652 6
14653 3
14654 1
14655 1
14656 3
14657 1
14658 1
14659 6
14660 3
14661 1
14662 1
14665 1
14666 1
14667 4
14668 1
14669 3
14670 1
14671 3
14672 1
14674 4
14675 1
14676 3
14677 4
14678 3
14679 1
14680 3
14681 3
14682 2
14683 5
14684 3
14686 2
14687 1
14688 2
14689 2
14690 3
14691 1
14693 5
14694 2
14695 1
14697 2
14698 1
14700 2
14701 5
14702 3
14703 3
14704 2
14705 1
14706 4
14707 3
14708 3
14709 1
14710 7
14711 1
14712 3
14713 1
14714 2
14715 3
14716 1
14717 1
14719 1
14721 3
14722 2
14723 1
14724 2
14725 1
14727 3
14728 1
14729 2
14730 2
14731 1
14732 4
14733 2
14734 3
14735 3
14736 2
14737 2
14738 3
14739 1
14740 1
14741 2
14742 3
14743 2
14744 5
14745 5
14748 3
14749 2
14750 1
14751 4
14753 1
14754 3
14755 1
14756 3
14757 1
14760 1
14761 1
14762 2
14763 4
14764 1
14765 3
14766 3
14767 1
14768 4
14769 1
14770 4
14771 3
14772 4
14773 3
14774 2
14775 3
14776 3
14777 2
14778 3
14779 3
14780 2
14781 2
14782 2
14783 1
14785 2
14786 1
14787 2
14789 2
14790 1
14792 3
14793 2
14794 2
14795 3
14796 4
14797 3
14798 3
14800 1
14801 1
14802 1
14803 2
14804 3
14805 3
14806 5
14807 4
14808 2
14809 4
14810 3
14811 1
14813 3
14814 1
14815 1
14816 1
14817 1
14818 1
14819 1
14821 1
14822 2
14823 1
14824 2
14825 1
14826 1
14827 6
14828 1
14829 1
14830 5
14831 5
14832 1
14833 3
14834 2
14835 1
14836 3
14837 4
14838 1
14839 3
14840 2
14841 1
14842 1
14843 1
14844 1
14846 1
14847 3
14848 3
14849 2
14851 1
14852 1
14854 3
14855 2
14856 2
14857 1
14858 3
14859 2
14860 1
14861 5
14862 1
14863 3
14864 4
14865 2
14866 2
14867 1
14868 3
14869 4
14870 2
14871 7
14872 1
14874 2
14875 1
14877 1
14878 2
14880 2
14881 5
14882 2
14883 1
14887 3
14888 3
14889 2
14890 3
14891 2
14892 4
14893 4
14894 1
14895 4
14896 1
14897 3
14898 2
14899 3
14900 2
14901 1
14902 4
14905 4
14906 1
14908 1
14909 2
14910 3
14911 1
14912 4
14913 2
14915 2
14916 3
14917 1
14919 3
14921 3
14922 3
14923 2
14924 2
14925 2
14926 3
14928 2
14929 3
14930 2
14931 3
14932 3
14933 2
14934 3
14935 2
14936 3
14939 1
14940 1
14941 2
14943 1
14944 2
14946 1
14947 2
14948 1
14949 2
14950 3
14951 2
14953 4
14954 1
14955 2
14956 4
14957 3
14958 2
14959 4
14960 3
14961 1
14962 3
14963 4
14965 2
14966 3
14967 2
14968 2
14969 1
14972 2
14974 2
14975 3
14976 2
14977 1
14980 1
14981 2
14982 3
14983 3
14984 5
14985 4
14986 2
14987 4
14988 2
14989 1
14990 2
14991 3
14992 2
14993 1
14994 3
14995 2
14996 2
14997 2
14998 2
14999 1
15000 2
15001 3
15002 1
15005 1
15006 1
15007 1
15008 2
15009 2
15010 3
15011 1
15012 2
15013 3
15014 1
15015 3
15016 3
15017 3
15018 3
15019 2
15020 1
15021 1
15022 3
15023 2
15024 1
15025 3
15026 1
15027 1
15028 3
15029 3
15030 2
15031 2
15032 1
15033 1
15034 1
15035 2
15036 3
15037 2
15039 3
15041 2
15042 3
15043 2
15044 2
15045 2
15046 1
15047 2
15048 3
15049 2
15050 2
15051 4
15052 4
15053 2
15056 2
15057 2
15058 3
15059 3
15060 1
15061 2
15062 1
15063 2
15065 1
15066 1
15068 2
15070 4
15071 1
15072 1
15073 2
15074 2
15075 1
15077 4
15078 3
15079 1
15080 4
15081 1
15082 2
15083 5
15084 1
15085 2
15086 2
15087 3
15088 1
15089 2
15090 3
15092 3
15093 1
15096 1
15097 2
15099 1
15100 3
15101 2
15102 3
15103 1
15104 4
15105 2
15107 2
15108 2
15109 2
15110 2
15111 3
15112 4
15113 3
15114 5
15115 1
15116 2
15117 2
15118 2
15119 2
15120 1
15121 2
15122 2
15123 1
15124 2
15128 3
15130 2
15131 4
15132 1
15133 3
15134 4
15136 1
15137 2
15138 2
15139 1
15140 1
15141 1
15142 1
15143 3
15144 4
15145 3
15146 1
15147 2
15148 3
15150 2
15151 2
15152 2
15153 1
15154 2
15155 2
15158 1
15162 3
15163 3
15165 2
15166 2
15168 5
15169 3
15171 4
15172 3
15173 2
15174 3
15175 2
15176 1
15177 2
15178 5
15179 1
15180 1
15181 2
15182 2
15184 1
15185 2
15186 2
15187 1
15188 3
15189 1
15190 1
15191 1
15194 3
15195 2
15196 1
15197 2
15198 2
15199 2
15200 1
15201 1
15203 3
15204 4
15205 2
15206 3
15207 3
15209 3
15210 3
15212 5
15213 1
15215 1
15216 3
15217 3
15218 1
15219 3
15220 1
15222 2
15225 2
15226 1
15227 1
15228 3
15229 3
15230 2
15231 2
15232 1
15233 3
15234 4
15235 1
15236 1
15237 2
15238 2
15239 4
15240 3
15241 1
15243 2
15244 1
15246 1
15247 1
15248 3
15250 1
15251 4
15255 1
15257 4
15258 3
15260 2
15261 1
15263 3
15264 2
15265 3
15266 3
15267 1
15268 3
15269 3
15270 4
15271 1
15272 4
15275 2
15277 1
15279 1
15281 2
15282 2
15283 1
15284 1
15287 2
15289 5
15291 4
15292 5
15293 2
15294 3
15295 2
15296 1
15298 4
15299 3
15300 1
15301 4
15302 2
15304 3
15305 2
15306 2
15308 2
15309 3
15311 3
15313 1
15315 2
15316 1
15317 1
15319 3
15320 3
15322 1
15323 2
15324 1
15325 4
15326 2
15328 1
15329 1
15330 3
15331 3
15332 5
15333 3
15334 1
15335 2
15336 2
15337 2
15338 1
15339 1
15340 2
15341 1
15342 3
15343 4
15346 1
15349 2
15350 3
15351 1
15352 2
15353 1
15354 3
15355 3
15356 1
15357 1
15358 2
15359 2
15360 2
15361 1
15363 2
15364 3
15365 2
15366 3
15367 2
15368 1
15369 3
15371 1
15372 2
15373 1
15375 1
15377 2
15378 2
15380 1
15381 2
15384 3
15385 4
15386 2
15387 3
15388 1
15390 4
15391 3
15392 2
15393 4
15394 2
15395 1
15396 1
15397 3
15398 1
15399 2
15404 2
15405 1
15407 3
15408 2
15409 3
15411 1
15412 3
15413 1
15414 2
15415 3
15416 2
15417 1
15418 3
15419 3
15420 1
15421 4
15422 2
15423 1
15424 1
15425 3
15426 2
15427 1
15428 5
15429 3
15430 1
15431 3
15434 1
15435 3
15436 1
15437 1
15438 2
15439 1
15440 2
15444 1
15445 2
15446 3
15447 1
15448 2
15449 2
15450 2
15451 3
15452 2
15453 3
15455 3
15457 3
15458 2
15459 3
15460 2
15462 2
15463 1
15466 1
15468 1
15469 4
15470 3
15471 1
15472 2
15473 1
15475 3
15476 3
15477 1
15478 1
15479 4
15480 2
15481 2
15484 2
15485 2
15486 1
15487 1
15488 1
15489 3
15490 2
15491 1
15492 1
15493 3
15496 2
15498 2
15499 1
15501 2
15502 1
15503 1
15504 1
15505 1
15506 1
15507 2
15508 2
15510 3
15511 4
15512 1
15513 4
15514 3
15517 3
15518 1
15519 3
15520 4
15523 4
15524 1
15525 1
15526 1
15527 1
15528 1
15529 1
15530 2
15532 2
15533 1
15534 2
15535 1
15536 1
15537 2
15538 2
15539 2
15541 3
15542 2
15543 1
15544 2
15545 2
15546 2
15547 3
15549 1
15550 3
15551 3
15552 2
15554 3
15555 1
15556 1
15557 1
15558 2
15559 1
15561 1
15564 2
15565 2
15566 2
15567 1
15568 1
15570 1
15571 1
15572 3
15573 2
15574 3
15575 4
15576 2
15577 3
15578 2
15579 2
15580 1
15581 1
15582 1
15583 1
15584 2
15585 1
15588 2
15589 1
15591 1
15592 1
15593 1
15594 1
15595 1
15596 3
15598 2
15599 3
15600 2
15601 1
15602 1
15603 1
15604 2
15605 3
15606 3
15608 2
15609 2
15610 2
15611 2
15612 1
15613 2
15615 1
15616 3
15617 1
15618 3
15619 1
15622 1
15623 1
15624 1
15625 1
15626 1
15627 3
15628 2
15630 1
15632 2
15633 2
15634 1
15635 2
15636 1
15637 2
15638 3
15639 2
15640 5
15641 1
15642 1
15643 2
15644 1
15645 1
15646 1
15647 2
15648 1
15649 2
15650 4
15657 2
15658 2
15659 2
15661 1
15662 2
15663 1
15664 2
15665 1
15666 3
15667 3
15668 1
15669 2
15670 2
15671 4
15672 2
15674 3
15675 1
15676 2
15677 1
15678 2
15679 3
15680 1
15681 2
15684 2
15685 1
15688 2
15689 1
15690 2
15691 1
15692 3
15693 1
15694 2
15695 4
15698 4
15699 2
15700 2
15701 3
15702 1
15704 1
15705 3
15707 1
15708 1
15710 2
15712 2
15713 1
15714 1
15715 1
15716 2
15719 1
15720 2
15722 2
15724 1
15725 3
15726 2
15727 1
15728 3
15729 2
15730 1
15731 3
15732 3
15734 2
15735 3
15736 1
15737 2
15738 1
15739 1
15740 1
15741 1
15742 3
15743 1
15744 1
15745 1
15746 2
15748 1
15749 1
15751 1
15752 2
15753 4
15754 1
15755 2
15756 3
15757 1
15758 1
15760 1
15761 3
15762 1
15763 1
15764 3
15765 2
15766 3
15767 2
15768 1
15769 2
15770 4
15773 1
15775 2
15776 2
15777 1
15778 1
15779 2
15782 1
15783 1
15784 2
15785 1
15786 2
15787 3
15788 1
15791 4
15792 2
15793 2
15794 1
15795 1
15796 2
15797 2
15798 1
15799 1
15800 2
15802 1
15803 1
15804 1
15805 2
15806 1
15808 2
15810 1
15811 1
15813 1
15814 1
15815 3
15816 2
15817 1
15818 2
15819 1
15820 2
15821 2
15822 2
15824 1
15825 2
15826 1
15827 5
15828 3
15830 3
15831 1
15832 1
15834 2
15835 1
15837 2
15839 1
15841 1
15845 2
15846 3
15847 1
15849 3
15851 2
15852 4
15853 1
15854 3
15856 3
15857 2
15858 3
15859 2
15861 2
15862 1
15863 1
15866 3
15868 2
15869 3
15871 1
15873 3
15875 2
15877 2
15878 1
15879 2
15881 4
15882 3
15883 1
15884 1
15885 1
15886 1
15887 2
15888 2
15890 4
15891 2
15892 1
15893 3
15896 1
15897 1
15899 2
15900 2
15902 2
15903 2
15905 1
15907 1
15908 2
15911 2
15912 2
15913 3
15914 2
15916 1
15917 4
15919 1
15920 2
15921 1
15922 1
15923 3
15924 1
15926 1
15929 2
15931 3
15932 1
15934 2
15935 2
15937 1
15940 2
15941 2
15942 2
15943 1
15944 1
15947 5
15948 2
15949 1
15950 2
15951 3
15952 1
15953 2
15954 2
15955 2
15956 1
15957 3
15964 1
15965 1
15966 1
15967 1
15970 1
15971 1
15972 3
15973 3
15974 4
15975 2
15976 3
15978 3
15979 1
15981 3
15982 1
15983 2
15984 2
15985 2
15986 2
15987 1
15988 3
15989 2
15991 2
15994 1
15995 2
15996 1
15997 2
15998 1
16001 1
16002 4
16003 2
16005 1
16006 1
16007 2
16008 4
16009 1
16011 1
16012 2
16014 1
16015 2
16017 3
16019 2
16020 2
16022 1
16026 2
16027 2
16032 2
16033 1
16034 3
16035 2
16036 1
16037 2
16038 2
16039 1
16041 3
16043 1
16044 2
16046 2
16047 1
16049 3
16050 2
16051 1
16053 1
16055 1
16056 2
16058 1
16060 3
16061 1
16062 1
16063 1
16064 1
16065 1
16068 5
16069 1
16070 3
16071 3
16072 1
16073 3
16074 1
16075 3
16077 4
16078 1
16080 1
16082 1
16084 1
16086 1
16088 2
16090 1
16091 1
16092 1
16094 2
16095 2
16097 1
16098 2
16099 3
16100 2
16101 3
16102 1
16103 1
16104 3
16105 1
16107 1
16108 1
16109 2
16110 1
16111 2
16112 3
16115 1
16116 1
16118 2
16119 1
16121 1
16122 3
16123 2
16125 1
16127 1
16128 2
16129 2
16131 1
16132 3
16133 1
16134 3
16135 3
16137 1
16138 3
16140 1
16141 2
16142 1
16143 1
16146 1
16152 1
16153 2
16154 2
16156 2
16159 3
16160 1
16161 3
16162 2
16163 2
16164 1
16165 1
16166 1
16169 1
16170 1
16172 2
16173 3
16175 1
16176 4
16180 1
16181 1
16182 1
16184 1
16185 1
16186 1
16188 2
16189 1
16190 1
16191 1
16192 1
16193 1
16194 4
16195 1
16197 4
16198 2
16200 3
16203 2
16204 2
16206 1
16207 1
16208 1
16209 1
16210 1
16214 1
16215 2
16217 1
16219 1
16220 2
16221 2
16222 2
16224 3
16225 1
16226 2
16227 2
16228 2
16229 1
16230 2
16231 1
16233 1
16235 1
16236 2
16237 1
16238 3
16239 1
16241 2
16247 1
16248 3
16249 2
16251 1
16253 1
16254 3
16255 2
16256 1
16257 1
16258 4
16260 2
16261 1
16262 2
16263 1
16264 1
16268 1
16272 1
16274 1
16277 2
16279 2
16280 2
16281 1
16282 3
16283 1
16286 1
16287 2
16288 2
16289 2
16290 2
16291 1
16292 2
16293 1
16295 1
16296 2
16297 1
16299 2
16301 1
16302 2
16305 1
16306 1
16307 1
16308 2
16310 1
16311 2
16314 2
16315 2
16316 1
16318 1
16319 1
16320 1
16321 1
16322 1
16323 3
16324 1
16325 1
16326 2
16327 1
16328 1
16329 2
16330 1
16333 1
16334 1
16337 1
16341 3
16342 1
16343 1
16344 2
16346 1
16347 2
16348 1
16349 1
16350 2
16351 1
16352 1
16353 3
16354 1
16356 1
16357 2
16358 1
16362 1
16363 1
16367 1
16368 1
16369 1
16372 1
16373 2
16375 3
16377 2
16378 2
16379 2
16380 1
16381 1
16382 3
16383 1
16384 3
16385 1
16387 1
16388 1
16390 1
16391 1
16392 1
16394 1
16395 2
16397 2
16403 1
16404 1
16406 2
16407 2
16408 2
16409 2
16410 1
16411 3
16412 1
16413 1
16414 2
16415 1
16416 1
16417 1
16418 1
16419 2
16423 1
16425 1
16426 2
16427 1
16428 2
16429 1
16433 1
16435 3
16436 1
16438 1
16439 2
16440 2
16441 2
16444 2
16445 2
16447 1
16448 1
16449 1
16450 3
16453 1
16457 1
16458 1
16460 1
16461 1
16463 1
16464 1
16467 3
16468 2
16469 1
16470 2
16471 1
16473 1
16474 2
16476 2
16477 1
16479 3
16480 1
16481 1
16483 1
16489 1
16491 1
16493 1
16494 1
16495 1
16497 1
16498 3
16499 1
16501 3
16504 1
16508 1
16509 1
16510 3
16511 4
16512 1
16514 1
16515 2
16517 1
16521 1
16524 1
16527 1
16528 1
16529 1
16530 2
16531 1
16532 2
16533 2
16534 2
16535 3
16536 1
16538 1
16539 1
16540 1
16541 1
16542 1
16544 1
16545 2
16546 1
16547 1
16548 1
16549 1
16555 2
16556 2
16558 1
16560 2
16561 1
16562 2
16564 1
16565 3
16570 2
16571 1
16573 2
16575 1
16577 1
16579 2
16584 2
16587 1
16589 2
16591 1
16593 1
16594 3
16596 4
16597 2
16599 1
16600 1
16601 1
16603 1
16604 1
16606 3
16609 1
16613 1
16614 2
16615 1
16618 3
16622 1
16623 1
16625 1
16626 1
16627 2
16628 1
16630 3
16631 2
16632 2
16633 2
16635 2
16636 1
16637 2
16638 1
16644 2
16648 2
16650 2
16653 1
16654 2
16655 1
16656 2
16657 2
16659 3
16660 2
16661 1
16662 2
16665 1
16669 1
16671 1
16672 1
16676 2
16677 1
16678 1
16680 2
16682 1
16683 1
16685 1
16686 4
16689 1
16690 1
16691 2
16692 2
16695 1
16697 1
16698 2
16699 2
16700 1
16701 1
16704 1
16710 2
16713 1
16714 1
16716 2
16717 3
16719 1
16720 2
16721 2
16722 1
16723 1
16726 1
16730 2
16732 1
16733 2
16734 1
16735 1
16739 1
16740 1
16742 1
16743 2
16745 1
16747 2
16748 1
16751 2
16752 3
16753 1
16754 1
16755 1
16757 2
16758 1
16760 2
16764 2
16765 1
16770 1
16771 1
16774 2
16775 1
16776 2
16777 2
16780 1
16781 1
16782 1
16783 2
16784 2
16786 1
16788 2
16791 2
16795 1
16796 1
16798 1
16801 1
16803 1
16805 1
16806 2
16812 1
16813 1
16815 3
16816 1
16817 1
16818 4
16819 1
16820 1
16822 1
16824 1
16825 1
16830 1
16837 3
16839 2
16840 1
16841 1
16842 2
16843 1
16844 1
16845 1
16846 2
16847 1
16848 1
16851 1
16852 1
16854 1
16856 1
16857 1
16859 1
16863 1
16864 1
16866 1
16867 1
16868 2
16869 2
16872 2
16873 2
16877 2
16878 1
16880 2
16881 1
16884 1
16885 1
16886 1
16887 1
16890 1
16891 2
16894 1
16896 1
16897 1
16898 1
16900 1
16901 1
16903 2
16904 2
16905 1
16908 1
16910 1
16911 2
16912 1
16913 1
16917 1
16921 1
16925 1
16930 1
16931 1
16932 1
16933 1
16934 1
16935 1
16938 1
16939 2
16940 1
16941 2
16942 2
16944 2
16945 2
16948 1
16951 1
16955 1
16957 1
16962 1
16963 2
16965 1
16966 2
16967 1
16969 2
16971 2
16972 2
16978 1
16979 1
16983 1
16984 1
16985 1
16986 1
16989 1
16990 1
16993 3
16994 1
16995 1
16997 1
16999 2
17002 1
17005 2
17006 2
17007 1
17010 1
17012 1
17017 2
17020 1
17023 1
17024 1
17025 1
17026 1
17027 1
17029 1
17030 1
17032 2
17033 1
17034 1
17037 2
17038 1
17039 1
17041 1
17046 1
17050 1
17051 1
17055 1
17056 3
17059 3
17060 1
17061 1
17062 1
17065 2
17066 1
17068 2
17071 2
17075 1
17077 2
17080 1
17083 2
17086 1
17087 1
17089 1
17091 2
17092 3
17095 2
17098 3
17102 1
17107 1
17109 1
17110 2
17113 2
17116 1
17118 1
17119 1
17120 1
17122 3
17123 1
17125 1
17127 1
17131 1
17132 2
17137 1
17144 1
17146 1
17150 1
17151 2
17152 2
17153 2
17154 2
17158 2
17159 1
17161 1
17163 1
17164 1
17166 1
17172 1
17173 1
17175 1
17176 2
17180 2
17182 1
17183 1
17184 1
17185 1
17188 1
17189 1
17192 1
17194 2
17195 2
17197 2
17198 1
17204 1
17212 2
17213 2
17215 1
17218 2
17219 2
17221 1
17224 2
17236 2
17238 1
17239 1
17240 1
17242 1
17243 1
17245 1
17246 1
17248 3
17249 1
17251 1
17252 1
17253 1
17255 1
17260 1
17267 1
17270 1
17272 1
17275 1
17278 2
17279 3
17280 1
17281 1
17284 1
17290 1
17293 1
17296 1
17297 1
17300 1
17301 2
17302 1
17304 1
17309 1
17310 1
17313 1
17314 1
17316 1
17317 1
17318 2
17319 1
17324 1
17327 1
17332 1
17333 1
17334 1
17339 3
17341 2
17342 2
17344 1
17345 1
17348 2
17350 1
17358 1
17363 3
17365 1
17369 1
17370 1
17372 1
17373 1
17375 3
17378 1
17382 2
17384 1
17387 1
17393 1
17399 3
17400 1
17401 1
17402 2
17404 1
17405 1
17413 1
17414 1
17416 1
17417 2
17423 1
17425 1
17426 1
17429 1
17430 1
17431 1
17435 1
17438 1
17439 1
17445 1
17447 1
17455 1
17458 1
17459 1
17460 1
17461 1
17462 1
17465 2
17466 1
17467 1
17468 2
17470 1
17471 1
17479 1
17483 1
17486 1
17489 2
17490 1
17492 1
17496 1
17499 2
17501 2
17502 2
17504 1
17519 1
17520 2
17521 1
17522 1
17526 1
17528 1
17529 1
17531 1
17533 1
17543 2
17546 1
17551 1
17552 1
17553 1
17555 1
17557 1
17560 2
17567 1
17570 1
17575 1
17582 1
17584 1
17586 1
17587 2
17588 1
17589 1
17591 2
17594 2
17597 1
17600 1
17608 1
17614 1
17616 1
17617 1
17620 1
17621 1
17623 1
17625 2
17635 1
17641 1
17646 1
17648 2
17649 2
17651 1
17654 2
17655 1
17657 1
17669 1
17672 1
17674 1
17677 1
17680 1
17682 1
17686 1
17689 1
17690 1
17708 2
17709 1
17711 1
17713 1
17714 1
17717 1
17720 2
17724 1
17734 1
17738 1
17740 2
17742 1
17751 1
17752 1
17754 1
17755 1
17762 1
17772 1
17774 2
17775 2
17778 1
17781 1
17794 1
17796 1
17801 1
17803 1
17806 2
17807 1
17808 1
17811 1
17825 1
17828 1
17834 1
17835 1
17837 2
17840 1
17841 1
17855 1
17858 1
17860 1
17861 1
17864 1
17867 1
17876 1
17877 1
17878 1
17882 1
17891 1
17894 1
17895 1
17896 1
17898 1
17901 3
17907 1
17908 1
17921 1
17923 2
17927 2
17932 1
17940 1
17942 1
17954 1
17955 1
17958 1
17961 2
17963 1
17964 1
17976 1
17981 2
17984 1
17987 1
17990 1
17993 2
17997 1
18005 1
18015 1
18017 1
18020 1
18021 1
18022 1
18024 2
18027 1
18029 1
18041 1
18044 1
18047 2
18053 1
18058 1
18059 1
18062 1
18081 1
18082 1
18087 1
18088 1
18101 1
18108 1
18110 2
18113 1
18114 1
18118 1
18119 1
18132 1
18141 1
18142 1
18144 2
18149 1
18151 1
18158 1
18162 1
18168 1
18173 1
18182 1
18183 1
18185 1
18204 1
18208 1
18212 1
18215 1
18230 1
18231 1
18234 2
18236 1
18239 1
18240 1
18247 1
18258 1
18261 1
18265 1
18270 1
18271 1
18278 1
18288 1
18291 1
18297 1
18300 1
18302 1
18312 1
18324 1
18329 1
18332 1
18336 1
18339 1
18351 1
18356 1
18360 2
18363 1
18366 1
18369 1
18373 1
18394 1
18399 1
18417 2
18420 1
18423 2
18426 1
18438 1
18453 1
18456 1
18458 1
18459 1
18465 1
18477 1
18480 1
18489 2
18511 1
18519 1
18520 1
18541 1
18543 2
18547 1
18565 1
18580 1
18582 1
18585 1
18591 1
18606 1
18609 1
18610 1
18639 1
18646 1
18663 1
18664 1
18667 1
18670 1
18676 1
18677 1
18680 1
18706 1
18709 1
18711 1
18724 1
18730 2
18745 1
18760 1
18766 1
18784 1
18793 1
18796 1
18798 1
18827 1
18832 1
18850 1
18887 1
18889 1
18898 1
18913 1
18918 1
18927 1
18961 1
18981 1
18984 1
19015 1
19016 1
19018 1
19047 1
19101 1
19105 1
19139 1
19142 1
19168 1
19222 1
19225 1
19234 1
19268 1
19288 1
19322 1
19351 1
19354 1
19360 1
19408 1
19449 1
19475 1
19480 1
19529 1
19601 1
19658 1
19667 1
19730 1
19784 1
19787 1
19908 1
20037 1
20091 1
End
