NMec = 97746
T = 15
P = 1
Profits not ignored
Valid tasks:                                                              513
Solution time = 2.940e-05
Task data
   10 108 10103 -1
   11  27  2386 -1
   16  30  4061 -1
   16 140 16792 -1
   18 100 19659 0
   44  65  3620 -1
   50  59  1567 -1
   66  77  1819 -1
   70  86  1558 -1
   82  92  1987 -1
   86  90   700 -1
   98 117  1611 -1
  130 146  3317 -1
  134 147  3584 0
  138 147   943 -1
Best profit: 23243
All profits:
0 1
700 1
943 1
1558 1
1567 1
1611 1
1643 1
1819 1
1987 1
2267 1
2311 1
2386 1
2501 1
2510 1
2519 1
2554 1
2762 1
2930 1
3086 1
3125 1
3169 1
3178 1
3210 1
3254 1
3317 1
3329 1
3386 1
3430 1
3462 1
3554 1
3584 1
3598 1
3620 1
3806 1
3878 1
3944 1
3953 1
3997 1
4017 1
4029 1
4061 1
4068 1
4086 1
4112 1
4121 1
4130 1
4205 1
4284 1
4320 1
4329 1
4373 2
4497 1
4541 1
4563 1
4653 1
4697 1
4736 1
4749 1
4761 1
4821 1
4875 1
4884 1
4887 1
4896 1
4905 1
4928 1
4940 1
4997 1
5004 1
5029 1
5073 1
5136 1
5142 1
5148 1
5151 1
5165 1
5178 1
5195 1
5231 1
5263 1
5304 1
5316 1
5373 1
5403 1
5417 1
5439 1
5511 1
5555 1
5564 1
5571 1
5584 1
5596 1
5607 1
5619 1
5628 2
5640 1
5672 1
5679 1
5697 1
5703 1
5704 1
5772 1
5816 1
5836 1
5848 1
5851 1
5880 1
5895 1
5931 1
5940 2
5970 1
5984 1
6006 1
6048 1
6103 1
6108 1
6121 1
6139 1
6174 1
6192 1
6264 1
6316 1
6328 1
6360 1
6372 1
6382 1
6403 1
6442 1
6454 1
6472 1
6486 1
6495 1
6498 1
6507 1
6516 1
6550 1
6562 1
6571 1
6580 1
6615 1
6640 1
6670 1
6703 1
6706 1
6709 1
6715 1
6747 1
6753 1
6759 1
6762 1
6789 1
6823 1
6871 1
6874 1
6883 1
6915 1
6927 1
6937 1
6949 1
6970 1
6984 1
6991 1
7014 1
7050 1
7082 1
7122 1
7123 1
7135 1
7138 1
7182 1
7186 1
7195 1
7204 1
7207 1
7218 1
7230 1
7239 1
7261 1
7270 1
7271 1
7314 1
7315 1
7378 1
7383 1
7390 1
7403 1
7415 1
7426 1
7447 2
7459 1
7462 1
7491 1
7522 1
7523 1
7528 1
7537 1
7551 1
7564 1
7581 1
7615 1
7617 1
7637 1
7645 1
7649 1
7659 1
7670 1
7681 1
7690 1
7714 1
7732 1
7750 1
7759 1
7789 1
7803 1
7825 1
7867 1
7904 1
7927 1
7939 1
7957 1
7970 1
7993 2
8014 1
8053 1
8065 1
8078 1
8083 1
8129 1
8147 1
8161 1
8173 1
8182 1
8191 1
8222 1
8237 1
8281 1
8314 1
8317 1
8320 1
8326 1
8345 1
8369 1
8381 1
8390 1
8434 1
8482 1
8489 1
8494 1
8495 1
8507 1
8525 1
8548 1
8558 1
8560 1
8581 1
8602 1
8624 1
8690 1
8693 1
8702 1
8734 1
8746 1
8749 1
8756 1
8762 1
8768 1
8797 1
8810 1
8815 1
8828 1
8872 1
8881 1
8882 1
8924 1
8936 2
8945 1
8957 1
8989 1
9001 1
9014 1
9023 1
9026 1
9037 1
9058 1
9089 1
9090 1
9095 1
9133 1
9134 1
9139 1
9148 1
9175 1
9191 1
9197 1
9203 1
9212 1
9226 1
9239 1
9248 1
9256 1
9257 1
9260 1
9281 1
9292 1
9301 1
9323 1
9324 1
9356 1
9365 1
9370 1
9400 1
9434 1
9436 1
9456 1
9464 1
9468 1
9478 1
9500 1
9509 1
9515 1
9524 1
9568 1
9581 1
9590 1
9604 1
9632 1
9645 1
9668 1
9689 1
9723 1
9740 1
9758 1
9776 1
9789 1
9812 1
9833 1
9848 1
9897 1
9912 1
9956 1
9980 1
9992 1
10001 1
10023 1
10056 1
10100 1
10103 1
10106 1
10118 1
10136 1
10164 1
10169 1
10182 1
10200 1
10235 1
10290 1
10301 1
10313 1
10367 1
10373 1
10377 1
10379 1
10421 1
10439 1
10443 1
10503 1
10535 1
10547 2
10556 1
10568 1
10611 1
10634 1
10700 1
10701 1
10706 1
10743 1
10755 1
10764 1
10770 1
10802 1
10808 1
10814 1
10823 1
10850 1
10868 1
10881 1
10932 1
10934 1
10935 1
10967 1
10976 1
10998 1
11010 1
11031 1
11045 1
11046 1
11067 1
11075 1
11076 1
11079 1
11111 1
11120 1
11135 1
11142 1
11143 1
11148 1
11184 1
11199 1
11201 1
11243 1
11256 1
11265 1
11279 1
11310 1
11334 1
11343 1
11387 1
11400 1
11409 1
11423 1
11451 1
11464 1
11487 1
11508 1
11523 1
11577 1
11634 1
11667 1
11698 1
11731 1
11775 1
11793 1
11811 1
11842 1
11901 1
11965 1
11988 1
12054 1
12109 1
12114 1
12222 1
12354 1
12366 1
12375 1
12381 1
12430 1
12492 1
12543 1
12556 1
12609 1
12621 1
12642 1
12687 1
12751 1
12753 1
12754 1
12759 1
12795 1
12810 1
12817 1
12823 1
12876 1
12921 1
12954 1
12985 1
13018 1
13020 1
13062 1
13075 1
13084 1
13098 1
13129 1
13188 1
13252 1
13309 1
13342 1
13396 1
13420 1
13453 1
13517 1
13576 1
13687 1
13720 1
13784 1
14041 1
14167 1
14362 1
14428 1
14434 1
14596 1
14629 1
14695 1
14740 1
14804 1
14863 1
15007 1
15071 1
15128 1
15395 1
16415 1
16682 1
16792 1
19659 1
20602 1
22976 1
23243 1
End
