NMec = 97746
T = 15
P = 2
Profits not ignored
Valid tasks:                                                             3344
Solution time = 8.105e-05
Task data
    2   5   781 0
    6  17  1819 -1
    6  72 12099 0
    7  25  1940 -1
   10  71 14686 1
   11  18  1317 -1
   18  27  2561 -1
   18  29  1880 -1
   24  43  5414 -1
   32  39   645 -1
   32  48  2285 -1
   37  66  4210 -1
   48  68  1925 -1
   50  57   754 -1
   62  71  1398 -1
Best profit: 27566
All profits:
0 1
645 1
754 1
781 1
1317 1
1398 1
1399 1
1426 1
1535 1
1819 1
1880 1
1925 1
1940 1
1962 1
2043 1
2071 1
2098 1
2152 1
2179 1
2180 1
2285 1
2464 1
2525 1
2561 1
2570 1
2573 1
2585 1
2600 1
2634 1
2661 1
2679 1
2694 1
2706 1
2715 1
2716 1
2721 1
2743 1
2797 1
2824 1
2852 1
2930 1
2933 1
3039 1
3066 1
3136 1
3197 1
3206 1
3217 1
3218 1
3242 1
3245 1
3257 1
3278 1
3279 1
3306 1
3315 1
3323 1
3324 1
3338 1
3339 1
3342 1
3351 1
3354 1
3360 1
3366 1
3415 1
3460 1
3469 1
3475 1
3496 1
3497 1
3578 1
3602 1
3683 1
3684 1
3699 1
3711 1
3744 1
3759 1
3781 1
3805 1
3820 2
3842 1
3862 1
3865 1
3878 1
3887 1
3890 1
3902 1
3917 1
3923 1
3951 1
3959 1
3960 1
3968 1
3971 1
3978 1
3983 1
3987 1
3996 1
3998 1
3999 1
4011 1
4023 1
4032 1
4038 1
4059 1
4060 1
4077 1
4092 1
4096 1
4104 2
4105 1
4114 1
4119 1
4120 1
4141 1
4165 1
4210 2
4225 1
4247 1
4250 1
4328 1
4344 1
4356 1
4380 1
4383 1
4389 1
4404 1
4437 1
4441 1
4450 1
4453 1
4464 1
4465 2
4480 1
4486 1
4498 1
4501 1
4510 1
4513 1
4523 1
4525 1
4534 1
4535 1
4540 1
4559 1
4562 1
4574 1
4586 1
4595 1
4596 1
4601 1
4604 1
4616 1
4619 1
4623 1
4632 1
4640 1
4641 1
4643 1
4646 1
4655 1
4656 1
4659 1
4668 1
4671 1
4677 1
4683 1
4704 1
4713 1
4722 1
4732 1
4737 1
4740 1
4741 1
4749 2
4752 1
4764 1
4777 1
4792 1
4810 1
4813 1
4846 1
4855 2
4858 2
4870 1
4873 1
4885 1
4895 1
4919 1
4946 1
4964 2
4979 1
4991 2
5000 1
5001 1
5006 1
5016 1
5025 1
5028 1
5061 1
5082 1
5086 1
5097 1
5098 1
5109 1
5122 1
5125 1
5131 1
5134 1
5137 1
5142 1
5143 1
5146 1
5157 1
5158 1
5161 1
5170 1
5179 1
5182 1
5185 1
5195 1
5203 1
5204 1
5218 2
5219 1
5222 1
5231 1
5234 1
5240 2
5246 1
5255 1
5263 1
5264 1
5267 1
5276 1
5277 1
5279 1
5282 1
5285 1
5288 1
5291 1
5294 1
5300 1
5304 1
5315 1
5316 1
5340 1
5349 1
5355 1
5358 1
5376 1
5377 1
5385 1
5394 1
5397 1
5400 1
5409 1
5413 1
5414 1
5421 2
5422 1
5436 1
5437 1
5458 1
5482 1
5491 1
5494 1
5502 1
5503 2
5518 1
5527 2
5530 1
5542 1
5563 1
5564 1
5591 1
5600 1
5608 2
5609 2
5623 1
5624 2
5627 1
5636 2
5639 2
5645 1
5651 1
5661 1
5684 1
5697 1
5700 1
5706 1
5742 1
5745 3
5754 1
5760 1
5767 1
5770 1
5778 1
5779 1
5781 1
5782 1
5787 1
5797 1
5802 1
5803 1
5806 1
5815 1
5827 1
5839 1
5840 1
5842 1
5848 1
5851 1
5863 2
5867 1
5876 1
5878 1
5879 1
5884 1
5885 1
5896 1
5899 1
5900 1
5903 1
5908 1
5911 1
5912 1
5915 1
5921 1
5923 1
5924 1
5927 1
5933 1
5936 1
5938 1
5939 1
5957 1
5960 1
5963 1
5972 1
5976 1
5984 2
5985 1
5994 1
5999 1
6000 1
6017 1
6021 2
6029 2
6030 1
6036 1
6039 1
6044 2
6045 1
6054 1
6057 1
6058 1
6059 1
6066 2
6069 1
6081 1
6090 2
6105 1
6127 1
6130 1
6135 1
6139 1
6147 1
6150 2
6163 1
6168 1
6172 2
6175 2
6187 1
6190 1
6195 1
6202 1
6208 1
6236 1
6244 1
6245 1
6253 2
6256 1
6260 1
6263 1
6268 1
6269 1
6272 1
6281 2
6283 1
6284 2
6296 1
6305 1
6308 2
6317 1
6320 1
6323 1
6329 1
6342 1
6344 1
6345 1
6362 2
6366 1
6377 1
6378 1
6381 1
6389 2
6390 3
6393 1
6399 1
6404 1
6405 2
6414 1
6415 1
6420 1
6423 1
6426 2
6438 1
6442 1
6448 1
6451 1
6459 1
6460 1
6465 1
6478 1
6484 1
6487 1
6495 1
6496 1
6499 1
6520 1
6521 1
6523 1
6526 1
6529 1
6532 1
6535 1
6541 1
6544 1
6548 1
6551 1
6556 1
6557 1
6559 1
6560 1
6568 1
6580 1
6581 1
6583 1
6584 1
6593 1
6596 1
6602 1
6608 1
6617 1
6620 1
6621 1
6629 2
6632 1
6638 1
6644 1
6653 1
6657 1
6662 1
6665 2
6666 1
6674 2
6675 1
6677 1
6680 1
6681 1
6689 2
6692 1
6702 1
6714 1
6717 1
6726 1
6731 1
6735 2
6738 2
6750 1
6753 1
6765 1
6771 2
6775 1
6780 1
6783 2
6786 1
6795 2
6798 2
6808 1
6810 2
6811 1
6812 1
6813 1
6819 1
6820 2
6825 1
6835 1
6840 1
6844 2
6847 1
6859 1
6871 2
6880 1
6881 1
6886 1
6889 1
6901 1
6904 2
6905 1
6908 1
6916 1
6917 1
6925 2
6926 2
6928 1
6931 2
6940 1
6941 2
6944 1
6949 1
6950 1
6953 2
6956 1
6962 1
6965 1
6968 1
6989 1
6998 1
7007 2
7011 1
7014 1
7017 1
7022 2
7023 1
7025 1
7026 1
7034 2
7037 2
7038 1
7041 1
7049 1
7050 1
7059 2
7062 2
7065 1
7071 1
7074 1
7077 1
7082 1
7083 1
7086 1
7095 1
7096 1
7098 1
7101 1
7104 1
7110 1
7120 1
7123 1
7143 3
7144 1
7147 1
7158 1
7159 1
7165 1
7168 1
7171 1
7174 1
7177 1
7180 2
7195 1
7196 1
7201 1
7202 1
7204 1
7207 1
7213 1
7219 1
7225 1
7229 1
7232 1
7233 1
7238 1
7240 1
7241 1
7249 1
7265 1
7274 1
7276 1
7277 1
7280 1
7283 1
7294 1
7298 1
7301 2
7302 1
7310 2
7313 1
7322 1
7325 1
7334 1
7337 1
7338 1
7339 1
7346 2
7354 1
7361 1
7362 1
7371 1
7374 1
7376 1
7382 1
7383 2
7398 1
7407 2
7410 1
7416 2
7419 2
7427 2
7428 2
7431 1
7434 1
7442 1
7443 2
7446 1
7452 1
7455 2
7456 1
7457 1
7464 1
7467 2
7470 1
7480 1
7485 1
7488 2
7489 2
7503 1
7504 1
7507 1
7512 1
7516 2
7519 1
7525 3
7531 1
7540 1
7548 2
7549 2
7552 2
7561 2
7562 1
7564 3
7566 1
7567 1
7570 2
7573 1
7576 2
7579 1
7585 1
7586 1
7589 1
7593 1
7594 1
7600 1
7601 1
7622 1
7625 2
7634 1
7640 1
7643 1
7658 1
7659 1
7661 1
7662 1
7667 1
7670 1
7679 2
7682 2
7685 2
7686 1
7694 1
7695 1
7698 1
7699 1
7703 1
7704 1
7706 2
7707 2
7718 1
7719 1
7721 1
7722 2
7727 1
7731 1
7740 1
7743 1
7746 1
7764 1
7765 1
7776 1
7779 1
7788 3
7791 1
7792 1
7795 1
7803 2
7804 1
7812 1
7813 1
7818 1
7819 1
7824 1
7825 1
7836 1
7840 2
7846 1
7849 1
7852 1
7855 1
7858 1
7863 1
7864 1
7876 1
7877 1
7878 1
7885 1
7893 1
7897 1
7901 1
7909 2
7919 1
7924 2
7925 1
7939 1
7946 2
7949 1
7954 1
7955 1
7958 1
7961 1
7969 2
7975 1
7979 1
7982 2
7983 1
7984 1
7987 1
7991 2
7994 1
7999 1
8006 1
8014 1
8015 1
8019 1
8027 1
8030 3
8048 1
8052 2
8055 2
8063 1
8064 2
8072 2
8075 2
8079 1
8082 1
8087 1
8088 2
8091 1
8093 1
8097 1
8100 2
8108 1
8112 2
8115 1
8120 1
8124 1
8125 1
8127 2
8129 1
8130 1
8133 2
8135 1
8136 1
8148 1
8152 1
8157 1
8161 2
8163 1
8164 1
8169 2
8170 2
8181 2
8184 1
8185 2
8188 2
8193 2
8196 1
8197 2
8200 1
8206 1
8208 2
8209 3
8211 1
8212 1
8218 1
8221 2
8223 1
8224 1
8233 1
8238 1
8242 2
8245 2
8248 2
8257 1
8261 1
8266 1
8267 1
8269 2
8270 2
8279 1
8284 1
8285 1
8302 2
8303 1
8306 3
8314 1
8315 1
8318 1
8321 1
8324 2
8329 2
8330 2
8339 2
8340 1
8342 1
8343 1
8345 1
8347 1
8348 1
8351 2
8354 1
8363 1
8366 1
8367 1
8375 1
8376 1
8403 1
8409 1
8412 1
8415 1
8421 1
8424 1
8435 1
8436 1
8439 1
8440 1
8448 1
8453 1
8457 1
8460 2
8463 1
8469 1
8472 1
8475 1
8476 1
8480 1
8481 1
8484 1
8485 1
8494 1
8499 1
8500 1
8508 1
8518 1
8521 1
8542 1
8545 2
8546 1
8550 1
8554 2
8557 1
8566 1
8569 2
8572 1
8578 1
8590 2
8593 1
8594 1
8599 1
8600 1
8605 2
8606 1
8611 1
8614 2
8617 1
8620 1
8627 2
8630 1
8631 1
8632 1
8639 1
8647 1
8651 2
8656 1
8659 1
8660 1
8663 2
8671 1
8674 1
8675 2
8678 2
8690 2
8692 1
8693 1
8696 1
8699 1
8700 2
8705 1
8708 1
8711 2
8720 2
8723 2
8727 1
8729 1
8733 2
8735 1
8736 2
8737 1
8738 1
8744 2
8745 2
8750 2
8752 1
8753 1
8756 1
8760 1
8763 1
8765 1
8768 1
8769 1
8772 2
8774 1
8780 1
8781 1
8784 2
8796 1
8805 2
8806 2
8808 1
8811 2
8814 2
8817 1
8826 2
8829 2
8830 1
8833 2
8836 1
8841 1
8842 2
8844 1
8845 1
8853 2
8856 1
8865 2
8866 2
8868 1
8869 2
8874 1
8878 2
8881 2
8883 1
8887 2
8889 1
8890 1
8893 2
8902 1
8905 1
8906 1
8910 1
8911 1
8914 2
8917 1
8923 2
8929 1
8938 1
8939 1
8942 2
8947 2
8950 2
8951 2
8960 1
8962 3
8963 1
8965 1
8966 2
8974 2
8977 1
8984 1
8987 1
8990 1
8992 1
8999 2
9002 2
9016 1
9020 1
9021 1
9023 2
9026 1
9038 1
9048 1
9056 1
9057 1
9060 1
9068 1
9083 2
9084 1
9093 1
9095 1
9096 1
9097 1
9099 1
9102 1
9105 2
9113 1
9117 1
9120 2
9121 1
9129 2
9144 1
9156 1
9157 1
9158 1
9163 1
9173 1
9189 1
9190 2
9193 1
9195 1
9202 1
9210 1
9216 1
9217 1
9219 1
9223 1
9226 2
9234 1
9235 2
9238 1
9250 2
9253 1
9256 1
9262 1
9271 1
9275 1
9276 1
9279 1
9292 1
9296 2
9299 2
9301 1
9304 1
9307 2
9308 2
9316 1
9322 1
9323 2
9326 1
9331 1
9332 1
9335 2
9337 1
9341 1
9344 3
9347 1
9350 1
9356 2
9359 2
9365 1
9367 2
9368 2
9371 2
9373 1
9374 1
9380 2
9381 2
9382 1
9385 1
9386 1
9389 2
9392 2
9395 2
9397 1
9401 1
9405 2
9408 1
9410 1
9412 1
9413 1
9425 1
9428 3
9429 2
9432 2
9437 1
9441 1
9444 2
9446 1
9450 2
9452 1
9453 1
9456 2
9459 1
9462 1
9465 2
9473 1
9474 1
9477 1
9480 1
9481 1
9486 2
9487 2
9489 1
9491 1
9492 2
9498 2
9501 1
9504 2
9506 1
9510 3
9514 2
9517 1
9518 2
9519 1
9523 1
9525 2
9526 2
9528 1
9533 1
9534 1
9550 1
9555 1
9559 2
9562 1
9565 2
9568 2
9579 1
9583 2
9584 1
9586 2
9587 2
9595 2
9598 1
9607 3
9610 1
9611 1
9619 2
9622 1
9623 2
9624 2
9631 1
9639 1
9643 1
9644 1
9646 2
9647 2
9659 1
9664 1
9665 1
9668 2
9671 1
9683 1
9692 1
9704 2
9712 1
9716 1
9719 1
9720 1
9728 2
9738 1
9741 1
9743 1
9744 1
9752 1
9758 1
9765 1
9770 1
9773 1
9774 1
9780 1
9794 1
9797 1
9801 1
9802 1
9803 1
9810 1
9818 1
9833 1
9834 1
9837 1
9838 1
9849 3
9851 1
9864 1
9867 1
9871 2
9874 1
9878 1
9883 1
9894 2
9898 1
9900 1
9907 2
9910 1
9912 1
9916 1
9924 1
9927 1
9937 1
9939 1
9943 1
9944 2
9948 1
9949 1
9952 2
9954 1
9955 1
9964 1
9967 1
9970 1
9971 1
9973 1
9976 1
9977 1
9980 2
9988 2
9989 2
9991 1
10000 1
10003 1
10004 2
10007 2
10009 1
10010 1
10012 2
10013 1
10016 2
10018 1
10025 1
10030 1
10031 1
10033 1
10037 2
10046 1
10049 2
10050 2
10052 1
10054 1
10055 1
10057 1
10060 1
10061 2
10069 1
10070 1
10073 3
10076 1
10077 2
10080 1
10082 1
10085 1
10088 2
10089 2
10091 1
10097 1
10098 1
10103 1
10104 1
10109 2
10110 2
10113 1
10118 1
10121 2
10122 1
10125 3
10127 1
10131 2
10134 1
10136 1
10137 2
10140 1
10143 2
10146 1
10148 2
10149 2
10151 1
10154 1
10155 1
10161 1
10162 1
10163 1
10166 1
10170 2
10173 1
10178 1
10182 2
10186 2
10191 1
10194 1
10204 2
10206 1
10209 2
10210 2
10227 1
10228 1
10231 2
10234 1
10240 2
10243 1
10246 2
10254 1
10260 1
10264 2
10267 2
10268 2
10272 2
10279 2
10287 1
10288 1
10291 2
10299 1
10304 1
10309 1
10315 1
10333 1
10337 1
10340 2
10349 2
10360 1
10361 1
10364 2
10365 1
10373 1
10378 2
10385 1
10388 1
10393 1
10397 1
10400 2
10405 2
10412 1
10414 1
10419 1
10420 1
10424 1
10425 1
10430 1
10439 1
10446 2
10454 1
10466 1
10470 2
10473 1
10475 1
10479 1
10493 1
10494 2
10497 1
10506 1
10511 1
10512 1
10515 1
10519 1
10527 1
10530 2
10533 1
10536 1
10539 2
10545 1
10548 1
10551 1
10552 2
10554 1
10555 1
10556 1
10557 1
10571 1
10572 1
10575 1
10576 1
10584 1
10587 1
10588 1
10591 1
10593 1
10596 1
10599 1
10600 1
10603 2
10614 1
10615 1
10617 1
10618 1
10624 2
10625 2
10630 2
10632 1
10633 2
10636 1
10645 1
10648 2
10652 2
10654 2
10658 1
10661 2
10675 1
10677 1
10678 1
10681 1
10688 2
10690 1
10691 1
10693 1
10694 2
10697 2
10699 1
10702 1
10705 1
10706 2
10708 1
10714 1
10718 1
10721 1
10724 1
10725 1
10729 1
10730 1
10733 2
10736 1
10742 2
10745 1
10748 1
10754 3
10757 1
10758 1
10761 2
10763 1
10766 2
10769 2
10770 2
10772 1
10779 1
10784 1
10785 1
10790 1
10791 1
10793 2
10794 1
10799 1
10803 2
10806 1
10808 1
10811 1
10814 1
10818 1
10823 1
10827 3
10830 2
10831 2
10835 2
10836 1
10842 2
10850 1
10851 1
10854 2
10857 1
10863 2
10872 1
10875 1
10879 1
10885 2
10890 2
10891 2
10896 1
10902 2
10908 1
10912 2
10915 1
10916 1
10917 1
10924 2
10932 1
10936 1
10941 2
10948 1
10956 1
10963 2
10975 1
10977 1
10982 1
10985 2
10996 1
11008 1
11009 1
11014 1
11021 2
11022 2
11029 1
11035 1
11037 1
11038 1
11041 1
11042 1
11045 2
11053 1
11069 2
11075 1
11090 1
11096 1
11098 1
11111 1
11114 1
11115 2
11118 1
11120 1
11127 1
11142 1
11150 1
11151 1
11154 1
11156 1
11159 2
11160 1
11166 1
11168 1
11174 1
11175 2
11178 1
11181 1
11184 1
11192 1
11193 1
11195 1
11200 1
11201 1
11208 1
11211 1
11216 1
11217 1
11220 1
11221 1
11224 2
11227 1
11229 1
11235 1
11241 1
11247 3
11248 2
11251 2
11256 1
11260 1
11262 1
11265 1
11269 2
11275 2
11281 1
11284 2
11287 1
11290 1
11292 1
11293 1
11296 1
11298 1
11299 1
11305 2
11306 2
11308 1
11310 1
11311 2
11317 1
11320 1
11322 1
11325 1
11326 1
11329 1
11333 2
11335 1
11337 1
11338 1
11342 1
11347 1
11350 1
11352 1
11353 1
11357 1
11368 1
11369 1
11371 1
11374 1
11377 1
11378 2
11381 1
11384 2
11387 2
11398 2
11399 1
11402 1
11405 2
11406 2
11408 1
11414 2
11417 1
11429 1
11431 1
11435 2
11439 1
11442 2
11443 2
11444 1
11448 2
11453 1
11458 2
11459 1
11468 1
11471 1
11472 1
11475 2
11478 1
11480 1
11483 1
11487 2
11495 1
11502 1
11504 2
11508 2
11511 1
11523 2
11535 2
11538 1
11544 1
11547 2
11549 1
11553 1
11560 1
11564 2
11577 1
11584 2
11589 2
11592 1
11604 1
11608 2
11616 1
11629 1
11644 2
11650 1
11652 1
11656 1
11658 1
11666 2
11670 1
11677 1
11683 1
11690 1
11695 2
11697 1
11710 1
11713 1
11717 1
11719 1
11722 2
11729 1
11731 1
11737 1
11743 1
11750 1
11756 1
11758 1
11763 1
11771 1
11774 1
11776 2
11777 1
11783 1
11789 1
11791 1
11792 1
11795 1
11796 1
11803 2
11810 1
11818 1
11819 1
11823 1
11828 1
11829 1
11832 1
11837 1
11844 1
11850 1
11852 1
11856 1
11862 1
11865 1
11868 2
11869 2
11871 1
11873 1
11874 1
11879 1
11892 3
11896 2
11901 1
11904 1
11908 1
11910 1
11928 2
11929 2
11931 1
11932 1
11934 1
11935 1
11937 1
11941 1
11943 1
11946 1
11949 1
11950 2
11955 1
11956 2
11962 1
11965 1
11970 1
11971 1
11973 1
11974 1
11982 1
11989 1
11994 1
11995 1
11997 1
11998 1
12001 2
12002 1
12005 2
12010 1
12016 1
12022 1
12023 2
12028 2
12029 2
12043 1
12046 1
12050 2
12052 1
12059 2
12062 1
12065 2
12071 1
12076 1
12079 2
12080 1
12086 2
12087 2
12089 1
12091 1
12099 1
12103 1
12106 1
12116 1
12123 1
12128 1
12131 1
12134 1
12152 2
12159 2
12168 2
12179 1
12183 1
12185 2
12189 1
12192 1
12197 2
12212 2
12224 2
12225 1
12229 2
12233 1
12234 1
12239 1
12249 1
12258 2
12265 1
12273 1
12285 2
12289 2
12292 1
12294 1
12318 2
12330 1
12331 1
12334 1
12339 2
12345 2
12346 1
12354 1
12355 1
12358 1
12364 1
12370 1
12373 1
12394 1
12395 1
12406 1
12410 1
12412 1
12419 1
12431 1
12433 1
12436 1
12437 1
12439 1
12451 1
12455 1
12464 1
12467 1
12471 1
12473 2
12476 2
12477 1
12491 1
12494 1
12496 1
12497 1
12500 1
12509 1
12510 1
12512 1
12513 2
12518 1
12524 1
12525 1
12531 1
12537 1
12552 1
12555 1
12557 2
12564 1
12572 1
12573 3
12577 1
12579 1
12582 1
12591 1
12609 1
12610 1
12613 1
12615 1
12616 1
12618 1
12622 2
12625 1
12627 1
12633 1
12639 1
12643 1
12646 3
12649 2
12650 2
12654 1
12655 1
12673 2
12682 2
12685 1
12688 1
12691 1
12697 1
12704 2
12709 2
12710 2
12715 2
12716 1
12724 1
12727 1
12731 2
12736 1
12744 1
12748 1
12751 1
12752 1
12755 1
12760 2
12775 1
12776 1
12782 2
12796 1
12797 1
12804 2
12815 1
12821 2
12833 2
12840 2
12841 2
12853 1
12856 1
12857 1
12860 1
12866 1
12870 1
12880 1
12881 2
12888 1
12902 2
12909 1
12915 1
12933 1
12939 2
12946 1
12962 2
12966 2
12973 1
12975 1
12978 2
12987 1
12993 1
13000 1
13014 1
13027 1
13036 1
13039 2
13040 1
13046 1
13048 1
13054 1
13075 1
13081 1
13088 1
13093 2
13099 2
13100 1
13108 1
13109 1
13112 1
13115 1
13117 1
13118 1
13120 2
13127 1
13135 1
13136 1
13141 1
13145 1
13148 1
13154 1
13175 1
13176 1
13187 1
13190 1
13193 1
13200 1
13217 1
13218 1
13227 1
13236 1
13248 1
13250 1
13254 2
13258 1
13260 1
13263 1
13267 2
13272 1
13277 1
13278 1
13290 1
13291 1
13294 2
13299 1
13306 1
13323 2
13327 2
13333 1
13354 2
13360 1
13363 1
13368 1
13369 1
13372 1
13383 2
13393 1
13396 2
13397 1
13403 2
13408 1
13416 1
13420 1
13427 2
13429 1
13463 2
13469 2
13477 1
13478 1
13485 2
13489 1
13496 1
13497 1
13498 1
13502 2
13509 1
13514 2
13525 1
13529 1
13532 1
13536 1
13541 2
13550 1
13569 1
13575 2
13577 1
13583 2
13590 1
13595 2
13596 1
13602 2
13610 1
13614 1
13622 2
13634 1
13635 2
13637 1
13647 1
13656 2
13662 2
13663 1
13669 1
13681 1
13683 2
13690 1
13716 2
13720 2
13727 1
13729 1
13743 2
13753 1
13754 1
13756 1
13762 1
13768 1
13781 1
13790 1
13808 1
13817 1
13821 1
13829 1
13835 1
13862 1
13869 1
13871 1
13874 2
13881 1
13889 1
13890 1
13895 1
13898 1
13899 1
13908 1
13918 1
13922 1
13929 1
13935 1
13971 1
13979 1
14004 2
14008 1
14014 1
14024 1
14031 1
14039 1
14041 1
14044 1
14048 2
14053 1
14061 1
14077 2
14104 2
14108 2
14110 1
14113 1
14114 1
14137 2
14142 1
14149 1
14150 2
14153 1
14158 2
14164 2
14170 1
14174 1
14177 1
14197 1
14210 1
14213 1
14219 2
14231 1
14250 1
14251 1
14256 2
14258 1
14270 1
14278 1
14279 3
14283 2
14286 1
14290 1
14295 2
14313 1
14331 1
14337 2
14344 1
14350 1
14356 2
14364 2
14371 1
14376 2
14384 1
14391 1
14398 1
14416 2
14434 1
14435 1
14437 2
14444 1
14462 1
14497 2
14507 1
14510 1
14516 1
14534 1
14535 1
14543 1
14563 1
14571 1
14616 1
14624 1
14640 2
14652 1
14660 1
14669 1
14672 1
14676 1
14684 1
14685 1
14686 1
14689 1
14699 1
14721 2
14733 1
14746 1
14758 2
14760 1
14781 2
14785 2
14793 1
14794 1
14795 1
14805 1
14806 1
14814 1
14815 1
14820 1
14842 1
14858 2
14867 1
14891 1
14894 1
14896 1
14900 2
14907 1
14912 2
14918 2
14923 1
14931 1
14934 1
14939 2
14951 1
14967 1
14973 2
14994 1
15000 2
15012 1
15032 1
15033 2
15037 2
15060 2
15067 1
15079 1
15118 2
15125 1
15138 1
15152 1
15165 1
15179 1
15188 1
15215 1
15216 1
15248 1
15288 1
15297 1
15305 1
15308 1
15316 1
15317 1
15321 2
15331 1
15341 1
15344 1
15377 1
15378 1
15394 2
15402 2
15405 1
15414 1
15421 2
15427 1
15437 1
15438 1
15440 1
15441 1
15450 1
15453 1
15459 1
15465 1
15466 1
15467 1
15475 2
15502 2
15514 1
15527 1
15535 2
15539 2
15548 1
15562 2
15568 1
15574 1
15575 1
15587 1
15595 1
15596 1
15648 1
15654 2
15677 1
15681 2
15688 1
15693 2
15701 1
15748 1
15754 2
15782 1
15798 1
15814 2
15833 1
15843 1
15860 1
15904 1
15919 1
15929 1
15933 1
15961 1
15964 1
15969 1
15986 1
16003 1
16022 1
16029 1
16038 2
16058 1
16059 1
16070 1
16075 2
16082 1
16084 1
16085 1
16086 1
16089 1
16097 1
16098 1
16102 2
16112 1
16122 1
16131 1
16156 2
16158 1
16159 1
16175 2
16183 2
16191 1
16195 1
16203 1
16208 1
16213 1
16218 1
16219 1
16221 1
16240 1
16256 2
16264 1
16309 1
16316 2
16324 1
16329 1
16349 1
16435 2
16443 1
16455 1
16479 1
16482 1
16488 1
16505 1
16536 1
16549 1
16552 1
16563 1
16565 1
16566 1
16579 1
16585 1
16609 1
16611 1
16614 1
16624 1
16626 1
16648 1
16685 1
16703 1
16710 1
16715 1
16719 2
16729 1
16742 1
16745 1
16757 1
16767 1
16776 1
16784 1
16792 2
16803 1
16812 1
16819 2
16836 1
16838 1
16839 1
16840 1
16851 1
16856 2
16863 1
16865 1
16866 1
16912 1
16937 2
16945 1
16957 1
16971 1
16972 1
16984 1
16994 1
17018 1
17045 1
17078 1
17090 1
17099 1
17105 1
17124 1
17150 1
17196 1
17197 1
17211 1
17224 1
17230 1
17233 1
17236 1
17246 1
17247 1
17256 1
17259 1
17260 1
17269 1
17271 1
17286 1
17317 1
17320 1
17330 1
17333 1
17346 1
17347 1
17366 1
17380 1
17390 1
17392 1
17401 1
17402 1
17407 1
17429 1
17457 1
17473 2
17483 1
17484 1
17496 1
17500 2
17510 1
17513 1
17538 1
17557 1
17573 2
17593 1
17601 1
17617 1
17619 1
17626 1
17662 1
17699 1
17722 1
17723 1
17725 1
17726 1
17738 1
17752 1
17799 1
17841 1
17853 1
17859 1
17877 1
17878 1
17880 1
17892 1
17903 1
17904 1
17905 1
17928 1
17931 1
17950 1
17964 1
17965 1
17977 1
17978 1
17992 1
18001 1
18011 1
18014 1
18024 1
18025 1
18027 1
18028 1
18037 1
18040 1
18046 1
18052 1
18083 1
18101 1
18128 1
18155 1
18161 1
18182 1
18183 1
18189 1
18238 1
18249 1
18254 2
18264 1
18267 1
18288 1
18294 1
18343 1
18355 1
18368 1
18369 1
18382 1
18385 1
18404 1
18407 1
18416 1
18430 1
18443 1
18476 1
18480 1
18491 1
18503 1
18504 1
18506 1
18522 1
18548 1
18551 1
18573 1
18595 1
18609 1
18622 1
18631 1
18634 1
18645 1
18646 1
18657 1
18658 1
18659 1
18669 1
18673 1
18684 1
18685 1
18709 1
18718 1
18731 1
18745 1
18746 1
18764 1
18778 1
18782 1
18790 1
18800 1
18805 1
18806 1
18827 1
18830 1
18837 1
18851 1
18864 1
18870 1
18896 1
18909 1
18911 2
18936 1
18970 1
19030 2
19042 1
19048 1
19049 1
19066 1
19069 1
19075 1
19097 1
19123 1
19124 1
19136 2
19139 1
19149 1
19150 1
19166 1
19172 1
19185 1
19196 1
19197 1
19211 1
19257 1
19272 1
19276 1
19290 1
19302 1
19303 1
19329 1
19332 2
19354 1
19363 1
19376 1
19390 1
19399 1
19412 1
19423 1
19426 1
19427 1
19438 2
19450 1
19481 1
19499 1
19518 1
19532 1
19544 1
19545 1
19559 1
19571 1
19581 1
19584 1
19605 1
19611 1
19618 1
19632 1
19651 1
19665 2
19677 1
19686 1
19692 2
19711 1
19783 1
19784 1
19811 1
19817 1
19820 1
19823 1
19830 1
19847 1
19856 1
19878 1
19904 1
19917 1
19920 1
19953 1
19977 1
20008 1
20044 1
20057 1
20071 1
20083 1
20086 1
20100 1
20113 1
20144 1
20162 1
20180 1
20188 1
20204 1
20213 1
20219 1
20228 1
20235 1
20249 1
20262 1
20286 1
20299 1
20309 1
20310 1
20313 1
20325 1
20365 1
20386 1
20428 1
20440 1
20446 2
20464 1
20465 1
20467 1
20492 1
20537 1
20564 1
20565 1
20598 1
20601 1
20670 1
20689 1
20715 1
20730 1
20755 1
20776 1
20789 1
20825 1
20836 1
20854 1
20867 1
20881 1
20916 1
20930 1
20942 1
20943 1
20955 1
20969 1
20982 1
20991 1
20994 1
21003 1
21009 1
21016 1
21030 1
21063 1
21067 1
21090 1
21091 1
21109 1
21182 1
21209 1
21218 1
21221 1
21245 1
21246 1
21257 1
21318 1
21351 1
21417 1
21424 1
21451 1
21457 1
21470 1
21484 1
21496 1
21498 1
21511 1
21536 1
21557 1
21617 1
21635 1
21636 1
21684 1
21697 1
21711 1
21723 1
21736 1
21763 1
21772 1
21784 1
21844 1
21863 1
21890 1
21919 1
21963 1
21999 1
22025 1
22038 1
22068 1
22105 1
22132 1
22171 1
22198 1
22205 1
22238 1
22252 1
22265 1
22279 1
22417 1
22465 1
22595 1
22644 1
22673 1
22700 1
22749 1
22806 1
22815 1
22822 1
22849 1
22886 1
22952 1
23033 1
23276 1
23317 1
23342 1
23376 1
23454 1
23503 1
23530 1
23569 1
23596 1
23603 1
23844 1
24057 1
24071 1
24098 1
24123 1
24284 1
24350 1
24625 1
24852 1
26785 1
27566 1
End
