NMec = 97746
T = 15
P = 3
Profits not ignored
Valid tasks:                                                             6152
Solution time = 1.188e-04
Task data
    0  11  2843 0
    2  22  5685 1
    7  20  2304 2
   12  27  2890 0
   13  28  1467 -1
   19  32  1128 -1
   22  30  1210 -1
   23  32  1021 -1
   23  32  1404 -1
   26  37  1678 1
   26  47  4293 2
   27  32  1537 -1
   28  33   910 0
   38  46  1410 0
   39  44   566 1
Best profit: 22579
All profits:
0 1
566 1
910 1
1021 1
1128 1
1210 1
1404 1
1410 1
1467 1
1476 1
1537 1
1587 1
1678 1
1694 1
1776 1
1931 1
1970 1
1976 1
2033 1
2038 1
2103 1
2120 1
2149 1
2231 1
2244 1
2304 1
2314 1
2320 1
2338 1
2377 1
2425 1
2431 1
2447 1
2488 1
2497 1
2532 1
2538 1
2558 1
2588 1
2595 1
2604 1
2614 1
2620 1
2665 1
2677 1
2686 1
2699 1
2715 1
2747 1
2797 1
2806 1
2814 1
2843 1
2870 1
2871 1
2877 1
2880 1
2886 1
2888 1
2890 1
2904 1
2941 1
2943 1
2947 1
2991 1
2997 1
3004 1
3013 1
3054 1
3059 1
3082 1
3088 1
3098 1
3104 1
3124 1
3141 1
3145 1
3154 1
3161 1
3180 1
3186 1
3214 1
3215 1
3231 1
3243 1
3248 1
3265 1
3313 1
3325 1
3335 1
3341 1
3359 1
3372 1
3380 1
3398 1
3409 1
3432 1
3437 1
3442 1
3443 1
3448 1
3454 1
3456 1
3468 1
3505 1
3507 1
3513 1
3514 1
3524 1
3530 1
3553 1
3559 1
3570 1
3575 1
3587 1
3609 1
3616 1
3625 1
3635 1
3641 1
3648 1
3654 1
3657 1
3686 1
3698 1
3707 1
3708 1
3711 1
3714 1
3716 1
3724 1
3742 1
3748 1
3753 1
3768 1
3771 1
3780 1
3781 2
3787 1
3798 1
3800 1
3805 1
3814 1
3827 1
3835 1
3841 1
3851 1
3857 1
3864 1
3875 1
3891 1
3892 1
3898 1
3901 1
3907 1
3909 1
3911 1
3914 1
3925 1
3942 1
3962 1
3964 1
3968 1
3971 1
3982 1
3992 1
3998 2
3999 1
4005 1
4008 1
4014 1
4016 1
4018 1
4024 1
4025 1
4034 1
4053 1
4055 1
4069 1
4071 1
4075 1
4080 1
4081 1
4087 1
4090 1
4096 1
4100 1
4103 1
4109 1
4119 1
4125 2
4132 1
4141 1
4151 1
4153 1
4157 1
4166 1
4175 1
4182 1
4201 1
4207 1
4210 1
4214 1
4216 1
4223 1
4235 1
4236 1
4247 1
4252 1
4253 1
4264 1
4273 1
4274 1
4280 1
4281 1
4282 1
4290 1
4292 1
4293 1
4294 1
4298 1
4300 1
4308 1
4310 1
4314 1
4319 1
4334 1
4337 1
4342 1
4343 1
4347 1
4351 1
4353 1
4355 1
4357 1
4364 1
4366 1
4371 1
4380 1
4393 1
4401 1
4407 1
4408 1
4414 1
4417 1
4423 1
4424 1
4425 1
4427 1
4430 1
4441 1
4453 1
4458 1
4464 1
4469 1
4475 1
4477 1
4480 1
4492 1
4508 1
4521 1
4528 1
4534 1
4535 1
4537 1
4548 1
4549 1
4551 1
4555 1
4558 1
4564 1
4565 1
4568 1
4571 1
4582 1
4584 1
4590 1
4591 1
4618 1
4619 2
4621 1
4624 1
4625 1
4635 1
4641 1
4642 1
4647 1
4653 1
4658 1
4666 1
4669 1
4675 1
4681 1
4682 1
4691 1
4698 1
4717 1
4723 1
4729 1
4732 1
4735 1
4745 1
4751 1
4769 1
4774 1
4776 1
4780 1
4782 1
4792 1
4801 1
4802 1
4808 1
4813 1
4819 1
4821 1
4836 1
4839 1
4842 1
4847 1
4852 1
4858 1
4859 1
4860 1
4862 1
4864 1
4866 1
4876 1
4878 1
4881 1
4892 1
4899 1
4908 1
4909 1
4915 1
4917 1
4918 1
4921 1
4923 1
4924 1
4928 1
4934 1
4946 1
4963 2
4969 1
4974 1
4980 1
4981 1
4985 1
4990 1
4991 1
4992 1
4993 1
4997 1
5003 1
5010 1
5019 2
5026 1
5035 1
5039 1
5045 1
5051 1
5058 1
5067 1
5074 1
5087 1
5096 1
5101 1
5108 1
5110 1
5115 1
5117 1
5118 1
5121 2
5126 1
5134 1
5147 1
5152 1
5157 1
5163 1
5175 1
5178 1
5181 2
5184 1
5185 1
5190 1
5191 2
5192 1
5194 1
5203 1
5204 1
5208 2
5210 1
5215 1
5220 1
5224 1
5228 1
5237 1
5245 1
5247 1
5248 1
5251 1
5261 1
5267 1
5268 1
5274 1
5285 1
5290 1
5295 1
5301 1
5302 1
5308 1
5311 1
5314 1
5315 1
5317 1
5319 1
5321 1
5324 1
5331 1
5335 1
5337 1
5340 1
5358 1
5363 1
5372 1
5374 1
5375 1
5378 1
5381 1
5386 1
5387 1
5392 1
5401 1
5402 2
5408 1
5409 1
5418 1
5421 1
5422 1
5426 1
5428 2
5431 1
5435 1
5438 1
5444 1
5445 1
5447 1
5448 1
5449 1
5457 1
5458 1
5463 1
5465 2
5478 1
5479 1
5481 1
5484 1
5485 1
5490 1
5491 1
5494 1
5500 1
5503 1
5504 1
5508 1
5510 1
5513 1
5519 1
5520 1
5529 2
5535 2
5542 2
5547 1
5551 1
5552 1
5555 1
5558 1
5561 1
5563 1
5567 1
5569 1
5576 2
5585 1
5589 1
5590 1
5592 1
5605 1
5611 1
5617 1
5620 1
5624 1
5633 1
5637 1
5639 1
5640 1
5645 1
5646 1
5649 1
5657 1
5662 1
5663 1
5674 1
5676 1
5683 1
5684 1
5685 1
5687 1
5692 1
5696 1
5697 1
5702 2
5703 1
5704 1
5713 1
5714 1
5718 1
5720 1
5723 1
5729 1
5731 1
5733 1
5741 1
5744 1
5746 1
5747 2
5752 1
5753 1
5757 1
5758 1
5760 2
5761 1
5765 1
5767 1
5769 1
5770 1
5772 1
5774 1
5776 1
5778 1
5781 1
5784 1
5786 1
5790 1
5794 1
5803 1
5809 1
5811 1
5817 1
5818 1
5827 1
5828 1
5830 1
5831 1
5833 1
5834 2
5835 1
5837 1
5840 1
5847 1
5851 1
5856 1
5857 1
5863 1
5868 1
5874 1
5879 1
5880 1
5881 1
5885 1
5887 1
5890 1
5891 1
5894 1
5897 1
5902 1
5903 1
5913 1
5920 1
5925 1
5929 1
5931 1
5938 1
5939 1
5941 1
5944 1
5945 1
5947 1
5949 1
5952 1
5958 1
5959 1
5961 1
5967 1
5968 1
5971 1
5972 1
5975 1
5978 1
5984 1
5987 1
5988 2
5990 1
5992 1
5994 1
5997 1
6001 1
6002 1
6004 1
6011 1
6014 1
6015 1
6020 1
6023 1
6028 1
6029 2
6031 2
6035 1
6044 1
6045 1
6046 1
6051 1
6052 1
6057 2
6058 1
6069 1
6070 1
6072 1
6074 1
6076 1
6079 1
6085 2
6086 1
6091 2
6092 1
6101 1
6102 1
6104 1
6105 1
6108 2
6109 1
6118 1
6121 1
6127 1
6131 1
6133 1
6138 1
6139 1
6142 1
6155 2
6156 1
6161 1
6168 1
6178 1
6179 1
6184 1
6186 1
6190 1
6196 1
6202 2
6203 1
6205 1
6211 1
6212 1
6213 1
6215 2
6218 1
6223 1
6224 1
6225 1
6229 1
6231 1
6241 1
6246 1
6249 1
6251 1
6262 1
6263 1
6266 1
6268 2
6269 1
6270 1
6272 1
6275 1
6280 1
6285 1
6286 1
6288 1
6291 1
6296 1
6297 1
6299 1
6302 1
6303 1
6309 1
6311 1
6312 1
6318 1
6319 1
6320 1
6322 1
6326 1
6327 1
6328 1
6329 1
6331 2
6332 1
6333 1
6338 2
6344 1
6348 1
6350 1
6356 1
6357 1
6358 1
6359 1
6367 1
6373 2
6375 1
6379 1
6384 1
6385 1
6391 1
6394 1
6395 1
6396 2
6397 1
6400 1
6401 1
6402 1
6403 1
6404 1
6407 1
6413 3
6414 1
6418 1
6420 1
6423 1
6429 2
6430 1
6436 1
6442 1
6445 1
6449 1
6452 1
6455 1
6457 1
6459 1
6460 1
6461 1
6465 1
6468 1
6470 1
6477 1
6478 1
6479 1
6484 1
6486 1
6491 1
6497 1
6499 1
6500 1
6505 1
6511 1
6514 1
6515 1
6518 1
6520 1
6524 1
6525 1
6527 1
6529 1
6531 1
6537 1
6538 1
6540 1
6541 1
6544 1
6547 1
6550 1
6551 1
6554 1
6556 1
6557 1
6559 1
6567 1
6568 1
6577 1
6585 2
6586 1
6591 1
6594 1
6595 2
6596 1
6597 2
6598 1
6601 1
6602 1
6604 1
6606 1
6607 1
6611 1
6612 1
6613 1
6614 2
6618 1
6623 1
6624 2
6630 1
6631 1
6638 2
6641 1
6643 1
6647 1
6648 1
6651 1
6655 1
6657 2
6658 1
6659 1
6661 1
6668 1
6670 3
6671 2
6675 1
6677 1
6678 1
6684 1
6688 1
6694 1
6697 1
6700 1
6704 1
6705 1
6706 1
6712 1
6718 3
6721 1
6724 1
6725 1
6727 1
6729 1
6731 1
6734 1
6735 1
6740 1
6741 2
6744 1
6745 1
6747 1
6750 1
6752 1
6754 1
6757 1
6762 1
6768 2
6773 1
6779 1
6781 2
6784 1
6785 1
6788 1
6790 1
6791 1
6796 1
6797 1
6804 1
6805 1
6807 1
6811 1
6812 1
6813 1
6825 2
6831 1
6832 2
6835 1
6838 1
6841 2
6842 1
6848 1
6851 2
6853 1
6854 1
6855 1
6857 1
6858 1
6859 2
6861 1
6862 1
6867 1
6868 2
6869 1
6872 1
6875 1
6877 1
6881 1
6882 1
6886 1
6888 3
6894 1
6895 3
6897 1
6898 2
6904 1
6907 1
6912 1
6913 1
6914 2
6918 1
6923 2
6924 2
6925 1
6929 1
6930 1
6933 1
6939 2
6943 1
6945 2
6946 1
6951 1
6952 1
6957 1
6958 1
6961 1
6962 2
6965 1
6968 2
6970 2
6973 1
6975 1
6977 1
6979 2
6980 1
6984 1
6986 2
6992 1
6994 1
6995 1
6996 1
6999 1
7000 1
7002 1
7008 1
7009 1
7015 2
7018 1
7021 1
7025 1
7027 1
7031 1
7036 1
7040 1
7043 1
7044 1
7047 1
7049 1
7050 1
7053 1
7057 1
7059 1
7065 1
7066 1
7073 1
7078 1
7079 1
7080 1
7084 1
7086 1
7089 1
7090 1
7095 2
7097 1
7099 1
7106 2
7107 2
7112 1
7113 1
7116 1
7117 1
7123 1
7124 1
7125 2
7133 1
7135 1
7136 1
7137 1
7141 1
7143 2
7151 2
7152 1
7156 1
7157 1
7161 1
7162 1
7163 1
7164 2
7168 1
7170 2
7171 1
7172 1
7173 1
7177 1
7179 1
7180 2
7181 1
7182 1
7183 1
7185 1
7186 1
7188 1
7190 1
7194 1
7196 1
7197 1
7198 1
7200 1
7204 1
7207 1
7209 1
7213 1
7214 1
7219 1
7221 1
7222 1
7225 1
7227 1
7232 1
7234 1
7236 2
7237 1
7238 1
7240 1
7241 1
7243 1
7244 1
7250 1
7251 1
7254 1
7257 1
7260 1
7266 1
7267 2
7268 1
7270 1
7272 1
7278 1
7284 3
7289 1
7290 1
7291 1
7295 1
7296 1
7297 2
7301 2
7304 1
7306 1
7307 2
7312 1
7313 1
7314 1
7318 1
7320 1
7323 2
7330 1
7335 1
7339 1
7343 1
7347 1
7349 1
7351 1
7354 1
7359 1
7362 1
7363 1
7370 1
7371 2
7375 1
7377 1
7378 1
7379 1
7381 1
7382 1
7391 2
7392 1
7394 1
7397 1
7398 2
7400 1
7401 1
7407 1
7408 1
7411 1
7412 1
7414 1
7417 1
7419 1
7421 1
7424 1
7425 3
7427 1
7430 1
7433 1
7434 1
7438 2
7441 1
7445 1
7447 1
7448 1
7454 2
7456 1
7461 3
7462 1
7464 1
7467 1
7468 1
7473 1
7478 1
7479 1
7480 1
7482 1
7484 1
7485 1
7489 1
7490 1
7495 2
7496 1
7501 1
7507 1
7508 2
7509 1
7511 1
7512 2
7514 1
7515 1
7518 1
7519 1
7524 2
7525 1
7528 1
7531 1
7532 1
7534 1
7536 1
7541 2
7543 1
7548 1
7552 1
7558 1
7560 1
7565 2
7566 1
7571 1
7572 1
7575 1
7578 1
7581 1
7588 1
7589 1
7594 1
7606 2
7612 1
7613 1
7615 1
7616 1
7618 1
7619 2
7623 2
7625 2
7628 1
7634 1
7635 2
7639 1
7641 1
7644 1
7645 1
7651 1
7655 1
7661 1
7664 1
7665 1
7672 1
7673 1
7676 1
7678 1
7679 1
7682 2
7685 1
7690 1
7691 1
7695 1
7698 1
7701 1
7702 1
7703 1
7705 1
7706 1
7707 1
7709 1
7713 1
7718 1
7721 1
7722 1
7723 1
7725 1
7726 1
7730 2
7732 1
7735 1
7736 1
7737 1
7739 1
7741 1
7742 2
7747 1
7748 1
7749 1
7751 1
7752 2
7754 1
7758 1
7760 1
7761 1
7764 1
7766 1
7767 1
7768 1
7769 1
7771 1
7777 1
7782 1
7783 1
7785 1
7788 1
7795 1
7798 1
7800 1
7804 1
7805 2
7806 2
7807 2
7808 1
7812 1
7814 1
7817 2
7823 2
7824 2
7828 1
7833 2
7834 2
7836 1
7839 1
7840 1
7846 2
7852 1
7853 1
7855 1
7859 1
7862 2
7863 1
7865 1
7867 1
7869 1
7870 1
7871 1
7875 1
7878 1
7880 2
7882 1
7887 1
7888 1
7889 1
7893 1
7894 1
7896 1
7901 1
7909 2
7910 1
7915 1
7916 1
7924 1
7925 1
7928 1
7929 1
7934 1
7937 1
7939 1
7941 2
7944 1
7947 1
7948 1
7950 1
7951 1
7953 1
7957 1
7958 1
7960 1
7961 1
7964 2
7966 1
7969 1
7977 1
7978 1
7987 1
7989 1
7991 1
7995 1
7996 1
7999 1
8000 1
8001 1
8004 1
8005 1
8006 1
8007 2
8008 1
8011 1
8016 1
8017 1
8018 1
8021 1
8022 1
8023 1
8024 1
8027 1
8028 1
8033 1
8034 2
8035 1
8037 1
8041 1
8046 1
8047 1
8048 1
8051 2
8053 1
8057 1
8058 1
8061 1
8062 1
8064 1
8065 1
8067 1
8069 1
8071 2
8073 1
8074 2
8078 1
8080 3
8081 2
8082 1
8085 1
8088 1
8090 1
8091 1
8093 1
8094 1
8098 2
8104 1
8107 1
8110 2
8114 1
8116 1
8122 1
8128 2
8131 1
8132 1
8134 1
8135 1
8137 1
8138 1
8139 1
8141 1
8144 1
8145 1
8150 1
8151 2
8154 1
8155 1
8157 1
8158 1
8160 1
8162 1
8164 1
8167 1
8172 1
8173 1
8178 1
8180 1
8182 1
8184 1
8185 1
8189 1
8191 2
8194 1
8198 1
8200 1
8201 2
8204 1
8206 1
8207 1
8214 1
8215 1
8217 2
8221 1
8223 1
8229 1
8230 1
8235 2
8242 1
8243 1
8245 2
8248 1
8251 1
8252 1
8253 1
8261 2
8263 1
8264 2
8265 1
8269 1
8271 2
8272 1
8273 1
8275 1
8276 1
8278 1
8279 1
8280 1
8282 1
8287 1
8288 1
8289 1
8291 3
8292 3
8296 1
8298 2
8299 1
8301 1
8305 2
8307 1
8308 3
8311 1
8317 1
8318 1
8321 1
8322 1
8324 1
8327 1
8328 1
8333 2
8334 2
8335 2
8337 1
8339 1
8343 1
8346 1
8347 1
8348 1
8349 1
8350 1
8353 1
8355 1
8356 1
8361 1
8362 2
8368 1
8371 2
8372 1
8373 1
8374 1
8378 2
8380 2
8383 1
8384 1
8385 1
8389 1
8390 2
8393 1
8394 1
8395 1
8396 1
8398 1
8400 1
8402 1
8404 1
8405 1
8406 1
8409 1
8410 1
8412 2
8418 1
8419 2
8425 2
8428 1
8431 1
8432 2
8435 1
8437 1
8441 1
8442 1
8446 1
8448 1
8450 1
8453 1
8454 1
8459 1
8460 1
8463 1
8467 1
8475 1
8476 1
8480 1
8482 2
8488 1
8489 1
8490 1
8491 1
8494 1
8499 1
8500 1
8505 1
8506 1
8507 1
8509 1
8516 1
8517 1
8519 1
8523 1
8526 1
8527 1
8528 2
8529 1
8530 1
8535 2
8539 1
8540 1
8545 2
8546 1
8547 1
8553 1
8555 1
8556 1
8561 1
8562 1
8565 1
8566 1
8567 1
8571 1
8572 1
8573 2
8574 2
8575 1
8582 1
8583 1
8584 1
8587 2
8589 2
8590 1
8591 1
8592 1
8593 1
8595 1
8596 1
8600 1
8601 1
8603 2
8604 1
8607 1
8608 1
8610 1
8612 1
8613 1
8615 1
8617 1
8619 1
8621 1
8623 1
8624 1
8626 1
8628 1
8630 1
8631 1
8632 1
8635 2
8636 1
8637 2
8642 1
8644 1
8646 2
8647 1
8648 1
8650 1
8652 1
8654 1
8659 1
8660 1
8661 1
8662 1
8664 1
8670 1
8671 1
8673 1
8674 1
8676 2
8677 1
8678 1
8680 1
8682 1
8688 1
8689 1
8694 2
8698 1
8700 2
8701 1
8705 1
8706 1
8707 2
8711 1
8716 1
8717 3
8718 1
8720 1
8722 1
8723 1
8724 2
8728 1
8730 1
8733 1
8734 1
8737 1
8739 1
8744 1
8746 2
8753 1
8756 1
8757 1
8763 1
8764 1
8767 1
8769 1
8770 1
8772 1
8773 1
8780 1
8781 2
8782 1
8783 1
8785 1
8787 1
8788 1
8789 1
8792 1
8795 1
8801 2
8802 1
8803 1
8804 1
8809 1
8811 1
8814 1
8815 1
8818 1
8819 1
8821 1
8826 1
8827 1
8828 1
8829 1
8830 2
8831 1
8833 1
8835 2
8837 1
8839 1
8841 1
8842 1
8844 1
8845 1
8846 1
8848 2
8851 1
8854 1
8857 2
8858 2
8861 1
8863 1
8864 1
8865 1
8871 2
8872 1
8874 2
8877 1
8878 1
8883 1
8887 1
8888 1
8889 1
8894 1
8895 1
8899 2
8900 2
8901 1
8905 1
8910 1
8911 1
8912 1
8913 1
8915 1
8916 1
8917 1
8918 2
8919 1
8921 1
8922 1
8928 3
8933 1
8934 2
8935 2
8942 1
8944 1
8945 1
8946 1
8947 1
8948 1
8950 1
8951 1
8952 1
8959 1
8961 1
8962 1
8964 1
8968 1
8970 1
8974 2
8975 2
8976 1
8981 2
8982 1
8985 1
8991 1
8992 1
8998 3
9004 1
9008 1
9010 1
9016 1
9020 1
9022 2
9026 1
9028 1
9029 2
9033 1
9039 1
9044 2
9045 2
9046 1
9048 1
9051 1
9054 1
9055 1
9056 1
9057 1
9058 1
9061 1
9065 1
9067 1
9068 1
9072 1
9074 1
9075 1
9083 1
9085 1
9089 1
9092 2
9094 2
9095 1
9101 1
9105 1
9106 1
9108 1
9109 1
9111 2
9112 1
9113 1
9114 1
9115 1
9117 1
9122 1
9127 1
9128 1
9129 1
9131 1
9133 1
9135 1
9136 1
9139 2
9140 1
9141 1
9145 1
9146 1
9152 1
9153 2
9155 2
9157 1
9158 1
9159 1
9161 1
9162 2
9163 1
9165 1
9169 1
9170 1
9171 1
9172 1
9174 2
9175 1
9176 1
9181 2
9185 1
9186 1
9187 1
9190 1
9192 3
9198 1
9199 1
9201 2
9202 2
9208 1
9209 1
9210 1
9211 1
9215 1
9216 2
9217 1
9218 2
9221 1
9222 1
9227 1
9228 2
9234 1
9237 1
9238 2
9239 1
9240 1
9243 1
9244 2
9246 1
9247 1
9249 1
9250 1
9255 1
9256 2
9257 1
9260 1
9262 1
9263 1
9266 1
9269 1
9272 3
9273 1
9274 1
9279 1
9281 1
9283 1
9284 1
9285 1
9286 1
9288 1
9290 1
9292 1
9294 1
9296 1
9298 1
9300 1
9301 1
9303 3
9304 1
9308 1
9310 1
9312 1
9313 1
9319 2
9320 2
9322 1
9326 1
9329 1
9333 1
9335 1
9339 1
9342 2
9344 1
9347 1
9348 1
9351 2
9354 1
9357 1
9358 1
9361 1
9363 1
9367 1
9368 1
9369 1
9370 1
9371 1
9374 1
9380 1
9381 1
9383 2
9387 1
9390 1
9392 1
9393 1
9394 1
9396 1
9399 2
9401 2
9403 1
9409 1
9410 1
9411 2
9414 1
9417 1
9420 1
9427 2
9428 1
9429 1
9433 1
9437 1
9438 2
9439 1
9440 2
9441 1
9444 1
9445 1
9447 1
9449 1
9450 1
9453 1
9455 1
9456 2
9457 1
9461 1
9465 1
9466 2
9468 1
9472 1
9474 2
9475 1
9476 1
9477 1
9481 2
9483 2
9484 2
9485 2
9487 1
9490 1
9492 1
9494 1
9497 1
9498 1
9499 1
9500 1
9501 2
9502 1
9503 1
9504 1
9508 1
9511 1
9512 1
9513 2
9514 2
9518 1
9520 2
9526 1
9531 1
9536 1
9538 1
9540 2
9541 1
9542 1
9544 1
9545 1
9547 2
9548 1
9549 1
9555 1
9558 1
9560 2
9561 2
9564 1
9567 1
9568 1
9570 1
9572 1
9574 1
9576 1
9577 1
9583 2
9584 1
9586 1
9588 2
9590 1
9592 1
9594 2
9595 1
9596 1
9599 1
9601 1
9605 1
9608 1
9610 2
9611 2
9614 1
9616 1
9617 1
9622 1
9624 2
9627 2
9630 1
9631 1
9633 1
9634 1
9639 1
9640 1
9647 2
9649 1
9651 1
9653 1
9655 1
9656 1
9658 1
9663 1
9667 1
9668 1
9674 2
9675 2
9677 1
9679 1
9680 1
9681 1
9683 2
9684 1
9685 1
9686 1
9690 1
9693 1
9694 1
9695 1
9696 1
9697 1
9698 1
9699 1
9701 3
9702 2
9703 1
9705 1
9709 1
9710 1
9711 1
9712 1
9715 1
9718 1
9719 1
9721 2
9724 1
9725 1
9728 1
9729 1
9731 3
9737 1
9738 3
9740 2
9741 1
9742 1
9745 1
9747 1
9749 1
9750 1
9751 1
9752 1
9754 1
9756 2
9757 1
9758 2
9760 1
9765 1
9766 2
9767 1
9768 1
9771 1
9772 2
9775 1
9777 1
9781 1
9782 1
9783 1
9784 1
9785 1
9787 1
9788 3
9794 2
9800 1
9801 1
9803 1
9804 2
9805 1
9808 1
9810 2
9812 1
9813 2
9815 1
9816 1
9817 1
9819 1
9820 1
9822 2
9823 1
9826 1
9828 1
9829 2
9835 2
9836 1
9838 2
9840 1
9842 2
9845 1
9847 1
9851 2
9852 1
9858 2
9860 1
9862 1
9864 1
9867 1
9869 2
9870 1
9874 1
9879 1
9883 1
9885 1
9886 2
9890 1
9892 2
9895 1
9899 1
9901 1
9908 2
9910 1
9916 1
9917 1
9920 1
9921 1
9923 1
9927 1
9929 1
9932 1
9933 1
9937 1
9938 2
9939 1
9940 1
9942 1
9949 3
9950 1
9955 1
9956 1
9958 1
9959 1
9965 1
9966 1
9967 1
9968 1
9969 1
9975 1
9976 1
9977 2
9978 1
9979 1
9983 1
9985 1
9986 1
9993 1
9994 1
9995 1
9997 1
9999 2
10002 1
10004 1
10005 1
10006 1
10007 2
10011 1
10013 2
10014 1
10015 1
10016 1
10019 1
10022 2
10023 1
10024 1
10025 1
10026 1
10027 1
10028 1
10031 1
10032 1
10034 1
10036 1
10038 1
10040 3
10041 1
10042 1
10045 1
10046 1
10047 1
10049 1
10051 2
10053 1
10056 1
10058 1
10060 1
10062 1
10063 1
10064 1
10065 1
10068 1
10069 1
10070 1
10072 1
10075 1
10077 1
10078 1
10079 1
10080 1
10081 1
10083 1
10084 1
10086 2
10092 1
10093 1
10097 1
10099 1
10102 1
10104 1
10108 1
10109 1
10110 3
10111 1
10112 1
10115 1
10121 1
10126 2
10127 3
10128 1
10130 1
10132 1
10133 1
10134 1
10138 2
10140 2
10143 1
10144 1
10147 1
10149 2
10150 1
10154 1
10156 2
10157 1
10160 1
10162 1
10165 1
10166 1
10167 1
10173 1
10174 1
10177 1
10179 1
10180 1
10182 1
10186 1
10190 1
10191 1
10192 1
10193 1
10196 1
10197 1
10202 1
10205 1
10206 1
10213 3
10214 1
10218 1
10219 1
10220 1
10222 1
10224 1
10225 1
10229 1
10233 1
10234 2
10236 1
10238 1
10240 2
10241 1
10243 2
10245 1
10249 1
10250 1
10251 1
10252 1
10253 1
10255 1
10256 1
10260 1
10261 1
10262 1
10264 1
10267 2
10268 2
10269 1
10271 1
10273 1
10275 1
10276 1
10281 2
10284 1
10287 1
10288 1
10290 1
10291 1
10297 2
10299 1
10303 1
10304 3
10306 1
10308 1
10309 1
10310 1
10311 1
10315 1
10316 1
10320 2
10321 1
10322 1
10323 1
10325 1
10326 1
10327 1
10332 2
10337 1
10338 3
10343 1
10345 1
10350 1
10351 3
10354 2
10355 1
10357 1
10358 1
10360 1
10362 1
10366 1
10367 2
10369 1
10371 1
10374 1
10375 1
10376 1
10378 1
10379 1
10383 1
10384 2
10385 2
10386 1
10391 1
10395 1
10397 1
10401 1
10402 2
10408 3
10414 2
10417 1
10418 1
10420 1
10424 1
10430 1
10432 2
10436 1
10449 2
10454 2
10455 1
10456 1
10458 1
10459 1
10461 2
10462 1
10465 1
10466 1
10467 1
10468 1
10471 1
10477 2
10478 1
10482 1
10484 1
10486 1
10487 1
10493 1
10495 1
10498 1
10504 2
10505 1
10506 1
10508 2
10515 1
10516 1
10518 1
10519 1
10521 2
10524 2
10525 1
10527 1
10532 1
10534 1
10537 1
10539 1
10541 1
10543 1
10544 1
10545 1
10547 1
10549 2
10551 1
10556 1
10561 1
10563 2
10565 2
10566 1
10568 2
10569 1
10573 2
10575 1
10577 1
10579 1
10580 1
10582 1
10584 1
10585 1
10590 1
10591 1
10592 1
10593 1
10594 1
10595 2
10596 1
10597 1
10600 1
10602 2
10603 1
10606 1
10608 1
10609 1
10611 2
10612 2
10613 1
10615 1
10619 1
10621 1
10625 1
10626 2
10628 1
10631 2
10638 2
10641 1
10643 1
10647 1
10648 3
10649 1
10650 2
10651 1
10654 1
10657 1
10659 2
10660 1
10665 1
10666 2
10667 1
10670 1
10672 1
10675 1
10676 2
10677 1
10678 1
10682 2
10684 1
10688 1
10689 1
10693 1
10694 1
10695 2
10696 1
10697 1
10698 1
10702 1
10704 2
10706 2
10708 1
10710 1
10711 1
10713 2
10714 1
10718 1
10720 1
10722 1
10723 2
10724 1
10729 1
10730 2
10732 1
10736 2
10739 1
10743 1
10745 1
10752 3
10754 1
10757 1
10758 1
10759 1
10767 1
10768 1
10771 1
10772 1
10777 1
10779 1
10780 1
10781 1
10784 2
10786 1
10790 1
10791 1
10793 2
10795 1
10800 2
10802 1
10803 1
10804 1
10806 2
10809 1
10811 1
10813 1
10819 1
10821 1
10827 1
10830 1
10832 1
10834 1
10837 2
10839 1
10842 1
10843 1
10844 1
10847 1
10848 1
10849 1
10850 2
10851 1
10854 1
10859 1
10860 2
10863 1
10865 1
10866 2
10869 1
10870 1
10875 1
10876 2
10877 1
10878 1
10879 1
10884 1
10886 1
10887 1
10888 1
10889 1
10891 2
10893 2
10895 2
10897 1
10900 1
10904 1
10905 1
10907 2
10908 1
10909 1
10911 1
10912 1
10914 1
10916 1
10917 2
10921 1
10922 1
10923 2
10924 2
10925 1
10928 1
10930 1
10932 1
10933 1
10936 2
10941 2
10946 1
10948 1
10950 2
10951 1
10952 1
10953 1
10954 1
10957 1
10959 1
10963 1
10965 1
10968 1
10970 2
10971 1
10974 1
10975 1
10977 1
10978 1
10980 2
10982 1
10984 1
10986 1
10987 1
10993 2
10994 1
10996 1
10998 2
10999 1
11000 1
11002 1
11004 1
11006 1
11009 1
11011 1
11015 1
11016 1
11020 2
11021 1
11022 1
11024 1
11025 1
11027 1
11028 1
11032 1
11034 2
11037 1
11040 1
11041 1
11043 2
11044 1
11047 1
11048 1
11050 1
11057 2
11059 1
11060 1
11061 1
11063 1
11066 1
11071 1
11072 1
11074 1
11077 1
11078 1
11084 1
11085 1
11086 1
11087 2
11089 1
11090 1
11091 1
11093 1
11094 1
11096 1
11103 1
11104 1
11105 1
11106 2
11107 2
11111 1
11113 2
11115 1
11116 1
11118 1
11119 1
11120 1
11122 1
11123 1
11125 1
11129 1
11130 1
11131 1
11132 1
11133 1
11134 3
11135 2
11139 1
11141 2
11142 1
11143 1
11148 2
11150 2
11151 1
11152 1
11154 1
11160 1
11161 2
11162 1
11163 1
11164 1
11165 1
11166 1
11168 1
11169 1
11175 1
11176 2
11177 1
11178 2
11179 1
11181 2
11182 1
11185 1
11187 1
11188 1
11189 1
11191 1
11192 1
11193 1
11195 1
11197 1
11198 2
11204 2
11205 1
11211 1
11214 3
11216 1
11217 1
11220 2
11222 1
11223 2
11225 1
11226 1
11227 2
11232 2
11233 1
11236 2
11237 1
11238 1
11239 1
11240 1
11243 1
11245 1
11246 1
11248 2
11250 1
11252 1
11254 1
11255 1
11261 3
11263 1
11268 2
11270 1
11272 1
11274 2
11275 1
11277 1
11279 1
11280 1
11284 1
11285 1
11289 1
11290 1
11293 1
11295 1
11296 2
11302 2
11305 1
11309 1
11318 2
11320 1
11322 1
11324 1
11325 1
11330 1
11331 1
11333 1
11334 1
11337 1
11342 1
11343 1
11347 1
11348 1
11350 1
11352 1
11359 2
11361 1
11366 1
11368 1
11369 1
11371 1
11372 2
11377 1
11378 1
11379 1
11381 1
11382 1
11387 2
11388 1
11389 1
11396 1
11398 1
11399 1
11403 1
11405 1
11408 1
11409 1
11410 1
11414 1
11415 1
11416 2
11417 2
11418 2
11425 1
11426 2
11429 1
11430 1
11431 1
11432 2
11434 1
11435 1
11436 1
11437 1
11438 1
11442 1
11443 1
11444 1
11445 2
11446 1
11450 2
11452 1
11454 1
11455 1
11457 2
11459 1
11461 2
11463 2
11466 1
11469 1
11471 1
11473 2
11474 1
11475 1
11478 2
11479 1
11480 1
11485 1
11487 1
11488 1
11489 1
11490 1
11491 1
11493 1
11496 1
11502 2
11503 1
11505 1
11507 1
11512 1
11513 1
11514 1
11515 1
11516 1
11518 1
11519 2
11520 2
11522 1
11525 2
11531 1
11532 1
11536 2
11537 1
11541 1
11542 1
11543 1
11544 1
11548 2
11550 2
11553 1
11559 2
11560 2
11561 1
11563 1
11564 1
11565 1
11566 1
11567 1
11570 1
11572 1
11575 1
11576 1
11577 1
11579 1
11582 1
11587 1
11588 1
11589 1
11590 1
11596 1
11598 1
11600 1
11606 1
11607 2
11610 1
11612 1
11613 1
11614 1
11616 1
11623 2
11624 2
11626 1
11628 1
11629 1
11630 1
11632 1
11634 1
11637 1
11643 1
11644 2
11646 2
11652 1
11653 1
11655 1
11656 1
11657 1
11660 1
11662 1
11663 1
11669 1
11670 1
11671 1
11672 2
11673 2
11675 1
11677 1
11678 1
11679 1
11682 1
11684 1
11685 1
11686 1
11687 1
11689 1
11691 2
11694 1
11696 1
11699 1
11700 2
11701 1
11704 1
11705 1
11707 1
11708 1
11713 1
11714 2
11716 2
11718 1
11720 2
11726 1
11729 1
11730 1
11731 2
11737 1
11742 3
11743 1
11744 1
11747 1
11748 1
11753 1
11754 2
11755 1
11757 1
11759 1
11760 1
11761 3
11764 2
11770 2
11771 1
11776 2
11777 2
11778 1
11785 1
11786 1
11787 1
11788 1
11789 2
11790 1
11793 2
11801 1
11802 1
11803 1
11805 1
11806 1
11807 1
11811 1
11812 1
11816 1
11817 1
11818 2
11824 2
11827 1
11834 1
11835 1
11840 2
11841 1
11846 1
11851 1
11853 1
11859 1
11863 1
11864 2
11865 1
11869 1
11871 2
11872 1
11875 1
11881 1
11887 3
11888 2
11890 1
11894 1
11896 1
11897 1
11898 1
11900 2
11903 1
11908 1
11909 1
11910 1
11914 1
11916 1
11918 2
11926 1
11928 1
11931 1
11934 2
11935 1
11937 1
11938 1
11944 1
11947 1
11948 1
11951 2
11953 2
11954 1
11955 1
11957 2
11960 1
11965 1
11970 1
11971 1
11972 1
11973 1
11976 1
11978 1
11979 1
11981 1
11982 1
11983 1
11984 2
11987 1
11996 2
11997 1
11998 1
12000 1
12001 1
12002 1
12003 1
12004 1
12005 2
12011 1
12012 1
12013 1
12014 1
12016 2
12017 1
12018 1
12023 2
12025 1
12028 1
12029 2
12033 1
12035 3
12041 1
12042 1
12043 1
12044 2
12045 1
12051 1
12052 1
12053 1
12054 1
12058 2
12059 1
12060 1
12061 1
12064 2
12069 1
12070 1
12071 1
12075 1
12076 1
12079 1
12081 2
12082 1
12085 1
12086 1
12087 1
12088 1
12089 1
12091 1
12092 2
12098 3
12099 1
12103 1
12105 2
12107 1
12108 1
12112 1
12114 2
12115 1
12116 1
12117 1
12124 1
12126 1
12127 2
12129 1
12130 1
12133 1
12134 1
12137 1
12139 1
12140 1
12142 1
12144 1
12145 1
12146 3
12150 1
12153 1
12155 2
12162 2
12163 1
12164 1
12169 1
12173 1
12176 1
12178 1
12182 1
12184 1
12185 1
12187 1
12190 2
12194 2
12196 1
12199 1
12200 1
12203 1
12205 1
12209 1
12210 1
12212 2
12214 1
12216 1
12222 1
12223 1
12225 1
12226 1
12229 1
12232 1
12235 1
12236 1
12237 1
12239 1
12241 1
12242 1
12244 2
12246 1
12252 1
12253 2
12254 1
12257 1
12260 1
12270 3
12271 1
12276 1
12279 1
12280 1
12281 1
12282 2
12283 1
12286 1
12287 1
12289 1
12291 1
12292 1
12296 1
12297 1
12298 1
12299 2
12301 1
12303 1
12308 1
12309 2
12311 1
12315 1
12316 1
12317 1
12318 1
12319 1
12320 1
12323 1
12326 2
12327 2
12328 2
12330 1
12332 1
12335 1
12336 1
12340 2
12342 2
12343 1
12344 2
12346 1
12351 1
12353 1
12355 3
12356 2
12362 1
12363 1
12364 1
12367 1
12369 1
12373 2
12379 1
12381 1
12382 1
12383 1
12384 1
12385 1
12387 1
12388 1
12390 2
12397 1
12401 1
12403 4
12406 1
12409 1
12410 1
12412 1
12414 1
12416 1
12419 1
12420 1
12425 1
12426 2
12429 1
12430 2
12431 1
12432 1
12434 1
12435 1
12437 2
12438 1
12439 1
12442 1
12444 1
12447 1
12451 1
12453 3
12454 1
12457 1
12458 1
12460 1
12464 1
12466 2
12469 1
12470 1
12473 2
12475 1
12476 1
12481 1
12482 1
12484 1
12489 1
12490 1
12492 1
12494 1
12496 1
12497 1
12500 1
12501 1
12506 1
12510 2
12516 1
12517 3
12520 1
12522 1
12523 2
12526 2
12527 1
12528 1
12529 1
12533 1
12536 2
12538 2
12539 1
12540 1
12542 1
12543 1
12544 3
12545 1
12546 1
12547 1
12552 1
12553 2
12557 1
12562 1
12564 2
12566 1
12567 1
12571 2
12573 2
12575 1
12579 1
12580 1
12582 1
12583 2
12585 1
12588 1
12589 1
12591 1
12592 2
12594 1
12595 1
12597 1
12598 1
12599 2
12601 2
12603 1
12608 2
12609 2
12610 1
12614 2
12615 1
12618 1
12620 1
12624 2
12626 1
12627 1
12628 1
12630 3
12631 1
12636 1
12637 1
12641 1
12642 1
12643 1
12646 1
12647 2
12650 1
12653 2
12655 3
12658 2
12660 1
12662 1
12664 2
12665 1
12669 1
12671 3
12673 1
12677 1
12678 1
12679 1
12680 1
12681 1
12683 1
12684 1
12685 1
12690 1
12693 1
12694 1
12695 1
12700 2
12703 1
12705 1
12706 1
12710 1
12712 3
12716 1
12721 1
12725 1
12728 1
12729 1
12732 1
12734 1
12735 1
12738 1
12742 1
12744 1
12750 1
12751 1
12753 1
12758 1
12760 1
12763 1
12764 1
12765 1
12769 1
12771 1
12775 1
12780 1
12781 1
12782 2
12784 1
12791 2
12792 2
12797 1
12798 1
12801 1
12802 1
12808 1
12809 1
12810 2
12812 1
12818 1
12819 1
12820 2
12821 1
12822 1
12826 1
12828 2
12836 2
12840 1
12841 1
12842 1
12845 1
12847 1
12848 1
12849 2
12853 1
12855 2
12856 1
12857 1
12858 1
12862 1
12864 1
12865 2
12866 1
12867 2
12868 1
12870 1
12871 1
12873 1
12875 1
12877 1
12879 1
12881 1
12882 1
12883 2
12884 1
12885 1
12888 1
12889 1
12892 1
12894 2
12896 1
12898 1
12901 1
12903 1
12906 2
12910 1
12912 1
12915 1
12919 1
12921 2
12922 1
12923 1
12925 1
12926 1
12928 1
12929 1
12930 1
12935 2
12936 1
12939 1
12942 1
12945 1
12947 1
12951 1
12952 2
12953 2
12954 1
12955 1
12963 1
12969 4
12970 1
12971 1
12973 1
12974 1
12975 1
12976 1
12980 1
12981 1
12982 2
12986 2
12989 1
12991 1
12992 2
12997 1
12998 1
12999 2
13000 1
13003 1
13005 1
13008 2
13010 1
13017 2
13020 1
13022 1
13023 1
13024 1
13032 1
13034 2
13036 1
13039 2
13044 1
13047 1
13055 1
13056 3
13060 1
13062 1
13063 1
13066 1
13067 1
13072 1
13076 2
13077 1
13079 1
13081 1
13082 1
13083 2
13085 1
13086 1
13088 1
13092 1
13093 1
13094 1
13095 1
13096 1
13097 1
13099 1
13102 1
13104 2
13106 1
13109 1
13110 3
13112 1
13114 1
13115 1
13118 1
13119 1
13123 2
13126 1
13130 2
13132 1
13133 1
13139 2
13141 2
13146 1
13147 1
13149 1
13151 1
13152 1
13153 1
13154 1
13158 2
13163 2
13164 2
13165 1
13167 1
13169 1
13170 1
13174 1
13175 1
13180 3
13181 1
13186 1
13188 1
13192 1
13193 2
13194 1
13196 1
13197 2
13199 1
13200 1
13203 1
13209 2
13210 1
13211 1
13212 1
13213 1
13216 1
13219 1
13221 2
13226 2
13227 1
13228 2
13237 1
13240 1
13243 1
13245 2
13250 2
13251 1
13257 1
13260 1
13261 1
13263 1
13266 1
13273 1
13274 2
13275 1
13279 1
13291 2
13297 2
13298 2
13300 1
13303 1
13304 2
13308 2
13310 2
13313 1
13319 1
13320 2
13324 1
13326 1
13329 1
13330 1
13336 1
13338 1
13344 1
13347 1
13348 1
13349 1
13350 1
13351 1
13357 1
13358 1
13361 2
13363 1
13364 1
13367 2
13370 1
13375 1
13376 1
13380 1
13382 1
13383 1
13386 1
13387 1
13388 1
13390 1
13391 1
13392 1
13394 2
13406 2
13407 1
13408 1
13410 1
13411 1
13415 2
13420 1
13421 1
13422 1
13424 1
13426 1
13427 1
13432 1
13433 1
13434 1
13436 1
13437 2
13438 1
13439 2
13443 1
13445 2
13446 1
13449 1
13451 1
13452 1
13453 1
13454 2
13455 1
13456 1
13458 1
13462 1
13464 1
13467 1
13468 1
13469 1
13474 1
13480 1
13481 1
13485 2
13489 1
13491 2
13492 2
13493 1
13497 1
13499 1
13501 1
13502 3
13508 2
13509 2
13513 1
13515 1
13518 2
13519 1
13521 1
13524 1
13525 1
13527 1
13531 1
13536 1
13537 2
13538 1
13539 1
13540 2
13547 2
13548 1
13549 1
13550 1
13552 1
13554 1
13555 1
13556 1
13560 1
13563 1
13565 3
13567 1
13572 1
13573 1
13574 1
13578 1
13579 1
13583 1
13586 1
13588 1
13594 1
13595 1
13597 1
13600 2
13609 1
13610 1
13613 1
13619 1
13622 2
13624 1
13626 2
13629 1
13632 1
13633 1
13635 1
13636 1
13638 1
13642 1
13643 1
13645 1
13646 1
13647 1
13649 2
13651 1
13654 1
13656 1
13662 1
13663 1
13670 1
13676 1
13680 2
13681 1
13686 1
13689 1
13691 1
13692 2
13693 1
13696 1
13701 1
13702 1
13703 1
13706 1
13707 1
13709 1
13712 1
13713 1
13718 1
13719 2
13720 1
13721 1
13722 1
13726 1
13729 1
13730 1
13731 1
13732 1
13733 1
13734 1
13736 2
13738 2
13740 1
13742 1
13746 1
13749 1
13750 1
13752 1
13754 2
13758 1
13759 2
13763 1
13765 3
13766 2
13767 1
13773 1
13775 1
13776 1
13777 1
13778 1
13779 1
13783 1
13789 1
13791 1
13792 1
13793 1
13794 1
13795 1
13797 1
13806 1
13807 1
13811 1
13813 3
13816 1
13819 1
13820 1
13823 1
13824 1
13826 1
13829 1
13830 1
13835 1
13836 2
13839 1
13840 2
13841 1
13842 1
13843 1
13845 1
13847 1
13849 1
13852 1
13854 1
13857 1
13863 2
13864 1
13865 1
13867 1
13869 1
13870 1
13874 1
13876 2
13879 1
13883 1
13885 1
13886 2
13889 1
13891 1
13892 1
13899 1
13900 1
13902 1
13904 1
13906 1
13910 1
13914 1
13915 1
13917 1
13920 2
13927 2
13930 2
13932 1
13933 1
13936 1
13937 1
13946 2
13948 2
13949 2
13950 1
13954 1
13956 2
13957 1
13960 1
13961 1
13963 1
13967 1
13972 1
13973 1
13974 1
13976 3
13977 2
13981 1
13983 1
13986 1
13990 1
13992 1
13993 2
13995 1
13996 1
14002 1
14003 1
14004 1
14005 1
14006 1
14007 1
14008 1
14009 1
14011 1
14012 1
14018 2
14019 2
14020 2
14022 1
14024 2
14028 1
14030 1
14031 1
14032 1
14033 1
14034 1
14038 1
14040 2
14041 1
14046 1
14047 1
14051 1
14053 1
14057 1
14058 1
14059 1
14063 2
14065 3
14068 2
14070 1
14074 1
14075 2
14078 1
14079 1
14080 1
14081 2
14083 1
14087 1
14089 1
14090 1
14091 1
14093 1
14094 1
14097 1
14103 1
14104 2
14106 1
14110 1
14113 1
14115 1
14116 1
14117 1
14120 1
14122 1
14126 1
14131 1
14133 1
14135 1
14138 1
14139 1
14144 1
14145 1
14148 1
14152 1
14160 1
14161 1
14163 1
14165 1
14167 1
14173 1
14174 1
14175 1
14179 1
14185 1
14190 1
14191 1
14192 1
14194 1
14201 1
14202 1
14204 1
14208 1
14211 1
14212 1
14213 1
14214 1
14215 1
14220 2
14222 1
14224 1
14225 1
14230 2
14231 1
14232 1
14246 1
14252 1
14257 1
14258 1
14259 2
14261 1
14267 1
14268 1
14269 1
14272 2
14274 1
14275 1
14276 1
14278 1
14280 1
14281 1
14285 1
14286 1
14287 1
14288 2
14289 1
14292 1
14293 1
14295 1
14297 1
14298 1
14300 2
14302 1
14304 2
14306 2
14308 1
14315 1
14316 1
14320 2
14329 1
14331 2
14332 1
14333 1
14335 1
14339 1
14344 1
14345 1
14346 1
14347 1
14349 1
14355 1
14356 1
14357 1
14358 1
14359 1
14361 1
14362 1
14363 2
14365 1
14368 1
14373 1
14379 3
14385 2
14386 1
14390 1
14391 1
14392 2
14396 1
14401 1
14402 3
14403 1
14405 1
14407 1
14408 1
14409 2
14413 1
14415 1
14418 1
14419 1
14420 1
14422 1
14431 2
14433 1
14441 1
14442 1
14449 1
14450 1
14455 1
14457 1
14465 1
14466 1
14467 1
14470 1
14472 1
14473 1
14477 1
14480 1
14486 2
14487 1
14488 1
14489 1
14496 1
14498 1
14499 1
14500 1
14503 1
14506 1
14512 1
14513 1
14514 1
14515 1
14516 1
14518 1
14520 2
14522 1
14526 1
14527 1
14529 1
14530 1
14533 2
14536 1
14539 1
14542 2
14543 2
14546 1
14548 1
14549 1
14556 1
14557 1
14559 2
14561 1
14562 1
14563 1
14568 1
14572 1
14573 1
14574 2
14580 1
14584 1
14585 1
14586 1
14590 1
14596 1
14597 1
14598 1
14600 1
14602 1
14603 2
14604 1
14606 1
14607 1
14613 2
14619 2
14620 2
14629 1
14630 1
14631 2
14632 1
14633 1
14636 1
14644 2
14646 1
14647 1
14649 1
14650 1
14653 1
14655 1
14659 2
14660 1
14667 1
14670 1
14676 1
14677 1
14683 2
14689 1
14701 1
14707 3
14713 1
14714 2
14718 1
14724 1
14729 1
14730 2
14731 1
14733 1
14736 1
14739 1
14740 1
14741 1
14743 1
14746 1
14752 1
14753 1
14757 1
14759 1
14760 1
14761 1
14770 1
14774 1
14777 2
14779 1
14780 1
14786 1
14790 1
14791 1
14794 1
14796 2
14797 1
14798 1
14799 1
14800 1
14814 1
14816 1
14820 1
14824 1
14825 1
14827 1
14830 1
14838 1
14840 2
14842 1
14844 1
14846 1
14847 2
14848 1
14854 1
14855 1
14856 1
14857 1
14859 2
14860 1
14861 1
14866 2
14868 1
14870 1
14871 1
14872 1
14877 1
14886 2
14887 1
14895 1
14896 1
14901 2
14902 1
14903 1
14906 1
14907 1
14912 1
14913 2
14918 1
14919 1
14922 1
14924 1
14925 1
14928 1
14929 1
14931 1
14932 1
14934 1
14935 1
14941 2
14942 1
14947 1
14948 1
14950 1
14951 1
14957 2
14958 1
14959 1
14968 1
14969 1
14970 1
14971 1
14973 1
14975 1
14977 1
14981 1
14983 1
14985 1
14988 3
14989 1
14993 1
14997 1
14998 1
15004 1
15007 1
15016 1
15027 1
15029 1
15033 1
15036 2
15039 1
15042 1
15043 1
15046 1
15048 1
15052 1
15053 1
15054 1
15055 1
15059 1
15065 1
15066 1
15068 1
15072 1
15075 1
15079 1
15084 1
15086 1
15088 1
15096 2
15099 1
15102 1
15112 1
15113 1
15114 1
15122 1
15123 1
15124 1
15125 2
15126 1
15129 1
15130 1
15132 1
15134 1
15135 1
15140 1
15141 1
15142 1
15144 1
15146 1
15153 1
15159 2
15162 1
15166 1
15168 1
15169 2
15170 1
15172 1
15175 1
15177 1
15179 1
15182 1
15183 1
15185 1
15186 2
15187 1
15188 1
15196 1
15198 2
15199 2
15205 1
15207 1
15210 1
15216 2
15223 1
15225 2
15229 1
15230 1
15233 1
15240 1
15243 1
15245 1
15246 2
15249 1
15252 1
15253 1
15255 1
15257 1
15259 1
15268 1
15269 1
15273 3
15275 1
15277 1
15279 1
15280 1
15286 1
15290 1
15295 1
15296 2
15299 1
15301 1
15302 1
15307 1
15309 2
15312 1
15315 1
15316 1
15318 1
15319 1
15324 1
15325 1
15327 1
15332 1
15336 1
15340 1
15343 1
15353 1
15359 1
15360 2
15364 1
15365 1
15366 1
15370 1
15371 1
15379 1
15380 1
15381 1
15382 1
15383 1
15386 2
15387 1
15390 1
15396 1
15400 1
15406 2
15409 1
15410 1
15413 1
15414 1
15416 2
15418 1
15422 1
15423 1
15425 1
15426 1
15427 1
15430 1
15432 1
15434 1
15435 1
15436 1
15437 1
15441 1
15442 1
15443 1
15451 1
15452 1
15453 1
15456 1
15457 1
15462 1
15467 1
15468 1
15469 1
15472 1
15473 2
15479 1
15484 1
15485 1
15486 1
15488 1
15490 1
15493 1
15497 1
15498 2
15501 1
15504 1
15507 2
15508 1
15513 1
15514 2
15516 1
15520 1
15523 1
15525 1
15527 1
15536 1
15543 2
15547 1
15549 1
15554 2
15555 1
15559 1
15564 1
15568 1
15570 1
15575 1
15577 1
15593 1
15595 1
15601 1
15602 1
15608 1
15612 1
15614 1
15618 1
15623 1
15624 1
15625 1
15627 1
15634 2
15635 1
15640 1
15641 1
15653 1
15654 1
15662 1
15671 1
15679 1
15682 1
15684 1
15690 1
15691 1
15692 2
15696 1
15698 2
15699 1
15700 1
15701 1
15707 1
15708 1
15709 1
15710 2
15711 1
15716 1
15719 1
15725 2
15730 1
15736 1
15738 1
15741 1
15743 1
15745 1
15748 1
15749 1
15753 1
15754 1
15757 1
15762 1
15764 1
15765 1
15766 1
15768 1
15769 1
15771 1
15773 1
15778 1
15782 1
15789 1
15795 2
15796 1
15806 1
15811 1
15812 3
15813 1
15815 1
15817 1
15818 1
15819 1
15823 1
15825 2
15829 1
15832 1
15834 1
15835 1
15841 2
15842 1
15843 1
15851 1
15852 1
15860 1
15865 1
15867 1
15875 1
15877 1
15881 1
15882 1
15887 1
15890 1
15898 2
15899 1
15903 1
15909 1
15910 1
15919 1
15923 1
15925 1
15926 1
15928 1
15930 1
15936 1
15937 1
15940 1
15945 1
15946 1
15947 1
15949 1
15952 1
15953 2
15956 1
15958 1
15966 2
15969 1
15972 1
15973 1
15975 1
15976 1
15982 2
15984 2
15993 1
15996 1
16001 1
16006 1
16007 1
16008 1
16010 1
16017 1
16022 1
16023 2
16030 1
16035 1
16036 2
16039 1
16040 1
16042 1
16043 1
16052 1
16054 2
16056 1
16059 1
16063 1
16064 1
16069 2
16070 1
16080 1
16082 1
16086 1
16087 1
16093 2
16109 1
16117 3
16134 2
16139 1
16140 1
16141 1
16143 1
16146 1
16147 1
16151 1
16153 1
16156 1
16162 1
16163 1
16167 1
16169 1
16180 1
16187 1
16189 1
16190 1
16193 2
16200 1
16201 1
16204 1
16206 1
16209 1
16219 1
16224 1
16226 1
16234 1
16237 1
16248 1
16250 2
16253 1
16258 2
16264 1
16265 1
16267 1
16269 1
16270 1
16275 1
16276 1
16277 1
16280 2
16281 1
16282 1
16296 2
16297 1
16306 1
16310 1
16311 2
16316 1
16323 2
16328 2
16332 1
16334 1
16335 2
16336 1
16342 1
16344 1
16345 1
16351 1
16352 1
16357 1
16361 1
16367 1
16369 1
16378 1
16379 1
16380 1
16381 1
16382 1
16383 1
16391 2
16393 1
16395 1
16398 2
16403 1
16407 1
16408 2
16414 1
16417 1
16421 1
16426 1
16437 1
16439 1
16443 1
16452 1
16453 1
16456 1
16462 1
16464 1
16465 1
16469 2
16475 1
16476 1
16478 1
16485 1
16489 1
16494 1
16498 1
16506 1
16512 1
16519 1
16522 1
16524 1
16529 1
16532 1
16534 1
16535 2
16536 1
16539 1
16544 1
16545 1
16550 1
16563 1
16569 1
16572 1
16576 2
16580 1
16582 1
16585 1
16589 1
16592 2
16596 1
16597 1
16601 1
16602 2
16606 1
16608 2
16609 2
16610 1
16620 1
16621 1
16626 1
16633 1
16635 2
16648 1
16650 1
16653 1
16655 1
16656 1
16659 1
16662 1
16663 1
16667 1
16669 1
16678 1
16679 1
16683 3
16696 1
16700 1
16705 1
16706 1
16709 1
16712 1
16713 1
16717 1
16719 2
16722 1
16725 1
16728 1
16729 1
16732 1
16735 1
16742 1
16746 1
16753 1
16759 1
16763 1
16770 1
16774 1
16775 1
16789 1
16790 1
16791 1
16792 1
16800 1
16803 1
16804 1
16810 1
16816 1
16819 2
16820 1
16824 1
16826 1
16833 1
16835 1
16836 1
16837 1
16839 1
16845 1
16846 2
16847 1
16850 1
16861 1
16862 1
16863 2
16866 1
16872 1
16876 1
16877 1
16882 1
16883 1
16889 1
16894 1
16896 1
16901 1
16902 1
16907 1
16908 2
16911 1
16917 1
16918 1
16921 1
16923 1
16924 1
16930 1
16933 1
16935 1
16937 1
16946 1
16948 1
16953 1
16957 1
16959 1
16964 1
16969 1
16974 1
16978 1
16980 1
16987 1
17003 1
17005 1
17018 1
17022 1
17028 1
17035 1
17037 1
17044 1
17051 1
17056 1
17057 1
17063 1
17064 1
17095 1
17100 1
17101 1
17102 2
17103 1
17110 1
17111 1
17115 1
17119 1
17121 1
17129 1
17135 1
17142 1
17146 1
17148 1
17151 1
17158 2
17163 2
17172 1
17174 1
17175 1
17176 1
17178 1
17187 1
17190 1
17192 1
17199 1
17216 1
17221 1
17222 1
17228 1
17229 1
17233 1
17235 2
17244 1
17245 2
17246 1
17248 1
17252 1
17262 1
17274 1
17275 1
17285 1
17291 1
17292 1
17298 1
17308 1
17313 1
17329 1
17331 1
17340 1
17355 1
17356 1
17357 1
17363 1
17369 1
17370 1
17376 2
17379 1
17385 1
17386 1
17389 1
17392 1
17403 1
17405 1
17411 1
17416 1
17427 1
17429 1
17432 1
17439 1
17445 1
17446 2
17449 1
17462 1
17463 1
17473 1
17474 1
17486 1
17487 1
17490 1
17492 1
17496 1
17502 1
17503 1
17519 1
17520 1
17544 1
17550 1
17556 1
17557 1
17572 1
17573 1
17579 1
17603 2
17613 1
17619 1
17622 1
17623 1
17629 1
17642 1
17657 1
17663 1
17668 1
17669 1
17681 1
17683 1
17685 1
17687 1
17690 1
17713 1
17714 1
17720 1
17729 1
17738 1
17739 1
17744 1
17745 1
17746 1
17749 1
17756 1
17760 1
17790 1
17792 1
17801 1
17802 1
17811 1
17812 1
17814 1
17818 1
17824 1
17831 2
17840 1
17847 1
17858 1
17872 1
17879 2
17897 1
17922 1
17929 1
17931 1
17939 1
17942 1
17945 1
17955 1
17986 1
17996 1
18002 1
18005 1
18011 1
18012 2
18013 1
18015 1
18020 1
18025 1
18029 1
18031 1
18052 1
18058 1
18066 1
18068 1
18072 1
18073 1
18086 1
18088 1
18116 1
18119 1
18122 1
18123 1
18129 1
18138 1
18139 1
18142 1
18145 1
18158 1
18169 1
18179 1
18185 1
18207 1
18208 1
18213 1
18214 1
18223 1
18229 1
18249 2
18256 1
18260 1
18270 1
18273 1
18279 1
18280 1
18286 1
18299 1
18305 1
18311 1
18312 1
18315 1
18326 1
18331 1
18340 1
18347 1
18356 1
18358 1
18368 1
18390 1
18397 2
18413 1
18438 1
18445 1
18466 1
18467 1
18497 1
18505 1
18513 1
18525 1
18552 1
18562 1
18568 1
18573 1
18579 1
18581 1
18586 1
18588 1
18591 1
18597 1
18600 1
18632 1
18638 1
18639 1
18654 1
18655 1
18656 1
18658 1
18684 1
18685 1
18695 1
18702 1
18708 1
18724 1
18741 1
18766 1
18773 1
18779 1
18780 1
18789 1
18799 1
18815 1
18826 1
18836 1
18839 1
18849 1
18865 1
18873 1
18896 1
18897 1
18906 1
18912 1
18913 1
18925 1
18930 1
18960 1
18982 1
18983 1
19023 1
19029 1
19032 1
19033 1
19036 1
19052 1
19067 1
19079 1
19091 1
19093 1
19123 1
19124 1
19139 1
19149 1
19154 1
19159 1
19166 1
19170 1
19200 1
19212 1
19221 1
19222 1
19224 1
19225 1
19234 1
19241 1
19250 1
19257 1
19268 1
19282 1
19307 1
19332 1
19341 1
19355 1
19365 1
19406 1
19415 1
19419 1
19423 1
19425 1
19435 1
19439 1
19462 1
19476 1
19478 1
19491 1
19496 1
19498 1
19526 1
19539 1
19548 1
19549 1
19552 1
19568 1
19589 1
19595 1
19602 1
19617 1
19618 1
19633 1
19659 1
19680 1
19689 1
19690 1
19693 1
19709 1
19715 1
19725 1
19736 1
19750 1
19766 1
19778 1
19791 1
19800 1
19807 1
19823 1
19848 1
19907 1
19946 1
19972 1
19985 1
19989 1
19991 1
20001 1
20042 1
20064 1
20105 1
20118 1
20134 1
20135 1
20183 1
20246 1
20259 1
20275 1
20316 1
20329 1
20335 1
20446 1
20462 1
20512 1
20603 1
20635 1
20701 1
20829 1
20895 1
20901 1
20962 1
21012 1
21028 1
21103 1
21169 1
21201 1
21356 1
21395 1
21528 1
21545 1
21669 1
21739 1
21872 1
21922 1
22013 1
22111 1
22305 1
22438 1
22579 1
End
