NMec = 97746
T = 16
P = 3
Profits not ignored
Valid tasks:                                                             9120
Solution time = 1.810e-04
Task data
    1  47  4372 -1
    3  48 11603 0
    9  16  1496 -1
    9  22  1766 -1
   10  24  3102 1
   12  22  1768 -1
   14  23  2369 2
   18  35  2429 -1
   21  29  1001 -1
   22  33  2318 -1
   25  32  1814 1
   25  38  2156 -1
   25  40  2956 2
   38  46  1735 1
   38  49  1492 -1
   45  51  1069 2
Best profit: 24648
All profits:
0 1
1001 1
1069 1
1492 1
1496 1
1735 1
1766 1
1768 1
1814 1
2070 1
2156 1
2318 1
2369 1
2429 1
2493 1
2497 1
2561 1
2565 1
2736 1
2767 1
2769 1
2804 1
2815 1
2835 1
2837 1
2883 1
2956 1
2988 1
3102 1
3157 1
3225 1
3227 1
3231 1
3258 1
3260 1
3262 1
3264 1
3306 1
3310 1
3319 1
3370 1
3387 1
3430 1
3438 1
3498 1
3501 1
3503 1
3534 1
3549 1
3562 1
3566 1
3580 1
3582 1
3648 1
3652 1
3805 1
3810 1
3814 1
3836 1
3838 1
3861 1
3865 1
3884 1
3891 1
3921 1
3922 1
3924 1
3925 1
3957 1
3970 1
3989 1
4025 1
4053 1
4057 1
4084 1
4086 1
4103 1
4104 1
4132 1
4135 1
4137 1
4164 1
4171 1
4183 1
4195 1
4197 1
4226 1
4228 1
4232 1
4243 1
4259 1
4261 1
4263 1
4265 1
4296 1
4300 1
4307 1
4311 1
4327 1
4329 1
4331 1
4333 1
4372 1
4375 1
4379 1
4388 1
4439 1
4448 1
4452 1
4474 1
4499 1
4502 1
4504 1
4525 1
4535 1
4550 1
4570 1
4572 1
4581 1
4583 1
4585 1
4594 1
4598 1
4603 1
4618 1
4649 2
4651 1
4653 1
4687 1
4691 1
4717 1
4721 1
4722 1
4723 1
4724 1
4747 1
4754 1
4756 1
4770 1
4798 1
4802 1
4811 1
4815 1
4837 1
4862 1
4866 1
4868 1
4870 1
4879 1
4883 1
4892 1
4916 1
4922 1
4923 1
4925 1
4926 1
4930 1
4934 1
4960 1
4971 1
4990 1
4991 1
4993 2
4994 1
4995 1
4997 1
4999 1
5026 2
5030 1
5039 1
5041 1
5045 1
5054 1
5058 1
5072 1
5074 1
5076 1
5078 1
5085 1
5087 1
5105 1
5112 1
5122 1
5133 1
5136 1
5138 1
5144 1
5153 1
5155 1
5165 1
5172 1
5173 1
5184 1
5196 1
5198 1
5201 1
5204 1
5206 1
5233 1
5244 1
5252 1
5258 1
5264 1
5266 1
5269 1
5274 1
5297 1
5301 1
5306 1
5312 1
5315 1
5317 1
5325 1
5328 1
5330 1
5332 1
5334 1
5348 1
5357 1
5373 1
5376 1
5380 1
5383 1
5385 1
5387 1
5414 1
5416 1
5417 1
5418 1
5420 2
5441 1
5449 1
5453 1
5462 1
5466 1
5471 1
5475 1
5517 1
5521 1
5526 1
5531 1
5543 1
5545 1
5549 1
5571 1
5573 1
5576 1
5578 1
5580 1
5582 1
5586 1
5594 1
5595 1
5596 1
5599 1
5600 1
5604 1
5619 1
5624 1
5627 1
5628 1
5629 1
5631 1
5633 1
5650 1
5652 1
5654 1
5656 1
5657 1
5659 1
5660 1
5663 1
5667 1
5675 1
5679 1
5687 1
5688 1
5689 1
5690 1
5691 1
5692 1
5693 1
5705 1
5718 1
5722 1
5723 1
5724 1
5725 1
5735 1
5736 1
5738 1
5739 1
5748 1
5755 1
5756 1
5757 1
5760 1
5771 1
5791 1
5792 1
5793 1
5799 1
5803 1
5816 1
5819 1
5821 1
5823 1
5825 1
5838 1
5839 1
5852 1
5864 1
5867 2
5868 1
5869 1
5870 1
5871 2
5872 1
5880 1
5884 1
5898 1
5900 1
5903 1
5906 1
5917 1
5918 1
5930 1
5931 1
5932 1
5935 1
5937 1
5939 1
5944 1
5949 1
5951 1
5961 1
5963 1
5966 1
5970 1
5978 1
5985 1
5991 1
5992 1
5994 2
5995 1
5996 1
5998 1
6000 1
6009 1
6011 1
6017 1
6021 1
6027 1
6031 1
6040 1
6042 1
6046 1
6058 1
6062 1
6064 1
6066 1
6068 1
6073 1
6075 1
6077 2
6079 1
6081 1
6090 1
6095 1
6099 1
6107 1
6110 1
6113 1
6114 1
6123 1
6138 1
6140 1
6141 1
6143 1
6145 2
6147 1
6154 1
6156 1
6174 1
6179 1
6181 1
6183 2
6186 1
6187 1
6202 1
6205 1
6207 1
6209 1
6213 1
6214 1
6216 1
6218 1
6220 1
6234 1
6239 1
6240 1
6242 1
6243 1
6253 1
6259 1
6260 1
6262 1
6265 1
6266 1
6267 1
6270 1
6275 1
6288 1
6290 1
6291 1
6293 1
6294 1
6307 1
6313 1
6316 1
6318 1
6320 1
6326 1
6327 1
6329 1
6333 1
6338 1
6339 1
6343 1
6349 1
6351 1
6353 1
6358 1
6360 1
6362 1
6364 1
6366 1
6375 1
6384 2
6386 2
6388 1
6394 1
6399 1
6408 1
6412 1
6415 1
6417 2
6418 1
6419 1
6421 2
6422 1
6426 1
6442 1
6452 1
6453 1
6454 1
6455 1
6456 1
6457 1
6459 1
6463 1
6467 1
6472 1
6482 1
6483 1
6485 1
6486 1
6487 1
6489 3
6490 1
6491 1
6501 1
6505 1
6513 1
6515 1
6518 1
6522 2
6528 1
6531 1
6532 1
6533 1
6535 1
6536 1
6537 1
6538 1
6540 1
6544 1
6546 1
6550 1
6561 1
6564 1
6566 1
6568 1
6570 1
6577 1
6579 1
6581 1
6583 1
6595 1
6597 1
6600 1
6601 1
6603 1
6604 1
6605 1
6608 1
6612 1
6614 1
6618 1
6625 1
6628 1
6629 1
6630 1
6632 1
6634 1
6636 1
6645 1
6647 1
6649 1
6651 2
6655 1
6657 1
6658 1
6660 1
6661 1
6664 1
6665 1
6668 1
6669 1
6676 1
6680 1
6682 1
6684 1
6688 1
6690 2
6691 1
6692 1
6693 1
6694 1
6696 1
6697 1
6698 1
6700 1
6702 1
6706 1
6725 1
6726 1
6728 1
6729 1
6736 1
6737 1
6739 1
6740 1
6741 1
6744 1
6748 1
6750 1
6754 1
6756 1
6757 1
6758 1
6759 1
6760 1
6761 2
6762 1
6765 1
6766 1
6770 1
6774 1
6792 1
6793 1
6794 1
6801 1
6804 1
6805 1
6807 2
6808 1
6809 1
6811 1
6813 1
6817 2
6820 1
6821 1
6822 1
6824 1
6826 1
6840 2
6843 1
6844 1
6847 1
6865 1
6868 2
6869 1
6871 1
6872 1
6873 1
6877 1
6878 1
6879 1
6880 1
6881 1
6888 1
6890 1
6899 1
6901 1
6903 1
6907 1
6910 1
6912 2
6916 1
6919 1
6921 1
6926 1
6931 1
6933 2
6936 1
6937 1
6938 1
6939 1
6940 1
6941 1
6945 1
6950 1
6952 1
6954 1
6958 1
6963 1
6967 3
6969 1
6971 1
6972 1
6979 1
6986 1
6987 1
6993 1
6999 1
7001 1
7009 1
7010 1
7012 1
7013 1
7018 2
7020 1
7022 1
7023 1
7024 1
7026 1
7027 1
7032 1
7035 1
7039 1
7040 1
7041 1
7042 1
7047 1
7059 1
7060 1
7063 1
7065 1
7067 1
7069 1
7072 2
7074 1
7078 2
7080 1
7082 1
7083 1
7086 1
7088 1
7090 1
7091 2
7092 1
7093 1
7096 1
7100 1
7108 1
7111 1
7115 1
7116 1
7120 2
7123 1
7125 1
7127 1
7139 2
7141 1
7142 1
7144 1
7146 2
7148 1
7149 1
7150 1
7151 2
7152 1
7153 2
7155 2
7159 1
7171 1
7176 1
7180 1
7182 2
7183 1
7184 2
7185 1
7186 2
7187 1
7188 2
7197 1
7199 1
7201 1
7206 1
7207 1
7209 1
7210 1
7214 1
7215 1
7217 1
7219 1
7221 1
7228 1
7230 1
7231 1
7232 1
7234 2
7237 1
7239 1
7240 1
7241 1
7243 1
7244 1
7248 1
7252 2
7255 1
7256 1
7261 1
7263 1
7266 1
7267 1
7278 1
7283 1
7285 2
7287 1
7289 1
7291 1
7292 1
7294 1
7295 1
7297 1
7299 1
7308 1
7309 1
7311 2
7312 1
7313 1
7315 1
7317 1
7321 1
7328 2
7329 1
7330 1
7331 1
7334 1
7335 1
7339 1
7340 1
7344 2
7345 1
7348 1
7352 1
7354 1
7357 1
7359 2
7360 2
7361 1
7362 2
7363 3
7364 1
7365 1
7366 1
7367 1
7368 1
7376 1
7385 1
7387 1
7389 1
7390 1
7392 1
7394 1
7395 2
7396 1
7398 1
7402 1
7408 1
7409 1
7410 1
7413 1
7414 1
7418 1
7420 1
7422 2
7423 1
7424 1
7425 1
7426 1
7427 1
7428 1
7429 1
7430 1
7431 1
7433 1
7435 1
7441 1
7443 1
7445 1
7447 1
7453 1
7455 2
7457 1
7458 1
7459 1
7460 1
7462 1
7468 1
7470 1
7471 1
7473 1
7474 2
7477 1
7481 2
7483 1
7484 1
7486 1
7487 1
7488 1
7490 3
7491 2
7492 1
7501 1
7502 1
7503 1
7504 1
7505 1
7506 1
7507 1
7513 1
7522 1
7523 1
7524 1
7526 1
7528 1
7529 1
7532 1
7534 1
7536 1
7537 1
7538 1
7539 1
7541 2
7550 1
7551 1
7554 1
7558 1
7559 1
7560 1
7569 1
7570 1
7571 1
7573 1
7574 1
7576 1
7582 1
7584 1
7587 1
7591 1
7597 1
7599 1
7601 1
7602 1
7603 1
7604 1
7605 2
7606 2
7607 1
7609 1
7613 1
7615 1
7619 1
7627 1
7630 2
7632 1
7633 2
7634 1
7635 2
7636 1
7637 1
7638 1
7639 1
7643 1
7646 1
7648 1
7650 1
7652 2
7666 2
7670 1
7672 1
7673 1
7674 1
7675 1
7677 1
7678 1
7679 1
7681 1
7682 1
7683 1
7684 1
7685 1
7686 1
7687 1
7691 1
7694 1
7697 1
7698 2
7699 1
7701 2
7703 2
7705 2
7710 1
7712 1
7717 1
7720 1
7726 1
7727 1
7729 1
7730 1
7732 1
7734 1
7735 1
7736 1
7738 1
7742 1
7744 1
7745 1
7746 1
7749 1
7751 2
7752 1
7753 1
7754 1
7755 1
7756 1
7757 1
7758 1
7759 2
7760 1
7761 1
7762 1
7763 1
7766 1
7767 1
7771 1
7775 1
7777 1
7780 1
7783 1
7784 1
7785 1
7786 1
7787 1
7789 2
7793 1
7802 1
7805 1
7806 1
7808 2
7809 1
7810 2
7812 2
7814 1
7816 1
7818 1
7819 1
7822 1
7823 1
7824 1
7825 1
7826 1
7830 1
7831 1
7834 1
7835 2
7839 1
7841 1
7843 1
7844 1
7845 2
7847 1
7848 1
7849 2
7856 1
7858 1
7870 1
7872 1
7873 1
7875 1
7876 1
7878 2
7879 1
7880 2
7881 1
7882 2
7886 1
7889 1
7890 1
7891 2
7895 1
7900 1
7904 1
7906 1
7909 1
7911 1
7912 1
7913 3
7914 1
7916 1
7917 1
7918 1
7921 1
7934 1
7937 1
7938 1
7940 1
7942 1
7945 1
7946 1
7947 2
7948 1
7949 3
7950 1
7951 2
7952 1
7953 1
7954 1
7955 2
7959 1
7964 1
7968 2
7970 1
7972 1
7974 1
7975 1
7977 1
7978 1
7979 1
7981 2
7982 1
7985 1
7986 1
7988 1
7993 1
7994 1
7995 1
7997 2
8000 1
8001 1
8002 1
8005 1
8007 1
8008 1
8009 1
8010 1
8011 1
8014 1
8019 1
8020 1
8021 1
8023 2
8024 2
8025 2
8026 1
8027 2
8028 3
8029 1
8030 1
8032 2
8034 1
8036 2
8040 1
8041 1
8042 1
8043 1
8048 1
8053 1
8054 1
8056 2
8057 1
8058 1
8059 1
8060 1
8061 1
8062 2
8073 2
8074 1
8075 1
8078 1
8079 1
8081 1
8084 1
8086 1
8087 1
8088 1
8091 1
8092 2
8093 2
8094 1
8095 2
8096 1
8097 1
8099 1
8100 1
8101 1
8104 1
8105 1
8107 1
8108 1
8109 1
8110 1
8111 1
8119 1
8121 2
8124 1
8126 1
8128 2
8129 1
8134 1
8140 1
8141 2
8143 2
8147 2
8150 1
8151 1
8152 3
8153 1
8154 2
8156 2
8157 1
8160 2
8161 1
8162 1
8165 1
8167 1
8172 1
8174 1
8176 1
8177 1
8178 1
8180 1
8182 1
8183 1
8184 1
8185 1
8186 2
8187 1
8188 1
8189 2
8190 1
8192 1
8194 1
8198 1
8202 1
8207 1
8208 2
8210 1
8214 1
8218 1
8220 2
8221 1
8222 2
8224 2
8225 1
8229 1
8231 1
8232 1
8233 2
8235 2
8236 1
8237 1
8240 1
8246 1
8248 1
8249 1
8250 1
8251 1
8252 1
8253 2
8254 1
8255 2
8256 1
8257 3
8262 1
8263 1
8266 1
8267 2
8268 1
8269 1
8270 1
8271 1
8273 1
8275 1
8279 1
8284 1
8286 2
8288 1
8290 1
8293 1
8294 1
8296 2
8297 2
8299 2
8300 1
8301 2
8303 3
8304 1
8305 1
8306 1
8308 1
8309 1
8310 1
8312 2
8313 2
8314 1
8316 1
8318 1
8327 1
8329 2
8330 1
8332 1
8335 2
8336 2
8339 1
8342 1
8343 1
8346 1
8347 1
8354 1
8360 2
8361 2
8363 2
8364 2
8365 1
8366 1
8367 1
8368 1
8369 1
8370 1
8371 1
8372 1
8373 1
8374 1
8376 2
8378 1
8380 2
8382 1
8384 1
8386 1
8390 1
8391 1
8393 1
8395 2
8397 2
8399 2
8403 1
8408 1
8409 1
8411 1
8413 1
8414 1
8415 1
8417 2
8418 1
8419 1
8421 1
8422 1
8423 2
8425 2
8426 1
8427 2
8428 1
8429 2
8430 1
8431 1
8432 2
8433 1
8434 1
8435 1
8436 1
8437 1
8442 1
8444 1
8446 2
8448 1
8450 2
8456 1
8458 1
8459 2
8461 1
8463 2
8464 1
8465 1
8471 1
8472 1
8474 1
8475 2
8476 1
8478 1
8479 1
8482 2
8483 1
8485 1
8487 1
8489 1
8491 1
8492 1
8493 1
8494 1
8495 1
8497 1
8499 1
8501 1
8502 1
8504 2
8505 2
8506 1
8507 1
8508 1
8509 1
8510 1
8512 1
8514 2
8516 2
8518 1
8519 1
8520 1
8522 1
8524 1
8527 1
8528 1
8529 1
8531 1
8532 1
8534 1
8536 2
8538 1
8539 1
8540 1
8542 1
8543 2
8550 1
8551 1
8552 2
8555 2
8556 1
8559 1
8560 1
8561 1
8564 1
8567 1
8568 1
8569 1
8570 1
8571 1
8572 1
8573 1
8574 2
8575 2
8576 1
8577 1
8578 1
8579 1
8580 1
8582 1
8583 1
8584 1
8585 1
8587 1
8589 1
8592 1
8598 1
8600 1
8603 1
8604 1
8606 1
8607 1
8608 2
8609 1
8610 1
8611 1
8612 2
8613 1
8615 2
8616 1
8619 1
8623 1
8628 1
8631 2
8633 1
8634 1
8635 2
8636 1
8637 1
8638 2
8640 1
8642 1
8643 1
8644 1
8645 3
8646 1
8647 3
8649 1
8651 1
8656 1
8657 1
8661 1
8669 1
8671 1
8672 1
8673 1
8674 1
8675 1
8676 1
8678 3
8679 1
8680 2
8682 2
8683 1
8684 1
8685 1
8687 1
8688 1
8689 1
8691 1
8692 1
8693 1
8694 1
8695 1
8696 1
8698 1
8699 1
8701 1
8702 3
8703 1
8704 1
8705 1
8706 1
8707 1
8711 1
8712 1
8713 1
8720 1
8721 1
8722 1
8724 1
8726 2
8729 1
8730 1
8731 1
8733 1
8735 2
8736 1
8737 1
8739 1
8744 1
8745 1
8747 2
8748 1
8751 1
8752 1
8753 2
8754 1
8755 2
8756 1
8757 1
8758 1
8759 2
8760 1
8761 1
8762 1
8767 1
8768 1
8770 1
8772 1
8774 1
8775 1
8777 2
8779 1
8781 2
8784 1
8786 2
8787 1
8788 1
8789 1
8790 1
8791 1
8792 1
8793 1
8794 1
8795 1
8801 1
8803 1
8804 1
8805 1
8807 3
8808 1
8809 1
8811 1
8813 2
8815 1
8817 1
8820 2
8821 1
8823 2
8824 2
8825 2
8826 2
8827 2
8828 1
8831 1
8832 1
8835 1
8836 2
8837 1
8838 1
8840 3
8841 1
8844 1
8846 3
8848 1
8849 1
8850 1
8851 1
8852 1
8853 1
8854 2
8855 2
8856 2
8857 1
8858 3
8859 2
8860 1
8862 1
8871 1
8873 1
8874 2
8876 1
8877 1
8879 1
8881 2
8883 1
8885 1
8886 2
8887 1
8888 2
8891 1
8893 1
8894 1
8895 1
8897 1
8900 1
8904 1
8905 2
8906 1
8907 1
8910 1
8912 1
8913 1
8914 2
8915 1
8916 1
8917 2
8918 3
8919 2
8920 1
8921 2
8922 2
8923 1
8925 1
8926 1
8927 1
8930 1
8934 1
8937 1
8939 1
8941 1
8942 1
8944 1
8947 1
8948 1
8949 1
8950 2
8951 2
8952 1
8953 1
8954 1
8955 1
8956 1
8957 1
8960 1
8963 1
8964 1
8965 2
8966 2
8967 2
8969 3
8970 1
8972 1
8973 2
8974 1
8975 2
8976 1
8977 1
8978 1
8979 1
8980 1
8982 2
8983 2
8986 1
8987 2
8990 1
8994 1
8996 1
8997 1
8998 2
8999 1
9000 2
9002 2
9014 1
9016 1
9018 2
9020 3
9021 2
9022 1
9023 1
9024 2
9025 1
9026 1
9027 1
9028 1
9029 2
9030 1
9031 1
9032 1
9033 3
9034 1
9035 1
9037 2
9043 1
9044 1
9046 2
9047 1
9051 2
9053 1
9055 1
9059 1
9062 1
9063 2
9066 2
9068 1
9070 1
9072 1
9074 1
9075 1
9076 1
9077 1
9078 1
9079 2
9080 2
9083 1
9087 1
9089 2
9092 1
9093 2
9094 3
9095 2
9096 3
9097 3
9098 2
9099 1
9100 1
9101 2
9102 1
9103 1
9105 1
9106 1
9108 1
9109 1
9110 1
9111 2
9112 1
9113 1
9119 2
9122 1
9123 2
9125 3
9126 2
9127 2
9128 2
9129 2
9130 2
9131 2
9135 1
9139 1
9142 3
9143 1
9144 2
9148 1
9153 1
9155 1
9157 1
9158 1
9161 1
9162 2
9163 1
9164 1
9165 1
9166 1
9168 1
9169 1
9170 2
9173 1
9174 2
9175 1
9176 2
9177 2
9178 1
9179 2
9180 1
9181 1
9182 1
9183 2
9187 1
9188 1
9190 3
9193 1
9194 1
9195 2
9196 1
9197 2
9198 1
9199 1
9203 1
9209 3
9212 1
9215 1
9216 2
9219 1
9221 2
9222 1
9223 2
9225 2
9226 1
9228 1
9230 1
9234 2
9236 2
9237 1
9238 2
9239 1
9240 2
9241 1
9242 2
9243 1
9245 1
9246 1
9247 3
9248 1
9249 2
9250 1
9251 1
9252 1
9253 1
9255 2
9256 1
9257 1
9258 1
9259 1
9263 1
9264 1
9267 1
9269 1
9271 1
9272 2
9273 1
9274 1
9276 3
9279 1
9281 2
9283 1
9285 2
9288 1
9289 1
9294 2
9295 2
9297 1
9298 2
9300 1
9301 1
9302 2
9304 3
9305 2
9306 2
9307 1
9308 1
9309 1
9311 1
9314 1
9315 1
9316 1
9317 1
9318 1
9319 1
9320 1
9322 1
9326 1
9327 1
9331 1
9332 1
9336 3
9337 1
9338 1
9339 1
9340 2
9341 2
9342 2
9344 2
9345 1
9348 1
9355 1
9362 2
9363 1
9364 1
9365 3
9366 1
9367 1
9368 2
9369 1
9370 1
9371 2
9372 1
9373 2
9374 2
9375 1
9377 2
9378 1
9381 1
9382 1
9383 1
9385 1
9387 2
9390 1
9392 1
9393 1
9395 1
9396 2
9398 3
9401 1
9404 1
9405 1
9408 1
9409 2
9410 1
9411 2
9412 1
9413 1
9415 1
9416 1
9417 1
9418 1
9420 1
9422 1
9426 1
9428 1
9429 1
9430 1
9432 1
9433 1
9434 1
9436 1
9438 2
9439 1
9440 1
9441 3
9442 1
9443 2
9444 1
9445 3
9446 1
9447 3
9448 1
9449 1
9450 1
9451 1
9452 1
9453 1
9455 1
9457 1
9460 2
9462 1
9464 2
9466 1
9467 1
9468 1
9469 2
9470 1
9471 2
9473 1
9477 2
9478 1
9480 1
9484 2
9486 2
9487 1
9488 2
9489 2
9490 1
9491 1
9492 1
9493 1
9494 2
9495 1
9496 2
9498 1
9500 1
9501 2
9502 1
9503 1
9504 1
9506 1
9511 1
9512 1
9513 1
9515 3
9516 1
9517 2
9518 1
9519 4
9520 3
9521 2
9522 2
9523 1
9524 3
9525 1
9526 1
9527 1
9528 1
9532 1
9533 1
9535 1
9537 2
9539 1
9540 1
9541 1
9543 1
9544 2
9545 1
9546 1
9548 1
9549 1
9550 1
9551 2
9552 2
9553 1
9554 2
9556 2
9557 1
9558 1
9559 1
9561 1
9565 1
9566 1
9568 1
9569 1
9570 2
9571 1
9573 2
9574 2
9575 1
9576 2
9577 1
9578 2
9579 1
9580 2
9582 1
9583 1
9584 3
9585 1
9586 1
9587 1
9588 2
9589 1
9590 1
9591 2
9592 1
9593 1
9597 1
9599 1
9600 1
9601 2
9603 3
9605 2
9607 2
9611 1
9613 1
9614 1
9615 1
9616 1
9617 1
9620 1
9621 1
9624 2
9625 1
9626 1
9630 2
9632 1
9633 1
9635 1
9636 2
9637 1
9638 2
9639 1
9640 1
9641 1
9643 1
9644 2
9646 4
9647 2
9648 4
9649 1
9650 1
9652 2
9653 1
9654 1
9656 1
9657 1
9658 1
9659 1
9661 1
9663 2
9670 1
9672 1
9673 1
9677 1
9678 2
9679 1
9680 2
9681 2
9682 2
9684 3
9685 1
9686 1
9687 1
9689 1
9690 1
9694 1
9697 2
9699 1
9700 2
9702 1
9703 2
9704 2
9705 1
9706 2
9707 1
9710 1
9712 1
9713 1
9714 3
9715 1
9716 3
9717 1
9718 1
9720 2
9721 1
9725 1
9726 1
9727 2
9728 1
9729 1
9730 1
9731 1
9732 1
9738 1
9740 2
9742 1
9743 1
9744 1
9745 1
9746 1
9747 2
9748 1
9749 2
9751 1
9752 1
9753 1
9754 1
9756 1
9757 2
9758 1
9759 3
9760 2
9761 2
9762 2
9763 4
9764 1
9765 2
9767 2
9769 1
9771 2
9775 1
9776 1
9778 2
9780 1
9782 2
9786 1
9788 2
9789 3
9790 1
9791 3
9792 3
9793 2
9794 1
9795 3
9796 1
9797 1
9798 1
9799 2
9800 2
9802 1
9804 1
9805 1
9806 1
9808 3
9810 1
9814 1
9816 1
9819 1
9821 2
9822 2
9823 1
9824 1
9825 2
9826 1
9827 2
9828 2
9829 1
9830 1
9831 2
9834 1
9837 1
9838 2
9839 2
9840 1
9841 1
9842 2
9843 2
9844 1
9846 2
9850 1
9853 1
9854 1
9855 1
9856 2
9857 1
9858 1
9859 2
9860 1
9861 2
9862 1
9863 2
9864 1
9866 1
9868 2
9870 1
9872 2
9873 1
9874 1
9875 1
9876 3
9877 1
9878 1
9882 1
9886 1
9887 2
9889 3
9891 1
9892 1
9893 1
9894 1
9895 2
9896 1
9897 1
9898 1
9900 1
9901 1
9902 1
9903 1
9905 1
9906 2
9907 2
9908 1
9909 3
9910 2
9911 1
9913 2
9914 1
9915 3
9917 2
9918 1
9919 3
9920 1
9921 2
9922 1
9923 2
9924 1
9925 1
9926 1
9927 1
9928 2
9929 1
9933 1
9938 1
9940 1
9942 3
9943 2
9945 2
9948 1
9949 1
9950 1
9952 1
9954 1
9955 2
9957 2
9964 1
9966 2
9967 2
9968 2
9970 2
9971 1
9972 1
9974 3
9975 1
9976 1
9978 1
9979 1
9980 1
9981 1
9982 1
9983 1
9984 1
9986 1
9987 1
9988 2
9989 1
9990 2
9991 2
9992 1
9995 1
9996 1
9997 2
9998 1
9999 2
10000 2
10001 2
10002 1
10003 1
10004 1
10005 1
10006 1
10008 1
10012 1
10014 1
10019 1
10020 1
10021 2
10022 1
10023 1
10024 1
10025 1
10026 1
10028 3
10029 1
10030 1
10031 1
10032 2
10034 2
10035 2
10036 2
10038 2
10039 2
10041 1
10042 1
10043 1
10044 1
10045 1
10046 1
10047 3
10048 2
10051 1
10052 1
10056 2
10059 1
10060 1
10061 1
10062 2
10063 2
10064 2
10065 2
10066 1
10067 2
10068 1
10069 3
10070 1
10071 3
10072 1
10073 1
10074 1
10076 1
10077 1
10079 1
10081 2
10089 1
10090 1
10094 1
10095 2
10096 2
10097 1
10098 2
10099 1
10100 1
10101 2
10102 2
10103 2
10104 2
10105 1
10106 1
10107 2
10108 2
10109 1
10110 1
10111 3
10113 1
10115 2
10120 2
10122 1
10124 1
10126 1
10127 2
10128 2
10129 1
10130 2
10132 2
10134 1
10136 1
10137 1
10138 1
10139 1
10140 1
10141 2
10142 2
10143 1
10144 2
10148 1
10149 2
10152 1
10153 1
10156 1
10157 1
10158 1
10161 1
10162 1
10163 2
10165 3
10167 2
10169 1
10170 1
10171 1
10174 2
10175 2
10176 1
10177 2
10178 1
10179 1
10180 2
10181 2
10182 1
10183 1
10184 2
10185 2
10186 1
10187 1
10188 3
10190 2
10191 1
10192 1
10193 2
10194 2
10195 2
10196 1
10197 1
10198 2
10199 1
10200 1
10204 1
10208 1
10210 1
10211 1
10212 1
10213 1
10214 1
10216 1
10217 2
10218 1
10222 2
10227 1
10229 1
10231 2
10234 1
10237 1
10239 3
10240 1
10241 2
10242 1
10243 2
10244 2
10245 1
10246 1
10247 2
10248 3
10249 2
10250 2
10251 3
10252 2
10253 2
10254 1
10255 2
10256 1
10257 1
10259 1
10260 1
10263 1
10264 2
10265 1
10266 1
10267 2
10268 1
10269 1
10270 1
10271 1
10272 1
10273 2
10278 2
10280 1
10282 1
10284 2
10285 2
10286 1
10287 1
10289 1
10290 2
10295 1
10297 1
10299 2
10300 1
10301 1
10302 1
10303 2
10304 2
10305 1
10306 1
10307 2
10308 1
10309 3
10311 2
10312 1
10315 2
10316 3
10317 2
10318 2
10319 3
10320 1
10321 2
10322 1
10323 2
10324 1
10327 1
10328 1
10330 1
10332 2
10333 2
10334 1
10336 1
10338 2
10340 1
10341 2
10342 3
10343 2
10344 1
10345 2
10346 2
10347 1
10348 2
10350 4
10351 1
10352 1
10354 2
10357 1
10358 1
10363 2
10364 2
10365 1
10366 3
10367 1
10368 1
10369 1
10370 2
10372 1
10373 1
10374 1
10375 1
10376 1
10377 1
10378 2
10379 1
10380 2
10381 2
10382 1
10383 2
10384 1
10385 1
10387 1
10389 2
10391 1
10392 1
10393 1
10396 1
10397 1
10399 1
10401 1
10403 1
10404 1
10405 1
10406 2
10408 1
10409 1
10410 2
10411 3
10413 4
10414 2
10415 2
10417 2
10418 2
10419 1
10422 1
10423 2
10425 1
10426 2
10427 1
10429 1
10430 2
10431 1
10433 1
10437 1
10438 1
10440 2
10442 2
10443 1
10444 1
10445 1
10446 3
10447 2
10448 1
10449 2
10451 1
10453 1
10455 1
10456 1
10457 2
10459 3
10460 1
10461 4
10462 2
10463 1
10464 2
10465 2
10466 1
10467 1
10468 1
10469 1
10470 2
10471 1
10472 1
10474 1
10478 2
10479 2
10480 1
10486 1
10487 1
10489 1
10490 2
10491 1
10492 2
10494 2
10495 1
10496 1
10497 1
10498 1
10503 1
10507 1
10510 2
10512 2
10513 1
10514 1
10515 1
10516 3
10517 2
10519 2
10520 1
10521 2
10522 2
10523 1
10524 2
10525 2
10526 2
10527 2
10528 1
10529 2
10530 1
10532 1
10534 1
10536 2
10538 2
10539 1
10540 2
10542 1
10543 2
10545 1
10546 1
10547 1
10551 1
10553 1
10555 2
10557 1
10558 2
10559 2
10560 1
10562 2
10564 1
10567 1
10569 1
10570 2
10571 2
10572 2
10573 2
10575 3
10576 1
10579 1
10581 3
10583 2
10584 1
10585 2
10586 2
10587 1
10588 3
10589 4
10590 3
10591 3
10592 3
10593 3
10594 2
10595 1
10598 1
10600 1
10601 1
10602 2
10603 1
10604 2
10605 1
10606 3
10607 1
10608 2
10609 1
10611 1
10612 1
10614 1
10615 3
10617 1
10618 1
10619 1
10620 1
10621 3
10622 2
10623 2
10625 1
10626 1
10628 1
10630 1
10631 2
10632 1
10634 2
10635 1
10637 1
10638 2
10639 2
10640 2
10641 1
10642 1
10643 1
10645 1
10647 1
10648 1
10649 2
10651 1
10653 3
10654 2
10655 1
10657 1
10659 1
10660 1
10661 2
10662 2
10663 1
10665 2
10666 2
10668 1
10669 1
10670 1
10671 1
10672 3
10673 2
10674 1
10675 1
10676 1
10679 1
10680 1
10682 1
10683 1
10684 1
10685 1
10686 2
10688 2
10690 2
10691 1
10692 2
10694 1
10695 1
10698 1
10699 2
10700 1
10701 2
10702 1
10704 1
10705 2
10707 2
10708 1
10709 1
10710 1
10711 2
10712 1
10713 1
10715 3
10716 1
10717 3
10718 1
10719 1
10721 1
10722 1
10723 1
10725 1
10726 1
10728 1
10729 1
10730 2
10731 1
10732 4
10733 2
10734 2
10735 2
10737 1
10739 2
10741 2
10742 1
10743 1
10745 2
10747 1
10748 1
10749 1
10751 1
10753 1
10755 1
10756 1
10758 1
10759 1
10760 1
10763 1
10764 2
10765 1
10766 2
10768 3
10770 1
10772 2
10775 1
10777 1
10779 1
10780 1
10781 1
10783 1
10784 1
10786 2
10787 2
10788 1
10789 2
10790 2
10791 2
10793 1
10794 2
10796 2
10797 2
10798 1
10799 1
10800 1
10801 3
10803 2
10805 2
10807 1
10809 1
10811 1
10812 2
10813 1
10814 1
10815 1
10826 1
10828 3
10829 2
10830 1
10831 2
10832 4
10834 3
10836 2
10837 1
10838 2
10840 2
10841 1
10843 1
10844 1
10845 1
10846 1
10847 2
10848 1
10851 1
10854 2
10855 1
10856 1
10857 2
10858 3
10859 1
10860 3
10861 4
10862 2
10863 2
10864 1
10865 1
10866 1
10867 1
10868 1
10869 3
10870 1
10873 2
10874 1
10877 3
10879 1
10882 1
10885 1
10886 1
10887 1
10888 2
10890 2
10891 1
10892 1
10893 1
10894 2
10896 1
10897 1
10898 1
10900 1
10901 1
10903 2
10905 2
10907 3
10908 3
10909 2
10910 3
10911 2
10912 3
10914 2
10916 1
10918 2
10920 1
10922 1
10923 1
10924 1
10925 1
10928 1
10930 2
10931 1
10932 1
10933 2
10934 1
10935 1
10937 3
10939 1
10940 1
10941 2
10942 2
10943 2
10944 2
10945 2
10947 1
10949 2
10950 1
10951 1
10953 1
10956 2
10958 2
10960 1
10961 1
10963 2
10964 1
10965 2
10967 2
10969 2
10971 1
10972 1
10973 1
10975 2
10976 1
10977 2
10978 1
10979 1
10980 3
10981 2
10982 3
10983 2
10984 4
10985 1
10987 1
10988 2
10990 2
10991 1
10992 1
10993 1
10996 1
10997 1
10998 1
11002 1
11004 1
11007 2
11008 1
11009 1
11011 3
11012 1
11013 1
11014 3
11015 2
11016 3
11017 1
11018 2
11019 1
11020 1
11021 1
11023 2
11029 2
11030 2
11031 1
11032 1
11033 2
11035 1
11036 2
11037 1
11039 2
11040 2
11041 1
11042 2
11043 1
11044 2
11047 1
11048 2
11049 2
11050 1
11051 2
11052 2
11053 1
11054 1
11055 1
11056 1
11057 1
11060 1
11061 2
11062 1
11063 1
11064 1
11065 1
11066 2
11067 1
11068 1
11069 2
11070 2
11071 2
11072 1
11073 1
11074 2
11075 2
11076 2
11077 1
11079 1
11080 2
11081 1
11082 1
11083 1
11084 1
11090 1
11093 1
11095 2
11097 2
11098 1
11099 3
11100 1
11101 1
11103 1
11107 1
11108 1
11109 1
11110 1
11112 2
11116 2
11117 1
11120 1
11122 2
11125 2
11126 1
11127 1
11128 3
11129 1
11130 3
11131 3
11132 2
11133 3
11134 2
11136 1
11138 2
11139 2
11140 2
11141 1
11142 3
11143 2
11144 2
11145 1
11146 2
11148 1
11150 2
11153 1
11155 2
11156 1
11158 1
11159 1
11163 1
11164 1
11166 1
11170 1
11172 1
11173 1
11174 1
11176 4
11177 2
11178 2
11179 2
11180 3
11181 1
11182 2
11183 1
11184 1
11185 1
11186 1
11188 1
11189 2
11190 1
11192 1
11193 2
11195 2
11196 2
11197 1
11198 1
11199 2
11201 1
11202 1
11203 1
11204 1
11205 1
11206 2
11207 2
11208 1
11209 2
11210 2
11211 2
11212 2
11213 2
11215 1
11218 1
11222 1
11223 3
11224 1
11225 1
11226 1
11230 1
11231 1
11232 1
11234 1
11235 1
11236 3
11238 1
11239 1
11242 1
11243 1
11244 1
11245 1
11246 1
11248 1
11249 2
11250 3
11252 3
11253 3
11254 3
11255 4
11256 2
11257 3
11258 1
11259 3
11260 1
11261 1
11262 2
11263 1
11264 1
11267 2
11268 1
11269 1
11270 1
11272 1
11274 2
11279 1
11281 2
11282 1
11283 2
11284 3
11285 2
11286 2
11287 3
11288 1
11289 1
11291 4
11292 1
11295 1
11298 1
11300 2
11303 1
11304 1
11306 1
11308 2
11309 1
11310 2
11311 1
11312 1
11313 1
11314 1
11315 1
11316 1
11317 3
11318 2
11319 2
11320 2
11321 1
11322 2
11323 2
11324 2
11325 1
11326 2
11327 1
11329 1
11330 1
11331 1
11332 1
11333 2
11334 3
11335 3
11336 3
11337 1
11338 3
11339 1
11340 1
11341 1
11342 2
11346 1
11349 1
11350 1
11351 1
11353 1
11354 1
11355 1
11356 1
11358 1
11359 2
11364 1
11365 2
11366 1
11367 1
11368 2
11369 1
11370 1
11371 2
11372 1
11373 3
11375 1
11378 1
11379 1
11381 3
11382 1
11383 1
11384 1
11385 2
11386 1
11387 1
11388 2
11389 1
11390 3
11391 1
11392 3
11393 1
11394 2
11395 1
11396 2
11397 1
11398 4
11399 2
11400 1
11401 1
11402 3
11403 1
11404 1
11405 2
11406 2
11407 2
11409 1
11411 2
11412 2
11413 2
11414 2
11415 3
11416 1
11417 1
11419 2
11420 1
11421 1
11425 1
11429 1
11431 1
11432 2
11434 1
11435 1
11437 1
11438 1
11439 2
11441 2
11444 2
11445 1
11446 1
11447 1
11448 1
11449 2
11450 2
11451 1
11452 1
11453 1
11455 1
11458 1
11460 1
11461 1
11462 3
11463 2
11464 1
11465 1
11466 2
11468 1
11470 2
11472 2
11473 1
11474 1
11475 2
11476 1
11478 1
11480 2
11482 2
11484 2
11486 1
11487 2
11488 1
11491 1
11492 4
11493 1
11494 2
11495 2
11496 2
11497 1
11498 2
11499 2
11500 1
11501 1
11511 2
11513 1
11514 1
11515 1
11516 1
11517 2
11518 2
11520 2
11522 1
11523 1
11524 3
11525 2
11526 2
11527 2
11528 2
11529 1
11530 3
11531 2
11532 1
11533 1
11534 2
11535 2
11537 1
11538 1
11539 1
11540 1
11541 1
11543 2
11548 2
11552 1
11554 2
11555 1
11556 1
11557 2
11558 1
11559 2
11560 2
11561 2
11563 2
11564 1
11565 3
11566 1
11567 2
11568 1
11572 1
11573 2
11574 1
11576 1
11577 1
11578 1
11581 1
11584 1
11585 1
11586 1
11587 1
11588 1
11589 1
11590 1
11591 2
11592 1
11593 2
11594 2
11595 1
11596 2
11597 2
11598 1
11599 2
11600 1
11601 1
11602 1
11603 4
11604 1
11605 2
11606 2
11607 2
11608 1
11609 1
11611 1
11612 2
11614 1
11616 1
11620 1
11622 1
11624 2
11626 1
11628 1
11629 1
11631 1
11632 1
11633 2
11634 2
11636 2
11638 2
11640 2
11641 2
11642 1
11643 1
11644 2
11645 3
11648 1
11650 2
11652 2
11654 2
11655 1
11657 3
11658 2
11659 2
11660 1
11661 2
11663 2
11667 1
11668 1
11669 1
11670 1
11671 1
11672 1
11673 2
11674 1
11675 2
11676 3
11677 3
11678 2
11680 3
11681 1
11682 2
11683 2
11684 2
11685 2
11686 1
11687 2
11689 1
11690 1
11691 1
11692 1
11700 2
11701 1
11702 1
11703 1
11706 1
11707 1
11708 2
11709 2
11710 2
11711 1
11712 1
11713 1
11714 1
11715 1
11717 2
11718 1
11723 2
11730 1
11731 2
11732 2
11733 2
11734 3
11735 3
11736 2
11737 1
11740 3
11741 1
11742 3
11743 2
11744 2
11745 1
11746 1
11747 2
11748 2
11749 2
11751 1
11755 1
11756 1
11757 2
11759 3
11760 1
11761 2
11762 1
11763 3
11764 1
11765 1
11766 1
11767 1
11768 1
11769 1
11771 1
11774 1
11776 1
11780 2
11781 2
11782 2
11785 1
11786 1
11787 1
11791 2
11792 1
11793 1
11794 3
11795 1
11796 3
11797 2
11798 2
11799 1
11800 2
11801 2
11802 2
11803 2
11804 3
11806 1
11807 1
11808 2
11810 1
11811 2
11812 1
11813 2
11814 3
11815 2
11816 1
11826 1
11828 1
11829 1
11830 1
11832 1
11833 2
11834 2
11835 1
11836 1
11837 2
11838 1
11839 2
11840 1
11841 1
11842 3
11843 1
11844 1
11845 1
11846 2
11849 1
11850 1
11853 2
11855 2
11856 2
11857 1
11858 1
11859 2
11860 2
11861 1
11862 3
11863 1
11864 1
11866 1
11868 1
11870 3
11871 1
11872 2
11873 1
11874 3
11875 2
11876 3
11877 3
11879 2
11881 1
11883 1
11884 1
11885 1
11888 1
11893 1
11895 1
11896 1
11898 2
11900 2
11901 1
11902 1
11903 1
11905 1
11906 1
11907 2
11909 3
11910 2
11911 1
11912 1
11913 1
11915 3
11917 2
11918 1
11919 2
11921 1
11922 2
11923 3
11925 3
11926 1
11927 1
11928 1
11929 1
11930 1
11931 1
11934 1
11936 1
11938 3
11939 1
11941 1
11942 2
11943 2
11945 1
11946 1
11947 1
11948 1
11949 1
11951 2
11952 1
11953 2
11954 1
11955 2
11956 3
11957 2
11958 1
11962 1
11964 1
11966 2
11970 1
11972 1
11974 2
11976 2
11977 1
11979 2
11981 1
11982 1
11983 3
11985 2
11986 1
11987 1
11988 2
11989 1
11990 2
11991 1
11993 1
11995 1
11999 3
12000 1
12002 2
12003 1
12005 1
12006 1
12007 2
12008 1
12009 2
12011 1
12012 1
12013 1
12014 1
12015 2
12016 1
12017 1
12018 2
12019 2
12020 2
12022 2
12024 2
12026 1
12028 2
12030 2
12032 3
12033 1
12034 2
12035 1
12036 2
12039 1
12042 1
12044 1
12046 1
12047 1
12049 2
12050 2
12051 2
12052 2
12053 3
12054 2
12056 2
12058 2
12059 1
12062 1
12063 1
12065 2
12066 1
12067 3
12068 1
12069 2
12071 1
12073 1
12075 2
12076 1
12077 3
12079 1
12080 1
12081 2
12082 2
12083 3
12084 3
12085 4
12086 1
12087 2
12089 1
12092 1
12094 1
12096 1
12098 2
12099 3
12100 2
12101 2
12102 1
12104 2
12106 1
12107 1
12108 1
12109 1
12110 1
12111 2
12113 2
12114 1
12116 1
12117 1
12118 3
12120 1
12121 1
12122 1
12123 2
12124 1
12125 1
12126 2
12127 1
12128 1
12129 1
12130 3
12131 2
12132 2
12133 2
12134 1
12135 2
12136 1
12137 1
12138 1
12139 1
12140 1
12141 1
12143 1
12144 2
12145 2
12146 2
12148 1
12149 2
12150 1
12151 1
12153 1
12155 1
12157 2
12158 2
12160 1
12161 1
12162 1
12164 2
12165 2
12168 2
12172 1
12176 1
12177 1
12178 1
12179 1
12180 1
12181 2
12182 1
12184 2
12186 2
12188 1
12190 1
12191 2
12192 1
12194 3
12195 2
12196 3
12197 3
12198 2
12199 2
12200 1
12201 1
12203 3
12205 1
12207 2
12208 1
12209 1
12211 2
12212 1
12213 2
12214 1
12215 2
12217 1
12219 1
12221 1
12222 1
12224 2
12225 3
12227 3
12228 1
12229 2
12231 1
12232 1
12233 1
12235 1
12237 2
12241 1
12244 1
12245 2
12247 1
12251 1
12252 1
12254 1
12255 1
12257 1
12258 1
12259 1
12260 2
12261 1
12262 2
12264 1
12267 1
12269 1
12271 2
12273 1
12275 2
12276 2
12278 2
12279 1
12280 1
12281 1
12282 1
12283 2
12284 1
12285 1
12286 1
12290 1
12292 3
12293 2
12294 1
12295 1
12297 2
12298 1
12299 1
12300 1
12301 1
12304 1
12305 2
12307 1
12308 1
12311 1
12318 2
12319 1
12321 2
12322 1
12323 1
12324 3
12325 2
12326 2
12327 2
12328 1
12330 2
12332 1
12333 1
12335 1
12336 2
12337 2
12338 2
12339 2
12340 1
12341 2
12342 1
12343 2
12344 1
12346 1
12347 1
12348 1
12349 2
12350 3
12351 2
12352 2
12353 3
12354 2
12355 1
12356 2
12357 2
12358 1
12360 2
12361 1
12364 1
12365 2
12366 2
12369 2
12372 1
12373 2
12374 1
12376 1
12378 2
12383 1
12384 1
12386 2
12387 1
12388 1
12389 1
12390 1
12392 1
12394 1
12395 1
12396 1
12397 3
12398 1
12399 2
12400 3
12401 2
12402 2
12403 3
12404 4
12405 2
12406 3
12407 2
12408 2
12409 1
12410 1
12411 1
12414 1
12415 1
12416 1
12419 1
12426 1
12427 1
12429 2
12433 2
12434 2
12435 1
12436 1
12437 1
12440 1
12441 1
12442 1
12443 1
12444 1
12445 1
12446 2
12448 1
12450 2
12451 1
12452 1
12454 1
12456 1
12457 1
12458 1
12459 2
12460 2
12461 1
12463 2
12464 1
12465 3
12467 5
12468 2
12469 2
12471 2
12473 2
12474 1
12475 3
12476 3
12477 3
12478 1
12479 2
12480 3
12481 1
12483 2
12484 1
12489 1
12494 1
12498 1
12499 1
12500 2
12501 1
12503 1
12506 1
12507 1
12508 1
12510 2
12512 1
12513 2
12514 1
12515 2
12518 1
12519 1
12524 1
12525 1
12526 2
12528 1
12529 1
12531 2
12532 3
12534 1
12535 1
12536 1
12538 1
12539 1
12540 2
12541 1
12543 1
12544 2
12545 1
12546 1
12547 2
12548 1
12549 1
12553 1
12555 1
12556 1
12557 1
12559 2
12561 2
12562 1
12563 1
12565 1
12566 1
12567 3
12569 2
12570 1
12571 2
12572 1
12573 1
12575 1
12580 1
12582 1
12586 2
12589 1
12591 2
12592 1
12593 1
12594 2
12595 1
12596 2
12597 1
12600 1
12603 1
12604 3
12608 2
12612 1
12617 2
12618 1
12620 1
12621 2
12622 1
12623 3
12624 1
12625 1
12626 3
12627 1
12628 1
12629 2
12633 1
12634 3
12635 2
12636 2
12637 1
12638 1
12640 1
12642 3
12643 2
12645 2
12646 1
12647 1
12648 1
12650 1
12651 1
12652 1
12653 1
12654 1
12655 1
12656 1
12658 1
12659 1
12660 1
12662 1
12666 1
12668 2
12669 1
12670 1
12671 1
12672 4
12673 1
12674 1
12675 3
12676 3
12677 2
12678 2
12680 2
12682 1
12684 2
12685 2
12686 1
12688 1
12691 1
12693 1
12695 1
12696 1
12698 1
12699 2
12700 1
12701 2
12702 3
12703 2
12705 1
12707 3
12709 1
12710 1
12711 1
12712 1
12714 2
12715 2
12716 1
12717 1
12718 1
12719 3
12721 1
12723 1
12726 2
12727 1
12728 2
12731 1
12732 1
12734 1
12737 1
12738 1
12742 1
12744 1
12745 3
12746 3
12747 2
12748 3
12749 3
12750 2
12751 3
12753 1
12754 1
12755 1
12756 2
12758 1
12759 1
12761 1
12763 1
12764 1
12765 1
12766 1
12775 1
12777 2
12779 2
12780 1
12782 1
12783 2
12784 1
12786 2
12787 3
12789 1
12791 1
12795 1
12796 2
12798 1
12799 2
12801 1
12802 2
12804 2
12805 1
12806 1
12809 2
12810 2
12811 1
12812 1
12813 1
12814 1
12815 2
12816 2
12817 2
12818 3
12819 1
12820 1
12822 1
12825 1
12826 1
12827 1
12828 3
12829 2
12830 3
12831 1
12832 3
12833 1
12834 2
12835 1
12837 1
12842 1
12850 1
12851 1
12854 1
12855 1
12859 1
12860 1
12861 1
12862 1
12863 2
12864 1
12865 3
12866 2
12867 2
12869 2
12871 1
12873 1
12875 1
12876 1
12877 3
12878 1
12880 1
12882 2
12883 1
12884 2
12885 1
12886 1
12888 2
12890 3
12891 2
12893 1
12894 2
12895 1
12896 1
12897 1
12898 2
12899 1
12901 2
12903 1
12904 1
12905 1
12906 1
12907 1
12908 2
12909 1
12910 1
12911 2
12912 1
12913 1
12914 1
12915 1
12921 1
12922 1
12923 1
12924 1
12927 1
12928 2
12930 1
12931 1
12933 1
12936 1
12939 1
12940 2
12941 1
12942 2
12943 1
12944 3
12945 3
12946 3
12947 1
12948 2
12950 1
12953 1
12954 1
12955 1
12957 2
12958 2
12960 1
12962 1
12964 1
12965 1
12967 1
12968 1
12969 1
12970 1
12971 1
12976 1
12977 1
12978 1
12980 1
12984 2
12986 1
12987 1
12988 3
12990 2
12991 2
12992 2
12993 1
12994 2
12995 1
12997 1
12999 1
13002 1
13003 2
13004 1
13007 2
13009 1
13010 1
13012 2
13014 1
13015 1
13016 2
13017 2
13018 2
13019 2
13020 1
13021 2
13022 2
13023 1
13024 1
13025 2
13026 1
13027 2
13030 1
13033 1
13035 1
13044 1
13045 1
13049 1
13050 1
13051 1
13052 2
13053 1
13054 1
13055 1
13057 3
13059 3
13060 1
13061 2
13063 1
13064 1
13066 1
13068 3
13069 2
13070 2
13071 1
13072 1
13074 1
13076 3
13077 1
13078 1
13080 1
13083 1
13084 2
13085 1
13086 1
13088 1
13089 1
13091 1
13093 2
13095 2
13096 1
13097 2
13098 2
13099 3
13100 1
13101 2
13102 1
13103 1
13104 1
13105 1
13108 1
13116 1
13121 1
13123 1
13125 2
13127 2
13128 1
13129 1
13130 2
13131 1
13132 2
13133 2
13134 2
13135 1
13136 2
13137 2
13138 2
13139 1
13140 1
13141 2
13144 2
13146 2
13147 1
13148 1
13149 2
13150 2
13151 1
13152 1
13153 1
13154 1
13155 1
13156 1
13160 1
13163 1
13164 1
13165 1
13166 1
13167 1
13168 2
13169 1
13170 2
13172 2
13173 2
13174 1
13175 1
13176 2
13177 1
13178 1
13179 3
13181 1
13183 1
13185 1
13187 2
13192 1
13195 1
13196 1
13197 1
13198 2
13199 1
13200 2
13201 1
13202 1
13203 1
13204 2
13205 1
13206 1
13207 1
13208 1
13209 1
13210 2
13211 1
13212 1
13213 2
13215 1
13219 1
13224 1
13226 2
13227 3
13228 1
13229 2
13230 1
13232 1
13234 2
13236 2
13238 1
13240 1
13241 1
13243 1
13246 2
13251 1
13253 2
13255 3
13257 1
13258 2
13259 2
13260 2
13261 1
13263 2
13264 1
13265 2
13267 2
13272 2
13276 1
13277 2
13278 1
13279 1
13283 2
13284 1
13286 2
13287 1
13288 2
13289 1
13290 3
13292 2
13294 2
13296 2
13298 2
13299 1
13300 3
13302 2
13303 1
13304 1
13306 2
13310 1
13313 1
13319 1
13326 1
13328 1
13329 2
13331 1
13332 1
13334 1
13336 1
13338 3
13339 1
13340 1
13341 2
13345 1
13347 1
13349 2
13351 1
13352 2
13354 1
13359 1
13362 2
13364 1
13366 3
13367 2
13368 2
13369 4
13370 1
13371 3
13373 1
13375 1
13380 1
13387 1
13392 2
13394 2
13396 1
13399 1
13401 1
13402 1
13404 1
13405 1
13406 1
13407 1
13408 1
13409 1
13410 1
13411 4
13413 3
13416 1
13417 3
13418 3
13419 2
13420 2
13421 2
13422 1
13423 1
13426 1
13430 1
13434 2
13435 2
13438 1
13440 1
13442 1
13443 2
13444 1
13445 2
13447 2
13448 2
13450 1
13452 2
13454 1
13458 1
13466 2
13467 1
13468 2
13469 2
13470 1
13471 1
13472 1
13473 1
13475 2
13477 2
13478 2
13479 2
13480 2
13481 1
13482 1
13483 1
13484 1
13485 1
13486 1
13491 2
13494 1
13495 1
13496 1
13497 1
13498 2
13499 2
13501 2
13502 1
13503 1
13507 1
13510 1
13511 1
13512 1
13514 1
13515 2
13516 1
13520 2
13522 1
13524 1
13525 1
13526 1
13527 1
13528 2
13529 3
13531 2
13532 1
13537 1
13542 1
13544 1
13545 2
13546 3
13547 1
13548 4
13549 3
13550 2
13551 1
13555 1
13558 1
13559 1
13561 2
13562 1
13563 2
13565 1
13568 1
13569 1
13571 1
13572 1
13576 1
13577 2
13579 2
13581 1
13588 1
13595 2
13596 1
13597 1
13600 1
13601 1
13602 1
13605 2
13607 1
13608 1
13609 2
13610 2
13611 1
13612 1
13613 1
13614 1
13615 1
13616 1
13617 1
13618 2
13619 2
13621 1
13622 2
13624 1
13625 1
13626 1
13627 1
13628 3
13629 1
13630 1
13631 1
13636 2
13638 1
13640 2
13641 1
13642 2
13644 1
13650 1
13652 1
13653 1
13654 1
13655 1
13656 1
13660 2
13661 1
13664 1
13666 1
13669 1
13673 3
13676 1
13677 2
13678 1
13683 1
13686 2
13687 1
13688 2
13689 1
13690 3
13691 3
13692 1
13693 1
13695 1
13697 1
13699 1
13703 1
13704 1
13705 1
13707 1
13709 1
13711 2
13712 1
13713 1
13714 1
13717 1
13719 1
13720 1
13721 2
13723 2
13724 1
13725 1
13728 1
13733 1
13734 1
13736 1
13737 1
13739 1
13740 1
13741 1
13742 1
13744 1
13745 1
13747 1
13749 1
13750 1
13751 1
13753 2
13754 1
13755 1
13757 1
13759 1
13761 1
13763 2
13765 2
13767 2
13768 2
13769 1
13770 1
13771 2
13776 1
13780 1
13782 1
13784 2
13785 1
13786 1
13787 1
13788 3
13790 2
13792 1
13793 1
13794 2
13796 1
13797 1
13800 1
13801 1
13802 1
13803 1
13804 1
13807 1
13813 1
13814 2
13815 1
13816 1
13817 3
13818 1
13819 2
13820 1
13822 1
13828 1
13829 1
13830 1
13831 1
13832 1
13833 2
13834 2
13835 1
13836 1
13841 1
13842 1
13843 2
13844 1
13845 1
13846 1
13848 1
13849 2
13853 1
13856 2
13858 1
13860 1
13861 2
13862 1
13864 1
13865 2
13866 1
13867 1
13868 3
13870 1
13872 1
13874 1
13879 2
13884 1
13886 1
13887 1
13888 1
13889 1
13891 1
13893 2
13895 1
13896 2
13897 2
13898 3
13899 3
13900 1
13901 2
13903 2
13905 1
13907 1
13911 1
13921 1
13928 1
13929 1
13930 1
13931 1
13932 1
13933 1
13934 1
13936 1
13938 1
13940 1
13942 1
13944 1
13946 2
13947 1
13952 1
13954 1
13955 1
13956 1
13957 2
13959 3
13960 3
13962 1
13963 2
13964 1
13965 1
13967 2
13969 2
13970 1
13971 2
13972 3
13973 1
13975 1
13976 1
13977 1
13979 2
13990 1
13992 1
13995 1
13996 1
13997 1
14002 1
14005 1
14009 1
14010 2
14011 2
14012 1
14013 1
14014 1
14019 1
14024 1
14026 1
14027 2
14028 1
14029 1
14032 2
14033 1
14035 1
14036 1
14037 1
14039 1
14046 1
14049 1
14051 2
14055 1
14057 1
14059 1
14061 1
14062 1
14063 1
14065 1
14067 1
14071 1
14072 1
14073 1
14076 1
14078 1
14081 1
14082 1
14083 1
14084 2
14085 1
14086 2
14087 2
14088 1
14090 1
14092 1
14096 2
14099 1
14100 3
14104 1
14113 2
14118 1
14119 1
14121 1
14122 1
14126 1
14128 1
14129 1
14130 2
14132 3
14134 1
14135 1
14137 1
14138 2
14139 2
14140 1
14141 2
14144 2
14145 1
14146 2
14149 1
14151 1
14152 1
14154 1
14162 1
14163 1
14164 2
14165 2
14166 1
14167 2
14168 3
14169 1
14170 1
14171 1
14172 1
14176 1
14178 1
14180 1
14192 1
14194 1
14195 1
14198 1
14199 1
14200 1
14201 1
14202 2
14203 2
14204 1
14206 1
14208 1
14210 2
14211 3
14212 2
14213 1
14214 2
14215 1
14216 1
14218 2
14219 1
14224 1
14229 1
14230 1
14233 1
14235 1
14237 1
14239 1
14240 1
14241 2
14243 2
14244 1
14245 2
14247 1
14248 1
14255 1
14257 1
14267 1
14269 1
14278 1
14279 3
14280 1
14281 2
14282 2
14283 1
14291 2
14292 1
14294 2
14297 1
14298 1
14301 1
14305 2
14306 1
14307 1
14309 1
14310 1
14312 1
14314 1
14315 1
14320 1
14321 1
14322 1
14324 2
14326 1
14327 2
14328 1
14329 2
14339 1
14346 2
14348 1
14351 1
14352 2
14354 1
14355 2
14356 1
14357 1
14358 1
14359 1
14361 2
14363 1
14368 1
14369 2
14370 1
14371 1
14372 2
14383 1
14385 1
14386 1
14387 1
14388 1
14389 1
14393 1
14395 1
14397 2
14400 1
14401 1
14402 1
14403 1
14405 1
14407 1
14408 1
14410 2
14411 1
14418 2
14419 1
14420 1
14431 1
14432 1
14434 1
14435 1
14436 2
14437 2
14438 3
14440 3
14442 1
14444 1
14446 1
14449 1
14450 1
14452 1
14454 1
14456 1
14461 2
14463 1
14469 1
14473 1
14480 3
14482 2
14483 1
14486 2
14487 1
14489 1
14490 1
14491 1
14494 1
14496 1
14498 1
14499 2
14500 1
14504 1
14508 1
14509 1
14511 1
14512 1
14513 2
14514 1
14515 1
14517 2
14519 1
14521 2
14523 1
14534 1
14537 1
14541 1
14545 1
14547 1
14548 1
14549 1
14550 1
14551 1
14552 1
14553 2
14555 2
14557 1
14559 1
14560 2
14561 1
14562 1
14563 2
14564 2
14565 1
14567 1
14568 1
14570 2
14572 2
14576 1
14580 1
14589 2
14591 2
14593 1
14594 2
14597 1
14598 1
14600 2
14601 1
14613 1
14617 1
14619 1
14620 1
14624 1
14626 1
14628 1
14629 1
14630 2
14631 2
14632 2
14633 1
14634 1
14636 1
14640 1
14643 1
14645 1
14646 1
14648 1
14656 1
14662 1
14664 1
14665 1
14666 1
14668 1
14669 1
14671 1
14674 1
14675 1
14679 1
14680 1
14681 1
14683 1
14687 1
14688 2
14690 1
14691 1
14696 1
14697 1
14698 1
14699 1
14700 1
14702 1
14704 1
14705 2
14711 1
14719 1
14721 1
14722 1
14723 1
14725 1
14728 1
14730 1
14738 1
14742 2
14747 2
14752 1
14754 1
14755 1
14756 1
14757 2
14759 2
14760 3
14762 1
14768 1
14769 1
14771 1
14779 1
14780 1
14782 2
14784 1
14790 1
14792 1
14794 1
14795 1
14796 1
14798 1
14802 1
14803 1
14805 1
14809 1
14811 1
14813 1
14815 1
14819 1
14828 1
14830 2
14832 2
14833 1
14834 2
14836 1
14837 1
14858 1
14859 1
14861 2
14862 1
14863 3
14865 3
14867 2
14871 1
14873 1
14882 1
14883 1
14884 1
14898 1
14900 1
14902 1
14903 1
14905 1
14907 1
14909 2
14910 1
14912 2
14913 3
14914 1
14918 1
14922 2
14930 2
14931 1
14935 1
14936 1
14937 1
14939 1
14941 1
14943 1
14944 2
14945 1
14946 1
14947 1
14948 1
14955 1
14958 1
14962 1
14964 1
14965 1
14967 1
14969 1
14970 1
14972 1
14973 1
14974 1
14976 2
14978 1
14986 1
14990 2
14993 1
14995 1
14998 1
15000 1
15002 1
15003 1
15011 1
15012 2
15014 1
15021 1
15023 1
15024 1
15025 2
15027 1
15029 1
15033 2
15038 2
15040 2
15041 3
15045 1
15047 1
15048 1
15054 1
15055 1
15057 1
15064 1
15079 1
15081 1
15097 2
15101 3
15102 1
15104 3
15105 1
15106 2
15114 1
15118 1
15120 2
15124 1
15132 1
15134 1
15136 1
15137 1
15146 1
15148 1
15151 1
15152 2
15153 1
15155 1
15156 1
15165 2
15169 2
15173 1
15179 1
15182 1
15183 2
15185 2
15187 1
15189 1
15201 2
15203 1
15208 1
15210 1
15213 2
15215 2
15220 1
15231 1
15232 2
15233 1
15234 2
15235 1
15236 1
15237 1
15245 1
15246 1
15247 1
15249 1
15251 1
15255 1
15257 1
15259 1
15261 1
15263 1
15264 1
15272 1
15280 2
15281 2
15282 1
15283 2
15284 1
15286 1
15288 1
15290 1
15293 1
15294 1
15296 1
15297 1
15298 1
15299 1
15300 1
15305 1
15309 1
15312 1
15313 1
15314 1
15324 1
15326 1
15345 1
15357 1
15360 2
15361 1
15362 1
15363 2
15364 1
15375 1
15383 1
15385 1
15390 1
15391 1
15393 1
15395 1
15397 1
15399 1
15408 1
15413 1
15417 1
15420 1
15421 1
15423 1
15424 1
15430 1
15432 1
15439 1
15441 1
15452 1
15454 1
15455 1
15456 2
15458 1
15462 1
15464 1
15466 1
15468 2
15469 1
15471 1
15474 1
15475 1
15480 1
15487 1
15488 1
15494 1
15501 1
15502 1
15503 1
15504 1
15505 1
15506 1
15515 1
15519 1
15521 1
15523 1
15524 1
15525 2
15527 1
15528 2
15529 1
15531 1
15538 1
15542 1
15547 1
15548 1
15552 1
15560 1
15563 1
15565 1
15567 1
15568 1
15569 1
15573 2
15577 1
15579 1
15580 1
15582 1
15592 1
15596 1
15603 1
15614 1
15622 1
15624 1
15626 1
15628 2
15630 1
15631 1
15632 1
15633 2
15634 1
15636 1
15640 1
15641 1
15642 1
15655 1
15656 1
15657 1
15658 1
15660 1
15663 2
15682 1
15687 1
15689 1
15698 1
15700 1
15702 1
15705 1
15706 1
15707 2
15712 1
15714 1
15725 1
15731 1
15733 1
15735 2
15736 1
15737 1
15738 1
15740 1
15744 1
15745 1
15747 1
15767 1
15771 1
15773 1
15774 2
15786 2
15790 1
15797 1
15798 1
15800 1
15811 1
15816 2
15823 1
15825 1
15829 1
15831 1
15835 1
15838 1
15840 1
15846 1
15847 1
15848 1
15851 1
15853 1
15862 1
15864 2
15865 1
15866 1
15867 1
15868 1
15879 1
15881 1
15884 1
15889 1
15897 1
15898 1
15900 1
15901 1
15903 1
15906 1
15910 1
15914 1
15927 1
15930 1
15932 1
15934 2
15936 2
15946 1
15948 1
15965 1
15975 1
15976 1
15978 2
15979 1
15982 2
15990 1
15991 1
15992 1
16000 1
16005 1
16013 1
16014 1
16015 1
16016 1
16017 1
16024 1
16033 1
16042 1
16045 1
16047 1
16051 1
16055 2
16057 1
16059 2
16072 1
16077 1
16081 1
16083 1
16090 1
16093 1
16094 1
16096 1
16102 1
16105 2
16107 1
16116 1
16123 1
16124 1
16126 1
16128 1
16132 1
16153 1
16166 1
16170 1
16173 1
16175 1
16183 1
16184 1
16186 1
16188 1
16197 1
16201 1
16206 1
16215 1
16217 1
16221 1
16234 1
16243 1
16248 1
16252 3
16254 2
16256 2
16258 1
16290 1
16294 1
16301 1
16303 1
16305 1
16315 1
16320 1
16324 1
16325 1
16326 2
16327 1
16328 1
16329 1
16348 1
16350 1
16355 1
16357 2
16359 2
16363 1
16365 1
16366 1
16367 1
16369 1
16373 1
16374 1
16401 1
16405 1
16414 2
16418 1
16426 1
16431 1
16433 1
16440 2
16454 1
16465 1
16466 1
16468 1
16469 1
16471 1
16473 1
16482 2
16486 1
16495 1
16519 1
16525 2
16526 1
16528 1
16529 1
16533 1
16537 2
16544 1
16563 1
16571 1
16573 1
16593 2
16594 1
16596 2
16597 2
16598 2
16600 2
16602 1
16616 1
16617 1
16629 2
16642 1
16644 1
16648 2
16657 1
16661 1
16675 1
16677 1
16679 2
16681 2
16697 1
16708 1
16709 1
16711 1
16715 1
16724 1
16725 1
16726 1
16727 1
16747 1
16756 1
16758 1
16768 1
16775 1
16776 1
16787 1
16790 1
16792 1
16804 1
16805 1
16807 1
16809 1
16814 1
16816 1
16836 1
16855 2
16859 1
16861 1
16867 1
16869 1
16872 1
16877 1
16904 1
16909 1
16915 1
16916 1
16918 1
16920 1
16928 1
16931 1
16933 1
16935 1
16937 1
16948 1
16950 1
16951 1
16958 1
16960 1
16966 1
16967 1
16969 1
16970 1
16976 1
16979 1
16983 1
16988 1
16990 1
17015 1
17017 2
17019 1
17020 1
17021 1
17023 2
17034 1
17044 1
17048 1
17052 1
17056 1
17059 1
17061 1
17065 1
17069 2
17074 1
17120 1
17124 1
17126 1
17128 1
17129 1
17134 1
17146 1
17148 1
17152 1
17159 1
17174 2
17176 1
17179 1
17181 1
17183 1
17185 1
17197 1
17198 1
17199 1
17201 1
17202 1
17203 1
17222 1
17227 1
17230 1
17231 1
17232 1
17253 1
17255 1
17257 1
17259 1
17260 1
17262 1
17263 1
17266 1
17270 1
17278 1
17282 2
17290 1
17292 1
17293 1
17294 1
17295 1
17296 1
17308 1
17312 1
17321 1
17325 1
17326 1
17327 1
17328 1
17338 1
17339 1
17341 1
17342 1
17358 1
17359 1
17360 1
17363 1
17393 1
17394 1
17396 1
17406 1
17417 1
17419 1
17422 1
17424 1
17426 1
17428 1
17441 1
17442 1
17467 1
17470 2
17471 1
17473 1
17474 1
17475 1
17483 1
17487 1
17501 1
17503 1
17509 1
17520 1
17521 1
17533 1
17534 1
17535 1
17538 1
17540 1
17542 1
17547 1
17551 1
17552 1
17554 1
17564 1
17569 1
17573 1
17581 1
17588 1
17594 1
17595 1
17597 2
17598 1
17599 1
17601 1
17603 1
17612 1
17614 1
17620 1
17624 1
17645 1
17649 1
17661 1
17662 1
17669 1
17671 1
17676 1
17678 1
17680 2
17682 1
17684 1
17693 1
17698 1
17710 1
17717 1
17726 1
17741 1
17743 1
17744 1
17746 1
17748 3
17750 2
17777 1
17782 1
17784 1
17786 1
17789 1
17790 1
17812 1
17816 1
17817 1
17819 1
17821 1
17823 1
17837 1
17842 1
17843 1
17845 1
17846 1
17856 1
17859 1
17861 1
17862 1
17863 1
17865 1
17869 1
17893 1
17894 1
17896 1
17897 1
17910 1
17919 1
17921 1
17923 1
17929 1
17930 1
17932 1
17936 1
17941 1
17942 1
17946 1
17954 1
17956 1
17961 1
17963 1
17965 1
17978 1
17987 1
17989 1
17991 1
17997 1
18011 1
18015 1
18018 1
18020 2
18021 1
18022 1
18024 1
18025 1
18029 1
18045 1
18057 1
18059 1
18060 1
18062 1
18085 1
18086 1
18088 1
18089 1
18090 1
18092 3
18093 1
18094 1
18104 1
18108 1
18121 1
18125 1
18131 1
18134 1
18136 1
18138 1
18139 1
18140 1
18141 1
18143 1
18149 1
18153 1
18171 1
18173 1
18198 1
18200 1
18203 1
18204 1
18206 1
18208 1
18211 1
18215 1
18221 1
18248 1
18250 1
18252 1
18254 2
18260 1
18261 1
18263 1
18264 1
18267 1
18271 1
18272 1
18279 1
18283 1
18285 1
18287 1
18293 1
18296 1
18299 1
18300 1
18301 1
18329 1
18331 1
18332 1
18344 1
18347 1
18351 2
18353 1
18357 1
18359 1
18361 1
18362 1
18363 1
18364 2
18365 1
18369 1
18373 1
18377 1
18395 1
18397 1
18404 1
18407 1
18408 1
18410 2
18411 1
18412 1
18414 1
18416 1
18420 1
18424 1
18427 1
18429 1
18443 1
18446 1
18462 1
18468 1
18472 1
18475 1
18480 1
18481 1
18483 1
18484 1
18491 1
18493 1
18510 1
18513 1
18515 2
18519 1
18522 1
18539 1
18540 1
18542 1
18544 1
18548 1
18557 1
18561 1
18566 1
18570 1
18572 1
18589 1
18590 1
18596 1
18602 1
18604 1
18612 1
18616 1
18621 2
18623 1
18625 1
18626 1
18627 1
18629 1
18630 1
18638 1
18642 1
18643 1
18644 1
18645 1
18650 1
18662 1
18663 1
18670 1
18672 1
18675 2
18677 1
18681 1
18683 1
18686 1
18689 1
18693 1
18694 2
18695 1
18696 1
18711 1
18718 1
18723 2
18730 1
18742 1
18745 1
18747 1
18749 2
18751 1
18753 1
18754 1
18755 1
18756 2
18758 2
18762 1
18774 1
18785 1
18786 1
18788 1
18791 1
18804 1
18809 1
18810 1
18812 1
18817 1
18818 1
18820 1
18822 1
18824 1
18831 1
18833 1
18834 1
18835 1
18837 2
18851 1
18855 1
18858 1
18859 1
18864 1
18869 1
18881 1
18886 1
18888 2
18890 1
18892 1
18911 1
18912 1
18914 2
18915 1
18916 1
18918 1
18920 1
18931 2
18932 1
18933 1
18934 1
18937 1
18938 1
18948 1
18962 2
18963 2
18965 2
18966 2
18967 1
18979 1
18988 1
18990 1
18992 1
18993 1
18995 1
18997 1
18998 1
18999 1
19005 1
19011 1
19012 1
19013 1
19016 1
19017 1
19023 1
19025 2
19027 1
19028 1
19029 1
19030 1
19031 1
19032 1
19034 1
19044 1
19046 1
19060 1
19061 1
19063 1
19065 1
19073 1
19074 1
19076 1
19077 2
19080 1
19084 2
19087 1
19089 1
19090 1
19091 1
19093 2
19094 1
19095 1
19104 1
19106 1
19107 1
19108 1
19110 1
19116 1
19129 1
19131 1
19141 1
19153 1
19154 1
19157 1
19162 1
19172 1
19173 1
19174 1
19176 1
19177 1
19179 1
19200 1
19205 1
19206 1
19208 1
19210 1
19222 1
19230 1
19233 1
19235 1
19236 1
19238 1
19240 1
19242 1
19246 1
19255 1
19273 1
19275 1
19277 1
19278 1
19280 1
19281 1
19284 1
19285 1
19287 1
19289 1
19290 1
19308 1
19313 1
19315 1
19323 1
19330 1
19332 1
19333 1
19335 1
19337 1
19338 1
19339 1
19341 1
19347 1
19348 1
19349 1
19352 1
19354 2
19356 1
19357 1
19358 1
19359 1
19361 1
19362 1
19386 1
19388 1
19389 1
19396 1
19411 1
19413 2
19415 1
19417 1
19419 1
19421 1
19422 1
19425 1
19426 1
19427 1
19428 1
19429 1
19434 1
19438 2
19442 1
19446 1
19448 1
19450 1
19452 1
19473 1
19475 1
19476 1
19478 1
19483 1
19485 1
19489 1
19493 1
19507 1
19512 1
19514 1
19515 1
19516 1
19517 1
19521 1
19524 1
19541 1
19549 1
19550 1
19552 1
19553 1
19555 1
19556 1
19557 1
19558 1
19577 1
19578 1
19580 1
19581 1
19582 1
19584 2
19585 1
19588 1
19591 1
19596 1
19597 1
19600 1
19604 1
19617 1
19626 1
19627 1
19628 1
19629 1
19630 1
19631 2
19632 1
19633 1
19635 2
19637 1
19645 1
19664 1
19665 1
19677 1
19681 1
19689 1
19690 1
19691 1
19694 1
19695 1
19696 2
19698 2
19699 1
19700 1
19707 1
19708 1
19710 1
19711 1
19712 1
19714 1
19731 1
19732 1
19744 2
19746 2
19750 1
19755 1
19756 1
19757 1
19759 1
19763 2
19765 1
19775 1
19777 1
19779 1
19785 1
19789 1
19792 2
19811 1
19817 1
19823 1
19825 2
19827 2
19828 1
19836 1
19839 1
19843 1
19849 1
19854 1
19855 1
19857 1
19860 1
19865 1
19873 1
19874 1
19876 1
19878 1
19887 1
19889 1
19891 1
19893 1
19896 1
19897 1
19899 1
19900 2
19902 1
19903 1
19904 1
19906 3
19907 1
19908 1
19916 1
19933 1
19938 2
19942 1
19950 1
19957 1
19964 1
19976 1
19977 1
19979 2
19987 1
19989 1
20000 1
20006 1
20011 1
20014 1
20017 1
20018 1
20020 1
20022 1
20028 1
20030 1
20035 1
20049 1
20053 1
20062 1
20064 1
20066 1
20068 1
20079 1
20081 1
20085 1
20086 1
20090 1
20092 1
20097 1
20098 1
20100 1
20108 1
20113 1
20115 1
20117 1
20119 1
20121 1
20122 1
20130 1
20132 1
20134 1
20135 1
20137 1
20139 2
20141 1
20143 1
20145 1
20146 2
20153 1
20154 1
20158 2
20159 1
20167 1
20171 1
20173 1
20175 1
20176 1
20177 1
20178 1
20179 1
20181 1
20185 1
20186 1
20188 1
20207 1
20219 1
20222 1
20226 1
20234 1
20238 1
20241 1
20243 1
20245 1
20246 1
20248 2
20249 1
20250 2
20252 1
20254 1
20292 1
20299 1
20301 1
20305 1
20307 1
20314 1
20315 1
20316 1
20324 1
20327 1
20329 2
20333 1
20347 1
20354 1
20356 1
20358 1
20359 1
20360 1
20361 1
20362 1
20364 1
20365 1
20377 1
20378 1
20380 2
20382 1
20384 1
20397 1
20404 1
20406 1
20407 1
20408 1
20410 3
20412 1
20416 1
20418 1
20423 1
20426 1
20427 2
20428 1
20429 2
20430 1
20431 1
20440 1
20441 1
20443 1
20444 1
20455 1
20457 1
20458 2
20465 1
20477 1
20484 1
20486 1
20488 1
20489 2
20490 1
20491 2
20494 1
20496 1
20498 1
20500 1
20503 1
20507 1
20508 2
20509 1
20510 1
20515 1
20517 1
20519 1
20521 2
20523 1
20544 1
20557 1
20559 1
20569 2
20570 1
20572 2
20576 1
20580 1
20583 1
20585 1
20590 1
20599 1
20600 1
20602 1
20623 1
20624 1
20625 1
20626 1
20627 1
20647 1
20649 2
20650 1
20654 1
20665 1
20666 1
20669 1
20671 1
20673 1
20675 1
20683 1
20696 1
20697 1
20698 1
20699 1
20700 2
20701 1
20702 1
20704 1
20706 1
20722 1
20728 1
20730 1
20732 1
20733 1
20734 1
20738 1
20742 1
20746 1
20747 1
20751 1
20758 1
20760 1
20776 1
20777 2
20779 2
20780 1
20781 1
20782 1
20786 1
20812 1
20819 1
20826 1
20828 1
20831 1
20833 1
20839 1
20841 1
20842 1
20843 1
20844 1
20845 1
20846 1
20848 1
20849 1
20850 2
20852 1
20853 1
20858 1
20886 1
20891 1
20892 1
20897 1
20907 1
20908 1
20909 1
20914 1
20917 1
20918 1
20919 1
20921 1
20930 1
20934 1
20942 1
20943 1
20944 1
20945 1
20965 1
20966 1
20967 1
20968 1
20969 1
20971 1
20976 1
20981 1
20985 1
21007 1
21011 1
21013 1
21019 1
21020 1
21025 1
21044 1
21045 1
21046 1
21047 1
21048 2
21049 1
21073 1
21074 1
21076 1
21080 1
21087 1
21089 1
21091 1
21092 2
21093 1
21099 1
21118 1
21122 1
21124 1
21127 1
21129 1
21159 1
21160 1
21161 1
21162 1
21164 1
21173 1
21177 1
21185 1
21186 1
21187 1
21188 1
21190 1
21191 1
21200 1
21202 1
21203 1
21204 1
21206 1
21208 1
21210 2
21223 1
21227 2
21228 1
21233 1
21236 1
21240 1
21241 1
21242 1
21243 1
21250 1
21255 1
21257 1
21281 1
21288 1
21290 1
21292 1
21300 1
21303 1
21307 1
21313 1
21315 1
21317 1
21318 1
21319 1
21321 1
21323 1
21331 1
21335 1
21361 1
21370 1
21372 1
21383 1
21385 1
21392 1
21396 1
21398 2
21399 1
21402 1
21429 1
21431 1
21433 1
21434 2
21442 1
21443 1
21445 1
21446 1
21447 1
21449 2
21466 1
21471 1
21475 1
21479 1
21496 1
21498 1
21500 1
21509 1
21510 2
21512 2
21513 1
21514 1
21522 1
21524 1
21545 1
21546 1
21558 2
21560 2
21569 1
21577 2
21579 1
21582 1
21583 1
21585 1
21586 1
21626 1
21628 1
21631 1
21633 1
21635 1
21639 1
21641 2
21642 1
21649 1
21650 2
21663 1
21668 1
21669 1
21671 1
21677 1
21692 1
21714 1
21718 1
21730 1
21740 1
21742 1
21744 2
21746 1
21752 1
21765 1
21766 1
21768 1
21788 1
21791 1
21801 1
21803 1
21807 1
21811 1
21820 1
21825 2
21844 1
21851 1
21855 1
21857 1
21874 1
21876 1
21893 2
21900 1
21902 1
21906 1
21911 1
21912 1
21914 1
21918 1
21919 2
21921 1
21922 1
21933 1
21935 1
21936 1
21960 1
21961 1
21973 1
21983 1
21985 1
21986 1
21987 1
21988 1
21990 1
21999 1
22000 1
22002 1
22011 1
22013 1
22033 1
22034 1
22036 1
22040 1
22050 1
22064 1
22068 1
22094 1
22113 1
22115 1
22143 1
22145 1
22161 2
22162 1
22167 1
22175 1
22176 1
22178 1
22179 1
22186 1
22196 1
22198 1
22224 1
22226 1
22229 1
22231 1
22233 1
22234 1
22242 1
22243 2
22245 1
22254 1
22256 1
22269 1
22271 1
22272 1
22278 1
22279 1
22302 1
22310 1
22312 1
22335 1
22337 1
22345 1
22369 1
22382 1
22383 1
22404 1
22410 1
22439 1
22441 1
22463 1
22468 1
22477 1
22503 1
22512 1
22514 1
22515 1
22521 1
22536 1
22540 1
22544 1
22588 1
22591 1
22614 1
22626 1
22651 1
22652 1
22654 1
22655 1
22700 1
22702 1
22706 1
22711 1
22719 1
22732 1
22733 1
22735 1
22746 1
22779 1
22783 1
22799 1
22811 1
22813 1
22827 1
22834 1
22857 1
22894 2
22913 1
22938 1
22943 1
22945 1
22962 1
22967 1
22975 1
22976 1
22978 1
23002 1
23004 1
23005 1
23042 1
23054 1
23056 1
23069 1
23071 1
23078 1
23102 1
23137 1
23210 1
23236 1
23245 1
23247 1
23248 1
23255 1
23303 1
23312 1
23314 1
23321 1
23336 1
23347 1
23414 1
23479 1
23532 1
23546 1
23560 1
23579 1
23590 1
23605 1
23657 1
23671 1
23775 1
23802 1
23804 1
23848 1
24036 1
24045 1
24047 1
24147 1
24279 1
24390 1
24405 1
24648 1
End
