NMec = 97746
T = 16
P = 1
Profits not ignored
Valid tasks:                                                              579
Solution time = 3.081e-05
Task data
    6  28  2901 -1
   17 159 15893 -1
   24  36  2947 -1
   27 121 14499 0
   28  33  1159 -1
   40  52  2089 -1
   56  70  3102 -1
   78  94  2294 -1
   86  91  1109 -1
   87 103  2618 -1
   98 112  3552 -1
   99 122  2984 -1
  107 120  1303 -1
  109 133  6306 -1
  109 135  5047 -1
  130 152  4432 0
Best profit: 18931
All profits:
0 1
1109 1
1159 1
1303 1
2089 1
2268 1
2294 1
2412 1
2462 1
2618 1
2901 1
2947 1
2984 1
3102 1
3198 1
3248 1
3392 1
3453 1
3552 1
3571 1
3597 1
3777 1
3921 1
4010 1
4056 1
4093 1
4143 1
4204 1
4211 1
4250 1
4261 1
4357 1
4383 1
4405 1
4432 1
4501 1
4551 1
4661 1
4707 1
4711 1
4756 1
4990 1
5036 1
5047 1
5073 1
5080 1
5191 1
5195 1
5241 1
5252 1
5278 1
5313 1
5359 1
5370 1
5396 1
5514 1
5519 1
5541 1
5542 1
5564 1
5565 1
5591 1
5641 1
5660 1
5686 1
5720 1
5735 1
5820 1
5846 1
5866 1
5885 1
5931 1
6003 1
6010 1
6049 1
6086 1
6099 1
6145 1
6156 1
6182 1
6206 1
6232 1
6293 1
6300 1
6306 1
6339 1
6350 1
6437 1
6453 1
6494 1
6498 1
6499 1
6521 1
6544 1
6555 1
6654 1
6673 1
6699 1
6700 1
6726 1
6750 1
6800 1
6822 1
6844 1
6845 1
6868 1
6879 1
6894 1
6994 1
7005 1
7023 1
7040 1
7050 1
7112 1
7136 1
7158 1
7169 1
7195 1
7245 1
7284 1
7306 1
7315 1
7330 1
7333 1
7341 2
7352 1
7367 1
7379 1
7402 1
7415 1
7416 1
7448 1
7459 1
7465 1
7485 1
7534 1
7562 1
7603 1
7608 2
7630 1
7653 1
7654 1
7665 1
7680 1
7763 1
7809 1
7813 1
7824 1
7858 1
7885 1
7909 1
7935 1
7948 1
7974 1
7984 1
7994 1
8003 1
8020 1
8029 1
8092 1
8138 1
8149 1
8175 1
8179 1
8182 1
8209 1
8225 1
8245 1
8295 1
8297 1
8343 1
8353 1
8354 1
8380 1
8395 1
8415 1
8442 1
8461 1
8488 1
8500 1
8525 1
8526 1
8542 1
8574 1
8575 1
8587 1
8588 1
8600 1
8621 1
8633 1
8636 1
8643 1
8644 1
8667 1
8682 1
8693 1
8743 1
8747 1
8762 1
8788 1
8789 1
8793 1
8815 1
8824 1
8837 1
8911 1
8922 1
8924 1
8933 1
8948 1
8957 1
8968 1
8983 1
8987 1
9033 1
9057 1
9083 1
9093 1
9094 1
9103 1
9112 1
9129 1
9139 1
9143 1
9188 1
9201 1
9207 1
9247 1
9253 1
9258 1
9284 1
9308 1
9334 1
9395 1
9404 1
9408 1
9422 1
9430 1
9441 1
9468 1
9504 1
9505 1
9512 1
9539 1
9554 1
9555 1
9600 1
9601 1
9623 1
9627 1
9646 1
9651 1
9673 1
9684 1
9697 1
9710 1
9745 1
9754 1
9759 1
9791 1
9802 1
9828 1
9852 1
9902 1
9924 1
9946 1
9947 1
9951 1
9970 1
9974 1
9996 1
9997 1
10037 1
10073 1
10083 2
10092 1
10096 1
10107 1
10118 1
10142 1
10152 1
10238 1
10242 1
10252 1
10268 1
10271 1
10278 1
10288 1
10298 1
10314 1
10316 1
10317 1
10362 1
10363 1
10386 1
10417 1
10432 1
10435 1
10442 1
10443 2
10469 1
10481 1
10504 1
10517 1
10518 1
10531 1
10550 1
10566 1
10567 1
10577 1
10589 1
10612 1
10614 1
10663 1
10664 2
10689 1
10710 2
10725 1
10732 1
10756 1
10767 1
10771 1
10782 1
10836 1
10869 1
10882 1
10885 1
10913 1
10926 1
10930 1
10931 1
10976 1
10987 1
11011 1
11013 1
11037 1
11050 1
11076 1
11086 1
11096 1
11105 1
11122 1
11131 1
11146 1
11182 1
11192 1
11232 1
11254 1
11277 1
11281 1
11296 1
11300 1
11311 1
11327 1
11342 1
11347 1
11397 1
11426 1
11437 1
11455 1
11472 1
11497 1
11501 1
11544 1
11547 1
11590 1
11601 1
11602 1
11627 1
11628 1
11644 1
11676 1
11677 1
11689 1
11690 1
11702 1
11716 1
11735 1
11738 1
11762 1
11773 1
11784 1
11799 1
11825 1
11834 1
11848 1
11849 1
11871 1
11880 1
11891 1
11895 1
11917 1
11926 1
11994 1
12013 1
12026 1
12035 1
12040 2
12059 1
12085 1
12086 1
12159 1
12172 1
12185 1
12195 1
12196 1
12205 1
12231 1
12241 1
12245 1
12290 1
12309 1
12331 1
12341 1
12355 1
12367 1
12377 1
12405 1
12406 1
12451 1
12452 1
12506 1
12524 1
12532 1
12570 1
12606 1
12607 1
12611 1
12614 1
12655 1
12656 1
12657 1
12701 1
12729 1
12753 1
12775 1
12786 1
12799 1
12812 1
12847 1
12856 1
12861 1
12893 1
12958 1
12974 1
13019 1
13020 1
13053 1
13065 1
13076 1
13099 1
13139 1
13175 1
13179 1
13185 2
13194 1
13220 1
13225 1
13343 1
13344 1
13354 1
13370 1
13380 1
13389 1
13390 1
13400 1
13416 1
13418 1
13419 1
13464 1
13465 1
13515 1
13526 1
13544 1
13561 1
13590 1
13633 1
13636 1
13668 1
13679 1
13691 1
13714 1
13716 1
13765 1
13766 1
13791 1
13827 1
13873 1
13914 1
13938 1
13960 1
13971 1
13984 1
13987 1
14015 1
14032 1
14033 1
14078 1
14083 1
14115 1
14129 1
14248 1
14284 1
14294 1
14334 1
14356 1
14379 1
14398 1
14402 1
14444 1
14499 1
14528 1
14539 1
14574 1
14603 1
14649 1
14700 1
14703 1
14746 1
14818 1
14864 1
14875 1
14901 1
14927 1
14936 1
14950 1
14973 1
14982 1
15096 1
15142 2
15188 1
15268 1
15274 1
15314 1
15433 1
15443 1
15469 1
15479 1
15507 1
15508 1
15553 1
15554 1
15713 1
15757 1
15759 1
15803 1
15893 1
16060 1
16076 1
16121 1
16122 1
16167 1
16281 1
16327 1
16445 1
16491 1
16617 1
16628 1
16663 1
16692 1
16738 1
17016 1
17062 1
17185 1
17231 1
17802 1
17848 1
18370 1
18416 1
18931 1
End
