NMec = 97746
T = 16
P = 4
Profits not ignored
Valid tasks:                                                             8185
Solution time = 1.981e-04
Task data
    2  24  3695 0
    4  16  2511 1
    5  23  2901 2
    5  26  4987 3
   11  23  2431 -1
   12  29  3722 -1
   13  26  2698 -1
   14  22  1215 -1
   17  39  2557 -1
   18  25  1010 -1
   18  30  3079 1
   21  31  1368 -1
   22  37  1489 -1
   24  33  1848 -1
   24  37  2156 2
   25  37  3280 0
Best profit: 22609
All profits:
0 1
1010 1
1215 1
1368 1
1489 1
1848 1
2156 1
2225 1
2378 1
2431 1
2499 1
2511 1
2557 1
2583 1
2698 1
2704 1
2857 1
2858 1
2901 1
3063 1
3079 1
3166 1
3216 1
3280 1
3337 1
3371 1
3441 1
3521 1
3524 1
3567 1
3593 1
3645 1
3646 1
3695 1
3708 1
3714 1
3722 1
3726 1
3772 1
3799 1
3867 1
3879 1
3911 1
3913 1
3920 1
3925 1
4000 1
4004 1
4046 1
4066 1
4072 1
4073 1
4089 1
4116 1
4187 1
4226 1
4269 1
4279 1
4290 1
4294 1
4347 1
4359 1
4381 1
4390 1
4405 1
4431 1
4447 1
4495 1
4534 1
4546 1
4552 1
4568 1
4587 1
4648 1
4655 1
4656 1
4667 1
4705 2
4713 1
4732 1
4736 1
4739 1
4749 1
4769 1
4782 1
4809 1
4854 1
4860 1
4889 1
4910 1
4923 1
4927 1
4930 1
4935 1
4937 1
4942 1
4987 1
4988 1
5010 1
5013 1
5014 2
5056 1
5057 1
5063 1
5068 1
5076 1
5082 1
5090 1
5094 1
5126 1
5128 1
5129 1
5135 1
5140 1
5184 1
5197 1
5209 1
5211 1
5215 1
5219 1
5235 1
5255 1
5261 1
5279 1
5281 1
5288 1
5289 1
5304 1
5332 1
5368 1
5369 1
5372 1
5400 1
5402 1
5412 1
5414 1
5415 1
5436 1
5441 1
5457 1
5458 1
5484 1
5493 1
5494 1
5505 1
5510 1
5543 1
5555 1
5556 1
5562 1
5570 1
5574 1
5578 1
5590 1
5597 1
5599 1
5605 1
5620 1
5636 1
5647 1
5658 1
5662 1
5677 1
5711 1
5715 1
5723 1
5727 1
5749 1
5758 1
5759 1
5761 1
5768 1
5773 1
5777 1
5779 1
5783 1
5791 1
5802 1
5837 1
5848 1
5851 1
5863 1
5864 1
5870 1
5878 1
5882 1
5894 1
5914 1
5920 2
5928 1
5936 1
5937 1
5947 1
5952 1
5955 1
5964 1
5978 1
5980 1
5984 1
5997 1
5998 1
6023 1
6024 1
6035 2
6067 1
6069 1
6073 1
6076 1
6078 1
6081 1
6100 1
6104 1
6117 1
6126 1
6137 1
6138 1
6139 1
6142 1
6145 1
6150 1
6153 1
6156 1
6157 1
6181 1
6194 1
6202 2
6203 1
6206 1
6219 1
6221 1
6222 1
6225 1
6228 1
6229 1
6233 1
6238 1
6245 1
6252 1
6265 1
6271 1
6272 1
6278 1
6279 1
6283 1
6291 1
6295 1
6298 1
6305 1
6310 1
6342 1
6343 2
6344 1
6355 1
6356 1
6359 1
6378 1
6382 1
6393 1
6399 1
6412 1
6416 1
6420 1
6422 1
6424 2
6425 1
6426 1
6431 1
6435 1
6436 1
6446 1
6450 1
6468 1
6470 1
6476 1
6477 1
6494 1
6496 1
6497 1
6503 2
6504 1
6515 1
6520 1
6546 1
6547 1
6552 1
6553 1
6557 1
6561 1
6565 1
6577 1
6579 1
6580 1
6583 1
6584 1
6587 1
6596 1
6600 1
6603 1
6609 1
6615 1
6617 1
6618 1
6623 2
6627 1
6629 1
6630 1
6646 1
6651 1
6657 1
6672 1
6673 1
6698 1
6700 1
6702 1
6708 1
6721 1
6724 1
6725 1
6737 1
6744 1
6758 1
6768 1
6770 1
6771 1
6774 1
6778 1
6780 1
6783 1
6785 1
6787 1
6790 1
6793 1
6801 2
6804 1
6805 1
6812 1
6814 1
6821 1
6826 1
6835 1
6836 1
6847 1
6851 1
6858 1
6861 2
6862 1
6873 1
6878 1
6888 1
6892 1
6901 1
6904 1
6905 1
6911 1
6916 1
6924 1
6925 1
6926 1
6930 1
6938 2
6942 1
6946 1
6947 1
6958 1
6965 1
6967 1
6973 1
6974 1
6975 1
6977 1
6983 1
6988 2
6990 1
6992 1
6994 1
6999 1
7002 1
7004 1
7006 1
7032 1
7045 2
7052 1
7057 1
7059 1
7063 1
7066 1
7079 3
7083 1
7086 1
7088 1
7091 1
7093 1
7098 1
7103 1
7109 1
7125 1
7127 1
7129 1
7136 2
7143 1
7144 1
7145 1
7147 1
7151 1
7152 1
7159 1
7163 1
7166 1
7167 1
7170 1
7180 1
7191 1
7193 1
7195 1
7200 1
7205 1
7212 2
7213 1
7216 2
7219 1
7224 1
7232 1
7238 1
7243 1
7246 1
7248 1
7250 2
7260 1
7262 2
7266 1
7280 1
7282 1
7284 1
7285 1
7288 1
7289 1
7291 1
7293 1
7296 1
7305 1
7306 1
7315 1
7320 1
7326 1
7332 1
7340 1
7341 1
7346 1
7348 1
7352 1
7353 2
7354 1
7358 1
7365 2
7366 1
7367 1
7368 1
7369 1
7371 1
7396 1
7403 2
7409 1
7411 1
7417 2
7418 1
7421 1
7426 1
7430 1
7434 1
7435 1
7436 1
7437 1
7438 1
7441 1
7444 1
7445 1
7446 1
7447 1
7448 1
7453 1
7460 1
7467 2
7469 1
7480 1
7484 1
7486 1
7487 1
7488 1
7494 2
7498 1
7499 1
7506 1
7507 1
7510 1
7521 1
7524 1
7525 2
7544 1
7549 1
7556 1
7557 1
7558 1
7559 1
7562 1
7567 1
7568 1
7570 2
7571 2
7574 2
7587 1
7589 1
7593 1
7597 1
7601 1
7606 2
7608 1
7613 1
7614 1
7615 1
7620 1
7625 1
7627 1
7628 1
7631 1
7633 2
7635 1
7637 1
7639 1
7640 2
7642 1
7646 1
7647 1
7650 1
7651 1
7661 1
7666 1
7670 1
7683 1
7685 2
7686 1
7691 1
7692 1
7695 1
7699 1
7708 1
7710 1
7711 2
7712 2
7718 1
7722 1
7726 1
7727 1
7730 1
7734 1
7735 1
7741 1
7746 1
7754 1
7755 1
7761 2
7766 1
7767 1
7768 2
7772 1
7776 1
7784 2
7788 1
7790 1
7792 2
7794 1
7795 1
7799 1
7800 1
7803 1
7811 2
7814 1
7815 1
7818 1
7824 1
7826 1
7828 1
7831 1
7832 1
7833 1
7836 1
7838 2
7843 1
7844 1
7845 2
7846 1
7848 1
7861 1
7867 1
7872 1
7882 1
7883 1
7888 2
7889 1
7909 1
7911 1
7913 1
7914 1
7915 2
7917 1
7921 1
7924 1
7925 1
7926 1
7929 1
7933 1
7935 1
7936 1
7939 1
7947 1
7948 1
7952 1
7957 1
7959 1
7964 1
7968 1
7969 1
7974 1
7977 1
7985 2
7986 1
7987 1
7989 1
7991 1
7993 2
7995 1
7998 1
8001 1
8002 1
8004 1
8005 1
8009 1
8012 1
8014 1
8016 2
8019 1
8021 1
8029 1
8030 1
8036 1
8041 1
8042 1
8050 2
8051 1
8054 1
8062 1
8066 2
8067 2
8069 1
8070 1
8073 1
8076 2
8081 1
8085 1
8089 2
8092 1
8093 2
8098 1
8100 1
8103 1
8108 1
8110 1
8112 2
8113 1
8116 1
8119 1
8120 1
8126 1
8127 1
8131 1
8134 1
8135 1
8136 1
8139 1
8140 1
8142 1
8146 1
8147 1
8153 2
8154 1
8155 1
8156 1
8158 1
8162 1
8169 2
8173 1
8180 1
8182 1
8189 1
8190 2
8191 1
8192 1
8203 2
8204 1
8205 1
8207 1
8208 1
8210 1
8214 1
8215 1
8217 1
8219 1
8222 1
8226 1
8229 1
8234 1
8241 1
8247 1
8256 1
8260 2
8263 1
8267 1
8268 2
8269 1
8270 1
8272 1
8273 1
8274 1
8276 1
8279 1
8282 1
8284 1
8288 1
8290 2
8293 1
8294 3
8295 1
8298 1
8301 1
8303 1
8306 1
8309 1
8313 1
8315 1
8316 1
8318 1
8324 1
8325 1
8334 1
8336 1
8337 1
8340 1
8342 1
8343 1
8345 1
8348 1
8350 1
8351 2
8356 1
8358 2
8359 1
8360 1
8362 2
8367 1
8368 1
8370 1
8374 1
8375 1
8377 1
8378 1
8381 1
8389 1
8394 1
8395 1
8400 1
8405 1
8406 1
8408 1
8409 1
8411 1
8415 1
8420 1
8421 1
8425 1
8427 3
8428 1
8431 2
8434 1
8435 1
8439 1
8444 1
8447 2
8448 1
8451 1
8454 1
8456 1
8457 1
8458 1
8461 1
8463 1
8464 1
8466 2
8471 2
8475 1
8477 3
8479 1
8481 1
8489 1
8491 2
8493 1
8494 1
8495 1
8498 1
8499 1
8500 1
8504 2
8508 1
8509 1
8511 1
8512 1
8515 1
8520 1
8521 1
8531 1
8534 1
8535 2
8537 1
8541 1
8546 1
8548 1
8549 1
8554 1
8555 1
8559 1
8561 1
8563 1
8568 2
8569 1
8572 1
8573 1
8576 1
8578 1
8580 2
8582 1
8584 2
8587 1
8592 2
8611 1
8612 1
8616 1
8618 2
8622 1
8624 1
8625 1
8626 1
8628 1
8630 1
8632 2
8633 2
8634 1
8635 1
8637 1
8641 1
8645 1
8648 1
8649 2
8650 2
8652 2
8653 2
8656 1
8657 1
8659 1
8660 1
8661 1
8662 1
8664 1
8669 1
8674 1
8676 1
8678 1
8680 1
8682 2
8683 1
8684 1
8692 1
8694 1
8695 2
8696 1
8699 1
8701 1
8703 1
8705 1
8708 1
8709 3
8710 1
8713 2
8714 1
8721 1
8726 1
8732 1
8733 1
8735 1
8736 2
8737 1
8738 1
8739 1
8740 1
8749 1
8751 1
8752 1
8756 1
8759 1
8763 1
8764 1
8765 1
8771 2
8773 1
8774 2
8776 1
8778 1
8779 2
8782 1
8783 1
8785 2
8786 2
8789 1
8790 2
8795 1
8798 1
8802 2
8806 1
8809 1
8813 1
8815 1
8816 1
8821 2
8823 1
8824 1
8828 1
8829 1
8830 1
8835 2
8836 1
8837 1
8838 1
8840 1
8842 1
8847 1
8848 1
8850 1
8851 1
8852 1
8853 1
8854 3
8855 1
8856 1
8857 1
8858 1
8862 1
8866 1
8867 1
8870 1
8877 1
8879 1
8881 1
8885 1
8892 1
8893 1
8898 1
8899 1
8900 3
8901 1
8904 1
8906 1
8907 1
8910 1
8912 1
8914 1
8916 1
8919 1
8923 1
8924 1
8926 1
8927 3
8930 1
8931 1
8934 1
8935 1
8936 2
8937 1
8941 1
8942 1
8943 1
8946 1
8949 1
8950 1
8956 1
8957 2
8961 1
8970 1
8973 1
8974 1
8976 1
8977 2
8979 1
8981 1
8982 1
8983 2
8984 1
8987 1
8988 1
8991 1
8992 1
8993 1
8999 2
9001 1
9003 2
9005 1
9007 2
9008 1
9010 1
9011 1
9014 2
9015 1
9018 1
9026 1
9027 1
9029 1
9031 1
9033 1
9034 1
9038 1
9039 1
9040 1
9041 1
9043 1
9048 1
9053 2
9054 2
9057 2
9058 1
9059 1
9060 1
9061 1
9063 2
9064 1
9067 1
9072 1
9076 2
9077 1
9082 1
9090 1
9091 1
9094 1
9095 1
9097 1
9098 1
9103 2
9104 1
9107 1
9109 1
9110 1
9114 2
9120 1
9122 1
9123 1
9124 1
9126 1
9128 1
9129 2
9130 1
9131 1
9133 1
9134 2
9136 2
9137 1
9139 1
9140 1
9141 1
9144 2
9146 1
9148 1
9150 1
9152 1
9153 1
9155 1
9157 1
9158 1
9160 1
9162 1
9163 1
9166 1
9168 1
9174 2
9175 1
9179 2
9180 1
9183 1
9184 1
9188 1
9189 1
9194 1
9196 1
9200 2
9202 1
9205 1
9206 1
9208 1
9211 1
9213 2
9214 1
9215 1
9216 2
9217 1
9218 1
9219 1
9227 1
9232 2
9235 2
9236 1
9244 2
9245 1
9250 1
9251 1
9255 1
9256 1
9257 2
9259 1
9260 1
9265 2
9266 1
9269 1
9273 1
9277 2
9278 2
9279 1
9281 3
9282 2
9283 1
9284 1
9285 2
9289 1
9292 2
9294 2
9296 1
9298 1
9300 2
9301 1
9304 2
9307 1
9308 1
9312 1
9315 3
9317 1
9319 1
9321 1
9323 1
9325 1
9327 1
9328 1
9331 1
9332 1
9334 1
9335 1
9336 1
9337 1
9342 2
9344 1
9346 1
9347 2
9349 1
9351 1
9353 1
9355 1
9356 1
9357 1
9358 2
9361 1
9362 1
9368 1
9369 2
9371 1
9372 2
9373 1
9377 1
9378 1
9380 1
9384 2
9389 1
9392 1
9397 1
9398 1
9399 1
9404 1
9405 1
9406 2
9415 1
9416 1
9418 2
9419 2
9421 1
9422 3
9423 1
9425 1
9430 1
9433 1
9434 1
9435 2
9436 1
9437 1
9441 1
9444 1
9445 1
9449 2
9453 1
9454 1
9456 1
9457 1
9458 1
9462 1
9463 1
9468 1
9471 1
9472 1
9474 1
9476 2
9478 2
9480 1
9481 1
9482 2
9483 2
9484 1
9485 1
9486 1
9488 2
9490 1
9494 1
9495 1
9497 1
9499 3
9501 2
9502 1
9503 1
9504 1
9505 2
9508 1
9509 1
9510 2
9513 1
9514 1
9515 1
9518 1
9519 1
9521 1
9522 1
9524 2
9525 1
9531 1
9532 1
9533 1
9534 1
9539 1
9540 1
9543 1
9545 1
9547 1
9549 1
9551 1
9552 1
9555 1
9556 2
9558 2
9559 2
9560 1
9563 1
9565 1
9570 1
9571 1
9573 1
9574 1
9575 1
9576 1
9577 1
9578 1
9583 1
9585 1
9586 1
9589 1
9590 2
9592 1
9594 1
9597 1
9599 1
9602 1
9603 1
9604 1
9609 2
9614 1
9615 1
9616 1
9620 1
9622 1
9623 2
9624 1
9625 1
9626 1
9631 1
9632 1
9635 1
9636 4
9638 1
9640 2
9642 3
9643 2
9645 1
9647 2
9650 2
9654 1
9655 1
9656 1
9658 2
9659 2
9662 1
9663 2
9666 1
9672 1
9673 1
9674 1
9675 1
9677 1
9679 2
9681 2
9684 1
9686 2
9688 1
9691 1
9692 3
9693 2
9696 1
9697 1
9700 2
9702 3
9704 1
9705 1
9706 2
9709 1
9711 1
9713 1
9715 1
9716 1
9719 1
9720 1
9723 2
9724 1
9726 1
9727 1
9730 3
9736 2
9737 1
9743 1
9748 1
9749 1
9750 1
9752 1
9756 1
9757 3
9759 1
9761 1
9762 2
9763 1
9764 1
9769 1
9771 1
9773 2
9774 1
9776 1
9777 2
9779 1
9781 1
9783 1
9784 2
9787 1
9789 1
9791 1
9793 1
9795 2
9796 2
9798 1
9799 1
9800 2
9802 1
9803 1
9805 1
9807 2
9812 1
9816 1
9817 1
9823 1
9825 1
9826 2
9827 1
9832 1
9833 1
9834 2
9837 2
9839 2
9841 2
9842 1
9843 1
9847 1
9848 2
9850 1
9851 1
9852 1
9857 2
9859 2
9860 1
9861 1
9863 1
9864 3
9865 1
9866 1
9867 1
9868 1
9869 1
9876 2
9877 1
9878 2
9879 1
9880 1
9883 1
9884 1
9889 2
9891 1
9893 1
9895 1
9897 2
9898 2
9900 1
9903 2
9905 1
9907 1
9909 1
9910 2
9914 3
9915 1
9916 1
9917 2
9920 1
9922 2
9923 1
9924 3
9925 1
9926 1
9928 2
9929 1
9933 1
9937 2
9940 1
9941 2
9944 1
9946 2
9947 1
9948 1
9950 1
9951 1
9952 1
9953 1
9955 1
9956 1
9958 1
9960 2
9964 1
9967 2
9971 1
9974 1
9975 1
9978 2
9980 3
9982 1
9984 1
9987 2
9988 1
9989 1
9990 1
9991 1
9992 1
9994 2
9995 1
9997 1
9998 1
9999 1
10000 2
10001 3
10002 1
10004 2
10005 3
10010 1
10017 3
10018 1
10021 1
10024 1
10026 1
10028 1
10030 1
10032 1
10037 2
10038 2
10039 1
10043 1
10044 2
10045 1
10046 1
10048 1
10050 2
10051 2
10053 1
10054 1
10055 1
10056 1
10058 1
10060 1
10062 1
10063 1
10064 1
10065 2
10066 1
10067 3
10068 1
10069 1
10070 1
10071 1
10073 2
10077 1
10078 1
10081 3
10082 2
10085 1
10092 1
10094 1
10100 1
10101 1
10106 1
10108 1
10111 1
10113 2
10115 3
10116 2
10117 2
10119 1
10120 1
10121 1
10122 1
10124 1
10125 1
10126 1
10127 1
10130 1
10131 2
10133 1
10136 1
10138 2
10139 1
10141 1
10142 3
10143 1
10144 2
10145 1
10146 1
10147 1
10149 1
10151 2
10153 1
10157 1
10158 3
10161 1
10163 2
10165 2
10167 1
10168 1
10171 1
10172 3
10177 1
10181 1
10182 1
10184 1
10185 1
10186 1
10188 1
10190 1
10191 1
10192 3
10194 1
10196 2
10197 2
10198 1
10199 2
10202 1
10203 1
10206 2
10207 1
10208 1
10210 1
10215 2
10218 2
10219 1
10221 1
10222 3
10223 3
10226 1
10227 1
10229 1
10237 1
10238 1
10241 1
10242 3
10245 2
10246 1
10247 1
10248 1
10249 1
10252 1
10253 1
10254 2
10256 1
10257 1
10259 1
10263 1
10265 1
10266 2
10268 3
10269 1
10270 1
10272 3
10274 1
10275 2
10276 1
10278 1
10279 3
10282 1
10283 1
10284 1
10287 1
10291 1
10295 2
10298 1
10299 1
10303 1
10304 2
10305 1
10306 1
10309 1
10312 2
10313 1
10314 1
10318 3
10319 1
10322 2
10325 3
10327 1
10329 2
10331 1
10335 1
10337 1
10338 1
10339 2
10340 1
10341 1
10342 1
10343 1
10344 1
10345 2
10346 2
10347 1
10348 1
10349 2
10352 2
10355 1
10356 2
10357 1
10359 3
10360 1
10361 1
10363 1
10364 1
10366 1
10368 3
10370 1
10372 1
10373 1
10375 1
10378 1
10379 1
10383 2
10385 1
10387 1
10389 2
10393 1
10395 2
10397 1
10399 2
10400 1
10401 1
10402 1
10403 1
10405 1
10407 1
10409 1
10411 1
10416 2
10419 1
10420 2
10422 1
10423 1
10424 2
10425 2
10426 2
10428 2
10430 1
10431 1
10432 2
10435 1
10439 1
10440 1
10443 1
10444 2
10445 1
10446 2
10447 2
10450 2
10459 2
10460 1
10466 2
10468 1
10470 1
10471 2
10472 1
10473 1
10474 1
10475 2
10480 2
10481 2
10482 1
10485 1
10488 1
10490 1
10492 1
10493 2
10496 4
10497 2
10498 2
10499 1
10500 2
10501 1
10502 1
10504 2
10507 2
10509 3
10512 1
10513 1
10514 1
10516 2
10520 1
10521 1
10523 2
10524 1
10525 1
10526 2
10527 1
10528 1
10530 3
10531 1
10532 1
10534 1
10536 1
10540 1
10541 1
10542 2
10543 2
10544 1
10546 2
10547 1
10548 1
10549 1
10551 1
10552 1
10553 1
10557 2
10558 1
10561 2
10562 2
10565 2
10567 1
10568 1
10569 1
10571 1
10573 3
10576 1
10577 1
10578 1
10580 1
10581 1
10583 1
10584 2
10586 2
10587 3
10592 1
10595 1
10596 1
10600 3
10603 1
10604 2
10607 1
10609 1
10611 1
10612 2
10613 1
10614 1
10619 1
10620 1
10621 1
10622 1
10623 3
10624 1
10627 1
10628 1
10630 1
10631 1
10633 2
10634 2
10635 1
10637 2
10638 2
10642 1
10645 2
10646 2
10647 2
10648 1
10649 1
10650 1
10651 1
10653 1
10657 1
10660 2
10662 1
10664 2
10665 1
10666 1
10667 1
10669 2
10672 1
10673 1
10677 1
10678 1
10680 1
10683 2
10685 2
10687 2
10689 2
10691 2
10693 2
10694 1
10696 1
10697 2
10698 1
10699 2
10700 1
10701 2
10702 1
10703 1
10704 1
10705 1
10710 3
10712 1
10714 3
10715 2
10716 2
10717 1
10718 1
10719 2
10721 2
10724 1
10725 2
10726 2
10727 1
10728 1
10729 1
10730 1
10733 1
10736 1
10740 2
10745 1
10746 1
10747 2
10748 1
10749 2
10752 1
10754 1
10755 1
10758 1
10760 2
10764 2
10765 1
10766 1
10767 2
10768 1
10770 1
10771 1
10774 4
10778 2
10779 2
10781 1
10783 1
10784 1
10785 1
10787 2
10788 1
10789 1
10790 1
10793 1
10798 1
10801 3
10804 2
10805 3
10806 1
10808 1
10809 1
10810 1
10812 1
10814 1
10817 1
10818 1
10820 2
10822 1
10824 2
10825 2
10826 1
10827 1
10829 1
10830 1
10831 2
10834 1
10835 1
10836 2
10837 1
10838 2
10839 1
10840 2
10842 1
10845 1
10847 3
10848 1
10849 1
10850 1
10851 4
10852 1
10853 1
10854 1
10855 1
10856 1
10857 1
10858 2
10861 1
10862 2
10865 2
10866 1
10867 2
10869 2
10870 1
10871 1
10873 1
10874 1
10875 1
10878 1
10879 1
10881 2
10882 1
10886 2
10888 3
10889 1
10890 1
10892 1
10894 1
10895 1
10900 1
10901 1
10902 2
10905 2
10906 1
10907 2
10908 1
10911 2
10913 1
10915 2
10917 2
10919 1
10920 2
10922 2
10923 1
10924 1
10925 1
10926 1
10927 1
10930 1
10931 1
10932 1
10934 1
10938 3
10939 1
10941 1
10942 1
10943 1
10945 2
10946 2
10951 2
10952 1
10955 1
10958 1
10961 1
10962 1
10963 1
10965 2
10966 1
10967 2
10968 2
10970 1
10971 2
10972 3
10974 1
10975 1
10977 3
10979 1
10980 1
10982 2
10984 1
10985 1
10986 1
10988 4
10990 2
10991 1
10992 2
10993 1
10994 1
10996 1
11001 1
11002 1
11003 1
11004 2
11005 1
11006 1
11007 1
11009 1
11010 1
11011 1
11013 1
11014 1
11015 3
11018 1
11021 1
11022 2
11023 2
11026 1
11027 1
11028 1
11031 1
11032 1
11035 1
11041 2
11042 1
11043 1
11046 1
11047 1
11048 3
11052 1
11053 1
11054 2
11055 1
11056 2
11057 1
11059 1
11060 2
11062 1
11063 2
11064 1
11065 1
11066 2
11068 2
11070 2
11072 2
11074 2
11075 1
11079 2
11080 2
11083 2
11084 1
11087 2
11091 3
11092 1
11093 2
11095 1
11098 1
11103 1
11104 2
11105 1
11106 1
11108 1
11109 1
11111 1
11112 1
11113 2
11116 1
11118 2
11123 1
11124 1
11125 3
11126 2
11127 1
11129 3
11130 2
11132 1
11133 2
11135 1
11136 1
11137 1
11139 2
11140 2
11141 2
11142 1
11143 2
11144 2
11145 1
11146 1
11148 1
11152 2
11155 1
11156 1
11157 1
11159 1
11160 1
11161 1
11162 1
11163 2
11164 2
11166 1
11167 1
11168 3
11169 2
11170 1
11171 1
11173 1
11175 1
11179 1
11180 1
11181 1
11182 1
11183 1
11185 1
11187 1
11189 4
11190 1
11191 2
11193 2
11194 2
11195 3
11196 1
11197 1
11199 1
11201 1
11204 1
11205 2
11206 3
11207 1
11208 1
11209 1
11210 3
11212 1
11213 1
11214 1
11215 1
11216 2
11217 1
11219 3
11220 3
11221 1
11225 1
11226 1
11232 3
11233 1
11235 1
11237 2
11239 2
11244 1
11246 2
11247 2
11248 1
11249 1
11251 1
11252 1
11253 1
11254 1
11257 1
11259 1
11260 1
11262 1
11263 1
11265 1
11266 2
11267 1
11269 2
11270 1
11271 2
11273 1
11275 1
11276 1
11278 1
11280 1
11281 1
11282 4
11283 1
11284 1
11285 2
11289 2
11290 2
11292 1
11296 3
11297 2
11301 2
11306 1
11309 2
11310 1
11313 1
11316 1
11320 1
11321 1
11322 2
11324 1
11326 2
11328 2
11329 1
11330 3
11331 3
11332 2
11334 1
11335 2
11336 1
11337 1
11339 1
11340 1
11341 1
11342 1
11343 1
11345 1
11346 3
11347 3
11348 1
11349 1
11351 1
11352 1
11353 2
11356 1
11358 2
11359 1
11361 2
11362 2
11363 1
11365 2
11367 2
11368 1
11369 1
11372 2
11373 2
11374 1
11378 1
11380 2
11381 1
11383 1
11386 1
11388 2
11390 1
11392 2
11395 1
11396 1
11397 1
11400 1
11401 1
11403 2
11404 1
11406 1
11407 2
11408 1
11409 1
11410 1
11411 3
11412 2
11413 2
11416 1
11417 1
11418 1
11421 1
11422 2
11423 1
11424 1
11425 1
11427 1
11430 1
11433 2
11434 1
11435 1
11436 1
11437 2
11438 3
11441 1
11442 1
11445 1
11447 1
11449 1
11450 1
11452 1
11453 1
11454 1
11455 1
11456 1
11457 1
11460 2
11461 1
11462 1
11463 1
11464 1
11467 1
11468 1
11469 1
11470 1
11471 1
11472 1
11473 1
11474 1
11477 1
11481 1
11483 3
11484 3
11485 2
11487 2
11488 3
11490 1
11491 1
11493 2
11494 3
11495 1
11498 2
11499 1
11502 1
11503 1
11504 1
11506 1
11507 1
11509 1
11510 2
11512 1
11513 1
11514 3
11518 1
11521 2
11522 1
11523 1
11525 1
11527 2
11529 1
11533 2
11534 2
11536 1
11537 1
11538 1
11539 1
11540 3
11541 1
11543 1
11544 1
11545 2
11548 2
11549 1
11550 2
11551 1
11552 1
11553 1
11554 3
11559 1
11561 1
11562 1
11564 2
11565 2
11566 1
11567 1
11568 2
11570 2
11571 1
11572 1
11574 2
11575 2
11577 1
11578 2
11579 1
11581 1
11583 2
11584 1
11587 1
11588 1
11589 1
11590 1
11591 1
11593 1
11595 1
11596 2
11598 1
11600 1
11604 2
11605 3
11606 1
11608 1
11609 1
11610 3
11611 1
11612 1
11614 3
11615 1
11617 1
11619 1
11620 2
11621 1
11622 1
11625 2
11627 1
11628 1
11630 1
11631 2
11633 2
11634 2
11635 1
11636 1
11637 1
11638 2
11639 2
11640 2
11641 1
11642 1
11644 2
11646 1
11647 3
11648 2
11650 1
11655 3
11657 1
11658 1
11659 1
11660 1
11661 2
11663 1
11664 1
11666 1
11669 1
11671 1
11674 2
11675 2
11677 1
11680 2
11682 1
11685 2
11686 2
11687 2
11688 1
11689 1
11690 3
11691 2
11695 1
11696 2
11699 1
11700 1
11703 1
11705 2
11707 2
11708 1
11709 1
11711 4
11712 2
11713 1
11714 2
11715 1
11716 2
11717 1
11719 1
11724 2
11725 2
11726 1
11727 2
11728 1
11729 1
11731 1
11732 1
11736 1
11737 1
11738 1
11739 1
11741 2
11743 2
11745 1
11746 3
11748 1
11751 1
11752 1
11753 1
11755 2
11757 1
11758 1
11759 1
11761 3
11762 2
11765 1
11767 1
11768 2
11770 1
11771 1
11772 1
11773 1
11774 1
11776 2
11777 1
11778 1
11780 1
11782 1
11784 3
11788 3
11789 3
11791 1
11792 3
11793 1
11794 1
11795 1
11796 1
11798 1
11799 1
11801 3
11803 2
11805 1
11807 1
11808 1
11811 3
11812 1
11813 1
11815 2
11817 1
11818 1
11819 1
11822 1
11823 1
11826 2
11828 3
11829 1
11830 1
11831 1
11832 1
11834 1
11835 2
11837 1
11838 2
11839 1
11842 2
11843 1
11844 1
11845 1
11846 1
11847 1
11848 2
11849 2
11851 1
11853 4
11855 1
11856 1
11858 2
11860 2
11862 2
11864 2
11865 1
11866 1
11867 1
11868 1
11869 1
11872 1
11874 1
11875 1
11876 1
11878 1
11879 1
11880 2
11882 1
11885 1
11887 1
11888 1
11889 1
11891 1
11892 1
11893 1
11894 1
11895 1
11898 2
11899 1
11902 1
11903 2
11904 1
11905 1
11906 1
11908 2
11909 1
11910 1
11912 3
11913 2
11914 1
11915 1
11916 1
11917 2
11919 1
11925 3
11926 1
11929 3
11930 4
11932 2
11933 3
11934 2
11935 1
11936 1
11939 1
11940 1
11941 1
11942 1
11944 1
11945 1
11946 1
11949 1
11952 1
11954 2
11955 1
11956 2
11958 1
11961 1
11962 1
11963 2
11964 3
11965 1
11967 1
11968 1
11969 1
11970 1
11973 1
11974 1
11975 2
11976 1
11977 1
11979 3
11981 1
11982 1
11983 2
11985 2
11986 1
11987 1
11988 1
11989 4
11990 2
11991 2
11992 1
11993 3
11994 2
11995 1
11999 1
12001 1
12004 1
12006 2
12008 1
12010 1
12011 1
12012 1
12013 2
12015 2
12016 2
12017 1
12019 2
12020 3
12021 1
12025 1
12029 2
12030 1
12031 1
12032 2
12033 1
12034 1
12035 2
12036 1
12038 1
12039 1
12040 3
12042 1
12043 1
12044 1
12045 3
12046 1
12047 1
12049 1
12050 1
12051 3
12053 1
12054 2
12056 3
12058 1
12059 1
12060 1
12061 1
12062 1
12063 2
12065 1
12066 3
12067 2
12069 2
12070 3
12071 2
12073 1
12075 2
12076 1
12080 1
12081 1
12082 1
12084 1
12085 1
12086 1
12087 1
12089 2
12090 3
12094 1
12095 1
12096 2
12097 2
12100 1
12101 2
12103 1
12104 1
12106 1
12109 1
12110 1
12112 1
12114 2
12115 1
12116 2
12117 2
12118 1
12120 3
12123 2
12126 1
12127 2
12128 1
12130 1
12131 2
12132 1
12133 2
12134 2
12135 1
12136 2
12137 2
12139 1
12142 2
12143 1
12146 1
12147 3
12150 1
12151 1
12152 1
12153 3
12154 2
12156 2
12157 1
12160 1
12161 4
12166 2
12167 1
12169 1
12170 2
12172 1
12174 1
12177 1
12178 1
12179 2
12180 1
12181 1
12182 2
12183 1
12184 1
12186 3
12187 1
12188 2
12190 2
12192 2
12193 2
12194 1
12195 2
12197 2
12199 1
12202 1
12203 3
12204 2
12206 1
12207 2
12208 1
12209 1
12210 1
12211 2
12212 1
12213 2
12216 3
12217 1
12218 1
12220 2
12221 1
12222 1
12224 1
12226 1
12230 2
12231 1
12232 1
12233 1
12234 1
12235 1
12236 1
12237 3
12238 1
12241 2
12243 2
12247 2
12248 1
12249 1
12250 1
12253 1
12254 1
12256 1
12257 2
12259 2
12261 1
12262 1
12263 3
12264 1
12267 1
12268 3
12269 1
12270 1
12271 2
12272 2
12273 2
12274 1
12275 1
12276 1
12277 1
12278 1
12279 1
12280 1
12281 1
12282 1
12283 2
12285 1
12287 2
12288 1
12290 2
12291 1
12292 1
12293 1
12294 1
12295 3
12298 2
12300 1
12302 1
12306 2
12307 3
12309 1
12311 1
12313 1
12314 2
12316 1
12318 1
12319 2
12320 1
12321 1
12323 3
12327 1
12328 2
12333 1
12334 3
12335 1
12336 1
12337 1
12338 1
12339 1
12340 1
12341 1
12343 1
12344 2
12345 3
12346 1
12347 1
12348 3
12350 2
12352 2
12353 1
12354 1
12355 3
12356 1
12357 2
12358 1
12359 2
12361 1
12364 1
12368 1
12369 1
12370 1
12371 2
12372 1
12373 1
12375 3
12377 2
12378 1
12379 1
12382 1
12383 2
12384 2
12387 1
12389 2
12390 2
12391 1
12394 2
12395 1
12396 1
12398 3
12400 3
12402 2
12403 1
12404 4
12405 1
12406 1
12408 2
12409 3
12410 1
12411 1
12413 1
12414 2
12415 1
12416 2
12417 1
12419 1
12420 1
12421 4
12422 1
12424 1
12425 2
12426 2
12427 1
12428 3
12431 1
12432 2
12433 2
12434 2
12435 5
12436 1
12437 1
12440 1
12444 1
12446 1
12447 1
12448 2
12451 1
12452 1
12454 2
12455 2
12456 1
12457 1
12459 1
12460 2
12461 1
12462 1
12463 1
12464 1
12468 1
12469 2
12471 3
12474 1
12475 1
12476 1
12478 2
12481 2
12482 1
12485 2
12486 2
12487 1
12490 1
12491 2
12493 1
12495 1
12496 2
12497 1
12498 3
12499 1
12500 1
12501 1
12503 1
12505 2
12508 1
12510 1
12511 2
12512 4
12513 1
12515 2
12516 1
12517 1
12521 1
12524 2
12525 1
12528 2
12530 1
12531 1
12533 1
12535 2
12536 1
12537 4
12539 1
12541 2
12542 1
12543 1
12545 2
12546 2
12548 2
12549 2
12551 2
12553 1
12554 1
12555 2
12556 1
12557 1
12559 1
12560 1
12561 3
12562 4
12564 1
12565 1
12567 2
12569 2
12572 1
12573 1
12574 2
12575 1
12576 3
12578 3
12580 1
12582 1
12584 1
12588 1
12589 1
12592 1
12593 2
12595 2
12597 1
12599 1
12601 2
12602 1
12603 2
12605 1
12607 2
12611 1
12612 2
12613 1
12616 1
12617 1
12618 1
12620 1
12622 4
12624 2
12626 3
12627 3
12629 1
12631 3
12632 1
12633 1
12634 1
12636 1
12637 2
12638 2
12641 1
12642 1
12644 1
12648 1
12649 3
12651 1
12652 2
12653 3
12654 1
12656 1
12657 1
12658 3
12660 1
12662 1
12664 1
12665 1
12668 1
12669 2
12672 3
12673 1
12674 2
12676 2
12677 1
12678 2
12679 1
12682 2
12683 2
12685 1
12686 1
12687 1
12688 1
12692 1
12693 1
12695 1
12696 1
12697 1
12698 2
12699 3
12701 2
12702 2
12703 4
12704 1
12706 1
12708 1
12709 1
12710 2
12713 2
12714 2
12715 1
12717 2
12718 1
12719 1
12724 1
12726 2
12728 1
12729 4
12730 1
12733 2
12734 2
12736 1
12737 1
12738 2
12740 1
12742 2
12743 2
12748 3
12749 1
12752 2
12753 2
12755 2
12756 2
12758 2
12759 1
12760 2
12761 1
12763 2
12764 1
12765 3
12767 1
12768 2
12770 2
12771 1
12774 1
12775 1
12777 2
12779 5
12781 1
12782 1
12783 1
12784 1
12785 2
12786 2
12787 1
12790 3
12793 1
12794 2
12795 1
12798 3
12799 1
12802 1
12804 2
12805 1
12809 1
12811 1
12813 1
12814 1
12815 3
12816 1
12818 1
12819 1
12820 2
12823 2
12824 1
12825 3
12827 1
12828 1
12829 4
12830 1
12833 1
12834 1
12835 1
12836 3
12838 2
12839 1
12840 2
12841 1
12842 1
12843 1
12845 2
12849 1
12850 2
12851 1
12852 2
12853 1
12854 1
12855 1
12856 3
12857 2
12859 1
12861 1
12863 3
12868 1
12869 2
12870 3
12871 1
12872 1
12874 1
12875 2
12876 1
12877 2
12879 3
12881 1
12883 1
12884 1
12886 1
12889 2
12890 1
12891 1
12894 1
12895 1
12896 2
12898 1
12900 2
12901 1
12902 1
12903 2
12904 1
12905 2
12906 3
12908 1
12911 3
12912 2
12913 1
12914 1
12916 1
12918 2
12920 2
12921 1
12922 2
12923 1
12925 1
12926 1
12927 3
12930 3
12931 1
12933 1
12934 1
12935 2
12936 1
12939 3
12941 1
12942 1
12943 1
12950 1
12951 1
12952 1
12954 1
12955 2
12956 1
12957 3
12958 1
12959 1
12961 3
12966 2
12968 1
12970 1
12971 1
12972 1
12973 1
12974 1
12976 1
12977 3
12978 1
12980 1
12982 3
12983 1
12984 1
12985 1
12986 1
12988 1
12991 2
12992 2
12993 2
12999 1
13000 1
13001 1
13003 2
13004 2
13006 1
13007 3
13008 1
13009 1
13010 2
13011 1
13012 2
13014 1
13016 2
13017 2
13018 2
13020 1
13025 1
13027 2
13031 1
13032 2
13034 1
13035 1
13037 3
13038 1
13039 2
13041 2
13042 2
13043 2
13044 2
13045 1
13046 1
13049 1
13051 1
13053 3
13054 3
13055 1
13056 1
13057 2
13058 1
13059 2
13060 1
13062 1
13063 1
13064 1
13068 2
13069 2
13071 1
13072 1
13073 2
13075 1
13076 3
13078 2
13079 1
13080 1
13082 1
13083 1
13084 2
13087 2
13090 1
13092 1
13094 1
13095 2
13097 2
13098 1
13099 1
13103 1
13106 1
13107 1
13108 1
13111 2
13113 1
13114 2
13117 1
13118 1
13119 2
13121 1
13122 1
13123 3
13124 2
13127 1
13128 2
13129 1
13130 1
13131 1
13132 1
13133 1
13134 1
13138 1
13139 1
13140 1
13141 2
13143 1
13144 3
13145 2
13146 2
13148 2
13149 1
13153 1
13156 2
13157 2
13158 2
13159 1
13160 1
13164 1
13169 1
13171 3
13173 2
13176 1
13177 3
13178 2
13179 1
13180 3
13183 2
13184 1
13185 2
13188 1
13189 1
13190 1
13191 1
13194 4
13195 2
13196 3
13197 2
13198 2
13199 1
13200 2
13202 1
13203 1
13204 3
13205 2
13207 1
13208 2
13209 2
13210 3
13213 1
13215 1
13216 1
13219 1
13220 1
13221 4
13223 1
13225 1
13226 2
13227 1
13228 2
13229 1
13230 1
13232 1
13234 1
13235 1
13236 2
13237 1
13238 1
13240 3
13244 1
13247 2
13249 1
13250 1
13251 1
13254 1
13255 2
13256 2
13257 1
13258 2
13259 1
13260 4
13261 2
13264 1
13265 2
13266 1
13267 1
13269 2
13270 1
13271 2
13274 1
13275 2
13276 1
13277 2
13278 1
13279 1
13280 1
13281 2
13282 1
13284 1
13285 4
13286 1
13289 1
13290 1
13292 1
13294 1
13296 1
13298 2
13299 1
13300 1
13301 1
13303 1
13304 1
13305 1
13306 1
13309 1
13310 1
13312 3
13315 1
13316 1
13317 2
13318 1
13319 2
13320 1
13321 2
13324 1
13325 2
13326 1
13329 1
13330 1
13331 3
13332 1
13333 2
13335 2
13336 3
13341 1
13342 3
13344 1
13345 2
13346 2
13347 2
13348 1
13349 2
13350 1
13351 3
13353 1
13355 1
13357 1
13358 3
13360 1
13361 1
13362 3
13363 1
13366 1
13368 1
13369 2
13372 1
13375 1
13376 2
13377 1
13378 1
13381 2
13382 2
13385 1
13386 1
13391 2
13392 1
13393 2
13395 2
13396 1
13397 3
13398 1
13399 2
13400 1
13401 2
13402 2
13403 1
13405 1
13406 1
13407 1
13410 1
13411 1
13412 1
13413 2
13414 1
13416 1
13418 2
13419 1
13421 1
13422 2
13424 1
13425 2
13426 2
13427 2
13428 1
13431 3
13432 1
13433 1
13434 1
13435 1
13436 1
13437 1
13438 1
13441 1
13443 1
13444 1
13445 2
13447 1
13448 1
13451 1
13452 3
13453 2
13454 1
13456 1
13457 1
13458 1
13459 1
13462 2
13463 1
13466 1
13470 1
13472 4
13474 1
13476 1
13477 2
13478 2
13479 3
13481 1
13482 2
13483 2
13484 1
13485 1
13486 2
13487 2
13488 2
13490 1
13491 1
13493 1
13495 2
13496 1
13497 1
13499 3
13501 1
13502 2
13503 2
13504 1
13505 1
13506 1
13507 1
13508 1
13512 1
13514 1
13515 1
13517 1
13518 1
13521 1
13522 3
13523 1
13524 2
13525 1
13526 1
13528 1
13529 2
13532 1
13533 1
13534 2
13535 1
13536 2
13537 1
13538 1
13539 2
13542 1
13546 2
13548 2
13549 1
13552 2
13554 2
13555 2
13556 1
13558 1
13559 3
13560 1
13562 1
13563 1
13564 2
13565 2
13566 1
13567 2
13568 1
13569 1
13571 2
13573 2
13574 1
13575 1
13577 1
13578 1
13579 2
13581 1
13583 1
13584 1
13585 1
13586 1
13591 1
13592 1
13593 1
13594 1
13598 4
13599 1
13600 1
13602 2
13603 1
13605 1
13609 2
13610 1
13611 2
13613 1
13615 2
13616 1
13617 1
13618 1
13619 2
13620 3
13621 1
13622 1
13623 1
13624 2
13625 1
13626 1
13627 1
13628 1
13629 2
13630 1
13632 1
13635 1
13636 4
13637 3
13640 2
13641 3
13643 1
13644 2
13647 1
13648 1
13649 1
13650 3
13651 2
13652 1
13653 1
13655 1
13656 1
13659 1
13661 1
13663 2
13665 2
13666 1
13667 1
13668 1
13669 1
13670 2
13673 1
13675 3
13677 2
13678 1
13679 3
13680 2
13683 1
13686 2
13689 1
13690 2
13691 1
13692 1
13693 1
13694 1
13697 1
13699 2
13700 4
13701 1
13702 2
13705 1
13706 3
13707 1
13708 1
13710 1
13712 1
13713 1
13715 1
13716 1
13717 1
13719 2
13720 1
13721 2
13724 1
13725 1
13726 2
13727 3
13728 1
13730 2
13736 1
13737 1
13739 2
13740 1
13743 2
13744 1
13746 2
13748 1
13750 2
13751 2
13752 1
13753 1
13755 1
13756 1
13757 1
13760 1
13761 2
13762 2
13763 1
13764 1
13765 1
13766 1
13767 1
13768 1
13770 1
13771 1
13772 1
13776 2
13777 3
13778 2
13780 2
13782 3
13783 1
13784 1
13787 1
13789 2
13791 1
13792 1
13793 2
13794 1
13796 1
13800 1
13801 1
13802 1
13803 1
13806 1
13807 1
13810 1
13811 2
13812 2
13814 1
13816 2
13820 1
13821 1
13823 1
13825 1
13826 1
13827 2
13828 1
13831 2
13832 1
13833 2
13834 1
13837 3
13838 2
13839 2
13840 1
13841 2
13842 3
13843 1
13846 1
13847 2
13848 1
13852 1
13853 3
13854 1
13856 1
13857 1
13858 2
13863 2
13864 3
13866 1
13867 3
13868 1
13869 1
13872 2
13873 1
13876 1
13878 1
13880 2
13881 1
13883 2
13884 1
13885 1
13887 1
13889 1
13891 2
13892 1
13893 1
13894 1
13897 2
13899 1
13901 1
13902 1
13903 2
13904 1
13906 1
13907 1
13908 2
13911 1
13913 2
13914 2
13915 1
13917 2
13918 3
13919 1
13922 1
13923 2
13924 2
13927 1
13928 1
13929 2
13932 1
13933 2
13935 1
13937 1
13940 1
13942 1
13944 3
13945 2
13947 1
13948 1
13949 3
13952 1
13953 1
13954 1
13957 2
13958 1
13960 1
13961 1
13963 2
13964 2
13965 1
13966 1
13967 2
13968 1
13969 2
13971 2
13973 2
13974 2
13975 1
13976 1
13979 3
13980 1
13981 2
13982 1
13983 1
13984 2
13985 2
13988 1
13992 1
13994 5
13995 2
13996 1
13998 2
13999 2
14001 2
14002 1
14004 1
14005 2
14007 1
14009 3
14010 1
14014 1
14017 1
14018 1
14020 1
14021 1
14024 1
14025 2
14026 1
14027 1
14028 1
14029 1
14030 1
14032 1
14034 3
14035 1
14036 1
14038 2
14041 2
14043 1
14044 2
14045 2
14047 1
14050 2
14051 2
14052 1
14054 2
14056 1
14058 1
14059 3
14061 2
14063 1
14064 1
14065 2
14068 2
14069 1
14070 1
14072 1
14073 1
14077 1
14078 2
14079 1
14080 1
14081 1
14084 1
14085 1
14086 3
14088 1
14089 1
14090 3
14092 1
14094 2
14095 1
14098 1
14100 2
14101 1
14102 2
14104 1
14105 1
14106 1
14107 3
14109 1
14110 1
14111 2
14114 1
14115 2
14116 2
14117 1
14118 1
14119 1
14120 4
14121 3
14122 1
14123 1
14125 1
14126 1
14127 1
14128 1
14130 1
14131 1
14133 2
14135 1
14136 1
14138 2
14139 1
14140 1
14141 1
14142 3
14144 1
14145 3
14146 1
14147 1
14148 1
14149 2
14150 2
14151 1
14155 2
14157 1
14158 1
14159 1
14166 1
14167 1
14168 1
14169 1
14170 1
14171 1
14172 2
14176 1
14182 1
14183 1
14185 1
14186 2
14187 1
14191 2
14192 1
14193 1
14195 1
14197 2
14198 2
14199 1
14200 1
14201 1
14202 1
14203 1
14206 1
14207 2
14214 2
14216 1
14218 1
14219 2
14220 1
14221 2
14222 3
14223 3
14225 3
14226 1
14227 1
14231 2
14232 1
14235 1
14241 1
14242 1
14243 1
14246 1
14247 2
14248 3
14250 1
14252 3
14253 1
14254 1
14256 1
14257 3
14259 1
14260 1
14262 2
14264 2
14265 1
14266 1
14268 1
14269 1
14270 1
14271 1
14272 2
14273 2
14276 1
14279 1
14281 2
14283 1
14284 2
14285 1
14287 1
14289 2
14291 1
14293 2
14295 2
14299 1
14300 1
14302 2
14303 1
14304 1
14306 1
14307 1
14308 2
14309 1
14310 1
14312 2
14318 2
14319 1
14322 2
14323 2
14324 1
14326 1
14328 1
14329 2
14333 2
14334 3
14335 1
14336 1
14337 1
14338 1
14339 2
14340 2
14342 2
14343 2
14345 2
14346 2
14348 1
14349 1
14350 1
14353 1
14354 1
14355 1
14356 1
14359 2
14360 3
14362 1
14364 2
14367 1
14369 1
14371 1
14372 1
14373 2
14375 1
14376 1
14384 1
14385 2
14386 2
14387 1
14388 1
14389 2
14392 1
14393 1
14394 1
14396 1
14399 2
14403 1
14404 1
14405 2
14406 1
14409 3
14410 3
14412 1
14413 1
14414 1
14415 2
14416 1
14417 1
14419 2
14420 2
14421 1
14422 1
14423 3
14424 3
14426 1
14428 1
14430 1
14435 1
14436 3
14437 1
14440 1
14441 3
14443 2
14444 2
14445 1
14446 1
14449 2
14450 2
14451 2
14453 1
14455 1
14459 2
14460 1
14461 1
14463 2
14465 2
14467 1
14468 1
14469 2
14470 2
14471 1
14472 1
14473 1
14474 2
14475 3
14476 1
14477 1
14479 2
14480 1
14481 1
14484 1
14485 1
14486 3
14487 1
14488 1
14490 3
14491 1
14492 1
14494 1
14496 2
14497 1
14499 2
14500 3
14501 3
14502 1
14504 1
14505 1
14506 2
14511 1
14513 1
14515 2
14517 1
14519 1
14520 1
14521 1
14522 1
14524 1
14526 2
14527 1
14528 1
14529 1
14530 1
14531 3
14533 1
14539 1
14540 3
14542 1
14543 1
14545 2
14546 1
14547 1
14549 2
14550 1
14551 4
14556 3
14557 1
14558 1
14560 2
14561 1
14562 2
14564 1
14565 2
14567 2
14570 1
14572 2
14574 1
14576 1
14577 2
14578 1
14581 2
14582 1
14584 1
14586 2
14589 1
14590 1
14591 2
14592 1
14596 1
14597 1
14600 2
14601 2
14606 2
14607 1
14608 2
14609 1
14610 2
14611 1
14612 3
14615 2
14616 1
14617 2
14620 1
14621 1
14622 1
14623 2
14625 2
14626 1
14627 2
14628 1
14629 1
14631 1
14634 2
14637 2
14638 1
14639 1
14641 2
14642 3
14643 1
14644 1
14646 1
14647 2
14648 1
14650 1
14652 1
14653 1
14660 1
14661 2
14662 1
14663 1
14664 1
14666 1
14667 1
14668 2
14671 1
14672 2
14673 1
14677 2
14678 1
14681 1
14683 1
14687 1
14688 1
14689 2
14690 2
14691 1
14692 2
14693 4
14697 2
14698 1
14699 1
14701 1
14702 2
14703 1
14704 2
14705 1
14713 1
14717 2
14718 2
14720 1
14721 1
14723 2
14724 1
14727 2
14729 1
14730 1
14731 1
14732 1
14735 1
14736 1
14737 1
14741 1
14743 2
14744 2
14745 1
14746 1
14747 1
14748 2
14749 1
14751 2
14754 3
14757 1
14758 1
14760 1
14761 1
14763 2
14764 2
14765 1
14767 2
14768 2
14770 2
14771 1
14773 1
14774 2
14775 2
14776 1
14778 2
14779 1
14780 1
14781 1
14782 2
14783 2
14785 1
14786 1
14787 2
14788 1
14789 1
14790 1
14792 1
14793 1
14794 2
14798 1
14799 1
14801 1
14802 1
14803 1
14804 1
14806 1
14807 1
14809 1
14813 2
14814 2
14817 1
14818 2
14819 1
14820 1
14821 1
14824 2
14825 1
14826 1
14829 1
14830 3
14831 1
14832 1
14834 3
14835 1
14838 1
14839 1
14841 1
14844 1
14845 2
14846 1
14850 1
14851 2
14852 1
14855 1
14856 1
14857 2
14858 1
14859 3
14863 1
14864 2
14865 2
14866 2
14867 1
14868 1
14875 1
14876 1
14880 2
14882 1
14884 2
14885 1
14886 2
14888 1
14889 1
14890 2
14891 1
14892 1
14893 1
14894 3
14895 1
14899 1
14900 1
14901 2
14902 2
14905 2
14907 2
14908 1
14909 2
14911 1
14913 1
14914 2
14915 3
14916 1
14920 2
14921 2
14924 1
14926 1
14927 1
14928 1
14930 1
14932 2
14933 1
14935 1
14937 1
14939 1
14940 1
14942 1
14943 2
14944 1
14945 1
14946 2
14947 1
14951 1
14954 1
14955 1
14957 1
14958 1
14959 1
14961 1
14962 1
14965 2
14966 2
14967 2
14970 1
14971 3
14972 1
14976 1
14979 1
14980 2
14981 1
14982 1
14985 1
14986 1
14987 1
14991 2
14992 3
14993 1
14996 1
14997 1
14998 1
15001 1
15005 1
15007 2
15008 1
15009 1
15019 1
15021 2
15023 1
15025 1
15026 1
15028 2
15031 1
15032 2
15035 2
15041 2
15042 2
15043 1
15044 1
15046 1
15047 1
15048 3
15052 2
15053 2
15054 1
15056 2
15057 1
15062 3
15064 1
15067 1
15068 1
15069 1
15071 1
15072 1
15073 2
15078 2
15079 1
15080 1
15081 1
15083 2
15085 1
15087 2
15088 1
15089 1
15091 1
15093 1
15095 1
15102 2
15103 1
15104 2
15106 1
15107 1
15108 1
15110 1
15111 1
15112 2
15113 2
15114 1
15117 1
15118 3
15122 2
15123 1
15124 1
15127 1
15128 2
15129 3
15131 2
15132 1
15133 2
15134 1
15138 2
15140 1
15142 2
15144 2
15145 2
15147 1
15148 2
15149 1
15158 1
15159 2
15160 2
15162 1
15163 1
15164 1
15165 1
15167 1
15168 1
15169 2
15172 2
15173 2
15175 1
15178 1
15179 1
15183 4
15184 1
15188 2
15189 1
15192 1
15193 1
15194 2
15196 1
15197 1
15198 1
15199 2
15209 2
15210 4
15212 1
15213 1
15214 2
15215 2
15217 1
15224 2
15225 2
15226 1
15228 1
15234 1
15235 1
15239 1
15240 2
15241 1
15243 1
15244 2
15245 2
15246 1
15247 1
15248 1
15249 2
15250 1
15251 1
15253 2
15254 2
15255 1
15257 1
15259 4
15263 1
15265 1
15266 3
15267 1
15269 1
15270 1
15271 1
15272 1
15273 1
15274 2
15276 1
15279 1
15281 1
15282 1
15284 1
15286 1
15288 1
15290 2
15291 1
15293 2
15295 1
15296 1
15299 2
15300 1
15301 2
15305 2
15309 3
15310 1
15314 1
15315 2
15316 1
15320 2
15322 1
15324 1
15325 1
15326 1
15327 1
15329 2
15330 1
15331 1
15333 2
15334 1
15335 1
15336 3
15338 1
15339 1
15340 1
15343 1
15344 1
15345 1
15346 1
15347 1
15349 1
15350 1
15351 2
15352 1
15354 1
15355 1
15356 2
15360 1
15361 2
15363 1
15364 1
15365 1
15366 1
15367 1
15369 1
15370 1
15372 2
15374 1
15379 1
15380 2
15381 1
15386 2
15387 1
15388 1
15394 1
15397 1
15400 2
15402 1
15403 1
15406 1
15407 1
15410 1
15411 1
15412 1
15413 2
15414 2
15415 1
15416 2
15417 1
15422 2
15423 1
15429 1
15430 1
15431 1
15432 2
15433 1
15434 1
15436 2
15437 2
15438 1
15441 3
15446 1
15447 1
15450 2
15462 2
15463 1
15466 1
15467 1
15468 2
15470 1
15472 2
15473 1
15475 1
15477 2
15479 1
15483 2
15484 1
15485 1
15486 1
15487 2
15488 1
15489 1
15491 1
15493 1
15496 1
15499 1
15500 1
15502 1
15504 1
15510 1
15511 1
15512 1
15513 1
15514 1
15517 1
15518 2
15521 1
15523 3
15525 1
15527 1
15528 1
15529 1
15537 1
15538 1
15539 1
15542 1
15543 1
15545 1
15548 2
15549 2
15550 2
15551 1
15552 1
15553 2
15554 2
15555 2
15557 2
15558 1
15560 1
15562 1
15564 1
15565 1
15567 1
15569 1
15570 1
15573 1
15574 1
15575 2
15580 1
15582 1
15583 1
15584 1
15586 1
15587 2
15588 1
15589 1
15594 1
15598 1
15599 2
15601 2
15603 1
15607 1
15608 2
15610 1
15614 1
15615 2
15618 1
15619 1
15624 2
15625 3
15628 2
15630 2
15632 1
15633 1
15634 1
15635 3
15637 1
15638 1
15639 2
15640 1
15644 1
15649 1
15651 2
15652 2
15653 1
15654 1
15655 1
15657 1
15659 2
15664 2
15667 1
15668 1
15669 1
15670 1
15671 1
15674 1
15675 1
15678 1
15680 3
15682 1
15684 2
15685 1
15686 1
15687 1
15688 3
15689 1
15691 2
15694 1
15695 2
15696 2
15701 2
15702 1
15705 3
15706 2
15707 1
15708 2
15710 1
15714 2
15715 3
15716 2
15720 2
15721 1
15724 1
15729 1
15731 1
15732 1
15734 1
15736 1
15737 1
15739 1
15740 2
15745 1
15747 1
15749 1
15751 2
15754 1
15755 1
15756 1
15758 1
15761 3
15765 1
15766 2
15767 1
15770 1
15771 2
15772 2
15775 2
15776 1
15778 1
15780 2
15781 1
15785 1
15788 2
15790 1
15791 1
15792 1
15793 1
15795 1
15796 1
15797 1
15801 1
15804 1
15805 1
15807 1
15809 1
15812 1
15813 1
15814 1
15815 2
15816 1
15817 1
15821 2
15822 1
15823 1
15826 2
15828 2
15829 1
15831 3
15832 1
15835 1
15836 2
15837 1
15841 1
15842 2
15843 1
15844 1
15847 1
15853 2
15855 1
15856 2
15857 1
15858 2
15862 2
15866 1
15868 1
15869 1
15873 1
15875 1
15881 1
15882 1
15883 2
15886 1
15887 1
15889 1
15892 1
15893 1
15900 1
15902 3
15904 1
15906 2
15907 2
15908 1
15909 2
15911 2
15912 1
15913 2
15916 1
15917 1
15918 1
15921 1
15925 1
15932 2
15933 2
15936 2
15938 2
15942 2
15943 1
15945 1
15948 1
15952 2
15953 1
15954 1
15955 1
15956 1
15957 1
15958 1
15959 1
15962 1
15963 2
15964 1
15966 1
15967 2
15969 1
15970 1
15972 1
15977 1
15979 1
15981 1
15982 1
15983 3
15986 1
15988 2
15989 1
15990 2
15993 1
15994 1
15995 1
15996 1
15997 1
15998 1
16004 1
16006 1
16008 1
16009 1
16010 2
16013 1
16014 1
16015 1
16017 1
16018 1
16019 1
16022 1
16023 1
16028 2
16029 1
16032 1
16033 2
16034 1
16035 2
16039 1
16040 2
16045 2
16046 1
16047 2
16048 1
16050 1
16051 1
16053 1
16057 1
16059 2
16065 1
16066 2
16067 2
16070 1
16071 1
16073 1
16074 1
16075 1
16078 2
16080 1
16082 1
16089 1
16095 2
16096 1
16098 1
16103 1
16104 1
16105 2
16108 1
16109 3
16110 2
16114 1
16116 1
16120 1
16121 2
16122 2
16123 1
16124 1
16129 2
16130 1
16131 2
16132 1
16136 1
16137 2
16139 1
16141 1
16143 1
16147 1
16148 1
16149 1
16151 1
16152 1
16155 2
16156 2
16158 1
16159 1
16161 1
16166 1
16167 1
16170 1
16171 1
16172 1
16174 1
16176 2
16178 1
16180 1
16181 1
16186 3
16188 1
16190 1
16191 1
16194 1
16197 2
16202 1
16207 1
16208 1
16210 2
16211 1
16213 1
16217 1
16219 1
16224 1
16230 1
16231 1
16236 1
16237 2
16238 1
16241 1
16250 2
16251 1
16256 1
16257 1
16258 1
16262 2
16263 1
16264 1
16267 1
16268 1
16271 1
16272 2
16273 1
16277 1
16278 1
16283 2
16287 1
16288 1
16289 1
16292 1
16293 1
16294 2
16296 2
16297 1
16298 1
16307 1
16311 1
16312 1
16313 1
16317 2
16318 1
16321 1
16322 1
16323 2
16325 1
16326 1
16327 1
16332 1
16333 1
16334 2
16336 1
16337 1
16338 2
16339 1
16342 1
16343 1
16344 1
16345 1
16348 3
16349 1
16352 1
16353 2
16354 1
16358 1
16359 1
16363 1
16364 2
16367 1
16374 1
16375 3
16377 1
16378 2
16379 2
16383 1
16387 1
16388 1
16391 2
16393 1
16398 1
16403 1
16404 2
16408 1
16409 1
16412 1
16413 1
16414 1
16415 1
16418 1
16423 1
16424 2
16425 1
16428 1
16429 1
16433 1
16434 1
16437 2
16439 1
16440 2
16448 1
16451 1
16453 1
16455 1
16456 2
16457 1
16458 1
16459 1
16460 2
16463 2
16464 1
16465 2
16468 1
16469 1
16474 3
16475 3
16476 1
16478 1
16479 1
16480 2
16482 1
16484 1
16485 1
16487 1
16489 1
16490 3
16492 1
16495 1
16496 1
16499 1
16503 1
16505 2
16508 1
16509 2
16510 2
16512 1
16514 1
16516 1
16518 1
16520 1
16529 1
16530 1
16532 1
16536 1
16537 2
16538 1
16539 1
16540 1
16541 1
16545 3
16546 1
16549 1
16552 1
16555 1
16556 1
16561 1
16565 1
16569 1
16570 1
16572 1
16574 1
16576 1
16578 1
16579 2
16580 1
16584 1
16589 1
16591 1
16595 1
16597 1
16600 1
16601 2
16609 1
16611 1
16613 1
16615 1
16616 1
16618 1
16621 1
16622 1
16625 2
16626 1
16628 1
16629 1
16630 1
16631 3
16637 1
16638 1
16644 1
16646 1
16649 1
16651 1
16652 1
16653 1
16656 2
16657 1
16661 1
16662 1
16666 1
16675 1
16677 1
16678 2
16679 1
16681 1
16683 2
16693 1
16694 2
16698 1
16701 1
16703 1
16706 1
16708 1
16711 1
16712 1
16725 1
16730 1
16732 2
16733 1
16734 1
16736 1
16738 1
16739 1
16742 2
16743 1
16752 1
16753 1
16758 1
16759 2
16763 1
16764 2
16765 1
16766 1
16767 1
16768 1
16771 1
16773 2
16775 1
16776 1
16777 1
16782 1
16788 1
16790 1
16792 1
16795 1
16798 1
16800 1
16802 1
16804 2
16813 1
16814 1
16815 2
16816 1
16817 2
16818 2
16819 1
16822 1
16829 2
16833 1
16834 2
16839 1
16840 3
16844 1
16845 3
16846 1
16847 1
16848 1
16849 1
16851 1
16853 2
16854 1
16856 1
16861 1
16867 1
16871 1
16880 2
16883 1
16889 1
16890 1
16895 1
16896 1
16897 1
16899 2
16900 1
16903 1
16904 1
16910 3
16916 1
16917 1
16920 1
16921 2
16923 1
16926 1
16929 1
16930 1
16931 2
16933 1
16935 2
16936 1
16937 1
16939 1
16945 1
16946 1
16950 1
16952 1
16955 1
16959 1
16960 2
16961 1
16962 1
16966 1
16969 1
16970 3
16972 1
16974 1
16977 1
16979 2
16980 1
16981 1
16982 1
16986 1
16987 1
16988 1
16990 1
16991 1
16996 1
16997 1
17001 1
17002 1
17007 1
17010 1
17012 1
17016 1
17017 1
17019 1
17020 1
17021 1
17026 1
17030 1
17031 2
17032 1
17037 1
17040 1
17042 1
17044 1
17046 1
17047 1
17050 1
17051 1
17052 1
17056 1
17057 1
17058 1
17060 1
17062 1
17067 1
17071 1
17072 1
17083 1
17091 1
17092 1
17096 1
17100 1
17101 1
17102 1
17107 1
17111 1
17117 1
17118 1
17119 1
17120 1
17121 1
17122 1
17123 2
17126 1
17127 1
17128 1
17132 1
17133 1
17134 1
17136 1
17147 1
17148 3
17152 1
17153 2
17158 1
17161 1
17163 1
17171 1
17172 1
17173 2
17175 1
17177 1
17179 1
17181 1
17182 1
17188 1
17197 1
17198 2
17199 1
17200 1
17203 1
17204 2
17212 1
17213 1
17217 1
17228 1
17229 1
17234 2
17235 1
17237 1
17241 1
17243 1
17244 1
17246 1
17247 1
17248 1
17251 1
17254 1
17255 1
17260 1
17261 1
17262 1
17265 1
17268 1
17269 1
17274 2
17275 1
17278 1
17281 1
17282 1
17286 1
17287 2
17289 1
17294 1
17296 1
17297 1
17298 1
17304 1
17310 2
17314 1
17318 1
17321 2
17323 1
17324 1
17325 1
17330 1
17331 1
17332 1
17335 1
17337 1
17339 1
17340 1
17341 1
17345 1
17352 1
17360 1
17362 1
17368 1
17370 1
17374 1
17375 1
17387 1
17391 1
17395 1
17396 1
17400 1
17401 2
17402 2
17403 1
17405 1
17410 1
17413 1
17418 1
17419 1
17420 1
17425 1
17431 1
17432 1
17447 1
17451 1
17456 1
17458 1
17461 1
17466 1
17472 2
17473 1
17477 1
17478 1
17482 1
17483 2
17487 1
17499 1
17501 1
17502 2
17503 1
17526 1
17532 2
17533 1
17536 1
17537 1
17539 1
17542 2
17543 1
17552 1
17553 2
17554 1
17559 1
17561 1
17563 1
17564 1
17569 1
17573 1
17579 1
17580 1
17582 1
17588 1
17589 1
17590 1
17594 1
17598 2
17599 1
17602 1
17603 1
17604 1
17606 1
17609 1
17613 1
17614 1
17618 2
17622 1
17624 1
17628 1
17629 1
17633 1
17639 2
17640 2
17642 1
17643 1
17645 1
17649 1
17652 1
17655 2
17656 1
17668 1
17669 1
17670 1
17674 1
17676 1
17679 1
17683 1
17684 1
17689 1
17690 1
17694 1
17699 1
17703 1
17704 1
17705 1
17710 1
17721 3
17723 1
17725 1
17726 1
17730 1
17739 2
17745 1
17752 1
17754 1
17755 1
17756 1
17757 1
17759 1
17760 1
17761 1
17764 1
17766 1
17768 1
17770 1
17776 1
17777 1
17781 1
17784 1
17791 1
17793 1
17795 1
17800 1
17802 1
17804 1
17809 1
17810 2
17811 1
17820 1
17825 1
17831 2
17840 2
17841 1
17844 2
17845 1
17847 1
17854 1
17862 1
17866 1
17871 1
17872 1
17877 1
17880 1
17883 1
17890 1
17897 1
17914 1
17917 1
17921 1
17922 1
17924 1
17926 1
17941 1
17942 1
17943 1
17947 1
17948 1
17952 1
17953 1
17957 1
17958 1
17969 1
17973 1
17982 1
17984 1
17994 1
17997 1
17998 1
18003 1
18004 1
18007 1
18011 1
18018 1
18023 1
18024 1
18029 2
18031 1
18034 2
18038 1
18040 1
18045 1
18050 1
18055 1
18056 1
18059 1
18060 1
18061 1
18062 1
18063 1
18064 1
18065 1
18068 1
18069 1
18079 1
18084 1
18086 1
18098 1
18099 1
18104 1
18110 2
18112 1
18115 1
18118 1
18119 1
18125 1
18126 2
18135 1
18136 1
18139 1
18144 1
18145 1
18146 1
18155 1
18160 1
18162 1
18164 1
18174 1
18175 1
18181 1
18182 1
18185 2
18191 2
18195 1
18196 1
18200 1
18202 1
18206 1
18212 1
18225 1
18226 1
18227 1
18231 1
18234 1
18241 1
18245 1
18247 1
18251 1
18260 1
18261 1
18265 1
18266 1
18272 2
18281 1
18299 1
18301 1
18311 1
18312 1
18315 1
18323 1
18324 1
18326 1
18332 1
18333 1
18337 1
18342 2
18347 1
18363 1
18364 1
18367 1
18369 1
18382 1
18384 1
18387 1
18392 1
18393 1
18394 1
18397 1
18398 1
18411 1
18412 1
18418 1
18420 1
18422 1
18427 1
18428 1
18443 1
18444 1
18452 1
18453 1
18463 2
18464 1
18468 1
18477 1
18478 1
18490 1
18493 1
18497 1
18499 1
18504 1
18508 1
18519 1
18520 1
18525 1
18526 2
18529 1
18533 1
18534 1
18539 2
18546 1
18551 1
18556 1
18562 1
18578 1
18585 1
18589 1
18606 1
18607 1
18609 1
18616 1
18619 1
18621 1
18625 1
18632 1
18634 1
18641 1
18648 1
18660 1
18666 1
18667 1
18682 1
18697 1
18718 1
18730 1
18742 1
18747 1
18748 1
18752 1
18763 1
18767 1
18769 1
18779 1
18794 1
18798 1
18803 1
18805 1
18807 1
18817 1
18818 1
18822 1
18828 1
18829 1
18833 1
18834 2
18837 1
18844 1
18845 1
18849 1
18854 1
18855 1
18859 1
18863 1
18864 1
18867 1
18868 1
18878 1
18886 1
18890 1
18898 1
18899 1
18904 1
18914 1
18915 1
18920 1
18934 1
18939 1
18948 1
18967 1
18968 1
18974 1
18976 1
18985 1
18986 1
18990 1
19000 1
19009 1
19019 1
19020 1
19021 1
19025 1
19041 1
19048 1
19055 1
19056 1
19060 1
19087 1
19089 1
19095 1
19106 1
19111 1
19136 1
19137 1
19142 1
19163 1
19169 1
19186 1
19188 1
19189 1
19205 1
19212 1
19222 1
19223 1
19247 1
19249 1
19250 1
19268 1
19275 1
19276 1
19284 1
19299 1
19315 1
19320 1
19325 1
19326 1
19327 1
19328 1
19329 1
19333 1
19350 1
19351 1
19356 1
19390 1
19391 1
19400 1
19401 1
19409 1
19421 1
19446 1
19447 1
19450 1
19456 1
19461 1
19470 1
19477 1
19488 1
19490 1
19530 1
19531 1
19542 1
19557 1
19558 1
19563 1
19576 1
19607 1
19612 1
19628 1
19633 1
19634 1
19643 1
19658 1
19659 1
19684 1
19692 1
19693 1
19708 1
19709 1
19717 1
19728 1
19745 1
19754 1
19755 1
19762 1
19772 1
19790 1
19798 1
19821 1
19832 1
19850 1
19871 1
19913 1
19931 1
19958 1
19963 1
19983 1
20010 1
20012 1
20033 1
20043 1
20044 1
20053 1
20070 1
20080 1
20082 1
20093 1
20098 1
20109 1
20113 1
20114 1
20120 1
20129 1
20163 1
20179 1
20190 1
20215 1
20232 1
20241 1
20250 1
20271 1
20311 1
20320 1
20351 1
20352 1
20401 1
20428 1
20433 1
20453 1
20480 1
20514 1
20515 1
20540 1
20549 1
20566 1
20590 1
20615 1
20685 1
20711 1
20741 1
20752 1
20822 1
20823 1
20874 1
20898 1
20908 1
20923 1
21019 1
21036 1
21037 1
21274 1
21298 1
21309 1
21344 1
21345 1
21378 1
21379 1
21617 1
21779 1
21831 1
21901 1
22087 1
22139 1
22301 1
22609 1
End
