NMec = 97746
T = 17
P = 2
Profits not ignored
Valid tasks:                                                            12474
Solution time = 2.211e-04
Task data
    5  12  2004 -1
    7  13  1079 -1
    7  15  2169 0
    9  28  4685 1
   28  37   879 -1
   31  36   997 0
   33  39   730 -1
   33  43  2850 1
   36  44   778 -1
   39  58  2856 0
   48  56  1300 -1
   49  63  2188 1
   50  75  1782 -1
   51  55  1022 -1
   55  69   858 -1
   64  81  1818 0
   69  76   885 1
Best profit: 18448
All profits:
0 1
730 1
778 1
858 1
879 1
885 1
997 1
1022 1
1079 1
1300 1
1508 1
1588 1
1609 1
1615 1
1636 1
1657 1
1663 1
1727 1
1737 1
1743 1
1752 1
1764 1
1775 1
1782 1
1800 1
1809 1
1818 1
1855 1
1857 1
1876 1
1880 1
1882 1
1901 1
1907 1
1937 1
1958 1
1964 1
2004 1
2019 1
2030 1
2076 1
2078 1
2101 1
2158 1
2169 1
2179 1
2185 1
2188 1
2297 1
2322 1
2366 1
2379 1
2393 1
2467 1
2473 1
2494 1
2512 1
2515 1
2521 1
2530 1
2542 1
2548 1
2560 1
2585 1
2587 1
2596 1
2610 1
2612 1
2622 1
2631 1
2633 1
2637 1
2640 1
2658 1
2660 1
2661 1
2667 2
2676 1
2679 1
2685 1
2688 1
2694 1
2697 1
2703 1
2715 1
2734 2
2736 1
2740 1
2742 1
2749 1
2759 1
2761 1
2765 1
2779 1
2782 1
2786 1
2797 1
2804 1
2806 1
2808 1
2815 1
2816 1
2822 1
2831 1
2840 1
2843 1
2850 1
2854 1
2856 1
2861 1
2862 1
2877 1
2879 1
2883 1
2888 1
2889 1
2897 1
2898 1
2899 1
2904 1
2909 1
2915 1
2918 1
2934 1
2936 1
2947 1
2955 1
2957 1
2959 1
2961 1
2963 1
2966 1
2980 1
2986 1
3001 1
3026 1
3027 2
3037 1
3043 1
3046 1
3048 1
3052 1
3054 1
3064 1
3067 1
3073 1
3075 1
3082 1
3083 1
3098 1
3100 1
3109 1
3118 1
3155 1
3157 1
3166 1
3176 1
3182 1
3185 1
3191 1
3201 1
3207 1
3210 1
3237 1
3248 1
3251 1
3258 1
3264 1
3267 1
3290 1
3304 1
3319 1
3326 1
3352 1
3370 1
3376 1
3388 1
3391 1
3397 1
3400 1
3401 1
3406 1
3415 1
3418 1
3427 1
3433 1
3439 1
3445 2
3454 1
3469 1
3470 1
3472 1
3475 1
3481 1
3488 1
3489 1
3495 1
3509 1
3512 1
3516 1
3518 1
3519 1
3534 1
3537 1
3543 1
3545 1
3546 2
3552 1
3555 1
3557 1
3564 1
3570 1
3573 1
3580 1
3582 2
3586 1
3591 1
3592 1
3593 1
3594 1
3600 2
3607 1
3609 1
3613 1
3618 1
3619 2
3621 1
3627 1
3628 1
3634 2
3637 1
3639 1
3640 1
3644 1
3655 1
3658 1
3661 1
3664 2
3666 1
3667 1
3673 1
3675 1
3677 1
3682 1
3683 1
3689 2
3691 1
3693 1
3694 1
3696 1
3698 1
3700 1
3701 1
3708 1
3710 1
3712 1
3714 1
3716 1
3719 2
3725 1
3729 1
3731 1
3735 2
3737 1
3739 1
3740 1
3741 2
3746 1
3747 1
3755 1
3756 2
3757 1
3758 1
3762 1
3764 1
3767 1
3768 1
3773 1
3776 2
3778 1
3779 1
3782 1
3783 1
3784 1
3786 1
3794 1
3797 1
3801 1
3803 1
3804 1
3805 1
3812 1
3813 2
3815 1
3819 1
3821 1
3822 1
3824 1
3826 1
3828 1
3830 1
3832 1
3837 1
3838 1
3840 1
3842 1
3844 1
3845 1
3847 1
3848 1
3851 1
3853 1
3858 1
3859 1
3860 1
3861 1
3865 1
3872 1
3876 1
3878 1
3880 1
3883 1
3884 1
3885 1
3886 1
3887 1
3894 1
3896 2
3905 1
3906 1
3911 1
3912 2
3915 1
3919 1
3921 1
3922 1
3925 1
3929 1
3931 2
3933 2
3935 1
3937 1
3940 1
3941 1
3944 1
3951 1
3952 1
3956 1
3960 1
3961 1
3962 1
3963 1
3967 2
3968 1
3969 1
3970 1
3976 1
3977 1
3978 1
3979 1
3983 1
3985 1
3987 1
3988 2
3994 1
3997 2
4003 1
4006 1
4015 1
4023 1
4024 1
4026 1
4034 2
4036 1
4040 1
4042 1
4043 1
4045 2
4049 2
4051 1
4061 1
4064 1
4070 2
4076 1
4079 1
4080 1
4082 1
4086 1
4089 1
4095 1
4097 1
4105 1
4106 2
4115 1
4116 1
4122 1
4125 1
4127 1
4131 1
4133 1
4140 1
4143 1
4146 1
4148 1
4150 1
4152 1
4154 1
4156 1
4161 1
4162 1
4173 1
4175 1
4179 1
4183 1
4184 1
4188 1
4189 1
4192 1
4197 1
4198 1
4199 1
4204 1
4207 1
4211 1
4218 1
4234 1
4245 1
4247 1
4249 1
4255 1
4261 1
4264 1
4266 1
4270 1
4273 1
4276 1
4280 1
4285 1
4286 1
4289 1
4297 1
4301 1
4312 2
4324 1
4326 1
4327 1
4330 2
4333 1
4348 2
4354 1
4357 1
4360 1
4367 2
4369 1
4370 1
4373 1
4374 1
4378 1
4383 1
4394 1
4397 1
4398 1
4403 1
4405 1
4413 1
4415 1
4419 1
4422 1
4428 1
4430 1
4431 1
4438 1
4442 1
4444 1
4449 2
4451 1
4455 1
4461 1
4465 2
4466 1
4467 2
4470 1
4471 2
4476 2
4477 1
4478 1
4479 2
4485 2
4486 1
4491 1
4492 2
4494 1
4497 2
4498 1
4503 1
4506 1
4512 1
4513 2
4516 2
4518 1
4519 2
4524 1
4525 1
4531 1
4533 1
4534 1
4535 1
4540 1
4543 1
4546 1
4548 1
4549 1
4551 1
4552 2
4554 2
4560 1
4562 1
4564 1
4567 2
4568 2
4574 1
4577 1
4579 2
4581 1
4583 1
4587 1
4588 1
4589 1
4590 1
4591 1
4593 2
4595 1
4597 2
4598 1
4599 1
4600 1
4602 1
4604 1
4608 1
4613 1
4614 2
4615 1
4616 2
4620 1
4622 2
4624 1
4625 1
4626 2
4631 1
4632 1
4634 1
4635 1
4636 2
4637 1
4638 1
4641 2
4642 1
4643 1
4644 1
4649 1
4650 1
4652 1
4655 1
4656 1
4659 1
4661 3
4662 1
4663 1
4664 1
4665 2
4668 1
4671 2
4672 1
4674 1
4679 1
4680 2
4681 1
4682 1
4683 1
4684 1
4685 1
4686 2
4689 1
4690 1
4691 1
4692 1
4695 1
4697 2
4698 2
4699 1
4700 2
4701 1
4703 1
4705 1
4706 1
4707 2
4709 1
4711 2
4713 2
4715 1
4716 2
4717 1
4718 1
4719 1
4722 1
4723 1
4727 1
4729 1
4730 2
4732 2
4733 1
4734 1
4736 1
4737 1
4738 2
4739 1
4740 1
4743 1
4744 1
4745 2
4746 1
4748 1
4751 1
4752 1
4753 1
4754 2
4756 1
4757 2
4761 1
4762 1
4763 2
4765 2
4768 1
4769 1
4770 1
4772 1
4773 2
4775 2
4777 1
4779 2
4781 2
4783 1
4784 1
4787 1
4790 1
4791 1
4793 1
4798 1
4800 2
4801 1
4802 1
4804 1
4806 1
4808 2
4809 2
4810 2
4812 1
4814 2
4816 1
4818 1
4819 2
4820 2
4821 1
4825 1
4826 1
4827 1
4829 1
4830 1
4835 2
4836 2
4841 1
4844 1
4845 2
4846 2
4847 1
4848 2
4849 1
4852 1
4854 2
4855 3
4857 2
4858 1
4860 1
4862 1
4863 1
4864 2
4865 1
4866 1
4867 1
4869 1
4870 1
4872 1
4873 2
4875 1
4876 1
4880 2
4881 1
4882 2
4883 1
4884 1
4885 1
4886 1
4891 2
4892 1
4893 1
4894 1
4900 2
4901 1
4902 1
4903 3
4905 1
4908 1
4909 2
4911 1
4913 1
4916 1
4918 2
4919 2
4921 1
4922 2
4924 1
4926 1
4927 1
4928 3
4930 2
4932 1
4934 3
4937 1
4938 1
4939 1
4940 1
4948 1
4949 1
4951 2
4955 1
4957 1
4958 1
4959 1
4961 1
4963 1
4964 2
4965 1
4966 1
4967 2
4970 1
4973 2
4974 1
4975 2
4977 1
4982 1
4984 2
4985 2
4990 1
4991 2
4994 2
4996 1
5000 2
5001 1
5003 1
5004 1
5008 1
5009 1
5010 2
5012 2
5016 1
5019 3
5023 1
5025 2
5028 1
5029 1
5030 1
5031 3
5035 2
5038 1
5039 1
5040 1
5041 2
5042 1
5044 1
5046 2
5047 1
5048 1
5049 1
5050 1
5052 1
5055 1
5056 1
5057 1
5058 2
5064 1
5066 1
5067 2
5068 1
5071 1
5073 1
5076 1
5077 1
5078 1
5079 1
5082 1
5083 1
5084 1
5085 1
5086 2
5087 1
5092 1
5097 1
5102 1
5103 2
5104 1
5105 1
5108 1
5113 2
5119 1
5122 2
5124 1
5126 1
5128 2
5130 1
5132 1
5135 1
5137 1
5140 1
5143 1
5145 1
5147 1
5149 2
5151 1
5153 1
5155 1
5158 1
5159 1
5161 1
5165 1
5168 1
5170 1
5172 1
5174 1
5176 1
5180 1
5186 1
5189 1
5194 1
5195 1
5196 1
5197 1
5205 1
5206 2
5209 1
5211 1
5212 1
5214 1
5215 2
5219 1
5221 1
5227 1
5229 1
5233 2
5235 1
5236 1
5241 1
5242 1
5244 1
5251 1
5252 1
5254 1
5255 1
5257 1
5262 1
5263 2
5267 1
5268 1
5269 1
5271 1
5277 1
5278 1
5283 1
5286 1
5287 1
5290 1
5294 1
5297 1
5298 1
5306 1
5307 1
5323 3
5324 1
5326 1
5327 1
5328 1
5329 1
5330 1
5334 1
5345 2
5346 1
5350 1
5351 1
5352 2
5354 1
5355 2
5356 1
5362 1
5364 2
5368 1
5370 2
5371 2
5374 1
5375 1
5376 2
5377 1
5379 1
5380 1
5382 1
5391 2
5392 1
5395 1
5398 2
5400 1
5401 1
5403 1
5404 2
5405 1
5406 1
5409 1
5410 2
5412 1
5415 1
5416 2
5419 1
5420 1
5422 1
5425 1
5427 2
5431 1
5433 1
5436 1
5437 1
5439 2
5441 1
5443 1
5446 3
5449 2
5452 3
5453 1
5457 1
5458 1
5459 1
5460 1
5463 1
5464 1
5468 1
5472 1
5473 3
5474 1
5475 1
5476 2
5478 2
5479 1
5482 1
5484 1
5485 1
5487 2
5488 1
5489 1
5490 1
5492 2
5493 2
5494 1
5495 1
5498 1
5499 1
5500 1
5501 2
5507 1
5508 1
5509 1
5511 2
5513 1
5514 1
5516 1
5517 3
5520 1
5521 2
5522 1
5523 3
5526 1
5528 1
5530 1
5532 1
5534 1
5535 2
5538 1
5539 1
5540 2
5541 2
5543 1
5544 2
5545 1
5546 1
5547 2
5549 1
5550 3
5553 2
5555 1
5556 1
5557 2
5558 1
5559 2
5560 1
5561 1
5564 2
5565 2
5566 1
5568 1
5569 1
5570 2
5571 2
5574 2
5575 1
5576 2
5577 1
5579 1
5582 1
5584 2
5585 2
5586 2
5587 1
5588 1
5590 3
5592 2
5594 1
5595 2
5596 2
5597 1
5598 2
5601 1
5602 1
5603 1
5604 2
5605 1
5608 1
5609 1
5610 1
5611 1
5612 1
5613 1
5614 2
5615 2
5617 1
5619 2
5621 1
5622 2
5623 2
5624 1
5625 1
5627 1
5629 1
5630 2
5631 2
5632 1
5633 3
5635 1
5636 1
5638 2
5639 1
5641 2
5642 2
5643 1
5644 1
5646 1
5647 1
5648 2
5650 1
5653 1
5654 1
5656 1
5657 1
5658 4
5659 1
5660 2
5662 2
5663 1
5664 1
5665 1
5666 1
5668 2
5669 2
5670 1
5671 1
5672 2
5676 1
5677 1
5678 3
5679 1
5681 2
5682 1
5683 1
5685 1
5686 1
5687 3
5688 1
5690 1
5693 3
5694 2
5695 1
5696 1
5697 2
5698 1
5699 1
5700 1
5701 1
5702 1
5703 2
5704 2
5705 2
5706 3
5707 1
5710 1
5711 1
5712 2
5714 2
5715 2
5716 1
5717 1
5718 1
5720 2
5721 1
5723 2
5724 1
5726 1
5727 1
5729 2
5730 1
5731 1
5733 3
5734 2
5735 1
5738 1
5739 3
5740 1
5741 1
5742 2
5743 2
5744 1
5745 2
5747 1
5749 2
5750 1
5751 3
5752 1
5753 1
5754 2
5755 2
5758 1
5759 2
5760 3
5761 2
5762 2
5763 1
5764 1
5765 3
5766 1
5768 2
5769 2
5770 2
5771 2
5774 2
5776 2
5777 1
5778 2
5779 3
5780 2
5781 1
5782 2
5784 1
5785 1
5786 2
5787 2
5788 4
5790 2
5794 1
5795 1
5796 1
5797 3
5798 1
5801 2
5803 3
5805 1
5806 3
5807 2
5808 1
5809 3
5811 2
5812 1
5813 3
5815 1
5816 2
5817 2
5818 1
5819 2
5822 2
5823 1
5824 2
5825 1
5827 2
5828 1
5830 2
5832 1
5833 3
5834 1
5835 1
5836 3
5841 1
5842 3
5843 1
5844 2
5846 2
5848 1
5849 2
5851 2
5852 5
5854 1
5855 1
5857 1
5858 2
5860 2
5861 1
5862 2
5863 2
5864 1
5865 1
5867 2
5869 2
5870 2
5876 1
5877 1
5879 3
5880 1
5881 2
5882 2
5883 2
5885 1
5887 2
5888 4
5889 2
5891 1
5893 1
5894 1
5895 1
5896 1
5897 2
5898 3
5900 3
5902 1
5904 4
5906 1
5907 1
5908 1
5909 1
5910 2
5913 1
5914 1
5915 2
5916 2
5917 1
5919 1
5920 1
5923 3
5924 2
5925 3
5926 1
5927 2
5928 1
5929 2
5931 2
5932 1
5933 2
5934 2
5935 2
5936 2
5937 2
5939 1
5941 1
5942 1
5943 2
5944 1
5945 2
5946 1
5948 2
5949 1
5950 1
5951 1
5952 2
5954 1
5955 1
5956 1
5959 1
5960 1
5961 1
5963 1
5964 2
5965 2
5966 1
5967 1
5968 1
5970 2
5971 3
5972 2
5973 1
5974 2
5979 1
5980 1
5981 2
5982 2
5983 1
5984 1
5985 1
5987 1
5988 1
5989 1
5990 1
5991 1
5992 2
5993 1
5997 2
5998 2
5999 1
6001 3
6005 1
6006 1
6007 4
6009 1
6010 1
6011 1
6013 3
6014 1
6016 3
6017 1
6019 1
6020 1
6022 2
6025 1
6027 1
6028 2
6029 1
6030 1
6032 2
6034 1
6035 1
6036 1
6037 1
6038 2
6040 1
6041 2
6043 1
6044 1
6045 1
6046 2
6047 2
6049 2
6051 1
6052 2
6053 3
6054 1
6055 1
6056 1
6057 1
6060 1
6061 1
6063 1
6064 1
6065 2
6068 1
6073 1
6074 2
6075 1
6079 1
6080 1
6081 1
6082 1
6083 1
6084 2
6087 1
6088 1
6090 1
6091 1
6093 1
6094 1
6098 2
6099 1
6100 3
6101 1
6102 1
6104 2
6106 1
6107 1
6108 1
6109 1
6110 1
6114 2
6117 1
6119 1
6120 2
6121 1
6123 1
6125 1
6126 1
6129 2
6130 2
6132 1
6135 1
6136 2
6139 1
6144 1
6145 1
6146 1
6147 1
6148 2
6150 1
6152 2
6154 2
6156 1
6157 2
6158 1
6160 1
6162 1
6163 1
6165 2
6166 2
6169 1
6171 1
6172 1
6175 1
6176 1
6179 1
6182 1
6183 1
6184 1
6185 1
6187 1
6188 1
6191 1
6192 1
6193 1
6201 1
6202 1
6203 2
6205 1
6208 2
6209 1
6211 2
6212 1
6214 1
6215 1
6216 1
6218 1
6220 1
6222 1
6224 1
6226 1
6230 2
6231 1
6232 1
6233 1
6238 1
6239 1
6247 2
6248 1
6249 1
6251 2
6253 2
6255 1
6256 2
6258 1
6259 1
6262 1
6264 1
6265 1
6266 1
6268 2
6270 1
6273 1
6275 1
6276 1
6277 1
6279 1
6280 1
6283 2
6284 2
6285 2
6288 1
6289 2
6290 1
6291 1
6293 1
6294 3
6295 2
6300 2
6301 2
6303 1
6304 1
6309 1
6310 1
6312 2
6315 1
6316 2
6317 1
6319 1
6321 2
6323 1
6325 1
6326 1
6328 1
6330 1
6331 4
6334 2
6336 1
6337 2
6338 1
6342 2
6344 1
6345 1
6348 2
6349 1
6352 2
6353 1
6358 1
6361 1
6363 1
6364 1
6365 1
6366 1
6367 1
6369 1
6371 2
6372 2
6373 2
6374 1
6376 1
6377 2
6378 1
6380 1
6382 1
6384 1
6385 1
6386 1
6387 1
6393 1
6396 1
6397 1
6398 1
6399 1
6401 1
6402 4
6403 1
6405 1
6406 1
6407 1
6408 2
6409 1
6411 1
6412 1
6413 2
6417 1
6418 1
6419 1
6420 2
6422 1
6423 1
6424 1
6425 1
6426 2
6428 1
6429 1
6430 1
6431 1
6432 3
6433 1
6434 2
6435 2
6437 1
6438 1
6441 1
6442 2
6443 1
6445 1
6446 1
6447 1
6448 1
6449 4
6450 3
6453 2
6454 2
6455 2
6456 2
6458 1
6459 1
6460 1
6461 1
6464 1
6465 1
6466 1
6467 1
6468 1
6469 2
6470 1
6471 2
6473 1
6474 2
6475 2
6477 2
6479 1
6480 2
6481 2
6482 1
6483 3
6485 1
6487 1
6489 3
6490 2
6493 1
6494 2
6495 3
6496 2
6498 2
6499 2
6500 1
6501 2
6502 1
6503 1
6504 1
6507 1
6509 1
6510 1
6512 1
6514 2
6516 1
6517 3
6518 2
6520 3
6521 1
6522 1
6523 2
6525 1
6528 1
6529 2
6531 2
6533 2
6535 1
6536 3
6537 1
6538 2
6539 3
6540 1
6542 2
6543 2
6544 1
6547 3
6548 2
6550 2
6551 1
6552 1
6553 1
6554 1
6555 2
6556 2
6557 3
6558 2
6561 1
6563 2
6564 2
6565 1
6566 4
6567 2
6568 1
6569 2
6571 2
6572 4
6574 1
6575 2
6578 1
6579 1
6580 1
6581 2
6582 2
6583 2
6584 1
6585 2
6586 1
6587 2
6588 1
6590 2
6591 4
6592 2
6593 1
6594 1
6595 1
6596 2
6597 3
6599 2
6600 1
6601 2
6602 2
6603 1
6605 1
6606 1
6607 1
6608 1
6611 2
6612 2
6613 1
6614 2
6617 1
6618 4
6619 2
6620 3
6622 1
6623 1
6624 2
6626 4
6627 1
6628 1
6629 1
6630 3
6632 2
6634 3
6635 1
6636 3
6637 1
6638 2
6639 3
6640 3
6642 1
6643 2
6644 1
6645 3
6646 1
6647 2
6648 2
6649 1
6650 1
6651 1
6653 4
6654 3
6655 2
6656 1
6658 1
6659 2
6660 1
6661 2
6662 1
6663 2
6664 2
6665 3
6666 3
6667 3
6669 3
6671 1
6672 2
6673 1
6674 1
6675 3
6676 1
6678 1
6680 1
6681 1
6682 4
6683 1
6684 2
6685 3
6686 1
6687 2
6688 3
6689 1
6690 2
6691 2
6693 2
6694 3
6695 1
6696 1
6698 3
6699 1
6700 2
6701 4
6702 2
6703 3
6704 4
6706 1
6707 2
6708 1
6709 3
6710 2
6711 1
6712 3
6713 1
6714 1
6715 4
6717 2
6718 1
6719 1
6720 3
6721 4
6722 1
6723 2
6726 1
6727 2
6728 1
6729 1
6731 2
6732 1
6733 2
6734 2
6736 4
6737 4
6738 1
6739 1
6740 2
6741 1
6742 2
6743 2
6744 1
6746 2
6747 1
6748 3
6749 2
6750 2
6752 4
6755 2
6756 2
6757 2
6758 2
6759 1
6761 3
6762 2
6763 1
6764 1
6765 1
6766 3
6767 3
6768 2
6769 2
6771 2
6772 2
6773 2
6774 1
6775 2
6776 3
6777 3
6779 2
6781 2
6782 2
6783 4
6784 1
6785 6
6786 1
6787 1
6788 1
6789 1
6790 1
6791 3
6792 1
6793 1
6794 1
6795 2
6797 1
6800 2
6801 1
6802 2
6803 2
6804 2
6805 1
6806 2
6807 1
6808 2
6809 1
6810 2
6811 1
6812 3
6813 3
6814 2
6816 1
6817 2
6818 3
6819 2
6820 2
6821 2
6822 2
6823 1
6824 3
6825 2
6826 1
6828 2
6829 1
6830 4
6831 2
6833 3
6834 3
6835 1
6837 2
6838 1
6839 2
6840 1
6841 1
6843 2
6844 2
6845 1
6847 2
6848 1
6849 4
6850 3
6851 1
6852 2
6853 4
6854 1
6855 2
6856 2
6857 1
6858 2
6859 4
6860 2
6861 1
6862 1
6864 2
6865 1
6866 3
6867 2
6868 2
6869 2
6870 2
6871 1
6872 1
6873 2
6874 2
6875 1
6876 3
6877 2
6878 1
6879 1
6880 2
6882 3
6884 3
6885 3
6886 3
6887 1
6889 1
6890 2
6891 1
6892 3
6893 1
6895 3
6896 1
6897 1
6898 2
6899 2
6901 5
6902 1
6903 1
6904 3
6905 1
6906 1
6907 3
6908 1
6910 1
6912 1
6913 2
6914 2
6915 1
6917 2
6920 4
6921 2
6922 3
6923 2
6925 2
6926 4
6928 1
6929 1
6930 2
6931 4
6932 4
6934 2
6936 2
6937 1
6938 3
6939 2
6940 1
6941 2
6942 2
6943 1
6944 2
6945 1
6946 2
6948 1
6949 1
6950 1
6952 1
6953 2
6955 1
6956 1
6958 1
6959 1
6960 1
6961 2
6962 3
6963 1
6965 1
6966 1
6967 2
6968 2
6969 2
6970 1
6971 2
6972 1
6973 1
6975 1
6976 1
6977 3
6978 2
6979 2
6981 2
6982 1
6983 3
6985 1
6986 2
6987 1
6988 2
6989 2
6990 2
6992 1
6993 1
6994 2
6995 1
6996 1
6998 2
6999 1
7000 1
7002 2
7004 2
7005 1
7006 1
7007 2
7008 2
7010 2
7011 1
7012 1
7013 1
7014 3
7015 2
7016 1
7017 1
7018 1
7020 1
7021 1
7023 3
7024 3
7026 1
7029 3
7031 1
7032 1
7033 4
7035 1
7036 1
7038 1
7039 3
7042 3
7043 1
7044 2
7045 2
7046 1
7047 1
7048 1
7049 2
7050 3
7051 3
7053 2
7054 2
7055 1
7057 1
7059 1
7060 2
7061 2
7062 2
7063 1
7064 1
7068 2
7069 2
7070 1
7071 2
7072 1
7077 1
7078 2
7080 1
7081 1
7082 1
7084 1
7085 1
7086 1
7087 2
7088 2
7089 1
7090 2
7091 2
7093 1
7095 2
7096 2
7097 2
7099 1
7101 3
7103 2
7104 1
7106 1
7107 1
7108 1
7109 2
7111 2
7112 1
7114 1
7115 1
7116 1
7117 2
7118 1
7120 2
7123 1
7126 2
7127 1
7130 2
7132 2
7133 2
7136 3
7139 2
7141 2
7142 1
7143 1
7144 2
7147 1
7149 1
7151 2
7152 1
7153 1
7154 1
7155 1
7157 1
7158 1
7160 1
7162 1
7163 3
7165 1
7168 1
7169 2
7170 1
7172 2
7173 1
7176 1
7177 1
7178 1
7179 4
7180 3
7181 1
7182 1
7185 1
7186 1
7188 3
7189 1
7194 1
7197 2
7198 2
7200 3
7201 1
7204 2
7206 1
7207 1
7208 1
7209 2
7210 3
7211 1
7213 2
7215 2
7216 2
7217 1
7218 1
7219 2
7223 2
7224 1
7225 1
7227 3
7228 1
7231 1
7233 3
7234 1
7236 1
7237 2
7239 1
7240 1
7245 2
7246 1
7248 2
7250 1
7251 1
7252 1
7254 1
7255 2
7256 1
7258 1
7259 1
7261 2
7264 1
7266 1
7267 2
7269 1
7270 2
7272 2
7273 1
7277 1
7278 1
7281 2
7282 1
7286 1
7287 2
7288 1
7290 1
7291 2
7294 1
7295 1
7296 1
7297 2
7298 1
7299 1
7301 1
7302 1
7305 2
7306 1
7307 2
7309 1
7310 2
7311 2
7312 1
7314 1
7316 2
7317 1
7318 2
7320 1
7322 2
7325 1
7326 3
7327 3
7328 2
7329 1
7331 1
7332 2
7333 1
7334 2
7335 4
7337 1
7338 1
7341 2
7343 2
7345 2
7346 1
7347 1
7349 2
7350 1
7352 2
7353 2
7354 1
7355 1
7356 2
7358 2
7359 3
7361 1
7362 2
7363 1
7364 1
7366 2
7368 3
7370 1
7372 1
7373 1
7374 4
7375 3
7378 1
7379 2
7380 3
7381 1
7382 2
7383 2
7384 1
7386 1
7388 2
7389 1
7395 2
7396 1
7397 1
7398 1
7399 1
7400 1
7402 3
7404 2
7405 1
7407 1
7408 2
7410 2
7413 1
7414 1
7416 2
7417 1
7418 1
7419 2
7420 2
7421 3
7423 2
7424 2
7425 1
7426 1
7427 2
7428 1
7429 1
7431 1
7432 2
7434 1
7435 1
7442 1
7443 3
7444 2
7445 2
7446 2
7447 1
7448 1
7449 1
7450 4
7451 2
7452 1
7453 2
7454 1
7455 1
7456 3
7457 1
7459 1
7460 1
7461 1
7463 2
7464 2
7466 1
7467 2
7468 1
7470 1
7471 2
7472 3
7475 2
7476 3
7477 2
7478 1
7479 1
7480 2
7481 1
7482 3
7484 1
7486 1
7487 1
7488 2
7489 1
7490 1
7491 3
7492 4
7493 2
7494 1
7496 2
7497 2
7498 2
7499 3
7500 1
7501 1
7502 1
7503 1
7504 1
7505 3
7507 1
7511 4
7512 1
7513 1
7514 1
7515 4
7516 1
7517 1
7518 1
7519 1
7520 1
7521 5
7522 1
7524 3
7525 3
7527 2
7528 2
7529 1
7530 1
7531 1
7532 1
7533 2
7534 1
7535 2
7536 2
7537 1
7538 2
7539 4
7540 2
7541 1
7543 2
7544 3
7545 3
7546 2
7547 3
7548 2
7550 2
7551 2
7552 1
7553 1
7554 2
7556 1
7557 2
7559 2
7560 2
7561 3
7562 2
7563 2
7564 2
7566 1
7567 2
7568 2
7569 4
7570 2
7572 3
7573 4
7574 1
7575 2
7577 1
7578 3
7579 3
7580 2
7581 1
7582 1
7583 4
7584 1
7585 2
7586 3
7588 3
7589 4
7591 2
7592 2
7593 2
7594 4
7595 1
7596 3
7597 1
7598 2
7599 2
7600 4
7602 2
7603 1
7604 1
7605 1
7606 1
7607 2
7608 3
7609 1
7610 1
7612 3
7613 2
7614 1
7615 4
7616 1
7617 1
7618 2
7619 3
7621 5
7622 1
7623 2
7625 1
7626 2
7627 3
7628 1
7629 3
7631 3
7632 1
7633 2
7634 3
7635 2
7636 1
7637 5
7639 1
7640 4
7641 1
7642 3
7643 2
7644 2
7645 2
7646 3
7647 2
7648 3
7650 1
7651 3
7652 1
7653 1
7654 3
7656 3
7657 1
7658 2
7659 1
7660 3
7661 3
7662 5
7663 1
7664 4
7665 1
7666 1
7667 2
7668 1
7669 2
7670 5
7671 1
7673 2
7675 2
7676 3
7677 1
7678 1
7680 3
7682 3
7683 1
7685 2
7686 4
7687 1
7688 1
7689 1
7690 1
7691 3
7692 3
7694 1
7695 1
7696 1
7697 3
7698 2
7699 3
7700 1
7701 3
7702 1
7703 2
7704 3
7705 4
7706 1
7707 2
7708 1
7709 4
7710 4
7711 1
7712 2
7713 3
7714 2
7715 2
7716 3
7718 3
7719 2
7720 1
7721 1
7722 4
7723 1
7724 2
7725 1
7726 1
7727 1
7728 3
7729 1
7730 2
7731 2
7732 3
7733 3
7734 3
7735 2
7737 3
7738 4
7739 2
7740 2
7741 3
7742 1
7743 2
7744 1
7745 3
7746 2
7747 2
7748 1
7749 3
7750 2
7751 2
7752 1
7753 3
7754 3
7755 3
7756 1
7757 2
7758 3
7759 4
7760 1
7761 3
7762 1
7763 2
7764 3
7765 2
7766 2
7767 2
7768 1
7769 3
7770 2
7772 3
7773 1
7774 3
7775 1
7777 2
7778 4
7779 1
7780 4
7781 1
7782 2
7783 5
7784 2
7785 2
7786 3
7788 3
7789 3
7790 2
7791 2
7792 3
7793 1
7794 2
7796 1
7798 2
7799 3
7800 2
7801 3
7802 3
7803 1
7804 1
7805 3
7807 4
7810 4
7811 3
7813 2
7814 1
7815 3
7816 2
7817 5
7819 2
7820 1
7821 1
7822 2
7823 3
7824 1
7825 2
7826 2
7827 3
7828 2
7829 2
7831 5
7832 1
7834 3
7835 1
7837 2
7838 2
7839 1
7840 4
7841 2
7842 1
7845 1
7846 3
7847 4
7848 1
7850 5
7851 2
7852 1
7853 2
7854 1
7855 2
7856 6
7858 1
7859 2
7860 1
7861 1
7862 2
7863 2
7864 2
7865 2
7866 3
7867 3
7868 1
7869 3
7870 2
7871 3
7872 1
7873 2
7874 2
7875 3
7876 1
7878 1
7879 2
7880 1
7881 2
7882 1
7883 2
7885 2
7886 3
7887 3
7889 1
7890 1
7891 2
7892 4
7893 2
7894 1
7895 2
7896 2
7897 1
7898 3
7899 3
7900 2
7901 2
7902 3
7903 2
7904 2
7905 1
7906 1
7907 1
7908 4
7909 1
7911 2
7912 1
7914 3
7916 1
7917 2
7918 3
7919 1
7920 1
7921 2
7922 2
7923 2
7924 2
7926 1
7927 3
7928 2
7929 3
7930 1
7931 1
7932 3
7933 1
7934 3
7935 3
7936 2
7937 1
7938 3
7939 2
7940 3
7941 1
7942 1
7943 3
7945 1
7946 1
7947 3
7948 3
7949 2
7950 2
7951 1
7952 2
7953 3
7954 2
7955 1
7956 2
7957 2
7958 1
7959 1
7963 2
7964 1
7965 1
7966 3
7967 1
7968 1
7969 2
7970 2
7972 3
7974 2
7975 4
7976 3
7978 3
7980 3
7981 1
7982 2
7983 2
7984 1
7985 2
7986 2
7987 2
7988 2
7989 2
7991 2
7993 1
7994 2
7996 2
7997 1
7999 3
8000 1
8001 2
8002 2
8003 2
8004 1
8005 4
8008 1
8009 1
8010 1
8011 4
8012 1
8015 3
8017 2
8018 3
8020 3
8021 4
8023 1
8024 2
8026 2
8029 2
8030 1
8032 2
8033 1
8034 1
8036 3
8037 1
8039 2
8040 1
8041 1
8042 2
8044 1
8045 2
8047 1
8048 3
8050 3
8051 2
8052 1
8055 2
8056 2
8057 3
8058 2
8061 2
8062 1
8064 2
8065 3
8066 2
8067 2
8068 1
8069 3
8071 1
8073 3
8076 2
8077 1
8079 1
8082 2
8083 2
8084 1
8085 3
8086 3
8088 2
8089 1
8091 2
8092 2
8093 1
8094 1
8095 1
8096 1
8097 1
8098 2
8100 2
8101 1
8102 2
8103 3
8104 3
8105 1
8106 1
8108 1
8110 1
8111 1
8112 5
8113 2
8115 1
8117 1
8118 4
8119 1
8121 2
8123 1
8124 2
8125 1
8127 1
8128 1
8130 3
8133 3
8134 3
8136 2
8137 1
8139 2
8140 2
8141 1
8143 2
8147 1
8148 1
8149 2
8151 1
8152 2
8154 1
8155 1
8156 1
8157 1
8158 1
8160 2
8161 1
8166 3
8167 1
8169 1
8170 2
8173 2
8174 2
8175 1
8176 3
8179 1
8180 2
8182 2
8183 1
8185 2
8186 1
8189 1
8190 1
8191 2
8194 2
8195 2
8197 2
8199 1
8201 3
8202 1
8203 1
8204 2
8205 1
8206 1
8207 2
8210 1
8211 1
8212 2
8213 1
8215 1
8216 1
8219 1
8220 4
8221 1
8222 3
8224 1
8226 1
8228 2
8229 1
8230 3
8231 3
8233 1
8234 2
8235 1
8236 1
8237 2
8238 1
8240 1
8242 2
8243 1
8244 1
8247 1
8248 1
8249 1
8250 1
8251 3
8252 1
8253 2
8255 2
8256 1
8257 1
8258 1
8259 3
8260 2
8261 1
8262 1
8265 2
8266 1
8267 4
8268 2
8269 1
8270 1
8271 1
8272 1
8273 1
8276 2
8277 2
8278 1
8279 1
8280 1
8283 3
8285 2
8286 1
8287 2
8288 1
8289 2
8292 3
8293 1
8294 1
8295 1
8296 1
8298 2
8299 3
8302 1
8303 1
8304 2
8305 1
8306 1
8307 2
8308 2
8312 1
8313 3
8314 1
8316 1
8317 1
8319 2
8321 1
8322 1
8323 1
8324 1
8325 1
8328 1
8329 3
8330 1
8331 1
8332 1
8334 1
8335 3
8338 2
8340 3
8341 1
8342 1
8343 1
8345 1
8346 2
8348 2
8349 3
8351 3
8352 1
8353 1
8354 1
8356 2
8357 2
8358 1
8360 2
8362 1
8365 1
8367 3
8368 1
8369 1
8371 1
8373 2
8374 2
8375 1
8376 3
8377 3
8378 2
8379 1
8380 1
8381 2
8382 1
8383 1
8384 3
8385 2
8386 2
8388 1
8389 2
8390 2
8391 1
8393 2
8395 2
8396 1
8397 2
8399 2
8400 2
8401 3
8403 2
8404 2
8405 2
8406 3
8408 1
8409 2
8410 2
8412 2
8413 1
8414 3
8415 1
8416 3
8417 2
8418 1
8420 3
8422 3
8424 3
8425 3
8426 2
8429 1
8430 1
8431 2
8432 3
8433 1
8435 2
8436 2
8437 1
8438 2
8439 1
8440 1
8441 2
8442 2
8443 1
8444 1
8445 2
8446 2
8447 2
8448 1
8449 2
8451 1
8452 3
8453 3
8454 4
8457 2
8458 4
8460 2
8461 2
8463 2
8464 3
8465 1
8467 1
8468 3
8469 2
8470 2
8471 3
8472 2
8473 1
8476 1
8477 2
8478 2
8479 3
8480 1
8481 3
8482 1
8483 2
8485 3
8486 1
8487 2
8488 1
8489 1
8490 1
8491 1
8492 2
8493 1
8494 1
8495 1
8497 3
8498 2
8499 2
8500 5
8502 2
8503 1
8504 2
8505 1
8506 4
8507 2
8508 1
8509 1
8511 2
8513 2
8514 2
8515 1
8516 2
8517 1
8518 3
8519 2
8521 2
8522 4
8523 1
8524 3
8525 3
8526 1
8527 2
8528 2
8529 2
8530 1
8532 3
8533 4
8534 1
8535 2
8536 1
8537 2
8538 2
8539 1
8540 3
8541 2
8542 1
8543 4
8544 1
8545 1
8546 3
8547 2
8549 1
8550 2
8551 3
8552 2
8553 1
8554 3
8555 2
8556 1
8557 1
8558 1
8559 1
8560 1
8561 4
8562 1
8563 1
8565 2
8566 1
8567 3
8568 3
8569 1
8570 5
8571 4
8572 2
8573 2
8574 1
8575 1
8576 2
8577 2
8579 3
8580 1
8581 2
8582 2
8583 1
8584 2
8585 1
8586 3
8588 1
8589 4
8590 2
8591 2
8592 1
8593 1
8594 4
8595 4
8596 1
8597 3
8598 1
8599 1
8600 4
8601 4
8603 3
8604 1
8605 1
8606 2
8607 2
8608 1
8609 1
8610 3
8611 1
8612 1
8614 1
8615 3
8616 4
8617 2
8618 6
8619 3
8620 2
8622 3
8623 2
8624 3
8625 3
8626 2
8627 1
8628 1
8629 3
8630 3
8631 1
8633 1
8634 3
8635 1
8636 3
8637 3
8638 5
8640 2
8641 2
8642 3
8643 3
8644 2
8645 1
8646 3
8647 1
8648 3
8649 2
8651 3
8652 4
8653 1
8654 2
8655 2
8656 2
8657 4
8658 2
8659 3
8661 1
8662 4
8663 2
8664 3
8665 4
8666 1
8667 2
8668 4
8669 1
8670 3
8671 3
8672 1
8673 5
8674 1
8675 1
8676 1
8677 2
8678 2
8679 3
8681 1
8682 2
8683 3
8684 1
8686 5
8687 2
8688 2
8689 4
8690 1
8691 2
8692 4
8694 1
8695 2
8697 1
8698 3
8700 4
8702 6
8704 2
8705 3
8707 3
8708 4
8709 1
8710 3
8711 2
8712 2
8713 3
8714 1
8716 5
8717 2
8718 1
8719 7
8720 1
8721 2
8723 1
8724 2
8725 5
8726 3
8727 2
8728 1
8730 2
8731 1
8732 2
8733 1
8734 2
8735 6
8736 2
8737 2
8738 4
8739 1
8740 1
8741 3
8743 2
8744 4
8746 2
8747 1
8748 2
8749 2
8750 3
8751 1
8752 3
8754 5
8755 2
8756 4
8757 1
8759 3
8760 3
8761 2
8762 1
8763 2
8764 2
8765 2
8766 2
8767 2
8770 2
8771 3
8772 2
8773 2
8774 2
8775 3
8776 1
8777 2
8778 2
8779 3
8780 5
8781 2
8782 1
8783 3
8784 2
8785 1
8786 1
8787 3
8788 2
8789 4
8791 2
8792 1
8793 2
8794 1
8795 3
8796 2
8799 3
8800 1
8801 3
8802 1
8803 1
8804 3
8805 1
8806 2
8807 3
8808 2
8810 2
8811 2
8812 2
8813 2
8814 2
8815 1
8816 2
8817 2
8818 1
8819 1
8820 4
8821 2
8822 3
8823 2
8824 3
8825 3
8826 2
8827 1
8828 5
8829 2
8830 1
8831 2
8832 1
8833 3
8834 2
8835 3
8836 2
8837 3
8838 3
8839 2
8840 1
8841 3
8842 2
8843 2
8844 2
8846 1
8847 3
8848 2
8849 1
8851 4
8853 3
8854 2
8855 1
8856 1
8857 5
8859 1
8860 4
8861 1
8862 2
8863 3
8864 3
8865 1
8866 1
8867 3
8868 3
8869 3
8870 3
8871 1
8872 3
8873 4
8874 1
8875 2
8876 2
8877 2
8878 2
8879 3
8880 1
8881 2
8882 2
8883 2
8884 4
8886 2
8888 2
8889 3
8890 3
8891 2
8892 1
8893 1
8894 1
8895 1
8896 5
8897 2
8899 1
8900 2
8901 1
8902 3
8903 4
8905 5
8906 2
8908 2
8909 2
8911 2
8912 1
8913 1
8914 1
8915 1
8917 1
8918 1
8919 3
8921 4
8924 4
8925 1
8926 2
8927 2
8929 3
8930 3
8932 2
8933 1
8934 2
8935 3
8936 2
8937 1
8938 2
8940 3
8941 1
8942 1
8943 2
8944 3
8945 2
8946 2
8948 2
8949 2
8950 2
8951 2
8952 1
8953 1
8954 5
8956 1
8957 2
8958 1
8959 1
8961 2
8962 1
8964 2
8965 2
8966 1
8967 1
8969 2
8970 3
8971 3
8972 1
8973 3
8974 1
8975 2
8976 1
8977 1
8978 1
8979 1
8980 2
8981 1
8982 3
8983 2
8985 2
8986 3
8987 1
8988 1
8989 2
8990 2
8991 2
8992 1
8993 1
8994 2
8995 1
8996 1
8997 5
8998 2
8999 1
9000 2
9002 2
9003 2
9004 1
9006 3
9007 1
9008 1
9009 1
9010 1
9011 1
9012 2
9013 2
9014 1
9015 3
9016 2
9018 3
9019 2
9021 2
9022 4
9025 1
9026 1
9027 1
9028 3
9029 1
9030 1
9031 1
9032 1
9033 3
9034 1
9035 1
9036 1
9037 3
9039 1
9040 1
9041 1
9042 2
9043 1
9045 3
9046 1
9048 1
9051 2
9052 2
9053 1
9054 3
9055 3
9057 1
9058 3
9059 3
9061 3
9062 1
9063 1
9064 2
9065 1
9066 2
9067 1
9070 3
9072 1
9073 2
9074 1
9079 2
9080 1
9082 2
9083 1
9084 1
9085 1
9086 1
9088 2
9089 2
9090 2
9091 2
9092 1
9094 1
9095 2
9098 2
9099 1
9100 3
9101 2
9104 1
9105 2
9107 3
9108 2
9109 1
9110 1
9113 2
9114 1
9115 4
9116 1
9118 2
9119 1
9120 1
9121 1
9122 1
9123 1
9124 1
9127 2
9129 2
9130 1
9131 2
9132 1
9134 4
9135 1
9136 3
9137 1
9138 1
9140 4
9141 1
9143 1
9144 2
9145 2
9146 3
9147 1
9150 3
9151 1
9152 3
9153 1
9155 3
9156 2
9158 1
9159 1
9161 3
9162 2
9163 2
9164 2
9165 1
9167 2
9168 1
9169 1
9170 2
9171 3
9172 1
9173 1
9175 1
9176 2
9177 3
9179 2
9180 1
9181 2
9182 2
9183 2
9184 2
9186 1
9188 1
9190 1
9191 1
9192 3
9193 1
9197 1
9198 4
9201 3
9202 2
9203 1
9204 2
9208 2
9209 1
9210 1
9211 1
9213 1
9214 1
9216 2
9217 1
9218 1
9219 2
9220 2
9221 1
9222 1
9223 1
9225 1
9226 1
9227 1
9228 1
9230 1
9231 2
9232 1
9234 1
9235 1
9236 1
9237 3
9238 1
9239 3
9245 1
9247 1
9249 1
9250 1
9252 4
9253 3
9254 1
9256 1
9259 2
9261 1
9262 2
9263 1
9264 3
9265 1
9266 1
9268 2
9269 1
9270 2
9272 1
9273 3
9274 2
9275 1
9276 1
9278 3
9280 3
9281 2
9282 3
9283 2
9284 2
9285 2
9286 1
9287 1
9288 1
9289 2
9290 1
9291 1
9293 1
9298 1
9299 4
9300 2
9301 3
9302 1
9303 1
9305 2
9306 1
9307 2
9308 1
9309 3
9310 4
9311 3
9314 1
9315 1
9316 1
9317 2
9318 1
9319 1
9320 2
9321 3
9322 1
9323 1
9324 1
9326 3
9327 1
9328 1
9329 2
9330 3
9332 2
9333 1
9334 1
9335 1
9336 1
9337 2
9338 1
9339 4
9340 1
9341 1
9344 1
9345 2
9346 3
9347 1
9348 2
9349 3
9350 2
9351 2
9353 1
9355 1
9356 2
9357 4
9358 1
9359 1
9362 1
9363 1
9364 1
9365 2
9366 3
9367 1
9368 2
9369 1
9370 2
9371 2
9372 1
9374 1
9375 1
9376 1
9378 3
9379 2
9380 1
9382 3
9383 1
9384 2
9385 3
9386 3
9387 2
9388 2
9390 1
9391 1
9392 3
9393 1
9394 1
9396 3
9397 1
9398 2
9400 1
9401 3
9402 1
9403 3
9404 1
9406 2
9407 2
9408 1
9409 1
9411 1
9412 2
9414 3
9415 2
9416 1
9417 3
9418 1
9419 2
9420 1
9421 2
9422 2
9423 2
9424 1
9425 3
9427 1
9428 3
9429 1
9430 4
9431 2
9432 1
9433 2
9435 1
9436 2
9437 1
9438 2
9439 4
9442 2
9446 3
9447 3
9448 3
9449 1
9450 2
9451 1
9452 2
9453 2
9454 1
9455 4
9456 1
9457 3
9458 3
9460 2
9461 1
9462 1
9464 3
9465 1
9466 2
9467 2
9468 2
9469 1
9471 1
9472 1
9474 4
9475 2
9476 4
9478 1
9479 3
9480 3
9482 2
9483 1
9484 1
9485 3
9486 2
9487 1
9488 2
9489 1
9491 2
9492 1
9493 3
9494 3
9495 4
9496 3
9497 2
9498 1
9499 2
9500 1
9501 2
9502 1
9503 4
9504 6
9505 1
9506 1
9507 1
9509 1
9510 2
9512 1
9514 2
9515 4
9516 1
9517 1
9519 2
9520 1
9521 2
9522 3
9523 2
9525 2
9526 2
9527 1
9528 3
9529 1
9530 2
9531 4
9532 1
9533 3
9534 1
9535 1
9536 1
9537 3
9539 3
9540 4
9541 2
9542 2
9543 4
9544 2
9545 1
9547 3
9548 2
9549 4
9550 3
9551 4
9552 2
9554 2
9555 2
9556 2
9557 2
9558 4
9559 1
9560 2
9561 1
9562 1
9563 1
9564 1
9565 3
9566 2
9567 3
9568 1
9570 2
9571 5
9573 2
9574 2
9576 4
9577 4
9578 1
9579 3
9581 1
9582 1
9583 2
9585 3
9586 1
9587 4
9588 2
9589 2
9590 3
9592 3
9593 3
9594 2
9595 2
9596 2
9597 3
9598 4
9599 1
9600 1
9601 2
9602 1
9603 3
9604 5
9606 2
9607 3
9608 1
9609 1
9611 3
9612 4
9613 4
9614 2
9615 2
9616 3
9617 3
9618 1
9619 5
9620 2
9621 1
9622 4
9623 2
9624 1
9625 4
9629 1
9631 2
9632 1
9633 4
9634 1
9635 3
9636 1
9637 1
9638 1
9639 2
9640 3
9641 4
9642 2
9643 1
9644 3
9645 2
9646 2
9647 2
9648 1
9649 5
9650 1
9651 3
9652 3
9653 1
9655 1
9656 1
9657 2
9658 5
9659 2
9660 4
9661 1
9662 2
9663 2
9664 2
9665 2
9666 1
9667 1
9668 5
9669 1
9670 1
9672 1
9673 1
9674 4
9676 1
9679 3
9680 3
9681 2
9684 4
9685 1
9686 2
9687 2
9688 1
9689 3
9690 2
9691 1
9692 1
9693 2
9694 1
9695 3
9696 1
9697 2
9698 1
9699 2
9700 1
9701 2
9703 3
9704 4
9705 4
9706 1
9707 1
9708 4
9709 4
9710 3
9712 2
9713 4
9714 3
9716 5
9717 2
9718 1
9719 1
9720 4
9721 1
9722 3
9723 2
9724 2
9725 2
9726 5
9727 2
9728 1
9729 2
9730 1
9731 2
9732 4
9733 1
9734 2
9735 3
9736 3
9738 2
9739 2
9740 1
9741 3
9742 4
9743 1
9745 3
9746 1
9747 2
9748 1
9749 3
9750 1
9751 1
9752 5
9753 2
9754 2
9755 2
9756 1
9757 3
9758 5
9760 2
9761 3
9762 3
9763 3
9764 2
9765 1
9766 1
9767 3
9768 3
9769 3
9770 2
9771 4
9772 2
9773 1
9774 2
9776 4
9777 2
9778 1
9781 5
9782 4
9784 3
9785 1
9786 2
9787 2
9788 3
9789 1
9790 4
9792 1
9793 3
9794 1
9796 2
9797 1
9798 3
9800 3
9802 1
9803 2
9804 3
9805 1
9806 3
9807 2
9808 1
9809 4
9811 2
9812 1
9813 1
9814 3
9815 2
9817 4
9818 1
9819 1
9820 1
9821 3
9822 1
9823 4
9825 2
9826 2
9827 2
9828 2
9829 3
9830 2
9831 1
9832 1
9833 4
9834 1
9835 2
9836 3
9838 3
9839 2
9842 2
9843 1
9844 3
9849 1
9850 2
9851 2
9852 2
9853 1
9854 3
9855 1
9857 3
9858 2
9859 2
9860 2
9861 1
9863 2
9864 1
9865 2
9866 1
9867 1
9868 3
9869 1
9870 3
9871 2
9873 3
9874 4
9875 2
9876 1
9877 1
9878 1
9879 4
9881 1
9882 3
9883 2
9885 2
9886 1
9887 2
9889 2
9890 1
9891 4
9892 1
9894 3
9895 1
9896 1
9897 2
9898 2
9899 3
9900 4
9901 3
9902 1
9903 3
9904 2
9906 2
9907 3
9909 1
9910 3
9911 1
9912 1
9914 2
9915 2
9916 2
9918 5
9919 2
9920 2
9921 2
9922 3
9923 1
9924 1
9925 1
9927 3
9928 1
9929 1
9930 2
9931 1
9933 2
9935 1
9936 3
9937 2
9938 2
9939 3
9940 1
9941 2
9942 2
9943 1
9944 1
9945 1
9946 3
9947 2
9948 2
9949 2
9951 3
9952 2
9954 3
9955 1
9957 1
9958 2
9959 1
9961 1
9962 1
9965 1
9967 1
9968 1
9969 1
9970 3
9971 1
9972 1
9973 1
9974 1
9975 1
9976 3
9979 3
9980 1
9982 1
9983 2
9984 1
9986 3
9987 1
9988 1
9989 1
9991 2
9992 3
9993 2
9994 1
9995 2
9998 1
10000 3
10003 3
10004 1
10005 1
10007 1
10008 3
10009 2
10012 2
10013 2
10014 1
10015 2
10016 2
10017 1
10019 6
10020 1
10022 2
10023 1
10024 1
10025 3
10028 2
10029 1
10030 2
10031 1
10033 1
10034 1
10035 2
10036 1
10037 2
10038 3
10039 1
10040 4
10041 1
10043 1
10044 1
10046 1
10047 2
10048 2
10049 2
10050 1
10051 1
10052 2
10053 1
10054 3
10055 3
10056 4
10059 2
10060 3
10061 3
10062 2
10063 1
10064 2
10065 1
10066 1
10067 2
10068 1
10069 2
10070 1
10071 1
10073 1
10074 1
10075 1
10076 2
10077 2
10080 2
10083 3
10085 1
10086 3
10087 2
10088 2
10089 3
10090 1
10093 1
10094 1
10095 3
10096 2
10097 1
10101 4
10102 1
10104 3
10105 2
10106 1
10107 2
10110 2
10111 1
10112 1
10114 1
10116 2
10117 1
10120 1
10122 2
10123 1
10124 2
10126 1
10128 1
10131 3
10134 1
10135 1
10137 4
10138 2
10140 1
10141 2
10142 1
10143 1
10144 2
10145 1
10147 1
10149 2
10151 1
10152 1
10153 2
10155 1
10156 1
10157 1
10158 3
10159 1
10160 2
10161 1
10163 3
10164 2
10165 1
10167 1
10168 2
10169 2
10170 2
10172 3
10173 1
10174 2
10175 1
10177 3
10178 3
10179 1
10180 1
10183 1
10184 2
10185 2
10186 2
10187 2
10189 1
10192 1
10193 2
10194 2
10195 1
10196 2
10198 2
10199 2
10201 1
10202 3
10203 1
10205 3
10206 3
10207 1
10208 4
10209 1
10211 3
10213 2
10214 1
10215 2
10217 2
10219 2
10220 2
10223 1
10224 4
10225 2
10226 2
10229 2
10230 1
10231 1
10232 3
10233 1
10234 2
10235 3
10236 1
10238 3
10240 1
10242 3
10243 1
10244 2
10245 1
10246 1
10249 1
10250 2
10251 2
10253 1
10254 3
10256 2
10257 1
10259 2
10260 1
10261 2
10263 2
10264 1
10265 1
10267 1
10269 3
10270 2
10271 4
10272 2
10273 2
10275 3
10277 2
10279 1
10280 1
10281 3
10282 2
10283 1
10286 1
10287 1
10288 1
10289 1
10290 1
10293 1
10294 1
10295 1
10296 1
10297 1
10299 2
10300 3
10302 2
10303 2
10304 2
10305 1
10306 2
10307 2
10308 2
10309 1
10310 1
10311 1
10312 2
10314 1
10315 2
10316 2
10317 2
10318 4
10320 1
10321 2
10323 2
10324 1
10325 1
10326 1
10327 2
10329 2
10331 2
10332 2
10333 3
10335 1
10336 1
10338 1
10339 1
10340 1
10341 1
10342 3
10343 4
10344 1
10345 2
10347 2
10348 1
10349 1
10350 1
10351 1
10352 2
10353 1
10354 2
10355 2
10356 1
10357 2
10358 1
10359 1
10360 1
10361 2
10362 1
10363 3
10364 2
10366 1
10367 1
10368 1
10369 1
10370 1
10371 3
10372 3
10373 1
10375 1
10377 1
10378 2
10379 3
10380 1
10381 3
10382 2
10383 1
10384 1
10385 2
10386 2
10387 1
10388 4
10389 4
10390 2
10391 3
10393 1
10394 1
10395 1
10396 1
10397 2
10399 1
10400 3
10402 1
10403 1
10404 1
10405 1
10407 2
10408 1
10409 2
10411 1
10412 2
10413 1
10414 2
10415 1
10416 2
10417 1
10418 5
10419 3
10420 3
10422 1
10423 1
10424 3
10425 1
10426 1
10427 1
10428 4
10429 2
10430 3
10432 1
10434 3
10435 2
10436 6
10437 2
10438 1
10439 3
10440 2
10441 1
10442 1
10443 1
10444 1
10445 2
10446 1
10447 2
10448 1
10449 1
10450 4
10451 1
10452 1
10453 1
10454 1
10455 2
10456 4
10458 1
10459 2
10461 3
10462 2
10463 1
10464 4
10465 2
10466 1
10467 1
10468 2
10469 1
10470 1
10471 2
10472 3
10473 4
10474 1
10475 3
10476 2
10477 2
10479 1
10480 2
10481 1
10482 5
10483 3
10484 1
10485 1
10486 2
10487 1
10488 3
10489 1
10490 1
10491 4
10492 2
10494 2
10495 1
10496 4
10497 2
10498 4
10499 1
10500 1
10501 4
10502 1
10503 1
10504 6
10506 1
10507 3
10509 2
10510 4
10511 1
10512 2
10513 1
10515 1
10517 1
10518 4
10519 1
10520 3
10521 2
10522 1
10523 2
10525 2
10526 3
10527 2
10528 2
10529 1
10530 1
10531 2
10532 2
10534 3
10536 5
10537 6
10538 1
10539 1
10540 1
10542 3
10543 2
10544 1
10545 3
10546 2
10547 2
10548 2
10549 1
10550 2
10551 1
10552 2
10553 4
10554 2
10555 3
10557 1
10559 1
10561 1
10562 1
10564 2
10565 1
10566 2
10567 2
10568 2
10569 1
10570 1
10571 1
10572 4
10573 3
10574 4
10575 1
10577 1
10578 3
10579 1
10580 1
10581 2
10582 3
10583 4
10584 1
10585 2
10586 1
10587 1
10588 2
10589 4
10590 1
10591 1
10592 1
10593 3
10594 1
10595 1
10596 1
10597 2
10598 2
10599 2
10600 1
10601 4
10602 1
10604 2
10605 4
10607 2
10608 2
10609 2
10610 2
10611 2
10612 2
10613 2
10614 3
10615 1
10616 2
10617 1
10619 3
10620 3
10621 3
10622 3
10623 1
10624 1
10626 2
10627 1
10628 3
10629 2
10630 3
10631 1
10633 3
10634 1
10635 1
10637 4
10638 2
10639 2
10640 2
10641 3
10642 2
10644 2
10645 1
10646 4
10647 2
10648 2
10649 3
10650 2
10651 1
10652 2
10653 2
10654 1
10655 4
10656 3
10657 3
10659 2
10660 2
10661 3
10663 1
10664 1
10665 1
10666 4
10667 2
10668 1
10669 4
10671 3
10672 1
10673 1
10674 1
10675 3
10677 1
10678 2
10681 1
10682 2
10683 2
10684 1
10685 2
10686 2
10687 3
10688 2
10690 3
10691 3
10692 3
10693 2
10694 2
10695 2
10696 3
10697 2
10698 2
10699 1
10701 4
10702 4
10705 1
10706 4
10707 2
10708 1
10709 2
10710 1
10711 1
10712 1
10713 1
10714 4
10715 3
10717 3
10718 1
10719 1
10720 3
10721 4
10722 1
10723 6
10726 2
10728 1
10729 2
10730 1
10731 1
10732 2
10736 2
10737 3
10738 2
10739 4
10742 4
10743 1
10745 1
10746 1
10747 1
10748 3
10749 1
10750 2
10751 1
10753 2
10754 1
10755 2
10758 5
10759 2
10760 1
10761 1
10762 1
10763 1
10764 3
10766 1
10767 2
10768 1
10769 2
10770 1
10771 1
10772 2
10774 2
10775 1
10776 1
10777 2
10778 1
10779 3
10782 3
10783 2
10784 3
10785 4
10786 2
10787 2
10788 3
10789 2
10791 3
10792 1
10793 2
10794 1
10795 2
10796 1
10797 1
10798 2
10799 3
10800 1
10802 1
10803 3
10804 2
10805 1
10806 3
10807 3
10808 2
10809 1
10810 1
10811 1
10812 2
10814 1
10815 3
10816 1
10817 1
10818 2
10820 2
10821 2
10822 1
10823 1
10824 4
10825 1
10826 3
10828 1
10829 1
10830 2
10831 2
10832 2
10833 3
10834 2
10835 1
10836 1
10837 2
10839 4
10840 2
10842 1
10843 1
10844 1
10845 1
10846 1
10847 2
10848 1
10850 2
10851 2
10852 1
10854 1
10855 3
10856 1
10857 1
10858 1
10860 2
10861 3
10864 2
10866 1
10867 1
10870 1
10871 3
10872 2
10873 1
10874 2
10876 3
10877 1
10879 3
10880 2
10882 1
10883 2
10885 1
10887 1
10888 4
10890 1
10892 1
10893 2
10894 1
10895 1
10896 1
10897 2
10898 1
10900 3
10901 2
10903 1
10904 3
10905 1
10906 1
10907 4
10908 1
10909 1
10911 1
10912 1
10913 2
10915 2
10916 2
10917 1
10918 1
10919 1
10923 2
10924 1
10925 2
10926 1
10928 1
10931 1
10932 3
10933 3
10934 1
10936 3
10938 3
10939 2
10940 2
10941 3
10942 2
10943 1
10944 2
10945 1
10947 3
10948 2
10949 3
10951 1
10952 2
10953 3
10954 1
10955 1
10958 2
10960 1
10961 2
10962 2
10963 1
10964 1
10965 2
10968 4
10969 1
10970 1
10971 1
10973 3
10974 3
10975 1
10976 1
10977 1
10979 1
10980 3
10981 1
10983 1
10984 1
10986 3
10987 1
10988 1
10989 4
10990 1
10992 1
10993 2
10994 1
10995 2
10997 2
10998 1
10999 2
11001 3
11002 1
11004 1
11008 1
11010 1
11011 2
11013 1
11016 4
11019 1
11020 1
11021 1
11022 2
11023 1
11025 1
11026 3
11027 1
11029 2
11030 1
11032 1
11034 1
11035 1
11036 1
11037 2
11038 1
11039 1
11041 1
11044 1
11045 1
11048 2
11049 2
11050 1
11052 1
11053 1
11054 1
11055 1
11056 2
11057 3
11058 1
11059 1
11060 1
11061 1
11062 3
11063 2
11065 2
11066 1
11067 1
11069 1
11070 2
11071 2
11072 2
11074 1
11077 1
11078 1
11081 1
11082 1
11083 2
11084 2
11086 2
11087 3
11088 1
11090 2
11091 1
11092 1
11093 4
11094 1
11096 2
11098 4
11099 1
11101 1
11102 2
11103 2
11104 2
11105 2
11107 1
11108 1
11109 1
11110 1
11111 2
11112 1
11114 1
11116 1
11117 5
11118 1
11119 2
11120 1
11123 2
11126 2
11127 2
11128 1
11130 1
11131 1
11132 1
11133 2
11134 2
11135 3
11136 1
11138 2
11139 3
11140 1
11141 2
11142 2
11144 2
11146 1
11148 1
11149 1
11150 2
11151 1
11153 1
11154 2
11156 1
11157 1
11158 1
11159 1
11160 2
11162 2
11163 1
11164 1
11165 1
11166 3
11167 1
11168 2
11172 1
11174 2
11175 2
11178 1
11179 2
11180 2
11181 2
11183 1
11184 1
11185 2
11186 1
11187 1
11189 1
11190 1
11192 1
11194 1
11196 1
11197 1
11199 2
11201 1
11202 3
11203 2
11204 1
11205 3
11206 2
11208 2
11210 2
11214 3
11216 2
11218 2
11220 1
11221 3
11223 1
11224 2
11227 2
11228 2
11229 1
11230 1
11232 3
11233 2
11235 3
11236 1
11237 1
11239 2
11240 2
11241 3
11242 3
11243 2
11248 2
11249 2
11251 4
11253 1
11254 3
11256 2
11257 3
11260 2
11264 2
11265 2
11266 3
11267 2
11268 2
11269 1
11270 2
11272 2
11273 2
11275 2
11276 4
11278 1
11279 1
11280 1
11281 2
11282 3
11284 1
11285 1
11286 1
11287 1
11288 1
11289 1
11290 1
11291 1
11292 2
11293 1
11296 2
11297 2
11298 1
11299 2
11303 4
11304 2
11305 3
11308 1
11309 2
11310 1
11311 3
11312 1
11313 1
11314 2
11315 4
11317 2
11319 3
11320 1
11321 3
11322 2
11323 1
11324 2
11325 1
11327 1
11328 1
11329 1
11330 2
11332 1
11333 2
11335 1
11336 1
11338 3
11339 2
11340 2
11341 2
11343 1
11344 2
11345 1
11346 2
11347 1
11349 2
11350 2
11351 2
11352 2
11353 2
11354 2
11355 1
11356 1
11357 2
11358 1
11359 2
11360 3
11361 2
11362 1
11363 1
11365 1
11367 4
11369 2
11370 2
11371 1
11372 2
11373 2
11374 1
11375 1
11376 2
11378 1
11379 2
11380 1
11381 1
11382 1
11383 4
11384 1
11385 2
11386 3
11388 2
11389 5
11390 1
11391 2
11392 2
11393 1
11394 3
11395 2
11396 1
11397 3
11398 1
11399 1
11400 2
11401 1
11404 2
11405 2
11406 3
11407 2
11408 2
11410 1
11411 2
11412 1
11413 1
11415 1
11416 2
11417 1
11418 1
11419 2
11420 1
11421 4
11422 3
11423 1
11424 1
11425 2
11427 2
11428 1
11429 2
11430 1
11431 3
11432 1
11433 3
11434 2
11435 3
11437 4
11438 1
11439 1
11440 2
11441 1
11442 2
11443 1
11444 1
11446 2
11447 2
11450 2
11451 2
11452 2
11453 2
11454 1
11456 3
11457 2
11458 2
11459 2
11460 2
11461 2
11462 2
11464 1
11465 1
11466 1
11467 1
11468 3
11469 2
11470 4
11471 1
11472 1
11473 1
11474 1
11475 2
11476 2
11477 1
11478 3
11479 1
11480 2
11484 1
11485 2
11486 3
11487 1
11488 1
11489 1
11490 1
11491 1
11492 2
11493 1
11494 1
11495 1
11496 1
11497 2
11498 3
11499 3
11501 1
11502 3
11504 2
11505 2
11506 2
11507 4
11508 3
11509 2
11510 2
11511 1
11513 1
11514 1
11515 2
11516 1
11518 3
11519 1
11520 1
11521 1
11522 2
11523 1
11524 1
11525 1
11526 3
11527 1
11528 1
11529 3
11532 3
11534 3
11535 2
11536 1
11537 2
11538 4
11539 1
11540 2
11541 1
11542 1
11543 1
11544 3
11545 3
11546 1
11547 2
11548 1
11549 1
11550 1
11551 2
11552 2
11553 2
11554 4
11556 2
11557 1
11558 1
11559 2
11560 2
11561 1
11562 1
11563 2
11564 1
11565 1
11566 1
11567 1
11568 1
11569 2
11570 3
11571 2
11572 2
11573 1
11574 1
11575 5
11576 2
11577 2
11578 1
11580 3
11581 2
11582 1
11583 1
11584 2
11585 1
11586 5
11587 1
11589 2
11590 1
11591 1
11592 1
11593 1
11594 3
11595 1
11596 1
11599 3
11600 3
11602 4
11604 2
11605 3
11606 1
11607 2
11608 4
11610 1
11611 5
11614 1
11615 1
11616 3
11617 3
11618 1
11620 1
11621 2
11622 1
11623 2
11624 2
11625 1
11626 2
11627 3
11629 2
11630 2
11631 1
11633 1
11634 1
11635 1
11638 2
11639 1
11643 3
11644 1
11645 2
11646 2
11647 2
11648 1
11650 1
11651 2
11652 1
11653 1
11654 2
11656 2
11657 2
11660 1
11661 2
11662 3
11663 2
11664 1
11666 1
11667 2
11668 1
11669 1
11670 2
11671 2
11672 2
11673 1
11674 1
11675 2
11676 2
11677 1
11678 1
11679 2
11681 1
11683 2
11684 2
11685 1
11686 1
11687 2
11688 2
11689 1
11691 3
11692 2
11693 2
11694 1
11695 2
11696 1
11697 2
11699 1
11700 1
11702 1
11703 2
11705 1
11707 1
11708 1
11709 4
11710 1
11711 2
11712 2
11713 1
11714 2
11716 2
11717 3
11718 5
11719 2
11720 2
11721 2
11723 2
11724 3
11725 1
11727 2
11728 1
11729 2
11730 1
11731 1
11732 2
11733 2
11734 2
11735 1
11736 3
11738 1
11739 3
11740 3
11742 1
11743 1
11745 3
11746 1
11747 1
11751 1
11753 1
11754 1
11755 1
11756 2
11759 2
11761 1
11762 1
11764 2
11765 1
11766 1
11767 2
11768 1
11769 2
11771 1
11772 2
11773 2
11775 2
11776 2
11777 1
11780 3
11781 1
11782 2
11785 2
11786 3
11788 3
11789 1
11791 1
11792 2
11794 3
11796 2
11797 1
11799 1
11800 1
11801 1
11802 1
11803 1
11804 3
11805 1
11807 1
11810 1
11811 1
11812 1
11813 2
11815 1
11817 1
11818 2
11821 4
11823 1
11824 1
11825 1
11826 2
11827 3
11828 1
11829 1
11830 1
11832 1
11833 1
11834 2
11836 2
11837 3
11839 1
11840 2
11841 1
11842 1
11846 1
11848 3
11850 1
11853 3
11854 1
11856 2
11857 1
11858 1
11861 2
11862 2
11864 1
11865 2
11867 1
11868 1
11869 1
11871 1
11872 3
11873 2
11874 3
11877 2
11878 3
11879 1
11881 1
11882 2
11883 1
11885 1
11886 2
11887 1
11889 2
11892 1
11893 1
11894 1
11895 2
11896 1
11898 3
11901 2
11902 1
11904 2
11905 1
11907 1
11908 2
11911 1
11912 1
11913 1
11914 2
11919 1
11920 1
11922 2
11923 1
11924 1
11929 1
11933 1
11935 1
11937 1
11940 2
11941 2
11944 1
11945 1
11946 2
11949 1
11950 1
11951 2
11952 1
11954 1
11955 2
11957 1
11958 1
11959 1
11962 2
11963 1
11969 1
11971 2
11972 1
11973 1
11974 1
11978 1
11981 1
11983 2
11984 1
11986 2
11987 2
11988 1
11990 4
11991 1
11992 2
11995 3
11996 3
11997 1
11999 1
12001 1
12002 2
12005 2
12007 1
12011 4
12012 2
12013 1
12014 1
12016 1
12017 2
12018 2
12019 1
12020 4
12021 2
12023 3
12026 3
12027 1
12029 1
12032 2
12035 1
12038 2
12039 1
12041 1
12042 2
12043 1
12044 2
12047 2
12048 1
12051 3
12053 2
12057 1
12058 1
12059 3
12060 3
12063 1
12064 2
12065 1
12066 1
12067 2
12068 1
12069 1
12071 1
12072 1
12074 1
12082 1
12084 1
12087 3
12089 2
12090 1
12091 1
12093 2
12095 2
12099 1
12101 1
12102 1
12103 1
12105 2
12106 2
12108 1
12109 1
12111 1
12112 1
12113 1
12114 1
12115 1
12117 1
12118 1
12120 2
12123 1
12124 1
12126 1
12127 1
12128 2
12129 1
12130 2
12132 1
12133 1
12134 2
12135 1
12136 3
12138 2
12139 3
12141 2
12145 1
12148 1
12149 1
12152 1
12153 1
12155 1
12156 1
12157 3
12160 3
12161 3
12162 1
12163 1
12164 1
12165 2
12166 1
12167 2
12169 1
12172 1
12173 2
12174 1
12175 1
12176 3
12177 3
12178 1
12179 1
12181 1
12182 2
12183 1
12184 2
12188 1
12189 2
12190 2
12196 3
12197 1
12200 4
12202 1
12203 1
12204 1
12205 1
12206 3
12207 2
12209 2
12212 1
12213 1
12214 1
12215 1
12216 1
12218 1
12220 1
12221 2
12222 1
12223 1
12224 3
12225 2
12228 1
12229 2
12230 2
12231 1
12232 2
12235 1
12236 3
12237 1
12238 2
12239 1
12240 1
12241 1
12242 2
12244 1
12246 1
12248 2
12251 1
12252 2
12254 3
12255 1
12257 2
12258 2
12262 1
12263 2
12264 2
12265 1
12268 3
12270 2
12271 2
12273 2
12274 3
12275 1
12276 1
12277 2
12278 2
12279 3
12280 1
12282 1
12283 3
12284 1
12285 2
12286 1
12287 1
12289 2
12290 1
12292 2
12293 2
12294 1
12295 1
12297 2
12298 2
12300 2
12301 1
12302 1
12303 1
12304 2
12306 3
12307 1
12308 1
12310 1
12312 2
12313 1
12314 4
12316 3
12318 2
12319 2
12320 1
12321 1
12322 4
12324 1
12325 3
12326 1
12327 1
12328 1
12329 2
12330 2
12331 2
12332 2
12333 1
12335 1
12337 1
12338 1
12339 2
12341 3
12342 1
12343 2
12344 2
12345 2
12346 1
12347 2
12349 3
12352 1
12354 3
12355 3
12356 1
12358 1
12360 2
12362 1
12363 1
12365 2
12367 1
12368 1
12370 1
12371 3
12373 1
12375 1
12376 1
12377 1
12379 1
12380 1
12381 1
12382 1
12383 1
12384 2
12385 1
12386 3
12387 1
12389 4
12390 3
12391 1
12392 1
12393 2
12394 2
12395 3
12398 1
12399 1
12401 3
12403 2
12404 1
12405 1
12407 3
12408 1
12410 1
12411 1
12413 1
12414 1
12415 1
12416 1
12417 3
12419 2
12420 1
12422 1
12423 4
12426 3
12427 1
12428 1
12430 2
12431 2
12432 3
12433 1
12434 2
12435 2
12438 2
12439 4
12440 1
12441 1
12442 1
12443 2
12444 3
12446 1
12447 1
12448 1
12449 2
12450 1
12451 2
12453 2
12454 2
12455 2
12457 3
12459 2
12460 1
12462 3
12463 3
12465 2
12466 1
12467 2
12468 2
12469 2
12470 1
12471 2
12472 1
12473 1
12474 2
12475 2
12477 1
12478 1
12479 1
12481 2
12483 1
12484 1
12485 1
12486 1
12487 3
12489 2
12490 2
12492 2
12495 2
12496 3
12499 2
12500 1
12501 1
12502 4
12504 1
12505 2
12507 1
12508 4
12509 2
12510 1
12511 2
12512 1
12514 2
12516 2
12517 1
12519 2
12523 1
12524 1
12525 1
12529 1
12531 1
12532 3
12533 1
12535 4
12536 2
12538 1
12539 1
12540 2
12541 3
12544 2
12545 1
12546 1
12548 1
12549 1
12550 2
12551 2
12554 3
12555 2
12556 2
12557 2
12558 1
12559 1
12560 3
12563 1
12564 1
12566 1
12567 1
12568 1
12570 2
12571 1
12572 2
12575 1
12576 4
12577 1
12578 1
12579 1
12580 1
12581 2
12582 2
12583 1
12584 2
12585 1
12586 1
12587 1
12588 1
12590 1
12591 1
12592 2
12593 1
12595 1
12596 2
12597 2
12599 2
12600 1
12601 1
12602 2
12603 3
12604 2
12605 2
12606 2
12608 3
12609 2
12611 1
12612 3
12614 1
12616 1
12617 3
12618 2
12619 3
12620 2
12621 1
12622 1
12623 1
12624 2
12625 1
12626 2
12627 2
12628 1
12630 1
12632 1
12633 1
12635 1
12638 1
12639 1
12640 1
12641 1
12642 2
12644 2
12650 1
12651 2
12652 1
12653 1
12654 2
12656 1
12657 3
12658 1
12660 2
12661 1
12663 1
12664 1
12665 3
12667 2
12668 1
12670 1
12671 1
12672 1
12673 3
12674 1
12676 2
12679 2
12681 1
12684 2
12685 1
12686 1
12688 1
12689 1
12690 1
12692 2
12693 1
12694 2
12697 1
12698 1
12700 2
12701 1
12703 1
12705 1
12706 3
12709 1
12710 1
12711 1
12713 1
12714 1
12715 1
12718 1
12719 2
12721 3
12722 1
12724 2
12725 2
12727 2
12729 1
12730 1
12733 2
12735 2
12736 1
12737 1
12740 1
12741 3
12742 1
12746 1
12747 1
12749 1
12750 2
12751 1
12752 1
12754 1
12756 1
12757 2
12758 1
12759 1
12760 1
12761 1
12762 1
12765 1
12766 2
12767 1
12768 1
12769 1
12770 2
12771 1
12773 1
12774 1
12777 2
12778 1
12781 1
12783 2
12785 1
12786 2
12787 1
12789 2
12791 1
12792 1
12793 1
12795 1
12797 1
12798 1
12799 1
12802 1
12804 1
12807 1
12810 1
12811 1
12818 1
12819 1
12821 1
12822 1
12825 1
12826 1
12828 1
12829 1
12832 1
12834 1
12836 1
12837 1
12841 1
12843 1
12845 1
12854 1
12858 1
12859 2
12868 1
12870 1
12871 1
12874 1
12875 3
12876 1
12878 1
12879 1
12880 2
12883 1
12884 2
12886 2
12887 1
12889 1
12890 2
12892 1
12895 1
12896 1
12897 1
12902 1
12904 1
12905 3
12906 1
12908 1
12909 1
12911 3
12914 1
12916 1
12917 1
12920 2
12923 1
12927 1
12930 1
12932 1
12935 1
12936 3
12938 2
12942 1
12943 1
12944 2
12945 2
12946 2
12950 1
12951 2
12952 2
12953 1
12954 1
12957 2
12960 1
12968 1
12972 2
12978 1
12980 1
12981 1
12984 3
12987 1
12990 1
12992 2
12993 2
12997 1
12998 1
12999 1
13002 1
13003 1
13008 1
13013 1
13014 1
13015 1
13017 1
13019 1
13020 2
13023 2
13024 1
13026 1
13027 1
13033 1
13034 1
13036 1
13038 1
13039 1
13041 1
13042 1
13045 2
13048 1
13050 1
13052 2
13054 1
13058 2
13059 1
13060 1
13061 3
13062 2
13063 1
13064 1
13067 2
13069 3
13071 1
13073 1
13074 1
13075 1
13081 1
13082 1
13085 2
13086 1
13088 2
13090 2
13091 1
13093 1
13094 2
13097 1
13098 1
13099 2
13100 1
13101 2
13102 1
13103 1
13107 2
13109 2
13110 2
13115 1
13116 1
13117 2
13120 1
13121 3
13122 1
13123 1
13127 1
13129 1
13131 1
13133 1
13137 2
13138 1
13139 1
13142 1
13143 1
13145 1
13149 2
13153 2
13154 1
13155 1
13156 2
13157 2
13158 1
13161 1
13162 2
13163 2
13164 2
13165 1
13168 2
13170 1
13172 1
13176 1
13177 2
13179 1
13180 1
13182 1
13183 1
13185 3
13187 2
13189 1
13191 2
13192 1
13198 1
13199 2
13201 2
13203 3
13204 2
13206 1
13207 2
13208 1
13209 2
13210 2
13211 1
13212 1
13213 2
13214 1
13217 2
13218 2
13219 1
13222 2
13223 1
13224 1
13225 1
13226 2
13227 1
13228 2
13231 1
13234 1
13235 1
13236 1
13237 2
13238 1
13239 2
13245 1
13246 1
13247 1
13250 1
13251 1
13252 1
13253 2
13255 2
13256 1
13258 1
13259 1
13262 1
13264 2
13265 1
13267 1
13268 1
13269 1
13270 1
13271 2
13274 4
13275 1
13278 1
13279 1
13280 3
13286 4
13288 1
13290 1
13292 1
13293 1
13295 1
13300 1
13301 1
13302 1
13303 1
13304 1
13305 1
13307 1
13309 1
13310 1
13311 2
13312 1
13314 2
13315 1
13316 1
13318 1
13319 2
13320 1
13322 2
13323 3
13325 1
13326 2
13327 2
13328 3
13329 1
13332 1
13334 1
13336 2
13338 1
13339 1
13340 1
13341 2
13342 3
13344 1
13347 2
13348 2
13350 2
13351 1
13352 2
13353 1
13354 1
13355 1
13356 2
13359 1
13360 1
13362 1
13363 2
13364 1
13366 1
13368 3
13371 2
13372 1
13374 2
13375 1
13376 1
13377 2
13380 1
13382 1
13383 1
13386 1
13387 5
13390 3
13392 2
13393 3
13395 2
13396 2
13398 1
13399 1
13401 1
13402 2
13404 4
13410 1
13411 1
13417 1
13418 1
13420 4
13423 3
13424 1
13425 1
13428 1
13429 4
13432 1
13433 1
13434 1
13435 2
13436 1
13439 3
13441 2
13442 1
13444 1
13445 2
13448 1
13452 1
13455 1
13456 1
13457 1
13458 1
13460 2
13461 2
13463 2
13464 2
13465 2
13466 1
13468 1
13469 2
13470 1
13472 1
13474 1
13476 1
13477 1
13478 1
13479 2
13480 2
13481 2
13484 2
13487 1
13488 1
13489 2
13491 2
13492 1
13493 2
13496 1
13497 2
13499 1
13500 1
13502 1
13503 1
13504 1
13505 4
13506 1
13507 2
13508 1
13509 2
13511 2
13513 2
13514 1
13515 1
13516 1
13520 1
13521 1
13524 1
13525 1
13527 1
13528 1
13529 2
13532 1
13536 2
13539 1
13541 2
13542 3
13543 1
13545 2
13547 1
13548 1
13551 2
13552 3
13553 1
13555 2
13557 2
13558 2
13560 1
13561 1
13564 2
13569 1
13571 1
13573 1
13576 1
13577 1
13578 1
13579 2
13581 1
13582 2
13585 1
13587 1
13588 1
13589 1
13590 1
13593 1
13594 1
13598 2
13599 1
13600 1
13604 2
13606 3
13609 3
13610 1
13612 1
13614 2
13615 1
13617 1
13618 1
13619 1
13620 1
13621 1
13622 1
13623 1
13625 2
13626 1
13628 1
13629 1
13630 1
13633 1
13634 1
13635 1
13639 2
13641 1
13642 1
13644 1
13645 1
13646 1
13647 1
13649 1
13652 1
13654 2
13655 1
13656 1
13657 1
13658 2
13660 1
13662 1
13665 1
13666 1
13668 1
13670 1
13671 2
13673 1
13674 2
13676 1
13679 1
13680 2
13682 1
13689 1
13690 1
13692 1
13695 2
13701 1
13706 1
13707 2
13710 1
13713 1
13714 1
13716 2
13717 1
13720 1
13722 1
13726 1
13730 1
13743 1
13744 1
13746 1
13747 1
13751 1
13755 1
13757 1
13758 1
13759 1
13763 1
13764 1
13765 1
13767 1
13769 1
13770 1
13771 1
13774 2
13775 1
13780 1
13783 1
13789 1
13790 1
13792 1
13793 1
13796 1
13799 1
13805 1
13808 1
13815 1
13817 1
13819 1
13821 1
13823 1
13825 1
13829 1
13830 1
13831 2
13836 1
13838 1
13839 1
13844 1
13845 1
13857 1
13860 1
13866 1
13869 2
13871 1
13875 1
13876 1
13877 2
13878 1
13882 1
13885 1
13887 1
13905 1
13906 1
13908 1
13911 1
13912 1
13917 1
13920 1
13922 1
13923 1
13924 1
13933 1
13935 1
13937 1
13939 1
13944 1
13946 1
13947 1
13948 1
13949 1
13954 2
13957 1
13958 1
13966 1
13967 1
13970 1
13973 1
13975 1
13984 1
13985 1
13986 1
13987 1
13991 1
13992 1
13994 3
13995 2
13996 1
14000 1
14002 1
14006 1
14014 1
14015 1
14018 1
14022 1
14023 1
14024 2
14034 2
14036 1
14040 1
14041 1
14042 3
14043 1
14048 1
14053 1
14055 1
14064 1
14070 1
14071 1
14072 1
14077 1
14082 1
14086 1
14088 2
14089 1
14091 1
14092 1
14093 1
14096 1
14097 1
14101 1
14104 1
14107 1
14110 2
14112 1
14113 1
14115 1
14116 2
14120 1
14123 1
14124 1
14131 1
14132 2
14134 1
14136 1
14137 1
14138 1
14140 1
14142 1
14143 1
14146 1
14149 1
14150 1
14152 1
14159 4
14160 1
14161 2
14165 1
14167 1
14171 1
14173 1
14177 1
14178 1
14180 1
14183 1
14188 1
14189 2
14199 1
14200 1
14202 1
14204 1
14207 3
14208 1
14210 1
14211 2
14213 2
14221 1
14225 1
14226 1
14227 1
14228 1
14232 1
14233 1
14234 1
14235 2
14236 1
14239 1
14241 1
14244 1
14245 1
14247 1
14248 1
14249 1
14250 1
14251 1
14252 1
14253 1
14256 2
14259 1
14261 2
14262 1
14267 1
14272 3
14275 3
14277 2
14278 1
14280 1
14281 2
14283 2
14284 1
14285 1
14287 1
14289 2
14292 1
14293 1
14296 1
14297 1
14299 1
14301 1
14302 1
14303 1
14307 1
14308 2
14310 1
14314 1
14320 3
14323 1
14324 1
14325 1
14326 2
14327 1
14329 2
14342 1
14343 1
14345 1
14348 1
14349 1
14350 1
14353 2
14357 1
14358 1
14364 1
14365 1
14369 2
14372 1
14374 1
14376 1
14377 1
14378 1
14384 1
14385 1
14388 3
14390 3
14392 1
14393 2
14394 3
14397 1
14398 1
14399 1
14401 2
14402 1
14403 1
14404 1
14409 1
14410 1
14412 1
14413 1
14414 1
14415 1
14417 2
14420 1
14421 1
14424 2
14426 2
14427 1
14430 2
14432 1
14436 1
14437 2
14438 1
14439 1
14440 2
14442 1
14443 1
14445 1
14446 1
14449 1
14452 1
14456 1
14457 1
14458 1
14461 2
14466 1
14467 2
14475 1
14476 1
14478 1
14483 1
14485 2
14488 1
14489 1
14491 1
14494 3
14499 1
14502 2
14503 1
14504 1
14506 2
14508 1
14510 1
14511 1
14512 1
14513 1
14514 1
14518 2
14521 1
14527 1
14529 1
14534 1
14537 2
14539 2
14542 2
14543 1
14545 1
14548 1
14550 1
14553 2
14555 1
14558 2
14559 3
14564 1
14567 1
14568 1
14574 2
14577 1
14579 1
14580 1
14583 1
14586 1
14588 1
14589 1
14592 1
14595 2
14601 2
14603 1
14604 1
14605 1
14607 1
14622 1
14631 1
14632 1
14636 1
14639 1
14642 1
14643 1
14650 1
14652 1
14654 1
14655 2
14659 1
14668 1
14671 1
14676 1
14677 2
14678 1
14690 1
14692 1
14698 1
14702 1
14704 2
14707 1
14710 1
14713 1
14723 2
14724 1
14729 1
14732 1
14739 1
14745 1
14748 1
14754 1
14756 1
14761 1
14764 1
14770 1
14772 1
14791 1
14796 1
14799 1
14802 1
14805 1
14807 1
14820 1
14841 1
14842 1
14845 1
14855 1
14857 1
14870 1
14872 1
14879 2
14882 1
14891 1
14909 1
14917 1
14919 1
14920 1
14921 1
14927 1
14939 1
14956 1
14967 1
14988 1
14995 1
14997 1
15010 1
15016 1
15017 1
15021 1
15025 1
15037 1
15040 1
15044 1
15045 1
15052 1
15056 2
15062 1
15070 1
15071 1
15074 1
15085 1
15092 2
15098 1
15104 1
15113 1
15120 1
15124 1
15132 1
15133 1
15134 1
15135 1
15143 1
15146 1
15157 1
15158 1
15160 2
15162 1
15166 1
15168 1
15169 1
15170 1
15172 1
15174 1
15180 1
15181 2
15182 1
15186 1
15189 1
15195 1
15205 2
15208 2
15210 2
15214 1
15217 1
15221 1
15227 1
15235 1
15236 1
15238 1
15257 2
15263 1
15273 2
15275 1
15276 1
15278 1
15281 1
15282 2
15286 1
15289 1
15294 1
15297 1
15298 1
15299 1
15300 1
15305 1
15307 1
15309 1
15311 1
15315 1
15318 1
15322 1
15323 2
15325 2
15326 1
15327 1
15331 1
15334 1
15337 1
15339 1
15342 1
15345 1
15346 2
15370 1
15373 2
15375 1
15379 1
15382 1
15387 1
15391 2
15394 1
15399 1
15400 2
15406 1
15422 1
15424 1
15427 2
15433 1
15436 1
15438 1
15440 1
15443 2
15446 1
15447 1
15452 1
15459 2
15462 2
15464 1
15467 1
15468 1
15473 1
15474 1
15476 1
15480 1
15483 1
15488 1
15491 1
15492 1
15507 1
15510 1
15513 1
15524 1
15535 1
15540 1
15556 1
15561 1
15564 1
15565 1
15575 1
15577 1
15580 1
15583 1
15585 1
15589 1
15592 2
15598 1
15601 1
15608 1
15611 1
15617 1
15623 1
15624 1
15627 1
15633 1
15649 1
15678 1
15684 1
15724 1
15726 1
15729 1
15730 1
15740 1
15742 1
15745 1
15767 1
15788 1
15802 1
15842 1
15889 1
15895 1
15941 1
15949 1
15950 1
15977 1
15995 1
16007 1
16045 1
16057 1
16059 1
16067 1
16068 1
16074 1
16093 1
16095 1
16105 1
16106 1
16114 1
16115 1
16120 1
16142 1
16160 1
16161 1
16163 1
16182 1
16192 1
16206 1
16210 1
16211 1
16222 1
16224 1
16230 1
16232 1
16233 1
16258 1
16260 1
16270 1
16279 2
16285 1
16312 1
16324 1
16328 1
16331 1
16347 2
16352 1
16355 1
16361 1
16371 1
16376 1
16392 1
16395 1
16397 1
16398 1
16401 1
16449 1
16460 1
16465 1
16470 1
16473 1
16477 1
16489 1
16496 1
16508 1
16510 1
16512 1
16557 1
16563 1
16566 1
16609 1
16614 1
16625 1
16630 1
16673 1
16675 1
16727 1
16774 1
16874 1
16892 1
16992 1
16999 1
17039 1
17117 1
17157 1
17164 1
17240 1
17277 1
17280 1
17282 1
17286 1
17358 1
17395 1
17398 1
17442 1
17445 1
17451 1
17560 1
17563 1
18165 1
18283 1
18330 1
18448 1
End
