NMec = 97746
T = 17
P = 4
Profits not ignored
Valid tasks:                                                            19039
Solution time = 3.694e-04
Task data
    0  16  2454 0
    0  34  3075 -1
    0  40  4529 1
    2  26  6025 2
    7  13   401 -1
   10  20  1605 3
   10  24  2143 -1
   11  23  1123 -1
   12  29  3676 -1
   13  21   938 -1
   15  26  1992 -1
   18  29   823 -1
   18  30  3368 0
   21  35  3514 3
   22  29  1233 -1
   29  37   909 2
   33  38  1503 0
Best profit: 23907
All profits:
0 1
401 1
823 1
909 1
938 1
1123 1
1224 1
1233 1
1310 1
1339 1
1503 1
1524 1
1605 1
1634 1
1732 1
1761 1
1847 1
1904 1
1946 1
1992 1
2006 1
2032 1
2056 1
2061 1
2133 1
2142 1
2143 1
2162 1
2171 1
2248 1
2326 1
2347 1
2356 1
2393 1
2412 1
2428 1
2433 1
2441 1
2454 1
2457 1
2462 1
2514 1
2543 2
2544 1
2572 1
2626 1
2670 1
2727 1
2728 1
2736 1
2757 1
2813 1
2815 1
2829 1
2838 1
2842 1
2855 2
2884 1
2901 1
2915 1
2930 1
2944 1
2965 1
2966 1
2970 1
2994 1
3027 1
3052 1
3071 1
3075 1
3080 1
3081 1
3108 1
3115 1
3129 1
3137 1
3179 1
3216 1
3225 1
3235 1
3239 1
3256 1
3264 1
3265 1
3266 1
3277 1
3285 1
3294 1
3302 1
3331 1
3337 1
3350 1
3363 1
3366 2
3367 1
3368 1
3371 1
3376 1
3392 1
3395 1
3449 1
3452 1
3453 1
3476 1
3481 1
3482 1
3495 1
3509 1
3514 1
3516 1
3535 1
3551 1
3559 1
3564 1
3577 1
3580 1
3597 1
3626 1
3636 1
3637 1
3645 1
3646 1
3661 1
3665 1
3666 2
3667 1
3674 1
3676 1
3678 1
3687 1
3695 1
3724 1
3738 1
3747 1
3748 1
3751 1
3753 1
3764 1
3767 1
3769 1
3776 1
3777 1
3793 2
3839 1
3850 1
3853 1
3859 1
3875 1
3896 1
3898 1
3903 1
3904 1
3915 1
3931 1
3936 1
3938 1
3952 1
3957 1
3960 1
3961 1
3965 1
3978 1
3984 1
3990 1
3998 1
4013 1
4017 1
4024 1
4038 1
4046 2
4047 1
4048 1
4053 1
4059 1
4062 1
4067 1
4075 1
4077 1
4088 2
4089 1
4117 1
4125 1
4134 1
4135 1
4148 1
4149 1
4154 1
4163 1
4173 1
4175 1
4177 1
4186 1
4191 1
4194 1
4198 1
4199 1
4203 1
4204 1
4215 1
4231 1
4240 1
4260 1
4275 1
4276 1
4277 1
4285 1
4299 1
4301 1
4304 1
4305 1
4306 1
4308 1
4314 1
4318 1
4332 1
4337 1
4339 1
4341 1
4348 1
4358 2
4362 1
4385 1
4387 1
4391 1
4400 1
4404 1
4414 1
4418 1
4420 1
4423 1
4425 1
4433 1
4446 1
4447 1
4449 1
4452 1
4454 1
4460 2
4468 1
4469 1
4473 1
4486 1
4489 2
4490 1
4491 1
4497 1
4499 2
4506 1
4510 1
4515 1
4518 1
4529 1
4535 2
4536 1
4555 1
4564 1
4570 1
4571 1
4574 1
4575 1
4576 1
4578 1
4583 1
4584 1
4585 1
4587 1
4592 1
4596 1
4597 1
4599 2
4600 1
4601 1
4604 1
4605 1
4614 1
4616 1
4618 1
4625 1
4632 1
4637 1
4657 1
4662 1
4676 1
4678 1
4680 1
4682 1
4685 1
4686 2
4702 1
4707 1
4709 1
4715 1
4719 1
4720 1
4728 1
4738 1
4742 1
4747 1
4749 1
4759 1
4768 1
4769 1
4780 1
4784 1
4788 1
4797 1
4799 1
4801 1
4805 1
4807 1
4810 1
4813 1
4821 1
4824 1
4830 1
4834 1
4836 1
4840 1
4847 2
4853 1
4861 1
4866 1
4869 2
4870 2
4871 2
4874 1
4876 1
4879 1
4882 1
4887 1
4890 1
4892 1
4895 1
4898 1
4899 1
4900 2
4907 1
4909 1
4911 1
4916 1
4922 1
4930 1
4936 1
4955 1
4956 1
4957 1
4958 1
4962 1
4968 1
4971 1
4972 1
4973 1
4976 1
4979 1
4981 1
4984 1
4985 1
4986 2
4997 2
4998 2
5000 1
5002 1
5015 1
5017 1
5019 1
5021 1
5026 2
5027 1
5038 1
5044 1
5054 1
5058 1
5063 1
5067 1
5072 1
5073 1
5080 1
5081 1
5083 1
5086 1
5087 1
5100 2
5107 1
5108 1
5113 1
5119 1
5121 1
5124 1
5129 2
5131 1
5136 1
5137 1
5140 1
5148 1
5164 1
5169 2
5170 1
5171 1
5179 1
5181 1
5182 1
5185 1
5190 1
5198 1
5200 1
5208 1
5211 1
5214 1
5215 1
5217 1
5218 1
5223 1
5227 1
5231 1
5237 1
5241 1
5246 2
5248 1
5250 1
5251 1
5256 1
5257 1
5258 1
5267 1
5269 1
5270 1
5271 1
5272 2
5275 1
5277 1
5279 1
5280 1
5281 1
5283 1
5286 1
5292 1
5296 2
5300 1
5309 1
5310 1
5314 1
5322 1
5323 1
5329 1
5338 1
5342 1
5352 1
5355 1
5356 1
5358 2
5359 1
5360 1
5361 1
5363 1
5368 1
5369 1
5374 1
5378 1
5382 1
5384 1
5387 1
5398 2
5399 1
5400 1
5401 1
5406 1
5407 1
5408 2
5418 1
5419 1
5420 1
5422 1
5424 2
5427 1
5428 1
5429 1
5431 1
5437 2
5438 1
5441 1
5444 1
5445 1
5448 1
5455 1
5460 1
5464 1
5467 1
5468 1
5473 1
5474 1
5480 1
5481 1
5487 1
5493 1
5501 2
5503 1
5506 2
5508 2
5509 2
5510 1
5511 1
5514 1
5516 1
5520 1
5523 1
5525 1
5527 1
5529 1
5530 1
5532 1
5534 1
5535 1
5537 1
5538 1
5539 1
5541 1
5543 1
5546 1
5551 1
5556 1
5562 1
5565 1
5569 1
5570 2
5572 1
5575 1
5580 1
5583 1
5589 1
5591 2
5592 1
5595 1
5616 1
5618 2
5619 1
5620 1
5622 1
5624 1
5628 1
5629 1
5633 1
5637 1
5638 1
5647 2
5651 1
5652 2
5653 1
5656 1
5657 2
5658 2
5659 1
5666 1
5668 1
5670 1
5676 1
5678 1
5679 1
5680 1
5682 1
5685 1
5687 1
5689 1
5693 2
5694 2
5697 1
5701 1
5702 1
5706 1
5707 1
5708 1
5710 1
5715 1
5718 1
5719 1
5720 1
5722 1
5723 1
5724 1
5730 1
5732 1
5737 1
5739 2
5740 1
5743 1
5745 1
5748 1
5753 1
5756 1
5759 1
5761 1
5762 2
5768 1
5769 1
5778 1
5779 1
5780 2
5785 2
5788 1
5791 1
5796 1
5799 1
5801 1
5802 1
5803 1
5804 2
5807 1
5808 2
5809 4
5811 1
5817 1
5818 1
5819 1
5820 2
5821 1
5822 1
5825 2
5830 2
5832 1
5838 2
5839 1
5840 1
5842 1
5845 1
5847 1
5849 1
5851 1
5861 1
5865 1
5867 1
5868 1
5870 1
5881 1
5882 1
5888 1
5890 2
5894 1
5895 1
5896 1
5903 1
5904 1
5906 1
5907 2
5909 1
5910 1
5911 2
5912 1
5913 1
5917 1
5919 1
5923 1
5924 1
5926 1
5928 1
5930 2
5935 1
5936 2
5940 1
5942 1
5944 1
5947 1
5949 1
5952 1
5953 1
5955 1
5957 1
5959 1
5963 2
5968 1
5970 1
5971 1
5976 2
5982 1
5989 1
5990 1
5992 2
5993 1
5994 1
5996 1
6002 2
6005 2
6009 1
6013 1
6018 1
6019 1
6021 1
6023 1
6025 1
6028 1
6030 1
6032 2
6034 1
6038 3
6039 1
6040 1
6041 1
6045 1
6046 1
6051 1
6053 1
6054 1
6057 2
6058 1
6059 1
6067 1
6069 2
6073 1
6074 1
6078 1
6079 1
6080 2
6081 1
6086 1
6088 1
6090 1
6091 1
6094 1
6095 2
6096 1
6099 1
6100 1
6102 2
6103 1
6104 3
6107 1
6108 1
6109 2
6115 1
6117 1
6119 1
6120 2
6121 1
6123 1
6125 1
6127 1
6128 1
6130 1
6133 1
6134 1
6138 1
6140 2
6141 1
6146 1
6149 1
6155 1
6156 1
6160 1
6163 1
6165 1
6167 1
6169 1
6178 1
6179 1
6181 2
6183 2
6184 1
6186 1
6188 1
6189 2
6190 2
6191 1
6192 1
6195 1
6196 1
6197 1
6201 1
6202 1
6204 1
6205 2
6206 1
6207 1
6209 1
6210 1
6212 1
6218 1
6219 2
6220 1
6221 1
6223 3
6230 1
6231 2
6241 1
6242 1
6247 1
6248 1
6250 1
6252 2
6254 1
6260 1
6261 1
6267 1
6268 1
6269 1
6271 1
6277 1
6283 1
6287 1
6290 1
6291 2
6293 1
6296 1
6297 1
6298 1
6300 1
6302 1
6304 1
6306 1
6307 1
6310 1
6312 1
6313 1
6314 1
6316 1
6320 1
6324 1
6327 1
6329 2
6331 1
6333 2
6334 1
6337 1
6338 1
6339 1
6340 1
6341 1
6343 1
6346 2
6350 2
6352 2
6354 1
6356 1
6357 1
6358 1
6360 1
6362 1
6364 1
6369 3
6373 1
6374 1
6376 1
6377 1
6379 1
6383 1
6385 1
6390 1
6392 1
6393 1
6395 1
6398 1
6402 1
6403 2
6404 1
6406 2
6410 1
6412 2
6414 1
6415 2
6418 1
6419 1
6420 1
6425 1
6426 1
6429 1
6433 2
6438 1
6439 2
6441 2
6442 1
6443 1
6444 2
6446 1
6447 1
6448 1
6449 1
6451 1
6452 2
6458 1
6460 1
6461 1
6465 1
6467 1
6470 1
6471 1
6474 1
6475 2
6476 1
6478 1
6479 2
6480 1
6481 1
6482 1
6483 1
6484 2
6489 2
6491 2
6492 1
6497 1
6500 2
6501 2
6502 1
6503 1
6505 3
6507 1
6508 1
6510 1
6514 1
6516 1
6518 1
6521 1
6524 1
6527 1
6528 1
6529 2
6530 1
6531 2
6535 1
6541 1
6542 1
6543 1
6547 2
6556 1
6557 1
6560 1
6561 2
6562 1
6563 1
6566 2
6567 1
6568 1
6570 1
6571 1
6575 1
6576 1
6577 1
6579 1
6584 2
6585 2
6588 1
6589 3
6590 2
6591 3
6592 1
6593 1
6594 1
6595 1
6596 1
6597 1
6602 1
6603 3
6606 1
6607 1
6608 1
6610 1
6611 1
6616 1
6617 1
6620 1
6622 1
6624 2
6626 1
6627 1
6629 2
6631 2
6632 2
6633 1
6634 2
6639 1
6640 1
6641 1
6642 1
6643 1
6645 1
6646 1
6648 1
6649 1
6651 1
6652 1
6653 2
6655 1
6657 1
6658 1
6661 1
6662 2
6668 1
6670 2
6671 1
6672 2
6674 1
6677 1
6678 2
6685 1
6688 1
6691 1
6693 1
6694 1
6699 1
6700 1
6701 1
6703 1
6705 1
6707 1
6711 1
6712 1
6713 1
6714 1
6717 1
6718 2
6720 1
6721 1
6726 1
6728 1
6729 1
6730 2
6731 1
6734 3
6735 1
6736 1
6739 3
6740 1
6741 2
6742 2
6744 1
6747 2
6749 2
6751 2
6753 2
6756 1
6757 1
6758 1
6759 1
6760 2
6761 1
6762 1
6763 1
6768 1
6770 2
6772 1
6774 1
6775 1
6776 1
6777 1
6778 1
6779 1
6780 2
6784 1
6786 1
6789 1
6791 2
6793 1
6795 1
6799 2
6802 1
6803 1
6805 2
6808 1
6812 1
6813 2
6816 2
6817 1
6819 1
6820 1
6821 1
6822 1
6823 1
6825 1
6826 1
6828 2
6832 1
6839 1
6841 1
6842 1
6844 1
6845 2
6848 1
6849 1
6850 1
6851 2
6852 1
6853 1
6855 2
6858 1
6861 2
6862 2
6863 2
6864 1
6866 1
6868 2
6871 1
6872 1
6874 1
6876 1
6877 2
6879 1
6880 2
6881 1
6882 1
6884 1
6885 3
6887 1
6890 2
6891 1
6892 2
6901 3
6902 1
6903 2
6906 1
6908 1
6909 1
6911 2
6914 2
6915 1
6919 1
6922 2
6923 1
6925 1
6927 3
6928 1
6930 1
6931 1
6932 2
6934 2
6940 2
6941 2
6942 1
6943 2
6944 1
6945 1
6947 1
6948 2
6950 1
6951 1
6953 2
6957 1
6960 1
6961 1
6962 1
6963 3
6964 1
6965 1
6966 1
6967 1
6968 1
6970 2
6971 1
6972 1
6973 1
6976 1
6977 1
6978 2
6979 1
6983 2
6986 1
6989 2
6990 3
6991 1
6992 1
6994 1
6995 1
6996 1
7004 2
7005 1
7006 1
7007 1
7009 2
7011 2
7012 2
7013 4
7014 1
7017 1
7018 2
7023 1
7024 1
7025 1
7026 1
7027 1
7028 1
7029 2
7030 2
7032 2
7033 1
7034 2
7035 2
7036 1
7037 1
7038 1
7039 1
7040 1
7041 1
7042 4
7043 2
7044 1
7046 2
7047 1
7049 1
7050 1
7052 1
7053 2
7054 1
7055 1
7058 1
7063 1
7065 2
7068 1
7071 1
7072 3
7073 3
7075 1
7078 2
7079 1
7086 1
7091 1
7092 2
7094 1
7098 1
7099 1
7100 1
7101 1
7105 1
7106 1
7111 2
7113 1
7114 1
7115 1
7116 2
7119 1
7121 3
7122 1
7123 1
7125 1
7127 1
7128 2
7129 2
7130 1
7132 2
7134 1
7135 1
7136 1
7137 1
7139 1
7140 3
7143 1
7144 1
7145 1
7148 1
7150 2
7151 1
7152 1
7155 1
7156 1
7157 1
7158 1
7159 1
7160 1
7161 4
7162 1
7163 2
7164 1
7169 2
7171 1
7173 1
7174 1
7175 1
7177 1
7179 1
7180 2
7181 1
7182 1
7185 1
7188 1
7190 2
7192 3
7196 2
7197 1
7199 1
7200 1
7201 1
7203 1
7206 1
7207 1
7209 2
7210 1
7211 1
7213 1
7215 1
7218 1
7221 1
7222 1
7223 2
7224 1
7225 1
7226 1
7227 2
7229 2
7233 1
7235 1
7238 3
7240 1
7242 2
7243 2
7248 1
7249 1
7250 1
7251 1
7252 2
7253 1
7256 2
7257 1
7258 1
7259 1
7261 2
7262 2
7263 1
7264 2
7265 2
7266 1
7267 2
7269 1
7271 2
7272 2
7273 1
7274 1
7275 1
7278 2
7279 1
7281 1
7283 2
7284 1
7286 1
7288 2
7290 2
7291 1
7292 1
7294 1
7299 1
7301 1
7302 2
7304 1
7306 2
7307 3
7311 1
7312 3
7313 1
7315 2
7320 1
7321 1
7322 1
7323 2
7324 2
7325 2
7328 3
7329 1
7330 1
7333 2
7335 2
7337 1
7341 2
7342 3
7343 1
7344 1
7346 1
7348 1
7350 2
7351 1
7352 2
7353 2
7354 2
7358 2
7360 1
7361 1
7363 1
7364 2
7366 1
7367 2
7370 1
7371 2
7373 1
7374 1
7376 1
7379 1
7380 1
7381 1
7384 3
7385 1
7389 2
7390 1
7391 1
7392 1
7393 2
7398 1
7399 1
7400 2
7406 1
7407 1
7409 1
7410 2
7411 1
7412 3
7413 2
7414 5
7415 1
7416 3
7417 1
7418 1
7419 1
7421 1
7422 1
7423 2
7424 1
7425 1
7426 1
7427 2
7429 2
7430 2
7433 2
7435 2
7437 1
7438 1
7439 2
7440 2
7443 2
7444 1
7445 2
7447 1
7450 1
7452 3
7453 1
7454 1
7456 3
7457 1
7459 1
7462 1
7466 2
7469 2
7471 1
7472 1
7473 2
7474 1
7475 2
7479 2
7480 1
7481 1
7485 2
7492 1
7493 2
7494 1
7495 2
7498 2
7499 2
7500 2
7501 1
7502 1
7503 1
7504 1
7506 1
7508 2
7512 2
7515 1
7516 1
7517 2
7521 1
7522 2
7523 1
7524 1
7526 2
7527 2
7528 1
7529 2
7530 1
7531 2
7533 1
7535 3
7537 1
7538 1
7540 1
7541 1
7543 2
7544 1
7545 1
7548 1
7549 2
7551 1
7552 1
7554 2
7556 1
7557 1
7560 2
7561 2
7562 4
7564 1
7565 1
7566 1
7567 3
7570 1
7571 1
7572 3
7573 1
7574 2
7575 1
7576 1
7579 1
7580 1
7581 3
7583 3
7584 1
7585 1
7587 1
7589 1
7590 1
7591 2
7593 1
7594 1
7597 1
7598 1
7599 1
7600 1
7602 2
7603 1
7604 1
7607 2
7608 1
7609 1
7610 3
7611 1
7612 2
7614 1
7616 1
7618 1
7623 2
7624 1
7625 1
7626 1
7628 2
7630 2
7631 1
7633 1
7636 1
7637 2
7639 3
7641 1
7643 2
7644 3
7645 1
7646 1
7648 1
7649 2
7650 1
7651 2
7652 1
7653 1
7654 1
7658 2
7659 2
7660 1
7662 2
7663 1
7666 2
7667 1
7668 2
7669 1
7670 1
7671 1
7672 3
7673 1
7674 2
7675 1
7676 1
7677 2
7679 1
7681 1
7682 1
7684 1
7685 2
7686 1
7687 1
7689 3
7691 2
7693 2
7694 1
7695 1
7698 1
7699 1
7700 4
7702 1
7704 1
7705 2
7707 2
7708 3
7709 1
7710 1
7711 1
7712 3
7713 1
7714 1
7716 1
7717 1
7718 1
7722 2
7723 1
7724 2
7725 1
7726 2
7729 2
7730 1
7731 1
7732 1
7733 1
7734 2
7735 1
7737 1
7738 1
7740 1
7745 2
7750 1
7751 2
7753 1
7754 2
7755 1
7757 2
7759 1
7760 1
7761 2
7763 1
7764 3
7765 1
7768 2
7770 1
7771 1
7772 2
7774 1
7776 1
7777 1
7780 1
7782 1
7783 1
7785 1
7786 2
7788 1
7789 1
7790 2
7791 1
7793 3
7794 3
7795 2
7796 2
7799 2
7800 2
7801 3
7803 1
7806 1
7809 1
7810 2
7811 1
7812 2
7813 2
7814 2
7815 2
7817 3
7818 1
7819 1
7820 1
7822 3
7823 2
7824 2
7825 1
7828 3
7830 2
7831 1
7832 2
7834 1
7836 3
7837 1
7839 1
7840 1
7841 2
7843 1
7844 1
7846 1
7849 2
7851 1
7852 1
7853 3
7854 1
7855 2
7857 2
7858 1
7859 1
7860 2
7861 1
7862 3
7863 1
7865 1
7866 1
7867 2
7870 1
7872 4
7873 1
7874 2
7875 1
7876 2
7878 1
7879 2
7880 2
7881 1
7882 1
7883 1
7885 1
7886 2
7888 1
7891 2
7892 1
7895 3
7896 2
7897 1
7898 1
7899 2
7900 1
7901 2
7903 2
7904 1
7905 3
7907 1
7909 2
7911 1
7914 1
7915 1
7916 1
7918 2
7921 2
7922 2
7923 1
7924 1
7927 1
7928 2
7929 1
7932 2
7934 2
7936 2
7938 1
7939 2
7941 1
7942 1
7943 1
7944 3
7945 2
7946 2
7947 2
7949 1
7950 1
7951 3
7952 2
7953 1
7954 1
7955 3
7957 1
7960 1
7961 2
7962 2
7963 3
7964 1
7965 1
7967 2
7968 2
7970 1
7971 1
7972 1
7973 2
7974 3
7975 2
7977 1
7978 1
7980 1
7981 3
7982 4
7983 1
7984 3
7985 1
7986 2
7987 1
7988 1
7990 1
7992 1
7993 1
7994 2
7995 1
7997 1
8000 2
8003 2
8004 1
8005 3
8008 2
8010 2
8011 3
8013 3
8015 1
8017 2
8019 1
8020 1
8024 3
8025 1
8026 1
8029 1
8030 2
8031 2
8032 2
8033 1
8034 2
8037 1
8038 3
8043 2
8044 1
8045 2
8046 2
8047 1
8048 1
8049 3
8050 2
8052 1
8053 1
8054 2
8056 1
8057 1
8059 1
8060 1
8061 2
8063 1
8064 1
8065 1
8066 1
8067 1
8069 1
8070 2
8071 1
8072 2
8073 2
8074 1
8075 1
8076 1
8077 1
8078 2
8080 2
8081 1
8082 1
8083 2
8084 1
8085 1
8086 2
8087 1
8088 3
8089 1
8090 2
8091 1
8092 2
8093 1
8094 3
8095 1
8096 3
8097 1
8098 1
8099 2
8100 1
8101 4
8105 1
8106 4
8107 1
8109 2
8110 2
8111 2
8112 1
8113 3
8114 1
8115 1
8117 1
8118 1
8119 2
8120 1
8122 1
8123 1
8125 1
8126 1
8127 1
8128 1
8129 1
8130 2
8132 2
8133 1
8134 2
8135 1
8136 3
8137 1
8138 1
8139 1
8141 1
8144 1
8145 1
8146 1
8147 2
8148 3
8149 1
8151 1
8152 2
8155 2
8156 2
8158 2
8160 1
8161 2
8162 1
8164 1
8165 3
8166 2
8167 2
8168 1
8169 1
8171 2
8173 3
8174 1
8175 4
8176 2
8177 1
8178 1
8180 1
8181 3
8182 1
8183 1
8184 1
8186 1
8187 1
8188 1
8189 1
8190 2
8191 1
8192 1
8193 1
8194 4
8195 2
8196 4
8197 2
8198 1
8199 2
8200 2
8201 1
8202 1
8203 1
8204 2
8205 1
8207 1
8208 1
8210 1
8211 2
8212 2
8213 1
8215 3
8216 3
8221 2
8222 1
8223 2
8224 1
8229 2
8231 1
8232 1
8233 2
8234 3
8237 3
8238 2
8239 3
8240 1
8242 3
8244 2
8245 2
8246 1
8247 2
8250 3
8251 1
8252 1
8253 1
8254 1
8255 1
8256 2
8257 1
8258 1
8259 1
8260 2
8261 1
8262 2
8263 4
8265 1
8266 1
8267 2
8268 2
8271 1
8272 1
8273 4
8275 3
8276 2
8277 2
8279 2
8280 2
8282 2
8283 2
8284 1
8286 1
8289 1
8290 1
8292 1
8293 1
8294 2
8296 2
8298 3
8299 1
8301 1
8302 2
8304 1
8305 2
8306 2
8308 2
8311 1
8312 1
8313 1
8315 1
8316 1
8319 2
8321 2
8322 3
8323 2
8324 2
8325 2
8326 2
8327 1
8330 1
8331 2
8332 1
8333 2
8335 2
8336 1
8338 2
8339 1
8340 1
8342 1
8344 4
8345 1
8346 1
8347 1
8348 2
8349 2
8350 2
8351 1
8352 2
8353 1
8354 4
8355 1
8356 2
8358 2
8361 4
8362 2
8363 1
8365 3
8366 3
8367 1
8368 2
8371 2
8372 1
8373 1
8375 1
8377 1
8378 1
8379 1
8380 1
8381 1
8382 2
8383 3
8384 3
8385 3
8387 1
8388 2
8389 1
8390 1
8391 1
8393 1
8394 3
8395 2
8396 2
8398 1
8401 1
8404 4
8406 2
8407 1
8409 1
8411 1
8412 2
8413 2
8414 2
8417 2
8418 2
8421 1
8422 1
8423 1
8425 3
8426 1
8427 1
8430 3
8431 2
8432 1
8433 2
8434 1
8435 2
8436 2
8437 1
8438 1
8439 1
8440 1
8441 1
8443 1
8444 3
8445 1
8446 2
8447 1
8448 1
8449 1
8450 1
8451 1
8453 2
8454 1
8455 1
8456 2
8457 1
8458 1
8459 1
8460 2
8462 1
8463 1
8464 1
8465 1
8466 2
8467 2
8468 1
8469 1
8470 1
8471 2
8472 1
8473 1
8474 1
8475 2
8476 3
8477 1
8479 1
8481 4
8482 3
8483 2
8484 1
8485 1
8486 3
8487 2
8489 3
8490 2
8492 3
8493 3
8494 2
8495 3
8497 3
8498 1
8499 3
8500 3
8502 1
8504 1
8505 1
8506 1
8507 2
8508 2
8510 1
8511 2
8512 4
8513 1
8514 1
8516 4
8519 2
8520 1
8521 2
8523 3
8527 2
8528 1
8529 1
8530 1
8532 2
8533 2
8534 1
8535 3
8537 3
8538 1
8539 2
8540 2
8542 2
8545 3
8546 3
8547 2
8548 2
8549 2
8550 2
8553 3
8555 2
8556 2
8557 1
8558 4
8561 1
8563 2
8566 1
8567 1
8568 5
8569 1
8571 1
8572 1
8574 1
8575 3
8576 4
8577 2
8579 1
8581 3
8582 3
8583 2
8584 1
8585 1
8586 2
8587 2
8588 1
8591 2
8594 2
8595 3
8597 2
8598 1
8599 1
8600 2
8601 1
8602 1
8603 1
8604 1
8605 1
8606 1
8608 1
8609 2
8610 1
8612 1
8613 1
8614 4
8616 2
8617 3
8618 2
8619 2
8621 2
8622 1
8623 1
8624 1
8625 1
8626 2
8627 1
8631 2
8632 2
8633 2
8634 1
8635 2
8637 2
8638 3
8639 1
8640 3
8642 1
8643 4
8644 2
8645 2
8646 2
8647 2
8648 2
8649 2
8650 1
8651 3
8654 3
8655 1
8657 1
8659 1
8660 2
8661 1
8662 1
8663 1
8664 3
8666 2
8667 1
8668 1
8670 1
8672 2
8673 2
8674 2
8676 1
8677 3
8678 3
8680 1
8683 3
8684 1
8685 1
8691 1
8692 1
8693 1
8695 4
8696 1
8697 2
8699 2
8702 3
8703 1
8704 3
8705 1
8706 3
8708 1
8709 1
8710 1
8712 2
8713 1
8714 2
8715 1
8718 1
8720 2
8721 1
8722 2
8723 2
8724 1
8725 1
8726 2
8727 3
8728 3
8729 1
8730 1
8731 3
8732 4
8733 2
8734 2
8736 1
8737 2
8739 2
8741 3
8743 1
8744 1
8745 3
8746 1
8748 1
8749 1
8750 2
8751 2
8752 2
8753 2
8754 1
8755 3
8756 1
8757 1
8759 1
8760 3
8761 1
8762 3
8764 2
8765 1
8766 2
8767 2
8768 2
8769 2
8770 2
8771 1
8772 2
8774 1
8775 1
8776 3
8777 1
8778 1
8781 2
8782 2
8783 2
8784 2
8785 2
8786 2
8787 2
8788 1
8789 2
8790 1
8792 1
8793 2
8794 2
8795 4
8797 2
8799 1
8800 3
8804 2
8805 5
8806 2
8807 1
8808 1
8809 1
8810 2
8812 2
8813 2
8814 3
8815 1
8816 2
8818 2
8820 1
8823 3
8824 1
8827 1
8828 3
8830 1
8831 2
8832 1
8833 2
8834 1
8835 1
8836 1
8837 3
8838 1
8840 2
8841 1
8842 1
8843 3
8844 1
8845 2
8846 1
8847 1
8848 1
8849 1
8852 1
8853 1
8854 2
8855 2
8856 2
8857 2
8858 1
8860 1
8861 3
8863 2
8864 1
8866 3
8867 1
8868 1
8869 2
8870 2
8871 1
8872 3
8873 1
8874 3
8876 2
8877 4
8879 2
8880 2
8882 3
8883 3
8884 3
8887 3
8888 1
8890 1
8891 2
8892 2
8893 3
8894 2
8895 3
8896 2
8897 1
8898 1
8899 1
8900 1
8901 2
8902 1
8903 3
8905 2
8906 2
8907 1
8909 2
8912 2
8913 2
8914 3
8915 2
8916 1
8917 3
8919 2
8920 3
8921 1
8922 4
8924 3
8926 3
8927 1
8928 1
8929 2
8930 1
8932 2
8933 4
8934 2
8935 1
8936 2
8937 1
8938 4
8940 2
8941 1
8942 1
8943 4
8945 3
8946 1
8947 2
8948 1
8949 1
8951 3
8952 1
8954 1
8955 4
8956 2
8957 2
8958 1
8959 4
8960 1
8962 3
8963 1
8964 1
8965 1
8968 1
8969 3
8970 1
8972 2
8975 2
8976 1
8978 3
8981 2
8982 2
8983 2
8984 2
8985 1
8986 2
8987 2
8988 2
8989 2
8990 2
8991 1
8992 1
8994 2
8995 2
8996 1
8997 2
8998 2
8999 1
9001 3
9002 1
9003 2
9004 1
9005 3
9006 1
9007 1
9009 1
9010 1
9014 1
9015 5
9016 1
9017 2
9018 2
9019 3
9020 4
9021 1
9022 3
9023 2
9024 2
9025 2
9026 2
9027 2
9028 4
9029 1
9030 2
9031 1
9032 2
9033 1
9034 2
9035 2
9036 1
9037 1
9038 3
9039 3
9041 1
9043 2
9044 3
9045 3
9046 3
9047 2
9048 2
9049 1
9050 2
9051 1
9052 2
9053 1
9054 1
9055 2
9057 4
9058 1
9060 1
9061 2
9063 1
9064 3
9065 4
9067 1
9068 1
9069 1
9070 3
9073 1
9074 1
9075 2
9076 2
9077 3
9078 2
9079 1
9080 1
9082 1
9083 2
9084 4
9085 1
9086 2
9087 1
9088 2
9090 1
9093 2
9094 2
9095 1
9096 3
9097 1
9098 2
9099 1
9100 4
9103 4
9104 1
9105 6
9106 3
9107 4
9108 1
9109 2
9111 1
9112 1
9113 5
9114 2
9116 2
9117 1
9119 1
9120 1
9121 3
9122 1
9124 2
9125 1
9126 2
9128 3
9129 2
9130 2
9131 2
9132 3
9133 3
9134 1
9136 2
9137 1
9138 1
9140 2
9142 3
9143 2
9144 1
9145 1
9146 1
9147 3
9148 2
9149 2
9150 1
9151 1
9152 1
9153 2
9154 4
9155 1
9156 2
9157 1
9159 1
9161 3
9162 1
9163 1
9165 2
9166 3
9167 2
9169 2
9170 1
9171 3
9172 4
9173 1
9174 1
9175 2
9176 2
9177 4
9178 1
9179 3
9180 2
9182 3
9184 3
9185 2
9186 2
9187 1
9188 4
9189 1
9190 1
9191 1
9192 2
9193 2
9194 2
9195 1
9196 2
9198 1
9200 1
9201 2
9203 3
9204 1
9205 3
9206 2
9207 3
9208 3
9209 1
9210 2
9211 3
9213 1
9214 3
9215 6
9216 2
9217 2
9219 1
9220 1
9221 2
9222 1
9224 1
9227 1
9228 1
9229 1
9230 1
9231 1
9232 2
9233 2
9234 2
9235 2
9236 2
9238 3
9240 1
9241 2
9242 1
9243 1
9244 3
9245 1
9246 1
9248 1
9249 2
9250 1
9251 1
9253 3
9254 2
9256 1
9257 2
9258 2
9259 2
9260 1
9262 2
9263 2
9264 3
9265 1
9267 4
9268 1
9270 2
9271 3
9272 1
9273 1
9274 1
9275 3
9276 2
9277 2
9278 1
9279 1
9280 2
9281 2
9282 3
9283 1
9285 1
9286 1
9287 1
9288 1
9289 1
9290 1
9291 2
9292 2
9293 2
9294 4
9295 1
9296 2
9297 1
9298 4
9299 2
9300 1
9302 2
9303 2
9304 3
9305 3
9306 1
9307 1
9309 2
9310 2
9313 3
9314 1
9315 3
9316 3
9317 3
9318 2
9319 1
9320 2
9321 2
9322 3
9323 5
9325 3
9326 1
9327 3
9328 2
9329 1
9330 1
9331 3
9332 1
9333 3
9334 4
9335 2
9336 2
9338 1
9339 5
9342 2
9343 1
9344 4
9346 3
9350 2
9352 3
9353 1
9354 1
9355 2
9356 4
9357 1
9358 1
9359 2
9360 1
9361 2
9362 2
9363 3
9364 1
9365 4
9366 1
9368 1
9369 3
9370 2
9371 1
9373 3
9375 1
9376 3
9377 2
9378 1
9379 2
9381 4
9382 2
9383 1
9384 1
9385 1
9386 2
9387 1
9388 2
9389 1
9390 1
9391 4
9392 1
9393 1
9394 2
9395 3
9396 3
9398 3
9399 3
9400 3
9401 2
9402 3
9403 1
9404 4
9406 4
9407 1
9408 3
9409 2
9411 1
9413 1
9414 2
9415 1
9416 2
9417 3
9418 2
9419 2
9420 2
9421 4
9422 1
9423 1
9424 3
9425 4
9426 1
9427 3
9428 1
9429 3
9430 1
9431 2
9432 2
9433 2
9435 1
9436 1
9437 4
9438 2
9439 1
9440 1
9441 1
9442 2
9444 4
9445 1
9446 2
9447 1
9448 2
9449 2
9450 1
9451 1
9454 3
9455 1
9456 2
9458 3
9459 1
9460 1
9461 1
9462 1
9463 1
9464 1
9465 3
9466 3
9467 5
9468 1
9470 2
9471 2
9472 3
9474 1
9475 1
9476 1
9477 5
9478 3
9479 1
9480 2
9483 2
9484 4
9485 4
9486 1
9487 3
9488 2
9489 2
9490 2
9491 2
9493 1
9495 2
9496 4
9497 2
9498 1
9500 2
9501 3
9502 1
9503 1
9504 2
9506 5
9507 2
9508 4
9509 1
9510 2
9513 1
9514 3
9515 2
9516 2
9517 1
9518 1
9519 3
9520 1
9521 1
9522 1
9523 2
9524 1
9525 1
9526 2
9527 5
9528 1
9529 2
9531 1
9532 2
9533 2
9534 1
9535 3
9536 1
9537 2
9539 1
9540 1
9541 3
9543 1
9544 2
9546 4
9547 1
9548 2
9549 2
9550 2
9551 1
9552 4
9553 2
9554 1
9555 4
9556 1
9557 3
9558 2
9559 2
9560 3
9563 1
9564 2
9565 1
9566 2
9567 1
9568 2
9569 1
9570 2
9571 1
9572 1
9573 4
9575 3
9576 3
9577 2
9578 1
9579 1
9580 2
9581 2
9582 1
9583 5
9584 1
9585 1
9586 2
9587 4
9588 2
9589 4
9591 2
9592 2
9593 2
9594 1
9595 1
9596 1
9598 1
9599 3
9601 1
9602 3
9604 4
9605 2
9606 2
9608 1
9609 3
9610 3
9611 1
9612 1
9613 1
9614 1
9615 3
9616 4
9617 2
9618 4
9620 1
9621 1
9622 3
9623 2
9625 1
9628 1
9629 4
9631 2
9633 2
9634 2
9635 1
9636 3
9637 3
9639 3
9641 2
9642 2
9643 1
9644 2
9645 1
9646 2
9647 1
9648 1
9650 3
9651 3
9652 2
9653 1
9654 2
9655 2
9658 3
9659 2
9660 3
9661 2
9662 1
9663 2
9664 3
9665 2
9666 2
9668 2
9669 4
9670 3
9671 2
9672 1
9674 2
9675 1
9676 1
9677 2
9678 2
9679 2
9680 1
9681 4
9682 1
9683 2
9684 1
9685 1
9686 2
9687 1
9688 1
9689 1
9690 1
9691 3
9692 4
9693 2
9694 1
9695 2
9696 1
9697 5
9698 2
9699 4
9700 1
9701 2
9702 2
9703 3
9704 4
9706 2
9707 1
9708 2
9709 2
9710 2
9711 2
9712 1
9714 5
9715 3
9716 2
9717 2
9718 3
9719 3
9720 3
9721 2
9722 2
9723 1
9724 2
9725 2
9726 3
9727 2
9728 1
9729 1
9730 1
9732 3
9733 2
9734 1
9735 1
9737 6
9740 2
9741 1
9742 2
9743 2
9744 2
9745 3
9746 1
9747 1
9749 2
9750 1
9751 1
9752 2
9753 2
9754 1
9755 1
9756 2
9758 1
9760 3
9761 2
9762 1
9763 2
9765 1
9766 4
9767 1
9769 1
9770 3
9771 2
9772 2
9773 1
9774 2
9775 3
9776 2
9777 1
9778 4
9779 2
9780 4
9781 1
9782 3
9783 3
9785 1
9786 2
9787 2
9788 1
9789 2
9791 2
9792 2
9793 1
9794 1
9795 1
9796 2
9797 1
9798 1
9799 1
9800 1
9801 5
9802 2
9803 1
9804 3
9805 3
9806 1
9807 2
9808 1
9809 2
9810 3
9812 3
9814 3
9815 3
9816 2
9817 1
9818 3
9819 1
9820 2
9821 2
9822 1
9824 2
9825 2
9826 2
9827 1
9828 3
9829 1
9830 1
9831 1
9832 1
9833 2
9834 1
9835 2
9836 2
9838 4
9839 2
9841 2
9842 1
9843 5
9845 3
9846 1
9847 4
9848 1
9849 1
9852 4
9853 2
9854 3
9855 2
9857 2
9858 1
9859 2
9860 3
9861 1
9864 5
9865 2
9866 3
9867 1
9868 5
9869 2
9870 2
9871 4
9872 1
9873 3
9875 2
9876 2
9877 2
9878 3
9881 2
9882 1
9883 2
9884 3
9885 1
9886 1
9887 3
9888 3
9889 1
9890 1
9891 1
9892 2
9893 1
9894 1
9895 1
9896 1
9897 4
9898 1
9899 4
9900 1
9901 1
9903 2
9904 1
9906 2
9907 4
9909 1
9910 2
9911 2
9913 1
9915 1
9916 3
9917 2
9918 1
9920 2
9921 1
9923 2
9924 2
9925 1
9926 3
9928 4
9929 4
9930 2
9932 1
9933 2
9934 2
9935 1
9936 3
9937 4
9938 1
9939 3
9940 1
9941 1
9942 1
9943 1
9944 2
9945 1
9946 1
9947 4
9948 1
9949 2
9951 1
9952 2
9953 5
9954 2
9955 2
9956 4
9957 3
9958 3
9959 2
9960 3
9961 2
9962 2
9963 3
9964 1
9965 2
9966 4
9967 2
9969 1
9970 2
9971 1
9972 1
9973 1
9974 3
9975 1
9976 2
9977 3
9978 2
9979 2
9980 1
9981 1
9982 2
9984 4
9985 3
9986 3
9987 1
9988 2
9989 4
9990 3
9992 3
9993 2
9995 1
9997 4
9998 2
9999 1
10000 2
10002 3
10003 5
10005 3
10006 1
10007 2
10008 1
10009 3
10010 2
10011 2
10014 3
10015 5
10016 4
10017 3
10018 1
10019 3
10020 1
10021 2
10022 3
10023 2
10025 1
10026 4
10028 3
10030 4
10032 2
10033 1
10034 1
10035 3
10037 3
10038 6
10039 1
10040 3
10041 1
10042 2
10043 2
10045 5
10046 1
10048 1
10049 3
10050 1
10051 2
10052 2
10053 2
10054 1
10056 3
10057 1
10058 2
10059 2
10061 4
10062 1
10063 2
10064 2
10065 1
10066 2
10067 1
10068 2
10069 1
10070 3
10071 4
10072 1
10073 1
10075 3
10076 1
10077 1
10078 2
10079 2
10080 3
10081 2
10082 3
10084 3
10085 3
10086 2
10087 2
10088 3
10089 2
10090 2
10091 3
10093 2
10094 2
10096 1
10097 2
10098 5
10099 2
10100 2
10101 1
10102 3
10103 3
10104 3
10105 4
10107 2
10108 1
10109 2
10110 2
10112 1
10113 3
10114 2
10115 3
10116 2
10117 4
10118 2
10119 2
10120 4
10121 3
10122 1
10123 1
10124 4
10125 3
10126 2
10127 2
10128 3
10129 2
10130 2
10131 1
10134 1
10136 2
10137 1
10138 3
10139 1
10140 2
10141 2
10142 2
10143 4
10145 3
10146 2
10147 5
10148 4
10149 1
10150 2
10151 2
10152 2
10153 3
10154 3
10156 1
10157 2
10158 1
10159 3
10160 3
10161 1
10162 3
10163 2
10165 1
10166 2
10167 3
10170 1
10171 2
10172 1
10173 3
10174 1
10176 5
10177 2
10178 1
10179 2
10180 2
10181 3
10182 2
10184 3
10185 1
10186 4
10187 1
10188 3
10189 1
10190 1
10191 3
10192 3
10194 1
10195 1
10196 1
10197 1
10198 1
10199 2
10200 3
10202 3
10203 1
10204 1
10205 3
10207 3
10208 3
10209 2
10211 3
10213 2
10214 2
10215 2
10216 2
10217 2
10218 2
10219 4
10220 1
10221 1
10222 2
10223 3
10224 2
10225 2
10226 3
10227 1
10228 2
10229 2
10230 3
10231 3
10232 3
10234 3
10235 2
10236 3
10237 3
10238 1
10239 2
10240 3
10242 4
10243 1
10244 3
10245 1
10246 1
10247 3
10248 5
10249 2
10250 2
10251 1
10252 1
10253 5
10254 2
10255 5
10256 3
10257 1
10258 2
10259 1
10260 2
10261 3
10263 2
10264 1
10265 6
10266 1
10267 2
10268 1
10269 3
10270 2
10271 4
10272 3
10273 1
10274 3
10275 1
10276 2
10277 2
10278 2
10279 2
10282 3
10283 1
10284 2
10285 2
10286 2
10287 1
10288 2
10289 1
10290 4
10291 2
10292 1
10293 2
10295 1
10296 1
10297 2
10298 4
10300 4
10301 1
10302 2
10303 3
10305 2
10307 2
10308 4
10309 4
10310 3
10311 2
10312 1
10313 2
10314 1
10315 2
10316 3
10317 3
10318 2
10319 2
10320 1
10321 2
10323 1
10324 1
10325 2
10326 3
10327 3
10328 2
10329 2
10330 3
10331 4
10332 1
10333 5
10334 2
10335 1
10336 3
10337 3
10338 5
10339 2
10340 4
10341 1
10342 2
10343 1
10344 1
10345 1
10346 4
10347 2
10348 2
10349 2
10350 2
10351 2
10353 2
10354 2
10355 2
10356 1
10357 3
10358 3
10359 4
10361 2
10362 1
10363 2
10364 3
10365 1
10366 2
10367 2
10369 2
10370 1
10371 1
10372 1
10373 1
10374 2
10375 4
10376 4
10377 4
10378 1
10379 2
10380 3
10381 2
10382 2
10383 3
10385 2
10386 3
10387 3
10388 2
10389 1
10390 2
10391 1
10392 1
10393 3
10394 2
10396 3
10397 2
10398 4
10399 4
10400 1
10401 1
10402 1
10403 1
10404 3
10405 3
10406 3
10407 1
10408 2
10409 2
10410 3
10411 2
10412 2
10415 5
10416 3
10417 4
10418 1
10419 2
10420 1
10421 2
10422 2
10423 2
10424 1
10425 4
10426 1
10427 2
10428 2
10429 3
10432 1
10433 3
10434 1
10435 1
10436 6
10437 2
10438 3
10439 4
10440 3
10441 4
10442 2
10443 1
10444 2
10445 2
10446 4
10448 5
10449 1
10450 2
10452 1
10453 1
10454 3
10455 2
10456 1
10457 3
10458 2
10459 4
10460 1
10461 1
10462 2
10464 2
10465 2
10466 1
10467 4
10468 1
10469 2
10471 3
10472 1
10473 1
10474 2
10475 1
10476 1
10477 2
10478 3
10479 3
10481 2
10482 3
10484 4
10485 4
10486 3
10487 3
10488 1
10489 3
10490 2
10491 1
10492 4
10493 2
10494 1
10495 1
10496 1
10497 4
10498 3
10499 2
10500 3
10502 2
10503 2
10504 3
10505 3
10506 1
10507 1
10508 5
10510 1
10511 2
10513 1
10514 1
10515 3
10516 1
10517 1
10518 4
10519 3
10520 3
10521 2
10522 2
10523 2
10524 3
10525 4
10526 3
10527 5
10528 2
10529 1
10530 1
10531 6
10532 1
10534 3
10535 1
10537 2
10538 4
10539 2
10540 3
10541 2
10542 4
10543 3
10544 1
10546 2
10547 3
10548 5
10549 3
10550 4
10551 1
10552 2
10553 3
10554 2
10555 3
10556 3
10557 2
10558 2
10559 1
10560 7
10561 4
10563 2
10564 3
10566 2
10567 5
10568 3
10569 1
10570 1
10571 1
10572 1
10573 1
10574 1
10575 1
10577 2
10578 2
10579 3
10580 2
10581 1
10582 1
10583 3
10585 1
10586 3
10587 3
10588 1
10589 2
10590 3
10591 2
10592 3
10593 1
10595 1
10596 2
10597 1
10598 3
10599 2
10600 2
10601 4
10602 1
10603 4
10606 6
10607 1
10608 4
10609 3
10610 4
10611 1
10612 3
10613 1
10615 1
10616 2
10617 2
10618 1
10619 3
10620 3
10621 2
10622 1
10623 2
10624 5
10625 4
10626 2
10627 3
10628 2
10629 6
10630 2
10631 3
10632 2
10633 4
10634 1
10635 4
10636 3
10637 1
10638 1
10639 4
10640 1
10641 3
10642 1
10643 3
10644 2
10646 4
10647 1
10648 2
10649 3
10650 2
10651 3
10652 2
10653 2
10654 3
10656 2
10657 3
10658 3
10659 3
10662 3
10664 2
10665 1
10666 3
10669 4
10670 4
10671 1
10672 2
10674 1
10675 5
10676 1
10677 1
10679 1
10680 2
10681 1
10682 3
10683 3
10684 1
10685 3
10687 4
10688 2
10689 3
10690 1
10691 3
10692 2
10693 2
10694 2
10696 3
10698 2
10699 2
10700 1
10701 3
10703 2
10704 2
10705 2
10706 1
10707 2
10708 2
10709 2
10710 5
10711 5
10712 3
10713 2
10714 2
10716 1
10717 3
10718 4
10719 4
10720 1
10721 3
10722 2
10723 1
10724 3
10725 1
10726 2
10727 2
10728 1
10729 3
10730 2
10731 2
10732 2
10733 1
10734 3
10735 2
10736 2
10737 3
10738 2
10739 3
10740 1
10741 4
10742 1
10743 1
10744 2
10745 2
10747 3
10748 3
10749 3
10752 7
10753 1
10754 2
10756 3
10757 3
10758 1
10759 1
10760 2
10761 2
10762 2
10763 1
10764 1
10765 1
10766 2
10767 2
10768 2
10770 2
10771 1
10772 1
10773 2
10774 2
10775 3
10776 2
10777 4
10778 3
10779 3
10780 4
10781 2
10782 2
10783 1
10784 3
10785 3
10786 2
10787 2
10789 1
10790 2
10791 1
10792 3
10793 2
10794 2
10795 1
10797 4
10798 3
10800 1
10801 2
10802 1
10803 2
10804 1
10805 2
10806 3
10807 1
10808 5
10809 2
10810 2
10812 2
10813 3
10815 2
10816 4
10818 1
10819 1
10820 5
10821 2
10822 3
10824 2
10825 3
10826 5
10827 2
10829 3
10830 1
10831 1
10832 2
10833 1
10834 2
10835 3
10836 1
10837 4
10838 4
10839 4
10841 2
10842 3
10843 3
10845 1
10846 2
10847 3
10848 1
10849 4
10851 1
10853 2
10855 4
10856 3
10857 1
10858 4
10859 1
10860 2
10861 2
10862 2
10863 1
10864 2
10865 2
10866 4
10867 3
10868 4
10869 2
10870 1
10871 1
10872 6
10874 2
10875 3
10876 3
10877 1
10878 1
10879 3
10880 2
10881 2
10883 2
10884 3
10885 4
10886 3
10887 2
10888 2
10889 2
10890 2
10891 3
10893 2
10894 4
10895 4
10896 2
10897 2
10898 5
10899 4
10901 1
10902 1
10903 4
10904 2
10905 1
10906 2
10907 4
10908 1
10909 2
10912 4
10914 4
10916 2
10917 2
10918 1
10919 3
10920 3
10921 3
10922 1
10923 2
10924 5
10925 4
10926 3
10927 2
10928 4
10929 2
10930 4
10931 1
10932 4
10933 1
10934 1
10935 4
10936 3
10937 3
10938 1
10939 3
10940 3
10941 4
10942 1
10943 3
10944 3
10947 5
10948 1
10949 5
10951 3
10952 1
10953 2
10954 4
10955 1
10957 3
10958 2
10959 3
10960 1
10961 3
10962 2
10964 1
10965 1
10966 3
10967 2
10968 3
10970 5
10971 1
10972 1
10973 2
10974 1
10975 3
10976 1
10977 2
10978 2
10979 1
10980 4
10981 2
10982 2
10983 3
10984 1
10986 2
10987 4
10988 1
10989 2
10990 1
10991 3
10992 1
10993 3
10994 2
10996 2
10997 1
10998 2
10999 4
11000 3
11001 1
11002 1
11003 1
11004 3
11005 2
11006 1
11007 6
11009 6
11010 1
11011 4
11012 3
11013 3
11014 2
11016 1
11017 2
11018 2
11019 1
11020 2
11022 6
11023 2
11024 1
11025 2
11026 3
11027 3
11028 2
11029 3
11030 5
11031 3
11032 1
11034 3
11035 2
11036 3
11037 3
11038 2
11039 1
11040 5
11041 1
11042 2
11043 2
11044 1
11045 3
11046 2
11047 3
11049 4
11050 1
11051 3
11052 2
11053 2
11054 1
11055 1
11056 2
11057 4
11058 3
11059 2
11060 3
11061 2
11062 1
11063 3
11065 2
11066 1
11068 4
11069 3
11070 2
11071 3
11072 2
11073 1
11074 1
11075 2
11076 4
11078 1
11079 2
11080 4
11081 1
11082 1
11083 2
11085 3
11086 4
11087 1
11088 4
11089 1
11090 3
11091 2
11092 3
11093 1
11094 1
11095 3
11097 4
11098 2
11099 2
11100 2
11101 3
11102 1
11103 1
11104 2
11105 3
11106 3
11108 4
11109 2
11111 3
11112 1
11113 3
11114 2
11116 1
11117 1
11118 4
11119 1
11120 3
11121 3
11122 2
11123 1
11124 3
11125 4
11126 2
11128 2
11129 1
11130 1
11131 1
11132 5
11133 1
11134 1
11135 1
11136 1
11137 3
11138 2
11139 2
11140 3
11142 2
11144 2
11145 2
11146 3
11147 1
11148 1
11149 3
11150 1
11151 4
11153 4
11154 2
11155 2
11156 3
11157 3
11158 5
11159 1
11160 1
11161 3
11162 4
11163 4
11164 2
11165 3
11166 2
11167 3
11168 2
11169 3
11171 2
11172 3
11173 2
11174 4
11175 1
11176 2
11177 1
11178 3
11179 1
11180 4
11181 3
11182 3
11183 1
11184 3
11185 3
11186 4
11187 1
11188 2
11189 1
11190 2
11191 3
11192 1
11193 3
11194 2
11195 3
11196 1
11197 1
11198 1
11199 3
11200 2
11201 1
11202 2
11203 1
11204 2
11205 1
11206 2
11207 6
11209 3
11210 1
11211 1
11212 2
11213 1
11214 4
11215 1
11216 1
11217 3
11218 1
11219 2
11220 2
11221 3
11222 2
11223 4
11224 2
11225 4
11226 2
11227 1
11228 3
11229 1
11230 4
11231 1
11232 1
11233 2
11234 1
11235 1
11236 4
11237 2
11238 2
11239 2
11240 5
11241 1
11242 3
11243 2
11244 2
11246 2
11247 3
11248 4
11249 3
11250 2
11252 2
11253 1
11254 2
11255 2
11256 2
11257 2
11258 1
11259 6
11260 1
11261 1
11262 1
11263 2
11264 2
11265 3
11266 2
11267 3
11268 4
11269 1
11270 2
11271 2
11272 1
11273 5
11274 1
11275 4
11276 2
11277 2
11278 3
11280 2
11281 1
11282 4
11283 3
11284 2
11285 3
11286 5
11287 2
11289 2
11290 2
11291 3
11292 3
11294 3
11295 2
11296 3
11297 3
11298 1
11299 2
11300 2
11301 1
11302 2
11303 1
11304 3
11305 1
11306 2
11307 3
11308 5
11309 3
11310 1
11311 1
11313 4
11314 1
11315 5
11317 4
11318 2
11319 1
11320 4
11321 2
11322 2
11323 2
11324 3
11325 3
11326 2
11327 1
11328 2
11329 2
11330 2
11331 5
11333 1
11334 2
11335 2
11336 2
11337 2
11338 3
11339 2
11341 2
11342 4
11343 1
11345 2
11346 4
11347 1
11348 5
11349 2
11350 3
11351 2
11352 2
11353 2
11354 2
11355 3
11357 4
11358 3
11360 1
11361 2
11362 1
11363 4
11365 1
11366 1
11367 3
11368 2
11369 2
11370 1
11371 3
11373 2
11374 3
11375 1
11376 6
11377 1
11378 3
11379 2
11380 5
11381 4
11383 1
11384 2
11385 2
11386 3
11387 4
11388 3
11390 2
11391 2
11392 2
11393 3
11394 2
11395 2
11396 2
11397 1
11398 1
11399 3
11400 2
11401 1
11402 2
11403 2
11405 2
11406 4
11407 1
11408 2
11409 4
11410 3
11411 2
11412 2
11413 3
11414 3
11415 1
11416 1
11417 3
11418 1
11419 4
11421 2
11423 2
11424 3
11425 2
11426 2
11427 1
11428 1
11429 3
11430 2
11431 2
11432 4
11433 3
11435 3
11436 2
11437 2
11438 1
11439 1
11440 5
11441 2
11442 2
11443 3
11444 3
11445 1
11446 2
11447 2
11448 2
11449 2
11450 3
11451 2
11452 3
11453 1
11454 2
11455 1
11456 5
11457 3
11458 4
11459 5
11460 3
11461 3
11462 4
11463 3
11464 1
11465 3
11466 3
11467 2
11468 1
11469 8
11470 4
11471 2
11472 2
11473 2
11474 2
11475 3
11476 3
11477 4
11478 1
11479 4
11480 3
11481 4
11482 2
11484 1
11485 2
11486 1
11487 3
11488 3
11489 4
11490 1
11491 2
11492 4
11493 2
11494 1
11495 2
11496 3
11498 4
11499 2
11500 4
11501 1
11502 3
11504 2
11505 2
11506 3
11507 2
11508 2
11509 2
11510 1
11511 1
11512 2
11513 1
11514 1
11515 2
11517 2
11518 2
11519 5
11520 2
11521 1
11522 2
11523 2
11524 3
11525 3
11526 2
11528 2
11529 2
11530 1
11531 5
11533 5
11534 2
11535 2
11536 3
11537 1
11538 4
11539 1
11540 2
11541 4
11542 3
11543 2
11544 1
11545 2
11547 1
11548 5
11549 1
11550 2
11551 1
11552 4
11553 1
11554 3
11555 2
11556 1
11557 3
11558 3
11559 4
11560 3
11561 4
11562 4
11563 3
11564 3
11565 2
11566 3
11567 4
11568 4
11570 2
11571 3
11572 2
11573 3
11574 1
11575 4
11576 1
11578 2
11579 3
11580 2
11581 4
11582 1
11583 3
11584 4
11585 2
11586 2
11587 2
11588 1
11589 1
11590 3
11591 4
11592 2
11594 5
11595 1
11596 2
11597 3
11598 1
11599 1
11600 3
11601 3
11602 5
11603 2
11604 1
11605 2
11606 1
11607 3
11608 5
11610 4
11612 1
11613 2
11614 1
11615 2
11616 2
11617 2
11618 2
11619 1
11620 5
11621 5
11622 1
11623 2
11624 2
11625 2
11626 3
11627 3
11628 3
11629 1
11630 3
11631 4
11632 1
11633 3
11634 1
11635 1
11636 1
11637 1
11638 1
11639 2
11640 3
11641 4
11642 1
11643 5
11644 2
11645 3
11646 2
11647 2
11648 4
11649 2
11650 5
11651 3
11653 1
11654 3
11655 1
11656 2
11657 2
11658 3
11659 1
11660 1
11661 4
11662 5
11663 3
11664 1
11665 2
11666 3
11667 1
11668 1
11669 5
11670 2
11672 2
11673 2
11674 3
11675 2
11676 3
11677 2
11678 1
11679 3
11680 1
11681 4
11682 2
11683 2
11684 2
11685 2
11686 1
11687 4
11688 1
11689 4
11690 3
11691 2
11692 3
11693 2
11694 3
11695 4
11696 1
11698 1
11699 1
11700 2
11701 2
11702 1
11703 3
11704 2
11705 2
11706 1
11707 3
11708 2
11709 2
11710 4
11711 2
11712 4
11713 1
11714 3
11715 1
11716 2
11717 3
11718 4
11719 4
11721 3
11722 4
11723 1
11724 2
11725 4
11726 3
11727 2
11729 4
11730 3
11731 2
11732 3
11733 2
11735 4
11736 2
11737 1
11738 2
11739 2
11740 2
11741 2
11742 1
11743 2
11744 2
11745 3
11746 2
11747 3
11748 3
11749 1
11750 3
11751 2
11752 5
11753 4
11754 1
11755 1
11756 3
11757 1
11758 4
11759 3
11761 2
11762 2
11763 1
11764 5
11765 2
11766 1
11767 4
11768 3
11769 2
11770 3
11771 2
11772 4
11773 2
11774 2
11775 3
11776 2
11777 4
11778 1
11779 3
11780 2
11781 5
11782 2
11783 1
11785 3
11786 3
11787 5
11788 2
11789 3
11790 2
11791 2
11792 1
11793 5
11794 3
11795 2
11796 2
11797 2
11798 2
11799 1
11800 2
11801 1
11802 1
11803 2
11804 4
11805 2
11806 2
11807 2
11808 2
11810 3
11812 5
11813 4
11814 1
11815 2
11816 3
11817 1
11818 1
11819 3
11820 2
11821 2
11822 1
11823 3
11824 2
11825 2
11826 2
11827 2
11828 3
11829 2
11830 3
11831 3
11832 2
11833 4
11834 4
11835 2
11836 5
11837 1
11838 1
11839 2
11840 2
11841 4
11842 2
11843 2
11844 3
11845 5
11846 1
11847 2
11849 2
11850 3
11851 2
11852 3
11853 3
11854 3
11855 2
11856 2
11857 3
11858 5
11859 1
11860 4
11861 2
11862 4
11863 4
11864 2
11865 1
11866 3
11867 3
11868 3
11869 2
11870 4
11871 1
11872 2
11873 1
11874 2
11875 3
11876 4
11877 2
11878 1
11879 5
11880 4
11881 3
11882 2
11883 1
11884 2
11885 1
11886 2
11887 2
11888 1
11889 2
11890 2
11891 4
11892 4
11893 2
11895 3
11896 3
11897 1
11898 1
11899 3
11900 1
11901 2
11902 2
11903 1
11905 2
11906 1
11907 2
11908 3
11909 2
11910 3
11912 1
11913 2
11914 3
11915 3
11916 2
11918 6
11919 1
11920 3
11921 3
11922 2
11923 1
11924 2
11925 2
11926 3
11927 1
11928 1
11929 3
11931 4
11932 4
11934 2
11935 1
11936 5
11937 2
11938 2
11939 4
11940 2
11941 4
11942 2
11943 3
11944 4
11945 2
11947 1
11948 1
11949 5
11950 1
11951 3
11952 2
11953 2
11954 2
11955 3
11956 2
11958 2
11959 3
11960 3
11961 1
11962 4
11963 2
11964 1
11965 1
11966 1
11967 3
11968 2
11969 3
11970 3
11971 1
11972 3
11973 1
11974 4
11977 3
11978 3
11979 1
11980 2
11981 4
11982 5
11984 1
11985 4
11987 2
11988 2
11989 4
11990 2
11991 2
11992 1
11993 1
11995 4
11996 1
11997 1
11998 1
11999 1
12000 3
12001 4
12002 2
12003 3
12004 2
12005 1
12006 3
12007 3
12008 3
12009 3
12010 1
12011 4
12012 2
12013 2
12014 3
12015 1
12017 2
12018 3
12019 1
12020 3
12021 2
12022 4
12023 1
12024 1
12025 2
12027 5
12028 1
12029 2
12030 6
12031 2
12032 1
12033 2
12034 3
12035 1
12037 4
12038 1
12040 1
12041 5
12042 2
12043 3
12044 2
12045 2
12046 5
12047 1
12048 1
12049 1
12050 1
12051 3
12052 1
12053 3
12055 3
12056 2
12057 2
12058 2
12059 3
12060 5
12061 2
12062 3
12063 5
12064 4
12065 1
12066 2
12067 3
12069 2
12070 5
12071 3
12072 4
12073 1
12074 2
12075 1
12076 2
12077 2
12078 2
12079 1
12080 3
12081 2
12082 5
12083 3
12085 1
12086 2
12088 2
12089 3
12090 4
12091 2
12092 1
12093 3
12094 3
12095 5
12096 1
12097 1
12098 1
12099 2
12100 3
12101 3
12102 2
12103 2
12104 2
12105 3
12106 1
12108 1
12109 4
12110 1
12111 2
12112 3
12113 4
12114 2
12115 1
12116 3
12118 2
12119 1
12120 3
12121 2
12122 2
12123 4
12124 3
12125 2
12126 2
12127 2
12128 5
12129 4
12130 2
12131 2
12132 4
12133 2
12134 2
12135 1
12136 3
12137 2
12138 1
12139 2
12140 3
12141 1
12142 2
12144 2
12145 3
12146 2
12147 2
12149 2
12150 1
12151 3
12152 4
12153 3
12154 3
12155 2
12156 1
12157 3
12158 3
12159 2
12160 1
12161 2
12162 4
12163 3
12165 4
12166 2
12168 5
12169 3
12171 3
12172 2
12173 4
12174 2
12175 1
12176 2
12177 1
12178 3
12180 2
12181 1
12182 3
12184 3
12185 1
12186 3
12187 3
12188 3
12189 1
12190 2
12191 5
12192 4
12194 2
12195 2
12196 3
12197 1
12198 1
12199 3
12200 1
12201 2
12203 3
12204 2
12205 3
12206 3
12207 1
12208 3
12209 2
12210 1
12211 2
12213 3
12214 4
12215 4
12216 2
12217 2
12218 3
12220 3
12222 4
12224 4
12225 2
12226 3
12227 3
12228 1
12229 5
12230 2
12231 3
12232 4
12233 2
12234 5
12235 2
12236 1
12237 3
12238 2
12239 1
12240 3
12241 2
12242 2
12243 1
12244 4
12245 3
12246 2
12247 1
12248 4
12251 3
12252 2
12255 7
12256 1
12257 3
12258 1
12259 3
12260 2
12261 2
12262 3
12263 2
12264 4
12266 2
12267 4
12268 1
12269 2
12270 2
12271 2
12272 1
12273 2
12274 2
12275 2
12276 1
12277 1
12278 2
12279 1
12280 4
12281 1
12282 3
12283 3
12284 1
12285 3
12286 1
12287 1
12288 1
12289 2
12290 4
12292 2
12293 3
12294 2
12295 3
12296 2
12297 3
12299 1
12300 1
12301 2
12302 2
12303 1
12306 2
12307 1
12308 3
12309 3
12311 4
12312 2
12313 2
12314 2
12315 3
12316 3
12318 4
12319 4
12320 1
12321 1
12322 2
12323 5
12324 1
12325 3
12326 1
12327 3
12328 3
12329 2
12330 4
12331 1
12332 3
12333 1
12334 1
12335 1
12336 1
12337 4
12338 2
12339 2
12340 2
12341 3
12342 4
12343 1
12344 2
12345 1
12346 3
12349 3
12350 2
12351 4
12352 1
12353 2
12354 3
12355 1
12356 1
12357 3
12358 2
12359 3
12360 1
12361 3
12362 1
12363 3
12364 1
12365 1
12366 2
12367 2
12368 3
12369 3
12370 3
12371 5
12372 2
12373 1
12374 1
12375 4
12377 3
12378 4
12379 2
12380 3
12381 1
12382 2
12383 4
12384 3
12385 1
12386 3
12387 1
12388 4
12389 3
12390 4
12391 4
12392 1
12393 1
12394 5
12396 2
12397 2
12398 4
12399 2
12400 2
12401 5
12402 2
12403 2
12405 2
12406 2
12407 4
12408 3
12409 3
12410 2
12411 3
12412 1
12413 3
12414 1
12415 3
12416 1
12417 5
12418 1
12419 2
12420 3
12421 2
12422 1
12423 1
12424 1
12426 2
12427 1
12428 6
12429 3
12430 1
12431 3
12432 2
12433 3
12434 3
12435 1
12436 2
12437 2
12438 3
12439 1
12440 5
12441 1
12442 2
12443 2
12444 2
12445 3
12446 2
12447 3
12450 1
12451 2
12452 4
12454 3
12456 2
12457 4
12458 2
12459 1
12460 2
12461 4
12462 2
12463 4
12464 3
12465 2
12466 1
12467 1
12468 3
12469 5
12470 4
12471 4
12472 1
12473 4
12474 3
12475 1
12476 3
12477 3
12479 2
12480 2
12481 3
12482 3
12483 3
12484 2
12485 1
12486 3
12487 1
12489 3
12490 4
12491 1
12492 5
12493 1
12494 3
12495 2
12496 3
12497 1
12499 4
12500 4
12501 3
12502 1
12503 4
12504 2
12505 2
12506 2
12507 1
12508 3
12509 2
12510 4
12511 3
12512 4
12513 3
12514 2
12515 3
12516 2
12517 3
12519 3
12520 1
12522 3
12523 2
12524 1
12525 3
12526 2
12527 1
12528 1
12529 5
12530 4
12531 2
12532 1
12533 3
12534 5
12535 1
12536 1
12537 2
12538 1
12539 3
12540 3
12541 2
12542 3
12543 3
12544 1
12545 2
12546 3
12548 3
12549 2
12550 3
12552 5
12553 3
12554 3
12555 1
12556 3
12557 1
12558 2
12559 4
12560 4
12561 1
12562 2
12563 3
12564 2
12566 1
12567 1
12568 3
12569 1
12571 4
12572 3
12573 2
12574 2
12575 2
12577 1
12578 4
12579 3
12581 2
12582 2
12583 4
12584 1
12585 2
12586 2
12587 1
12588 2
12590 3
12591 4
12592 2
12593 1
12594 2
12595 1
12596 2
12598 2
12599 2
12600 3
12601 3
12602 3
12603 2
12604 3
12605 1
12606 2
12607 2
12608 1
12609 4
12610 3
12611 2
12612 2
12613 2
12614 6
12615 1
12616 3
12617 2
12618 2
12619 4
12620 2
12621 5
12622 1
12623 2
12625 2
12626 1
12627 4
12628 4
12630 3
12631 3
12632 2
12633 3
12634 2
12635 5
12636 3
12638 3
12639 2
12640 3
12641 3
12642 3
12644 2
12645 3
12646 1
12647 2
12648 2
12649 3
12650 2
12651 1
12652 1
12654 5
12656 3
12657 2
12658 2
12659 4
12660 1
12661 4
12662 2
12663 3
12664 1
12665 2
12666 2
12667 3
12668 5
12669 1
12670 3
12671 2
12672 1
12673 2
12674 3
12675 2
12676 3
12677 4
12678 2
12679 2
12680 1
12681 3
12682 2
12683 2
12684 4
12685 4
12686 1
12687 2
12688 2
12689 2
12690 2
12691 4
12692 1
12693 3
12694 2
12695 3
12696 6
12697 2
12698 2
12699 1
12700 2
12701 1
12702 5
12703 2
12704 2
12705 1
12706 1
12707 3
12708 1
12709 2
12710 4
12711 1
12712 2
12713 2
12714 1
12715 2
12716 1
12717 2
12719 4
12721 1
12722 2
12723 2
12724 4
12725 3
12726 2
12727 2
12728 4
12729 5
12730 2
12731 3
12732 1
12733 3
12734 1
12735 1
12736 2
12737 3
12738 1
12739 2
12740 2
12741 2
12742 2
12743 1
12744 2
12745 4
12746 1
12747 2
12749 1
12750 2
12751 1
12752 4
12753 2
12754 2
12755 3
12756 2
12757 1
12758 2
12759 3
12760 3
12761 2
12762 5
12763 4
12764 5
12765 1
12766 1
12767 3
12768 2
12769 3
12770 3
12771 4
12772 3
12773 1
12774 2
12776 5
12777 1
12778 4
12779 3
12781 3
12782 1
12783 3
12784 1
12785 7
12786 2
12787 3
12788 3
12789 4
12790 3
12791 1
12792 3
12793 2
12794 2
12795 5
12796 1
12797 2
12798 1
12799 3
12800 3
12801 3
12802 3
12803 1
12804 2
12805 3
12806 2
12807 1
12808 3
12809 2
12810 1
12811 2
12812 4
12814 2
12816 3
12817 2
12818 4
12819 3
12820 2
12821 1
12823 3
12824 1
12825 1
12827 3
12828 2
12829 3
12830 3
12831 3
12832 1
12833 3
12834 3
12835 3
12836 1
12837 2
12838 2
12839 1
12840 1
12841 3
12842 3
12843 1
12844 1
12845 4
12846 2
12847 1
12848 3
12850 2
12851 2
12852 2
12853 5
12854 1
12855 2
12856 2
12857 2
12858 3
12860 2
12861 2
12862 1
12863 1
12864 3
12865 2
12866 2
12868 1
12869 3
12870 3
12871 2
12872 2
12873 3
12874 2
12875 1
12876 3
12877 2
12878 3
12879 3
12880 2
12881 2
12882 2
12883 5
12884 2
12885 1
12886 1
12887 4
12888 1
12889 1
12890 4
12891 5
12893 2
12894 3
12895 3
12896 3
12897 1
12898 1
12899 3
12900 3
12901 2
12902 3
12904 2
12905 2
12906 2
12907 1
12908 2
12909 4
12910 4
12911 2
12912 4
12913 4
12914 4
12915 3
12916 2
12917 2
12918 2
12920 4
12921 2
12922 3
12923 1
12924 1
12925 1
12926 1
12927 3
12928 3
12929 2
12930 2
12931 2
12932 2
12933 3
12934 2
12935 2
12936 3
12938 3
12939 4
12940 2
12941 3
12942 1
12943 3
12944 2
12945 1
12946 3
12947 4
12948 1
12949 2
12950 3
12951 3
12952 4
12953 1
12954 2
12955 2
12956 1
12957 3
12958 1
12959 3
12960 2
12961 2
12962 3
12963 1
12964 2
12965 3
12966 2
12967 1
12968 3
12969 2
12970 3
12972 4
12973 3
12974 3
12975 3
12976 1
12977 1
12978 5
12979 4
12980 2
12981 3
12982 3
12983 2
12984 3
12985 3
12986 1
12987 1
12988 2
12989 1
12990 2
12991 4
12992 4
12993 2
12994 1
12995 3
12996 1
12997 2
12998 3
12999 3
13001 4
13002 4
13003 4
13004 3
13005 2
13007 2
13008 2
13009 2
13010 3
13011 3
13012 2
13014 3
13015 4
13016 1
13018 3
13019 1
13020 4
13021 3
13022 4
13023 1
13024 2
13026 1
13027 1
13028 2
13029 3
13030 1
13031 3
13032 3
13033 2
13034 3
13035 2
13036 2
13037 4
13038 3
13039 3
13040 2
13041 3
13042 1
13043 2
13045 4
13046 1
13048 1
13049 2
13050 2
13051 2
13052 2
13053 2
13054 1
13055 3
13056 1
13057 3
13058 2
13059 1
13060 5
13061 4
13062 3
13063 3
13064 4
13065 2
13066 3
13067 4
13068 3
13069 3
13070 2
13071 5
13072 2
13073 1
13074 2
13075 3
13076 1
13077 2
13078 5
13079 2
13080 3
13082 3
13083 2
13084 4
13085 2
13086 3
13087 4
13088 1
13089 2
13090 3
13091 1
13092 1
13093 4
13094 3
13095 3
13096 2
13097 7
13098 3
13100 4
13101 3
13102 1
13103 5
13105 4
13106 1
13107 1
13108 1
13109 1
13110 3
13111 1
13112 2
13113 3
13115 2
13116 2
13117 2
13118 2
13120 2
13123 4
13124 6
13125 1
13126 1
13127 1
13128 2
13129 3
13130 2
13131 2
13133 1
13134 2
13135 1
13136 4
13137 1
13138 2
13139 2
13140 1
13141 3
13142 1
13143 4
13144 2
13146 4
13147 2
13148 2
13150 3
13151 1
13152 1
13153 3
13154 2
13157 3
13158 1
13159 2
13160 2
13161 3
13162 1
13163 1
13164 6
13165 4
13166 3
13167 1
13168 2
13169 3
13170 2
13171 2
13172 4
13173 3
13175 3
13176 2
13177 4
13178 3
13179 1
13180 3
13181 1
13182 2
13183 2
13184 4
13185 1
13186 4
13187 1
13188 1
13189 3
13190 1
13191 1
13192 1
13193 2
13195 3
13196 3
13198 1
13199 1
13200 1
13201 1
13202 2
13203 1
13204 2
13205 2
13206 5
13207 3
13208 1
13210 2
13211 3
13212 2
13213 3
13215 5
13216 1
13217 3
13218 2
13220 3
13221 2
13222 3
13224 3
13225 2
13226 1
13227 1
13228 3
13229 2
13230 1
13231 1
13232 4
13233 2
13234 4
13235 3
13236 2
13238 3
13239 2
13240 2
13241 3
13242 1
13243 2
13244 1
13245 1
13246 4
13247 2
13248 2
13249 2
13251 3
13252 2
13253 1
13254 1
13255 3
13256 2
13257 1
13258 2
13259 1
13260 2
13261 1
13262 1
13263 3
13264 1
13265 1
13266 3
13267 2
13268 3
13269 1
13270 4
13272 2
13273 1
13274 4
13275 4
13276 1
13277 2
13278 2
13279 3
13280 2
13281 3
13282 2
13283 2
13284 3
13285 2
13286 4
13287 1
13288 2
13289 3
13290 3
13291 2
13292 4
13293 2
13294 2
13295 1
13296 3
13297 3
13298 3
13299 1
13300 3
13301 2
13303 3
13305 2
13306 1
13307 3
13308 2
13309 3
13310 3
13311 1
13312 2
13313 2
13314 1
13315 5
13316 3
13317 2
13318 2
13319 2
13320 1
13321 2
13322 3
13323 3
13324 2
13326 5
13327 1
13328 3
13329 3
13330 3
13331 2
13332 2
13333 1
13334 2
13335 2
13336 1
13337 3
13338 2
13339 2
13340 1
13342 2
13343 1
13345 2
13346 1
13347 2
13348 3
13349 3
13350 2
13352 2
13353 3
13354 1
13355 1
13356 1
13357 3
13358 3
13359 1
13360 3
13361 4
13362 1
13363 2
13365 1
13366 5
13367 2
13368 1
13369 3
13370 2
13371 3
13372 2
13373 3
13374 2
13375 2
13376 1
13377 3
13378 4
13379 4
13380 1
13382 3
13383 4
13384 2
13385 3
13386 2
13387 1
13388 1
13389 1
13390 2
13391 3
13392 4
13393 1
13394 2
13395 4
13396 3
13398 4
13399 2
13400 1
13401 2
13402 2
13403 3
13404 1
13405 1
13406 2
13408 2
13409 4
13410 2
13411 1
13412 1
13413 3
13414 2
13415 1
13417 4
13418 2
13419 2
13420 2
13421 5
13422 1
13423 2
13424 2
13425 2
13426 1
13427 1
13428 1
13429 3
13431 2
13432 4
13433 1
13434 3
13435 2
13436 2
13437 4
13438 2
13439 3
13440 2
13441 1
13442 1
13443 3
13444 2
13446 1
13447 2
13448 1
13449 1
13450 1
13451 1
13452 4
13453 1
13454 1
13455 3
13456 1
13457 2
13458 3
13459 3
13460 1
13461 3
13462 2
13463 3
13465 3
13466 3
13467 2
13468 3
13469 2
13470 3
13471 3
13472 3
13473 1
13474 2
13475 1
13476 1
13477 4
13478 1
13480 1
13481 4
13482 1
13483 1
13484 4
13485 3
13486 1
13487 1
13488 3
13490 1
13491 2
13492 2
13494 3
13496 2
13497 1
13498 2
13499 2
13500 3
13501 1
13502 1
13503 2
13504 3
13505 1
13506 1
13507 2
13509 1
13510 1
13511 3
13512 2
13513 1
13514 2
13515 2
13516 3
13517 2
13518 2
13519 2
13520 2
13521 1
13522 1
13523 6
13524 2
13525 3
13527 1
13528 3
13529 1
13530 2
13531 1
13532 1
13533 2
13534 2
13535 1
13536 2
13537 2
13539 1
13540 3
13541 1
13542 3
13544 4
13545 2
13546 3
13547 1
13548 2
13549 4
13551 3
13552 1
13553 1
13554 4
13556 2
13558 2
13559 2
13560 3
13562 1
13563 4
13564 1
13565 3
13566 2
13567 3
13568 3
13569 1
13570 3
13572 3
13573 2
13574 1
13575 3
13576 3
13577 3
13578 2
13579 4
13580 1
13581 1
13582 3
13583 2
13584 2
13585 3
13586 3
13587 1
13590 1
13591 2
13592 1
13593 2
13594 3
13596 2
13597 2
13598 3
13599 1
13600 1
13601 1
13602 1
13603 2
13604 2
13605 4
13606 3
13607 2
13608 4
13609 1
13610 2
13611 2
13612 3
13613 1
13614 3
13615 2
13616 6
13617 3
13619 3
13621 2
13622 1
13623 3
13624 1
13625 3
13626 1
13627 2
13628 2
13629 2
13631 2
13632 4
13633 4
13634 3
13635 3
13636 2
13637 1
13638 2
13639 2
13640 2
13641 1
13642 3
13643 2
13644 1
13645 1
13646 1
13648 2
13650 2
13653 3
13654 2
13655 1
13656 2
13657 2
13658 1
13659 1
13661 6
13662 3
13664 2
13665 2
13666 3
13667 2
13668 3
13669 4
13670 1
13671 4
13672 1
13673 3
13674 4
13676 2
13677 1
13678 2
13679 2
13680 1
13681 1
13682 1
13683 1
13684 2
13685 4
13687 5
13688 2
13690 3
13691 3
13692 2
13693 1
13694 5
13695 3
13696 3
13697 3
13698 2
13699 3
13700 1
13701 3
13702 4
13703 1
13704 2
13705 1
13706 3
13707 1
13708 3
13709 2
13710 3
13711 3
13712 1
13713 1
13714 4
13716 3
13717 2
13718 4
13719 2
13720 1
13721 4
13722 1
13723 2
13725 5
13727 5
13728 1
13729 3
13730 2
13731 1
13732 3
13733 2
13734 3
13735 1
13736 2
13737 4
13738 2
13739 2
13740 2
13742 1
13743 1
13744 3
13745 1
13746 1
13747 2
13748 2
13749 1
13750 1
13751 4
13753 1
13754 2
13755 1
13756 1
13757 1
13758 2
13759 1
13760 3
13761 2
13762 4
13763 2
13764 1
13765 2
13767 5
13769 2
13770 4
13771 1
13772 1
13773 2
13774 2
13775 1
13776 2
13777 1
13778 3
13779 4
13782 2
13783 3
13784 1
13785 3
13786 2
13787 1
13788 1
13789 2
13791 2
13792 2
13793 4
13794 1
13795 1
13796 3
13797 3
13799 2
13800 2
13802 1
13803 1
13804 3
13805 3
13806 1
13807 2
13808 1
13809 1
13810 3
13811 3
13812 2
13814 3
13815 2
13816 2
13817 2
13818 3
13819 4
13820 1
13821 3
13822 2
13823 2
13824 2
13825 2
13826 2
13827 1
13828 2
13829 1
13830 2
13831 3
13832 2
13833 2
13834 2
13835 2
13836 2
13837 2
13838 2
13839 4
13840 3
13841 1
13842 4
13843 2
13844 2
13845 3
13846 2
13847 4
13848 2
13849 1
13850 1
13851 1
13852 2
13853 4
13854 3
13856 3
13857 2
13858 1
13859 1
13860 4
13861 1
13862 3
13863 1
13864 3
13865 2
13866 2
13867 2
13868 1
13869 2
13870 1
13871 4
13872 2
13873 4
13874 2
13875 2
13876 1
13877 1
13878 1
13879 1
13880 2
13881 1
13882 1
13883 3
13884 2
13885 2
13886 2
13887 4
13888 2
13889 1
13890 2
13891 2
13892 2
13893 2
13894 2
13897 3
13899 3
13900 2
13901 2
13902 2
13903 1
13904 3
13905 1
13906 2
13907 2
13908 3
13910 4
13911 4
13912 2
13913 2
13914 2
13915 1
13916 4
13917 2
13918 1
13919 2
13920 4
13921 3
13922 2
13923 3
13924 6
13925 1
13928 1
13929 4
13930 3
13931 2
13932 2
13933 3
13934 1
13935 3
13936 1
13937 3
13939 2
13940 2
13941 3
13943 3
13944 1
13946 3
13947 2
13948 3
13949 2
13950 3
13952 2
13953 1
13954 3
13955 2
13956 1
13957 2
13958 1
13959 3
13960 2
13961 2
13962 2
13963 1
13964 3
13966 4
13967 3
13968 1
13969 3
13970 2
13971 3
13972 2
13973 3
13974 2
13975 1
13976 3
13977 4
13978 2
13979 1
13980 3
13982 2
13983 1
13984 1
13985 3
13986 2
13987 2
13988 2
13989 2
13990 1
13992 3
13993 3
13994 1
13995 5
13996 2
13997 3
13998 2
13999 4
14000 1
14002 3
14003 3
14004 3
14005 1
14006 5
14007 5
14008 1
14009 4
14010 2
14011 4
14012 3
14013 2
14014 3
14015 2
14016 4
14017 1
14018 3
14019 2
14020 1
14021 1
14022 4
14024 2
14025 3
14026 1
14027 2
14029 1
14030 3
14032 3
14033 4
14034 3
14035 2
14036 1
14037 3
14038 2
14039 1
14041 1
14042 1
14044 1
14045 4
14048 2
14049 2
14050 1
14051 1
14052 1
14053 2
14054 1
14055 3
14056 3
14057 1
14059 2
14061 2
14062 4
14063 1
14064 2
14066 1
14067 2
14068 2
14069 1
14070 2
14071 2
14072 1
14073 2
14074 3
14075 4
14076 1
14077 1
14078 2
14079 1
14080 1
14081 4
14082 2
14084 2
14085 1
14086 3
14087 2
14088 1
14089 2
14090 1
14093 2
14094 2
14095 3
14096 1
14097 2
14098 1
14099 2
14101 1
14102 3
14103 1
14104 3
14105 3
14106 1
14107 1
14108 2
14109 2
14110 2
14111 1
14112 2
14113 3
14114 1
14115 4
14116 2
14117 5
14118 2
14119 2
14120 2
14121 2
14122 3
14123 2
14124 4
14125 1
14126 2
14127 1
14128 2
14130 1
14131 3
14132 1
14133 3
14134 3
14135 3
14136 3
14137 2
14138 5
14139 3
14140 1
14141 2
14142 1
14143 3
14144 3
14145 4
14147 4
14148 2
14149 1
14150 2
14151 2
14152 2
14153 3
14154 1
14155 3
14157 3
14158 1
14160 1
14161 2
14162 2
14163 1
14164 1
14165 1
14166 3
14169 1
14170 3
14171 3
14172 3
14173 3
14174 1
14176 2
14177 2
14178 2
14179 3
14180 3
14181 2
14183 4
14184 3
14185 1
14187 2
14188 2
14190 3
14191 1
14192 2
14193 1
14194 3
14195 2
14196 2
14197 1
14198 2
14199 3
14200 3
14201 2
14203 2
14204 1
14205 2
14206 3
14207 4
14208 1
14209 1
14210 2
14211 2
14212 2
14213 1
14214 1
14215 4
14216 1
14217 2
14218 3
14219 2
14220 1
14221 1
14222 3
14223 1
14224 3
14225 3
14226 3
14227 2
14228 2
14229 1
14230 3
14231 2
14232 5
14233 3
14234 1
14235 3
14236 2
14237 2
14238 1
14239 1
14240 5
14241 3
14243 3
14244 2
14245 2
14246 1
14247 1
14248 3
14249 2
14251 1
14253 1
14254 1
14255 2
14256 1
14257 2
14258 3
14259 2
14261 2
14262 3
14263 4
14264 1
14265 1
14266 5
14267 4
14268 1
14269 1
14270 2
14271 1
14272 3
14273 1
14274 3
14275 4
14278 1
14279 1
14280 1
14281 2
14282 2
14283 1
14284 2
14285 2
14286 2
14287 1
14288 4
14289 1
14290 2
14291 3
14292 2
14293 2
14294 1
14295 2
14296 1
14297 1
14298 4
14299 1
14300 2
14301 2
14302 2
14303 1
14304 3
14305 2
14306 1
14307 2
14308 3
14309 2
14311 3
14312 3
14315 3
14317 2
14318 1
14319 2
14320 2
14321 2
14322 4
14323 3
14324 2
14326 2
14327 1
14328 1
14329 1
14330 4
14331 2
14332 2
14333 2
14334 3
14335 1
14336 3
14338 4
14340 2
14341 2
14342 1
14343 1
14344 1
14345 2
14346 3
14347 1
14348 1
14349 3
14350 1
14351 2
14353 2
14355 2
14356 2
14357 1
14358 1
14360 1
14361 3
14363 1
14364 2
14365 1
14367 2
14368 3
14369 4
14370 1
14372 4
14373 1
14374 2
14375 3
14376 3
14377 2
14378 1
14379 3
14380 2
14381 4
14383 2
14385 1
14386 4
14387 1
14388 1
14390 5
14391 1
14392 1
14393 3
14394 3
14395 1
14396 1
14397 2
14398 2
14399 1
14400 1
14402 1
14403 3
14404 2
14405 2
14406 1
14407 2
14408 4
14409 3
14410 3
14411 2
14412 2
14413 4
14415 2
14416 2
14417 3
14418 1
14419 1
14420 3
14421 2
14422 1
14423 1
14424 1
14425 1
14426 2
14428 2
14429 2
14431 2
14432 2
14433 2
14434 2
14435 1
14436 1
14437 3
14438 2
14439 2
14441 1
14442 2
14443 2
14444 2
14445 1
14446 2
14447 1
14448 1
14449 1
14450 2
14451 1
14452 1
14453 2
14454 2
14455 3
14457 3
14458 2
14460 3
14461 2
14462 2
14463 3
14465 3
14467 1
14469 2
14470 1
14471 1
14472 1
14473 2
14474 3
14475 1
14476 2
14477 1
14478 2
14479 2
14481 4
14482 2
14484 2
14485 2
14486 3
14487 1
14488 3
14489 1
14490 1
14491 1
14493 1
14494 2
14495 2
14496 1
14498 1
14499 1
14500 2
14501 2
14505 2
14506 3
14507 3
14508 1
14510 2
14511 3
14512 2
14513 1
14514 5
14515 2
14516 1
14517 3
14518 4
14519 2
14520 2
14521 2
14522 1
14523 4
14524 2
14525 4
14526 2
14527 2
14531 1
14532 2
14533 2
14534 3
14535 2
14536 4
14537 2
14538 3
14539 1
14540 3
14541 3
14542 2
14543 2
14544 3
14545 1
14546 2
14548 5
14549 2
14551 1
14552 3
14553 1
14554 4
14555 2
14556 1
14557 3
14558 1
14559 2
14561 1
14562 1
14563 3
14564 1
14565 2
14566 2
14567 3
14570 4
14571 4
14572 2
14573 1
14574 3
14575 3
14577 1
14578 3
14580 2
14581 1
14582 4
14583 5
14585 1
14586 1
14587 1
14588 1
14589 1
14590 2
14591 2
14593 4
14594 1
14596 3
14597 2
14598 1
14599 2
14600 4
14601 3
14603 1
14604 3
14605 2
14606 5
14607 1
14608 2
14610 1
14611 3
14612 2
14613 3
14614 1
14615 2
14616 3
14617 1
14618 2
14619 3
14620 3
14622 1
14623 3
14624 1
14625 3
14626 1
14627 4
14628 1
14629 1
14630 1
14631 3
14632 2
14633 1
14634 3
14636 2
14638 1
14639 4
14640 1
14641 1
14642 2
14643 2
14644 2
14645 1
14646 3
14648 1
14650 2
14656 1
14657 1
14659 2
14660 3
14662 3
14663 2
14664 1
14665 3
14667 3
14668 2
14669 3
14670 1
14671 2
14672 3
14673 1
14674 2
14676 4
14678 1
14679 2
14680 2
14681 2
14682 1
14683 2
14685 3
14686 1
14687 1
14688 3
14689 3
14691 1
14692 3
14694 1
14695 1
14698 2
14699 2
14700 1
14702 2
14703 2
14705 2
14707 1
14708 2
14709 3
14710 1
14711 1
14713 1
14714 2
14715 1
14716 3
14717 1
14718 2
14720 3
14721 3
14723 2
14725 1
14727 1
14728 2
14729 3
14731 1
14734 1
14735 2
14736 1
14737 4
14738 1
14739 2
14740 1
14741 1
14743 1
14744 2
14745 2
14746 1
14747 2
14748 2
14749 3
14750 1
14751 2
14752 2
14754 2
14755 2
14756 2
14757 3
14761 1
14762 3
14763 1
14764 1
14766 3
14768 1
14769 4
14770 2
14771 3
14772 1
14773 4
14774 1
14775 3
14776 1
14777 4
14778 2
14779 1
14780 3
14781 2
14782 4
14784 3
14785 2
14786 2
14787 1
14789 3
14790 1
14791 2
14792 1
14793 1
14794 3
14795 1
14796 1
14799 1
14800 1
14801 2
14803 2
14804 1
14805 1
14806 2
14808 3
14809 2
14810 1
14811 2
14812 3
14813 2
14814 1
14815 2
14816 1
14817 2
14818 2
14819 2
14820 3
14821 1
14822 2
14823 1
14824 1
14825 2
14826 1
14827 1
14829 3
14830 2
14831 3
14832 1
14833 2
14834 1
14835 1
14837 1
14838 3
14839 3
14840 1
14841 2
14842 1
14843 1
14844 1
14845 2
14846 1
14848 2
14849 1
14850 1
14852 2
14853 1
14855 2
14856 2
14857 2
14858 1
14859 1
14860 2
14861 2
14862 4
14863 3
14864 2
14865 1
14866 2
14867 1
14868 3
14870 1
14871 2
14872 1
14873 1
14874 1
14875 3
14876 1
14877 1
14879 1
14880 1
14881 1
14882 2
14885 1
14886 3
14887 2
14888 1
14889 1
14890 2
14891 3
14894 4
14895 3
14898 1
14899 4
14901 3
14902 1
14904 1
14906 3
14907 1
14908 2
14909 2
14912 3
14913 2
14915 2
14916 2
14917 3
14918 2
14919 1
14920 4
14921 1
14922 3
14923 3
14924 3
14925 2
14926 1
14927 1
14928 3
14929 1
14930 2
14931 2
14932 1
14933 1
14934 2
14935 2
14936 2
14937 1
14939 4
14940 2
14941 1
14942 1
14943 2
14944 1
14945 1
14946 1
14947 2
14951 1
14952 1
14953 1
14954 3
14955 2
14957 1
14958 4
14959 1
14960 1
14962 3
14963 2
14964 2
14965 2
14966 3
14967 1
14968 2
14969 1
14970 2
14971 3
14972 1
14973 3
14974 1
14976 1
14977 2
14979 1
14980 2
14981 1
14982 1
14983 2
14984 3
14985 1
14986 1
14987 3
14988 2
14989 1
14990 2
14991 2
14993 2
14994 2
14996 1
14997 1
14999 1
15000 2
15002 1
15003 3
15004 1
15005 1
15006 2
15007 2
15008 3
15010 1
15011 1
15012 2
15014 3
15015 1
15016 1
15017 2
15018 1
15019 3
15020 1
15021 2
15022 2
15023 1
15024 1
15025 1
15026 4
15027 1
15028 1
15030 1
15031 2
15032 2
15033 1
15034 1
15036 1
15037 3
15040 4
15041 1
15042 2
15043 1
15044 2
15045 5
15047 3
15048 2
15049 4
15050 1
15051 1
15052 2
15053 1
15054 1
15055 1
15056 1
15057 3
15059 1
15060 2
15061 2
15062 2
15063 3
15064 3
15066 2
15068 3
15069 1
15070 2
15071 2
15072 1
15073 2
15074 1
15075 4
15076 1
15078 1
15079 3
15080 2
15081 2
15082 4
15085 2
15086 2
15087 3
15089 4
15090 2
15093 2
15094 1
15096 1
15097 1
15098 1
15099 1
15101 2
15102 1
15103 1
15104 2
15107 1
15108 3
15109 2
15110 2
15111 2
15112 2
15113 3
15114 1
15115 2
15116 2
15117 2
15118 1
15119 3
15120 2
15121 2
15122 1
15124 3
15126 1
15128 3
15130 1
15131 1
15132 2
15134 1
15135 1
15136 3
15137 2
15138 3
15139 4
15141 3
15142 1
15144 2
15145 2
15146 2
15147 2
15148 1
15149 3
15150 2
15151 1
15153 2
15154 1
15155 3
15156 2
15157 3
15158 1
15159 1
15160 1
15162 1
15163 1
15164 3
15165 2
15167 2
15168 2
15169 1
15170 2
15171 2
15172 4
15173 1
15174 1
15175 2
15176 3
15177 2
15178 1
15179 1
15180 1
15181 4
15182 1
15183 3
15184 1
15185 1
15186 1
15187 2
15188 1
15190 3
15191 3
15192 1
15193 1
15194 2
15195 2
15197 1
15199 3
15200 2
15201 1
15202 2
15203 1
15204 3
15205 2
15206 1
15207 3
15208 1
15209 2
15210 1
15211 2
15212 1
15213 3
15214 3
15215 2
15216 1
15217 3
15218 1
15219 2
15220 1
15221 4
15222 1
15223 1
15224 1
15225 1
15226 1
15228 4
15230 5
15231 1
15232 3
15233 2
15234 1
15235 1
15236 1
15237 2
15238 1
15239 3
15240 5
15241 1
15242 2
15243 1
15245 1
15247 3
15249 3
15251 1
15253 1
15254 1
15255 1
15256 1
15257 1
15258 3
15259 2
15260 3
15261 1
15263 2
15264 2
15265 1
15266 2
15269 1
15270 1
15272 1
15273 2
15276 1
15277 1
15278 2
15279 1
15281 2
15282 3
15283 1
15285 2
15286 2
15287 2
15288 1
15289 1
15290 2
15292 2
15294 1
15295 2
15296 3
15297 1
15299 2
15300 4
15301 2
15302 1
15306 2
15307 4
15308 1
15309 1
15310 2
15311 1
15312 1
15313 3
15314 1
15315 1
15316 1
15317 2
15318 2
15319 3
15321 1
15322 2
15323 2
15324 2
15326 2
15327 2
15328 1
15329 1
15330 2
15331 1
15332 1
15334 1
15335 2
15337 2
15338 2
15339 1
15340 2
15341 2
15342 4
15343 1
15344 1
15345 2
15346 1
15347 2
15348 2
15349 1
15350 3
15351 1
15352 1
15353 2
15354 1
15356 3
15357 1
15358 1
15359 3
15360 1
15361 2
15363 2
15364 1
15365 2
15366 2
15367 4
15368 1
15369 3
15370 2
15371 1
15372 1
15374 3
15375 1
15376 3
15378 2
15379 1
15380 1
15381 1
15382 1
15383 2
15384 2
15386 2
15387 2
15388 3
15389 1
15390 3
15391 1
15393 1
15394 1
15395 3
15397 1
15401 1
15402 2
15403 1
15404 2
15405 2
15406 2
15407 2
15409 1
15410 2
15411 2
15413 1
15414 1
15415 1
15416 1
15418 1
15419 2
15420 3
15421 1
15422 1
15423 3
15424 3
15425 1
15426 1
15427 4
15428 1
15429 2
15431 1
15432 2
15433 3
15435 1
15436 3
15438 2
15440 2
15442 2
15443 2
15444 3
15445 2
15446 3
15447 1
15448 1
15449 3
15450 4
15451 2
15452 3
15453 3
15454 1
15455 2
15456 1
15457 3
15458 4
15459 1
15460 1
15461 2
15462 3
15463 4
15464 1
15465 3
15466 1
15467 2
15469 2
15470 2
15472 2
15473 2
15474 2
15476 3
15477 1
15478 1
15479 1
15480 2
15481 2
15483 2
15484 1
15485 1
15486 1
15488 2
15489 1
15490 1
15491 2
15492 2
15493 1
15495 2
15496 1
15498 1
15499 2
15500 1
15502 3
15503 1
15505 2
15507 1
15508 2
15509 3
15510 3
15512 2
15513 2
15514 2
15515 3
15516 2
15518 1
15519 1
15520 2
15521 3
15522 1
15523 1
15524 1
15525 3
15526 1
15527 3
15528 1
15529 1
15530 1
15531 1
15532 1
15533 3
15534 1
15535 1
15536 1
15537 2
15538 2
15540 2
15541 2
15544 2
15548 3
15551 2
15552 1
15553 1
15554 1
15555 1
15556 2
15557 2
15559 1
15560 1
15564 1
15565 1
15567 1
15569 3
15571 3
15572 1
15573 1
15574 2
15576 2
15577 2
15578 2
15581 1
15582 2
15583 1
15584 2
15585 1
15588 1
15589 1
15590 3
15591 1
15592 2
15594 1
15595 1
15597 2
15598 3
15600 1
15601 1
15602 1
15604 2
15605 1
15606 1
15607 1
15608 2
15609 1
15611 1
15612 2
15613 2
15614 2
15615 1
15616 1
15617 1
15618 2
15619 1
15620 2
15621 2
15623 2
15624 2
15625 1
15626 2
15627 2
15629 2
15630 2
15631 2
15632 1
15634 2
15635 2
15637 2
15638 3
15639 2
15640 1
15641 3
15642 1
15643 2
15646 1
15647 1
15648 2
15650 3
15653 1
15654 3
15655 1
15656 1
15658 3
15659 1
15660 1
15661 3
15666 2
15667 1
15669 2
15673 1
15675 2
15676 1
15677 1
15678 1
15679 2
15680 1
15681 1
15682 1
15683 2
15684 2
15686 4
15687 2
15688 1
15690 1
15691 1
15693 1
15694 2
15695 2
15697 1
15698 1
15699 1
15700 1
15702 1
15703 1
15706 1
15707 1
15708 1
15709 1
15710 3
15711 1
15712 2
15713 1
15714 2
15715 2
15717 2
15718 3
15720 2
15721 1
15722 2
15723 1
15724 1
15726 1
15727 2
15728 3
15729 2
15731 1
15733 1
15735 1
15736 2
15738 2
15739 2
15740 3
15741 1
15743 4
15744 2
15745 2
15746 2
15747 1
15748 2
15749 1
15750 1
15751 2
15752 2
15754 1
15757 1
15758 2
15759 1
15761 1
15762 3
15765 1
15766 3
15768 1
15769 4
15770 2
15771 3
15772 1
15774 1
15775 2
15776 1
15777 4
15778 2
15781 2
15783 1
15784 1
15785 1
15786 1
15787 1
15788 1
15791 1
15794 1
15795 1
15796 2
15800 3
15801 1
15803 1
15804 2
15805 2
15807 2
15808 2
15809 1
15811 2
15815 2
15816 1
15818 1
15819 1
15820 1
15821 1
15822 1
15823 2
15824 1
15825 1
15826 3
15827 1
15828 1
15829 2
15830 1
15831 2
15832 2
15833 2
15834 2
15835 2
15837 3
15838 1
15839 3
15841 3
15843 1
15844 1
15845 2
15846 2
15848 1
15849 2
15850 1
15851 1
15852 2
15853 1
15854 1
15856 2
15857 1
15858 1
15860 2
15861 1
15863 3
15864 3
15867 2
15868 1
15871 3
15872 3
15873 1
15874 1
15875 3
15877 2
15878 1
15879 1
15882 1
15883 1
15884 1
15886 1
15889 2
15890 1
15891 1
15893 2
15894 1
15895 1
15896 2
15897 2
15898 1
15902 1
15903 1
15906 1
15907 1
15908 1
15909 3
15911 2
15912 2
15913 3
15914 3
15915 1
15916 2
15917 1
15920 1
15921 1
15922 1
15923 1
15924 2
15925 1
15927 1
15928 2
15929 1
15931 1
15932 1
15934 1
15940 2
15941 1
15942 2
15943 1
15946 1
15949 2
15950 1
15951 2
15953 1
15954 3
15955 1
15958 1
15959 1
15960 2
15961 1
15962 1
15963 1
15964 1
15965 1
15966 2
15968 2
15970 2
15972 2
15973 1
15974 1
15977 5
15978 1
15979 1
15981 1
15982 4
15983 1
15984 1
15985 1
15987 1
15988 1
15989 2
15990 1
15991 3
15995 1
15998 1
15999 1
16000 1
16002 2
16003 1
16006 1
16008 2
16010 2
16011 1
16013 3
16014 2
16015 1
16017 3
16018 1
16019 2
16020 2
16021 1
16022 3
16023 2
16024 1
16025 1
16026 1
16027 1
16028 2
16029 1
16030 1
16034 1
16036 3
16037 1
16039 3
16040 1
16041 1
16042 1
16043 1
16044 2
16045 2
16047 1
16048 2
16050 1
16051 3
16052 1
16053 2
16054 1
16055 3
16057 3
16058 1
16059 2
16060 4
16062 2
16064 2
16065 1
16066 1
16067 1
16068 3
16069 1
16070 3
16073 1
16074 2
16076 1
16077 2
16078 2
16081 1
16083 1
16085 2
16086 3
16087 2
16088 1
16089 1
16090 1
16091 1
16093 1
16094 1
16095 1
16096 2
16099 1
16100 2
16104 1
16107 1
16108 1
16109 2
16110 1
16111 1
16113 2
16114 2
16115 1
16116 2
16117 1
16118 1
16119 2
16120 1
16121 1
16122 1
16123 3
16124 1
16125 1
16126 1
16127 2
16128 4
16130 2
16132 1
16134 2
16135 1
16137 2
16139 3
16141 1
16142 2
16143 1
16144 1
16145 1
16146 3
16148 1
16149 3
16151 2
16153 2
16155 1
16156 1
16159 1
16161 1
16162 2
16163 2
16164 1
16165 2
16166 1
16167 1
16168 3
16170 2
16172 2
16175 2
16177 1
16179 1
16182 1
16184 1
16185 1
16187 1
16188 2
16191 4
16192 1
16195 1
16196 1
16198 2
16201 2
16203 1
16205 3
16206 1
16209 1
16210 2
16211 2
16214 1
16215 1
16216 2
16218 1
16219 3
16220 1
16221 1
16222 1
16223 1
16224 3
16225 1
16227 1
16232 3
16233 2
16236 1
16238 1
16239 2
16240 1
16241 1
16242 1
16243 1
16244 1
16247 1
16248 2
16250 2
16251 3
16253 1
16254 1
16255 1
16257 1
16258 1
16259 2
16260 2
16262 1
16264 1
16265 2
16267 1
16268 1
16269 1
16270 1
16271 1
16272 2
16273 3
16274 2
16275 1
16276 3
16277 1
16278 3
16279 1
16280 2
16282 1
16283 1
16284 1
16285 2
16287 1
16288 1
16289 1
16290 2
16292 1
16293 2
16295 1
16296 1
16297 3
16298 1
16299 2
16301 1
16304 1
16306 1
16307 2
16308 2
16310 1
16311 2
16312 1
16313 1
16314 2
16315 3
16316 3
16318 1
16319 1
16320 1
16322 1
16323 1
16325 1
16327 1
16328 1
16333 1
16334 2
16341 1
16342 3
16344 2
16345 1
16346 1
16347 1
16351 1
16352 2
16353 2
16355 1
16356 1
16358 1
16359 2
16360 2
16361 2
16362 2
16363 2
16364 1
16365 3
16366 1
16367 3
16369 2
16370 1
16371 3
16372 1
16373 1
16374 2
16376 2
16378 3
16379 1
16382 1
16383 2
16384 1
16386 1
16387 1
16388 1
16389 1
16390 3
16393 1
16394 2
16397 2
16399 1
16401 1
16402 2
16404 1
16408 1
16409 2
16410 1
16411 2
16412 1
16413 1
16414 1
16416 1
16417 1
16418 2
16419 1
16420 2
16421 2
16422 1
16423 1
16424 1
16425 3
16426 1
16427 1
16428 1
16430 1
16431 1
16432 1
16433 1
16434 1
16435 1
16436 2
16437 1
16439 1
16440 1
16442 2
16444 1
16446 1
16447 1
16450 2
16453 1
16454 1
16457 2
16458 1
16460 1
16461 4
16462 1
16463 2
16464 1
16465 3
16466 2
16467 1
16468 2
16469 2
16470 1
16473 2
16474 1
16476 1
16478 1
16480 1
16482 1
16484 1
16485 1
16486 2
16487 1
16488 1
16490 1
16491 2
16492 2
16493 1
16494 1
16496 2
16499 2
16501 1
16503 1
16504 2
16506 1
16507 1
16509 1
16510 1
16511 2
16513 1
16514 1
16515 2
16517 1
16518 1
16520 1
16521 1
16522 3
16523 1
16524 1
16527 1
16528 1
16529 2
16530 1
16532 1
16533 1
16534 1
16535 1
16536 1
16539 1
16540 2
16541 1
16543 3
16544 2
16545 2
16547 1
16548 2
16550 3
16551 1
16552 3
16553 1
16556 2
16557 1
16559 1
16563 3
16564 3
16565 1
16566 2
16567 3
16569 1
16571 2
16575 1
16576 1
16577 1
16578 3
16579 1
16581 1
16582 1
16583 1
16585 2
16589 2
16590 2
16592 4
16593 2
16594 1
16596 1
16599 1
16601 2
16604 1
16606 1
16607 2
16609 1
16611 3
16612 2
16614 1
16615 2
16616 2
16617 1
16619 2
16620 1
16621 1
16623 2
16624 3
16626 1
16627 2
16631 1
16634 1
16635 1
16637 2
16640 1
16642 2
16644 2
16645 1
16646 1
16647 1
16649 3
16650 2
16652 2
16653 2
16654 3
16655 1
16657 1
16658 3
16660 3
16661 1
16662 1
16666 1
16667 1
16668 1
16669 1
16671 3
16672 1
16673 1
16674 1
16675 2
16677 2
16678 2
16679 1
16680 1
16681 2
16682 1
16683 2
16684 3
16685 1
16686 3
16687 2
16689 1
16690 2
16691 1
16692 1
16694 3
16695 1
16696 1
16697 1
16698 1
16700 1
16702 1
16703 1
16705 1
16707 1
16709 2
16710 2
16712 1
16714 2
16715 1
16716 1
16717 2
16718 2
16720 1
16721 1
16724 2
16725 1
16726 1
16728 1
16729 1
16732 1
16733 1
16735 2
16736 1
16737 1
16738 1
16740 1
16741 1
16742 1
16743 4
16744 1
16745 1
16747 1
16750 1
16752 2
16754 2
16755 1
16756 1
16758 1
16760 3
16761 2
16762 2
16763 2
16764 1
16766 2
16767 1
16769 1
16772 1
16773 1
16776 1
16777 1
16780 1
16781 2
16782 1
16786 1
16788 1
16790 1
16792 1
16793 1
16795 1
16796 1
16798 1
16799 1
16800 1
16802 1
16803 2
16804 2
16809 1
16810 1
16812 1
16814 1
16815 1
16816 1
16818 1
16819 1
16820 1
16821 1
16822 2
16823 2
16826 1
16827 1
16828 1
16829 1
16830 1
16831 1
16833 2
16835 1
16837 1
16838 1
16840 1
16843 1
16845 1
16850 1
16851 1
16852 1
16856 1
16859 1
16860 1
16861 1
16862 2
16863 2
16864 2
16865 1
16866 1
16867 1
16869 1
16870 1
16872 2
16874 2
16877 1
16881 1
16883 2
16885 1
16886 2
16887 2
16889 1
16891 4
16892 1
16893 1
16897 1
16898 1
16900 2
16902 1
16904 1
16905 1
16906 2
16907 1
16908 1
16909 1
16910 1
16911 1
16912 1
16914 2
16915 1
16917 2
16919 1
16921 1
16923 3
16924 1
16926 1
16927 1
16928 1
16931 1
16932 2
16939 1
16940 1
16943 2
16945 2
16946 1
16947 1
16948 2
16949 2
16951 1
16952 1
16953 3
16954 2
16955 1
16957 1
16960 2
16961 2
16962 2
16963 1
16964 2
16965 1
16966 4
16968 2
16969 1
16970 1
16972 1
16973 1
16974 2
16976 1
16977 2
16979 3
16980 1
16981 1
16982 1
16983 1
16984 1
16986 1
16987 1
16991 2
16992 1
16995 2
16997 1
16998 1
17002 2
17005 1
17008 1
17010 1
17011 2
17012 1
17016 1
17018 1
17023 1
17024 1
17025 1
17026 1
17028 1
17029 1
17030 1
17032 1
17034 1
17036 1
17037 2
17038 1
17043 1
17044 1
17047 1
17051 1
17053 1
17054 1
17055 2
17056 1
17058 1
17059 2
17060 2
17063 1
17064 1
17065 2
17067 1
17068 2
17070 1
17072 3
17074 2
17077 1
17078 1
17079 1
17084 1
17085 1
17086 1
17087 1
17088 1
17091 1
17093 4
17094 1
17095 1
17097 1
17098 1
17100 2
17101 1
17102 1
17104 1
17111 1
17115 1
17116 1
17117 1
17119 1
17120 2
17122 1
17123 1
17124 1
17126 1
17127 1
17128 2
17129 1
17130 1
17131 1
17133 2
17135 1
17138 1
17141 1
17142 2
17143 1
17144 1
17146 1
17148 1
17151 1
17153 1
17157 3
17161 1
17162 1
17164 2
17167 1
17169 1
17172 1
17176 1
17180 1
17181 1
17182 2
17183 1
17187 1
17189 1
17191 1
17197 1
17199 2
17201 1
17205 1
17208 1
17210 2
17211 2
17213 1
17215 1
17216 2
17217 1
17218 1
17220 2
17223 1
17224 2
17225 2
17231 1
17232 1
17234 1
17239 2
17243 2
17244 1
17246 1
17248 3
17253 1
17255 1
17261 2
17262 1
17265 2
17271 1
17272 2
17273 2
17274 3
17275 1
17280 1
17281 1
17282 1
17284 1
17285 1
17287 1
17288 1
17290 1
17292 2
17293 1
17299 2
17303 3
17305 1
17307 1
17310 2
17311 2
17314 1
17315 1
17316 1
17317 1
17318 2
17319 1
17320 1
17322 2
17325 1
17326 1
17327 1
17329 2
17331 1
17333 1
17334 1
17335 1
17338 1
17340 1
17341 1
17342 1
17344 2
17345 1
17348 1
17349 1
17353 2
17354 1
17356 1
17359 1
17360 1
17363 2
17366 2
17367 3
17370 2
17371 1
17372 1
17374 2
17375 1
17376 1
17377 1
17378 1
17382 1
17393 1
17394 1
17398 1
17399 1
17400 1
17401 1
17403 1
17405 2
17410 1
17412 2
17413 1
17416 1
17417 1
17418 1
17419 1
17420 1
17424 1
17427 1
17430 1
17431 2
17436 2
17438 1
17443 1
17445 1
17446 1
17452 1
17454 2
17457 2
17460 1
17461 1
17462 2
17465 2
17466 1
17468 1
17473 3
17475 2
17476 1
17477 1
17480 2
17484 1
17485 2
17486 1
17487 1
17488 1
17490 1
17492 1
17494 2
17496 1
17498 1
17499 1
17501 1
17502 2
17503 2
17504 1
17505 1
17507 1
17509 1
17511 2
17513 1
17515 1
17516 2
17518 1
17520 2
17521 2
17522 1
17523 1
17524 1
17525 2
17530 1
17532 2
17533 1
17539 2
17541 1
17543 1
17544 1
17547 1
17548 1
17549 1
17551 1
17553 1
17555 1
17556 2
17558 2
17561 1
17562 1
17563 2
17564 1
17567 2
17568 1
17569 1
17570 1
17571 1
17573 1
17577 1
17578 1
17580 1
17581 1
17582 1
17586 2
17587 1
17590 2
17591 1
17592 2
17593 2
17594 1
17596 1
17598 2
17600 2
17603 1
17609 2
17611 1
17613 1
17616 1
17619 1
17621 1
17624 1
17626 1
17627 1
17630 1
17631 1
17633 1
17635 1
17641 1
17642 1
17644 1
17645 1
17646 1
17647 1
17649 2
17652 1
17654 1
17656 1
17658 1
17659 1
17661 1
17662 1
17664 1
17665 2
17666 1
17667 1
17668 1
17669 2
17671 1
17673 2
17675 1
17686 1
17687 1
17690 1
17691 1
17692 1
17694 2
17699 1
17701 2
17704 1
17705 1
17708 1
17712 1
17713 1
17714 2
17718 1
17719 1
17721 1
17723 1
17725 1
17727 1
17728 1
17730 1
17732 1
17735 1
17736 2
17737 1
17739 1
17742 1
17744 2
17746 1
17747 1
17754 3
17755 1
17760 1
17761 1
17765 1
17767 1
17770 1
17771 1
17772 1
17773 1
17775 1
17776 1
17781 1
17783 1
17789 1
17792 1
17793 1
17794 1
17795 1
17796 2
17798 1
17800 1
17801 1
17802 2
17804 1
17806 1
17810 1
17811 2
17812 1
17813 1
17814 1
17815 2
17816 1
17817 1
17818 1
17819 2
17821 1
17823 1
17830 1
17832 1
17837 1
17840 1
17844 1
17847 1
17848 1
17849 1
17855 1
17856 1
17858 1
17862 1
17863 2
17864 1
17865 1
17866 1
17870 1
17872 1
17874 1
17875 2
17876 1
17877 1
17879 2
17881 1
17882 1
17883 1
17885 1
17886 2
17887 1
17889 1
17890 1
17891 1
17893 2
17895 1
17900 1
17902 1
17904 3
17905 1
17906 2
17911 1
17912 2
17913 1
17914 1
17916 2
17917 2
17919 1
17920 1
17921 1
17923 1
17933 1
17935 1
17939 1
17940 1
17942 1
17943 1
17947 1
17956 1
17957 1
17964 2
17965 1
17966 1
17967 1
17968 2
17969 2
17970 1
17972 1
17974 1
17977 1
17981 2
17987 2
17988 1
17991 1
17993 1
17994 1
17995 2
17997 1
17999 2
18002 2
18004 1
18007 2
18010 1
18020 1
18025 2
18026 1
18030 1
18031 1
18032 1
18033 1
18035 1
18036 1
18037 1
18044 1
18047 1
18048 1
18052 1
18053 1
18055 1
18059 1
18060 1
18062 1
18066 3
18067 1
18069 1
18070 1
18081 1
18085 1
18086 1
18088 1
18089 1
18092 1
18095 1
18096 1
18097 2
18104 1
18108 1
18110 1
18112 1
18114 2
18115 2
18119 1
18120 2
18122 1
18126 1
18127 1
18129 1
18133 1
18137 1
18140 1
18143 1
18145 1
18148 2
18149 1
18152 1
18153 1
18156 1
18157 2
18158 1
18170 1
18171 1
18172 1
18174 1
18176 1
18180 1
18181 1
18182 1
18183 1
18184 1
18186 1
18187 1
18188 1
18190 2
18193 1
18194 1
18195 1
18197 2
18199 2
18203 1
18205 1
18206 1
18212 2
18214 1
18216 1
18220 1
18223 1
18224 1
18225 1
18228 1
18231 1
18235 1
18247 1
18250 1
18254 1
18257 1
18258 1
18259 1
18262 1
18263 3
18265 1
18269 1
18272 1
18276 2
18280 1
18283 1
18291 1
18295 1
18299 1
18303 1
18307 1
18315 1
18317 1
18319 1
18321 1
18326 2
18331 1
18336 1
18340 1
18345 1
18355 1
18361 1
18366 1
18368 2
18369 1
18370 1
18371 1
18386 1
18388 1
18394 2
18396 1
18400 1
18403 1
18405 2
18408 2
18409 2
18413 1
18414 1
18416 1
18417 1
18418 1
18420 2
18422 1
18424 1
18426 1
18431 1
18434 1
18436 1
18441 1
18443 1
18448 1
18453 1
18456 1
18457 1
18465 2
18466 1
18467 1
18469 1
18472 1
18477 2
18482 1
18486 1
18487 1
18494 1
18495 1
18496 1
18498 1
18500 1
18505 1
18507 2
18509 1
18513 1
18514 2
18518 1
18519 1
18522 1
18540 1
18545 1
18547 1
18554 1
18556 1
18558 2
18559 1
18563 1
18567 1
18568 2
18570 1
18571 2
18573 1
18574 1
18575 1
18577 1
18581 1
18582 1
18587 1
18589 1
18596 3
18598 1
18600 1
18603 2
18605 1
18607 1
18623 2
18631 1
18634 1
18636 1
18645 1
18646 1
18651 1
18653 1
18655 1
18660 1
18663 1
18664 2
18665 1
18669 1
18670 1
18693 1
18698 1
18702 2
18704 1
18711 1
18713 1
18714 1
18716 1
18719 1
18720 1
18721 1
18725 1
18727 2
18728 1
18742 1
18744 1
18746 1
18748 1
18749 1
18751 1
18753 1
18758 1
18769 1
18772 1
18774 1
18777 1
18785 1
18788 1
18795 2
18796 1
18802 1
18804 1
18806 1
18808 1
18810 1
18813 2
18814 1
18815 1
18817 1
18818 1
18819 1
18820 1
18821 2
18823 1
18825 2
18826 1
18832 1
18837 1
18842 1
18844 1
18848 1
18856 1
18866 1
18870 1
18873 2
18875 1
18878 1
18879 1
18890 1
18896 1
18897 1
18901 1
18904 1
18906 1
18908 2
18915 1
18916 1
18919 1
18934 1
18939 2
18941 1
18950 1
18957 1
18958 1
18963 1
18964 1
18965 1
18968 1
18969 1
18971 1
18975 1
18976 1
18978 1
18995 1
18997 1
18998 1
18999 1
19002 1
19004 1
19005 1
19006 2
19007 1
19010 1
19018 1
19019 1
19021 1
19023 1
19024 2
19035 2
19036 1
19037 1
19041 1
19044 1
19046 1
19047 1
19052 1
19054 1
19058 1
19065 1
19067 1
19081 1
19085 1
19089 1
19090 1
19095 1
19096 1
19097 1
19099 1
19101 1
19103 2
19108 1
19109 1
19112 2
19114 1
19116 1
19137 1
19144 1
19146 1
19148 1
19159 1
19164 1
19168 2
19169 1
19172 2
19189 1
19195 1
19197 1
19204 1
19208 1
19214 1
19224 1
19226 1
19235 1
19240 1
19247 1
19249 1
19257 1
19258 1
19263 1
19270 1
19277 1
19292 1
19297 1
19305 1
19309 1
19314 1
19315 1
19317 1
19318 2
19319 1
19326 1
19335 1
19340 1
19343 1
19345 1
19347 1
19349 1
19359 1
19360 1
19366 1
19375 1
19378 1
19386 1
19396 1
19398 1
19403 1
19407 2
19408 1
19409 2
19416 1
19419 1
19420 1
19422 1
19423 1
19428 1
19436 1
19438 1
19442 1
19445 1
19451 1
19456 1
19468 1
19472 1
19477 1
19480 1
19484 1
19490 1
19491 1
19496 1
19498 1
19502 1
19505 1
19507 1
19509 1
19513 1
19540 1
19565 1
19569 2
19573 1
19574 1
19592 1
19597 1
19600 1
19602 1
19611 1
19623 1
19625 1
19630 1
19636 1
19648 1
19651 1
19653 1
19657 1
19659 1
19678 1
19686 1
19691 1
19693 1
19702 1
19715 1
19717 1
19719 1
19726 1
19727 1
19728 1
19746 1
19757 1
19765 1
19779 1
19810 1
19824 1
19848 1
19859 1
19864 1
19867 1
19871 1
19872 1
19873 1
19874 1
19890 1
19908 1
19911 1
19916 1
19919 1
19927 1
19939 1
19944 1
19946 1
19950 1
19999 1
20010 2
20012 1
20017 1
20018 1
20021 1
20022 1
20025 1
20041 1
20046 1
20048 1
20050 1
20052 1
20057 1
20073 1
20077 1
20078 1
20092 1
20101 1
20103 1
20106 1
20123 1
20156 1
20158 1
20166 1
20167 1
20168 1
20172 1
20196 1
20198 1
20201 1
20224 1
20228 1
20247 1
20249 1
20251 1
20252 1
20256 1
20258 1
20268 1
20269 1
20272 1
20275 1
20291 1
20307 1
20316 1
20317 1
20318 1
20328 1
20329 1
20340 1
20345 1
20347 1
20351 1
20360 1
20393 1
20400 1
20411 1
20418 1
20422 1
20453 1
20461 1
20474 1
20478 1
20501 1
20506 1
20509 1
20539 1
20540 1
20544 1
20557 1
20568 1
20600 1
20602 1
20611 1
20612 1
20640 1
20642 1
20649 1
20717 1
20773 1
20780 1
20799 1
20848 1
20852 1
20862 1
20863 1
20919 1
20926 1
20931 1
20941 1
20945 1
20950 1
20954 1
20959 1
20961 1
21001 1
21010 1
21012 1
21077 1
21100 1
21105 1
21107 1
21156 1
21181 1
21200 1
21249 1
21327 1
21362 1
21370 1
21393 1
21449 1
21453 1
21495 1
21521 1
21544 1
21549 1
21551 1
21555 1
21626 1
21701 1
21761 1
21771 1
21772 1
21794 1
21850 1
21854 1
21863 1
22145 1
22302 1
22404 1
22453 1
22464 1
22610 1
22703 1
22998 1
23054 1
23907 1
End
