NMec = 97746
T = 17
P = 5
Profits not ignored
Valid tasks:                                                            19272
Solution time = 3.650e-04
Task data
    0  17  3676 0
    0  22  2021 -1
    2  17  3856 1
    2  23  3652 -1
    3  12  1043 -1
    3  19  1879 -1
    3  26  2073 -1
    4  16  1877 -1
    5  13  2254 2
    8  12   287 -1
    8  14   707 -1
    8  23  3748 3
    8  31  1645 -1
   12  21  1459 -1
   12  28  4403 4
   17  29  1857 2
   26  32  1079 0
Best profit: 20873
All profits:
0 1
287 1
707 1
994 1
1043 1
1079 1
1330 1
1366 1
1459 1
1645 1
1746 1
1750 1
1786 1
1857 1
1877 1
1879 1
1932 1
2021 1
2037 1
2073 2
2122 1
2144 1
2164 1
2166 2
2254 1
2308 1
2352 1
2360 1
2409 1
2453 1
2502 1
2538 1
2541 1
2564 1
2584 1
2586 1
2639 1
2688 1
2724 1
2728 1
2780 1
2789 1
2825 1
2829 1
2851 1
2871 1
2873 1
2900 1
2920 1
2922 1
2936 1
2956 1
2958 1
2961 1
2975 1
3011 1
3015 1
3064 1
3067 1
3100 1
3104 1
3116 2
3152 1
3187 1
3207 1
3209 2
3223 1
3243 1
3245 2
3248 1
3297 1
3316 1
3333 1
3336 1
3338 1
3351 1
3387 1
3391 1
3395 1
3403 1
3431 1
3439 1
3480 1
3496 1
3502 1
3522 1
3524 1
3532 2
3581 1
3584 1
3603 1
3607 1
3620 1
3623 1
3625 1
3627 1
3629 1
3643 1
3652 1
3663 1
3665 1
3666 1
3676 1
3682 1
3713 1
3718 2
3734 1
3736 1
3748 1
3756 1
3767 2
3771 1
3789 1
3807 1
3809 1
3811 2
3819 1
3823 1
3856 1
3859 1
3868 1
3878 1
3894 1
3898 1
3899 1
3900 1
3914 1
3916 1
3930 2
3939 1
3950 2
3952 2
3953 1
3963 1
3979 1
3999 1
4000 1
4001 1
4004 1
4005 1
4021 1
4023 2
4035 1
4040 1
4043 2
4045 1
4054 1
4058 1
4094 2
4098 1
4110 1
4111 1
4131 1
4133 1
4143 2
4146 1
4147 1
4165 1
4183 1
4185 1
4186 1
4187 2
4195 1
4209 1
4217 1
4229 1
4231 1
4237 1
4239 2
4266 1
4275 1
4286 1
4288 2
4291 1
4310 1
4327 2
4330 1
4332 1
4359 2
4373 1
4376 1
4379 1
4381 2
4383 1
4395 1
4398 1
4403 1
4415 1
4417 1
4418 1
4420 2
4425 1
4430 1
4434 1
4441 1
4443 1
4455 1
4463 1
4470 1
4474 2
4482 1
4496 1
4516 1
4518 1
4523 1
4526 1
4545 1
4559 1
4562 1
4563 1
4565 1
4567 1
4575 2
4581 1
4585 1
4601 1
4603 1
4605 1
4606 1
4607 1
4611 1
4614 1
4637 1
4646 2
4657 1
4659 1
4660 1
4663 1
4666 1
4668 1
4670 1
4682 1
4686 1
4690 1
4695 1
4702 1
4704 1
4706 1
4707 1
4708 1
4709 1
4712 1
4719 1
4728 1
4730 1
4731 1
4742 1
4745 1
4750 1
4755 1
4756 1
4761 2
4777 1
4779 1
4791 1
4792 1
4797 1
4799 1
4801 1
4810 1
4813 1
4815 1
4818 1
4827 1
4832 1
4835 1
4838 1
4840 1
4846 1
4850 2
4852 1
4854 2
4862 1
4868 1
4872 1
4888 1
4890 2
4892 1
4893 1
4894 1
4898 1
4899 1
4902 1
4921 1
4924 1
4935 1
4941 1
4942 1
4943 1
4944 1
4946 1
4957 1
4961 1
4973 2
4977 1
4978 1
4979 1
4981 1
4982 2
4983 1
4993 2
4995 2
4996 1
5006 1
5009 1
5018 1
5029 1
5031 1
5032 1
5034 1
5042 1
5043 1
5048 1
5064 1
5066 2
5078 1
5079 1
5083 1
5084 1
5086 2
5088 2
5100 1
5102 2
5105 1
5110 1
5111 1
5114 1
5122 2
5124 1
5125 2
5127 1
5135 1
5137 2
5141 1
5154 1
5173 1
5174 1
5176 1
5177 2
5186 1
5189 1
5190 1
5193 1
5195 1
5207 1
5208 1
5210 1
5212 1
5215 1
5222 1
5226 1
5228 1
5229 1
5230 2
5244 1
5248 1
5252 1
5260 1
5264 1
5265 1
5266 2
5268 1
5269 1
5270 1
5272 1
5274 1
5280 1
5282 2
5288 1
5296 1
5297 1
5308 1
5310 1
5315 1
5316 1
5318 3
5321 2
5337 1
5353 1
5354 1
5357 1
5358 1
5359 1
5370 2
5373 1
5375 1
5379 1
5381 1
5389 2
5393 1
5397 1
5398 1
5401 1
5402 1
5406 1
5409 2
5411 2
5412 1
5416 1
5422 1
5424 1
5426 1
5438 2
5441 1
5446 1
5452 1
5458 1
5460 2
5461 1
5462 1
5463 2
5464 1
5468 1
5477 1
5480 1
5482 2
5484 1
5486 1
5494 1
5497 1
5498 1
5499 2
5501 1
5502 1
5504 1
5506 1
5509 1
5513 1
5517 1
5520 1
5522 1
5523 1
5529 1
5531 1
5533 1
5534 1
5539 1
5542 1
5543 1
5545 1
5553 3
5555 1
5559 1
5561 1
5569 1
5570 1
5575 2
5584 1
5590 1
5592 1
5595 2
5597 2
5602 2
5605 3
5606 1
5608 1
5613 1
5624 2
5625 1
5627 1
5628 1
5641 1
5642 1
5644 2
5645 1
5646 2
5648 1
5649 1
5650 1
5654 1
5657 1
5664 1
5666 1
5668 2
5673 1
5676 1
5680 2
5684 1
5685 1
5686 1
5688 2
5689 1
5690 1
5693 1
5696 1
5697 1
5698 1
5700 1
5702 1
5703 1
5713 2
5716 1
5725 3
5733 2
5734 1
5735 1
5736 1
5738 1
5739 2
5745 1
5747 1
5749 2
5750 1
5755 2
5756 1
5757 1
5769 2
5771 1
5773 1
5774 1
5776 1
5777 1
5778 1
5785 1
5786 2
5788 2
5791 1
5793 1
5796 1
5798 1
5807 2
5809 2
5810 1
5816 1
5818 2
5820 1
5821 2
5829 2
5830 1
5832 2
5835 1
5840 3
5842 2
5844 1
5856 1
5857 1
5858 1
5861 1
5862 2
5870 1
5877 2
5878 1
5879 1
5880 1
5881 1
5882 1
5883 1
5884 2
5889 1
5892 1
5893 1
5897 1
5900 2
5902 1
5906 1
5911 1
5912 1
5914 2
5915 1
5917 1
5919 1
5920 1
5922 1
5929 2
5930 1
5931 1
5933 2
5935 1
5936 1
5937 1
5941 1
5951 2
5955 1
5960 1
5967 1
5971 2
5972 2
5973 2
5975 1
5977 1
5978 1
5984 1
5987 1
5988 1
5989 1
5990 1
6000 2
6002 1
6003 1
6004 2
6010 1
6012 1
6020 2
6021 2
6022 3
6023 1
6024 1
6025 2
6026 2
6028 1
6036 1
6040 1
6042 1
6043 1
6044 2
6048 1
6052 1
6056 1
6060 1
6061 2
6062 1
6063 1
6064 2
6065 2
6066 1
6072 1
6073 1
6074 1
6075 1
6077 1
6085 1
6086 1
6088 1
6094 1
6096 2
6100 1
6105 1
6108 2
6110 1
6113 1
6116 2
6118 1
6119 1
6122 1
6127 1
6129 1
6131 1
6132 1
6143 1
6145 2
6148 1
6149 1
6152 1
6153 1
6154 2
6157 1
6164 1
6165 2
6167 2
6168 2
6170 1
6171 1
6178 1
6184 2
6187 1
6189 2
6190 1
6193 1
6201 1
6204 3
6206 2
6207 1
6208 1
6209 1
6214 1
6216 3
6217 1
6220 2
6230 1
6233 1
6236 2
6238 3
6240 1
6250 2
6252 1
6253 1
6255 1
6256 1
6258 2
6259 1
6260 4
6262 1
6265 1
6272 1
6274 1
6275 1
6277 2
6280 1
6282 2
6286 1
6287 1
6289 1
6291 2
6294 1
6297 2
6299 1
6302 1
6304 1
6307 1
6308 1
6309 3
6311 1
6312 2
6313 1
6315 1
6320 1
6327 1
6331 2
6332 1
6334 1
6335 1
6339 1
6340 1
6347 1
6348 2
6349 1
6351 2
6352 1
6353 2
6358 1
6359 1
6361 2
6364 2
6373 1
6375 1
6376 1
6380 2
6383 1
6387 1
6394 1
6395 1
6397 2
6400 3
6401 1
6402 1
6403 1
6404 1
6405 1
6416 1
6419 1
6420 1
6422 1
6424 2
6432 3
6436 2
6437 1
6438 1
6439 1
6440 2
6441 3
6442 1
6444 1
6446 1
6449 1
6452 2
6454 2
6455 1
6456 1
6458 1
6460 1
6462 1
6463 1
6464 1
6465 1
6468 1
6471 1
6472 1
6476 3
6477 1
6480 1
6481 1
6483 1
6484 1
6485 1
6488 1
6490 1
6491 2
6493 2
6495 2
6501 1
6503 2
6505 1
6507 1
6514 1
6516 1
6517 1
6520 1
6523 2
6525 3
6527 1
6528 1
6536 1
6537 2
6539 1
6540 1
6542 2
6543 1
6544 1
6545 1
6547 4
6549 1
6552 1
6559 1
6561 1
6563 1
6564 1
6565 1
6566 1
6567 1
6569 3
6572 1
6573 1
6574 1
6576 1
6577 1
6580 1
6581 1
6584 2
6585 1
6586 2
6588 2
6589 1
6591 1
6596 3
6598 1
6599 1
6602 1
6607 1
6608 1
6610 1
6612 1
6613 2
6618 2
6619 1
6621 1
6622 1
6624 1
6627 2
6632 2
6633 1
6634 1
6635 2
6636 1
6637 1
6638 2
6640 2
6645 1
6648 2
6649 1
6651 1
6654 1
6656 1
6657 1
6658 1
6663 1
6667 2
6668 1
6669 1
6670 1
6671 1
6674 1
6676 1
6678 1
6679 1
6680 1
6681 1
6684 2
6685 1
6687 2
6688 1
6689 1
6691 1
6692 1
6695 1
6697 1
6703 1
6704 1
6706 1
6707 2
6709 2
6711 3
6716 1
6717 1
6719 2
6723 2
6724 1
6725 1
6727 2
6728 2
6729 2
6731 2
6733 2
6736 1
6739 1
6740 1
6741 1
6743 1
6745 1
6747 2
6749 1
6750 1
6751 1
6752 1
6755 2
6756 2
6759 2
6763 2
6767 2
6768 2
6769 1
6770 1
6771 1
6772 1
6775 1
6776 2
6777 2
6778 1
6779 1
6780 2
6781 1
6782 2
6792 3
6798 1
6799 1
6800 1
6801 1
6803 1
6804 1
6812 3
6813 1
6814 1
6815 1
6817 1
6818 1
6819 1
6820 1
6821 1
6823 1
6828 1
6829 2
6831 1
6834 2
6835 1
6836 1
6838 1
6839 2
6840 1
6848 1
6850 2
6852 3
6853 1
6855 1
6856 2
6857 1
6859 2
6860 1
6861 3
6863 1
6864 2
6865 1
6867 1
6871 1
6872 2
6873 1
6875 3
6883 2
6885 2
6886 1
6888 1
6889 1
6891 1
6895 1
6897 2
6899 1
6900 3
6905 2
6908 1
6909 1
6911 3
6913 1
6914 1
6919 2
6920 2
6921 2
6922 1
6923 2
6924 1
6925 1
6927 2
6935 1
6936 1
6940 1
6941 2
6943 2
6944 1
6945 2
6949 1
6955 1
6956 2
6957 2
6958 1
6960 2
6961 1
6962 1
6963 3
6965 2
6966 1
6967 2
6968 1
6971 1
6972 2
6973 1
6979 2
6981 1
6982 2
6984 1
6985 1
6987 1
6988 1
6989 1
6990 1
6991 1
6992 1
6993 2
6994 2
6996 1
6998 1
6999 1
7001 1
7002 1
7003 1
7004 2
7008 1
7009 1
7012 1
7014 3
7015 2
7016 2
7027 1
7030 1
7031 1
7033 1
7034 2
7039 1
7042 1
7043 2
7045 1
7046 1
7047 1
7050 1
7051 1
7052 1
7053 1
7054 2
7055 2
7056 2
7063 2
7064 2
7065 2
7066 1
7067 2
7068 1
7069 2
7071 1
7072 1
7079 2
7081 1
7083 2
7084 1
7085 1
7086 2
7087 2
7089 1
7091 2
7099 2
7100 1
7101 2
7103 1
7104 2
7105 2
7106 1
7107 3
7108 2
7109 1
7115 1
7116 1
7121 1
7122 1
7123 2
7125 1
7126 1
7127 2
7129 1
7131 2
7132 1
7135 1
7137 1
7139 3
7142 1
7143 3
7144 2
7145 1
7146 1
7147 1
7148 2
7151 2
7152 1
7153 1
7154 1
7156 2
7159 2
7161 1
7165 1
7167 1
7172 2
7173 1
7174 1
7175 3
7176 1
7178 2
7179 1
7183 1
7184 2
7187 2
7189 1
7192 2
7194 1
7195 3
7197 2
7198 4
7200 2
7207 1
7208 2
7210 1
7211 1
7214 1
7215 1
7216 1
7227 2
7228 2
7230 1
7231 1
7232 2
7233 2
7235 1
7236 2
7237 1
7243 1
7244 1
7247 4
7249 2
7250 3
7251 1
7254 1
7255 1
7257 1
7258 1
7259 2
7260 1
7263 1
7266 2
7268 2
7269 1
7270 1
7272 2
7273 1
7274 1
7275 1
7276 1
7277 1
7279 2
7280 2
7281 2
7283 2
7285 1
7286 1
7287 1
7288 2
7289 1
7291 1
7293 1
7295 3
7296 1
7299 2
7301 2
7302 1
7303 4
7305 1
7309 1
7315 2
7317 3
7318 2
7319 1
7320 2
7321 1
7323 1
7325 2
7328 1
7329 2
7331 1
7332 1
7334 1
7336 1
7337 2
7338 1
7339 4
7340 2
7341 2
7342 3
7343 1
7345 1
7347 1
7351 1
7352 1
7354 1
7355 1
7356 2
7358 2
7359 2
7361 2
7363 1
7364 1
7365 1
7368 1
7370 3
7371 1
7373 1
7374 1
7375 1
7376 2
7377 1
7378 3
7379 1
7380 1
7381 1
7383 1
7386 1
7388 3
7389 1
7390 1
7391 3
7392 1
7394 2
7399 1
7400 2
7402 1
7408 1
7410 3
7411 1
7412 1
7413 1
7414 2
7416 1
7418 2
7419 2
7422 1
7423 1
7424 1
7426 1
7427 1
7430 3
7431 2
7432 3
7437 1
7440 1
7441 1
7443 3
7447 2
7449 1
7452 2
7454 2
7459 3
7461 2
7462 2
7463 3
7465 1
7466 2
7467 1
7469 1
7470 1
7471 1
7474 2
7475 1
7476 1
7479 2
7480 1
7481 2
7482 3
7483 2
7484 4
7485 3
7487 2
7489 1
7495 1
7498 1
7499 2
7501 2
7502 1
7503 3
7504 1
7505 1
7506 1
7507 2
7508 1
7511 2
7514 1
7515 2
7518 1
7519 4
7520 3
7521 1
7522 2
7523 2
7524 1
7525 1
7526 1
7527 1
7528 1
7530 1
7531 1
7532 1
7533 1
7534 2
7535 1
7536 2
7537 1
7538 1
7541 1
7542 1
7543 1
7544 1
7545 2
7546 1
7547 1
7550 2
7551 1
7552 1
7553 1
7554 1
7555 3
7557 2
7559 3
7560 1
7562 1
7563 1
7564 1
7566 1
7567 2
7568 1
7569 1
7570 2
7571 1
7572 2
7574 3
7575 2
7576 1
7579 1
7582 2
7586 1
7590 3
7591 1
7592 2
7593 1
7595 1
7596 2
7602 3
7604 4
7605 1
7606 2
7607 2
7610 1
7611 1
7612 4
7613 1
7615 2
7616 3
7618 2
7623 2
7624 1
7626 5
7627 1
7628 2
7629 1
7631 1
7633 1
7634 1
7635 1
7642 1
7643 2
7645 2
7646 2
7647 1
7648 4
7650 1
7651 2
7652 1
7653 1
7655 2
7656 1
7657 1
7662 1
7663 3
7664 1
7665 4
7666 1
7667 3
7668 1
7670 2
7673 1
7675 5
7676 1
7677 1
7678 3
7679 1
7680 1
7681 1
7686 2
7687 2
7689 2
7692 2
7695 2
7697 4
7698 2
7699 2
7700 3
7701 2
7706 2
7709 2
7710 1
7711 2
7712 1
7714 2
7715 1
7716 1
7717 2
7718 1
7719 5
7721 2
7722 1
7723 1
7724 1
7727 1
7730 1
7734 3
7735 1
7736 2
7737 1
7738 1
7739 2
7740 1
7741 3
7746 3
7747 1
7748 1
7749 1
7750 2
7752 1
7753 1
7754 2
7755 1
7756 2
7757 1
7758 1
7759 1
7760 1
7761 2
7762 1
7763 2
7766 1
7767 1
7768 1
7769 1
7770 3
7771 2
7772 1
7774 2
7776 1
7777 1
7779 1
7783 1
7785 1
7786 3
7787 1
7788 2
7790 3
7791 2
7792 1
7793 2
7794 2
7795 2
7796 1
7797 1
7798 3
7799 2
7802 1
7806 4
7807 3
7808 2
7809 2
7810 2
7812 2
7817 1
7818 1
7819 2
7820 1
7822 1
7823 1
7828 2
7829 2
7830 2
7832 1
7834 2
7835 2
7837 1
7838 1
7839 2
7841 1
7842 3
7844 1
7846 2
7847 1
7849 2
7850 2
7851 2
7855 1
7856 2
7857 1
7858 1
7859 3
7860 1
7861 4
7862 1
7863 2
7867 1
7869 1
7871 1
7877 2
7878 2
7879 4
7880 1
7881 3
7882 2
7883 4
7885 1
7889 1
7891 4
7893 1
7894 1
7895 1
7896 1
7898 2
7899 4
7900 2
7901 1
7902 2
7903 2
7904 1
7905 4
7907 1
7908 1
7910 1
7913 2
7914 1
7915 2
7917 1
7918 2
7919 1
7920 1
7921 2
7922 2
7923 1
7925 1
7927 2
7929 1
7930 1
7931 2
7932 1
7933 1
7934 2
7935 4
7938 2
7939 1
7940 3
7942 3
7943 3
7944 1
7950 3
7951 2
7952 2
7954 4
7956 1
7957 1
7962 3
7964 2
7965 2
7966 1
7967 2
7970 1
7973 2
7975 1
7976 1
7977 1
7979 4
7982 1
7984 3
7985 1
7986 1
7987 4
7988 1
7989 1
7990 1
7992 1
7993 2
7995 1
7999 2
8001 1
8002 1
8003 3
8004 1
8006 4
8008 1
8009 1
8010 1
8011 2
8014 1
8021 1
8022 2
8023 2
8024 2
8025 3
8026 1
8027 1
8028 3
8030 1
8031 2
8032 1
8033 2
8034 1
8035 2
8036 2
8039 2
8041 1
8042 2
8043 2
8044 2
8045 2
8046 2
8047 2
8049 1
8050 1
8051 1
8052 1
8055 2
8057 2
8058 1
8061 3
8063 2
8064 1
8065 1
8066 2
8067 1
8068 1
8069 2
8070 1
8071 1
8072 2
8073 2
8074 1
8075 2
8077 3
8078 1
8079 1
8080 1
8081 1
8082 1
8083 3
8084 1
8085 2
8086 3
8087 1
8091 1
8093 4
8094 3
8095 4
8096 2
8097 1
8098 1
8099 1
8101 1
8106 1
8107 3
8109 1
8110 2
8112 1
8113 1
8115 3
8116 2
8117 3
8119 1
8121 3
8122 2
8124 1
8126 2
8127 1
8129 3
8131 2
8132 1
8133 1
8134 2
8135 1
8136 1
8137 3
8138 2
8139 3
8142 1
8143 2
8144 2
8146 2
8147 1
8148 2
8150 2
8151 2
8154 2
8156 1
8158 1
8159 2
8161 1
8163 1
8164 1
8165 2
8166 4
8168 4
8169 1
8170 4
8172 1
8173 1
8174 1
8175 1
8176 1
8178 2
8181 1
8182 1
8183 2
8185 1
8186 3
8187 2
8188 2
8189 1
8191 1
8192 2
8194 1
8195 1
8197 1
8199 1
8202 1
8204 1
8205 2
8206 1
8208 2
8209 1
8210 3
8211 2
8212 1
8214 3
8215 2
8216 1
8217 1
8218 3
8219 1
8221 2
8222 3
8225 2
8226 2
8227 4
8229 1
8230 2
8232 1
8233 1
8235 2
8237 3
8238 3
8239 1
8240 1
8241 2
8243 1
8244 1
8251 3
8252 1
8253 1
8254 2
8255 1
8257 4
8258 2
8259 3
8260 1
8261 1
8262 2
8263 1
8264 1
8266 2
8271 3
8273 1
8274 3
8276 3
8277 3
8278 1
8279 3
8280 2
8281 3
8282 1
8283 1
8286 1
8287 1
8289 1
8290 2
8293 2
8294 1
8295 1
8296 1
8297 2
8298 3
8299 1
8301 2
8302 1
8303 2
8306 1
8307 1
8309 3
8310 1
8311 4
8312 2
8313 2
8314 1
8315 3
8316 1
8317 1
8318 3
8319 2
8320 2
8322 2
8323 3
8325 1
8326 2
8328 1
8329 2
8330 2
8331 1
8333 4
8334 1
8335 1
8336 1
8337 1
8338 2
8339 1
8340 1
8341 1
8342 3
8344 1
8345 1
8347 1
8348 2
8349 1
8350 2
8351 1
8352 2
8353 3
8354 2
8355 3
8356 2
8358 2
8359 2
8360 2
8361 1
8362 3
8364 2
8366 1
8367 1
8368 1
8370 3
8371 1
8372 3
8374 2
8378 1
8379 1
8380 3
8381 1
8382 6
8383 1
8384 1
8385 2
8388 1
8393 1
8394 3
8396 1
8397 2
8399 2
8400 1
8401 1
8402 3
8403 1
8404 4
8405 1
8406 1
8407 3
8408 3
8411 1
8413 2
8414 1
8415 1
8416 1
8418 2
8419 2
8420 1
8421 4
8422 2
8423 1
8424 2
8426 4
8429 1
8430 1
8431 3
8432 1
8434 1
8437 3
8438 2
8441 2
8442 1
8443 4
8444 1
8445 1
8446 3
8448 2
8449 1
8450 1
8451 1
8452 1
8453 4
8454 1
8455 2
8456 1
8457 3
8458 1
8459 1
8460 1
8461 2
8462 2
8463 1
8465 2
8467 3
8468 1
8470 3
8473 2
8474 1
8475 2
8476 1
8477 1
8478 1
8479 2
8481 1
8484 2
8486 1
8487 1
8489 2
8490 2
8491 1
8492 3
8493 2
8494 1
8495 2
8497 4
8498 2
8501 2
8502 3
8503 1
8504 3
8505 1
8506 3
8508 1
8509 3
8510 1
8511 2
8512 2
8513 2
8514 5
8515 1
8516 2
8517 1
8519 1
8520 1
8522 2
8524 2
8525 1
8526 3
8527 1
8528 2
8530 2
8531 1
8533 1
8534 1
8535 1
8536 2
8537 1
8538 2
8540 2
8541 1
8542 3
8544 3
8545 3
8546 4
8547 1
8548 2
8549 2
8550 2
8551 1
8553 1
8554 1
8556 1
8557 1
8558 3
8560 1
8561 2
8562 1
8563 4
8564 3
8565 1
8566 3
8568 4
8569 1
8570 1
8573 1
8574 2
8575 1
8576 1
8578 1
8580 2
8581 1
8582 1
8583 1
8584 2
8585 2
8586 4
8587 1
8588 4
8589 1
8590 4
8593 2
8594 2
8595 1
8596 2
8597 1
8598 5
8600 2
8601 2
8602 3
8603 1
8605 1
8606 2
8607 1
8609 1
8610 1
8611 1
8612 2
8613 2
8615 2
8616 1
8617 3
8618 1
8619 1
8620 3
8622 1
8624 2
8625 2
8626 1
8627 1
8628 1
8629 2
8630 1
8631 1
8632 2
8633 3
8634 4
8635 2
8636 2
8637 2
8638 3
8639 2
8640 2
8641 1
8642 3
8645 2
8646 2
8647 3
8648 2
8649 2
8650 1
8653 2
8654 3
8655 2
8656 1
8657 2
8658 3
8659 2
8661 2
8666 1
8669 5
8670 1
8671 3
8672 2
8674 1
8675 1
8676 1
8677 1
8678 2
8680 1
8681 1
8683 2
8684 1
8685 1
8686 3
8688 1
8689 2
8690 2
8691 5
8692 2
8694 4
8695 2
8696 1
8697 1
8698 1
8700 2
8702 1
8705 2
8706 2
8707 1
8708 3
8709 1
8710 3
8712 1
8713 2
8714 1
8716 2
8717 1
8718 4
8719 1
8721 2
8722 1
8724 2
8725 1
8726 1
8727 1
8728 1
8729 3
8730 5
8731 2
8732 2
8733 1
8734 1
8735 2
8736 1
8738 3
8740 4
8741 2
8742 3
8743 2
8744 3
8745 1
8746 2
8748 1
8749 2
8750 1
8752 1
8754 4
8755 1
8757 3
8758 1
8759 1
8760 1
8762 4
8764 2
8765 1
8766 2
8768 3
8770 1
8771 1
8774 2
8776 4
8777 5
8778 2
8779 4
8780 3
8781 1
8782 3
8784 4
8786 1
8787 1
8788 2
8789 2
8790 3
8791 1
8796 2
8797 2
8798 5
8799 1
8800 3
8801 4
8802 2
8803 1
8806 1
8812 1
8813 4
8814 2
8815 1
8817 2
8818 2
8819 1
8820 4
8821 1
8822 2
8823 3
8824 1
8825 1
8826 1
8827 1
8828 2
8829 4
8830 1
8831 1
8832 1
8833 2
8834 3
8835 2
8836 2
8837 2
8838 2
8839 2
8840 3
8841 1
8842 3
8844 1
8845 1
8846 1
8847 1
8848 1
8849 3
8850 4
8851 2
8852 2
8853 3
8856 1
8858 2
8859 2
8860 1
8861 2
8862 2
8864 1
8865 2
8866 2
8867 1
8869 1
8870 2
8871 3
8872 3
8873 5
8874 1
8875 1
8876 1
8877 2
8878 2
8880 1
8881 2
8882 2
8883 1
8884 1
8885 4
8886 2
8887 1
8888 2
8890 1
8891 1
8892 1
8893 1
8894 1
8896 1
8898 1
8899 2
8900 1
8902 2
8904 3
8905 1
8906 2
8907 1
8908 1
8909 1
8910 1
8911 2
8912 2
8913 2
8916 1
8917 1
8918 2
8919 1
8920 3
8921 4
8922 4
8923 1
8924 3
8925 3
8926 3
8928 2
8929 2
8930 1
8932 2
8933 1
8934 4
8935 1
8936 1
8937 1
8938 1
8939 1
8940 3
8941 2
8942 4
8943 1
8944 3
8945 1
8946 2
8948 3
8950 1
8956 3
8957 1
8958 5
8960 3
8961 2
8962 4
8963 2
8964 3
8965 3
8966 2
8967 1
8968 2
8970 5
8972 1
8973 3
8974 1
8976 1
8977 2
8978 6
8979 1
8980 1
8981 3
8982 2
8983 2
8984 4
8986 1
8988 1
8989 1
8991 1
8992 2
8993 2
8994 3
8996 1
8997 1
8999 1
9000 3
9001 2
9002 1
9003 1
9004 2
9005 2
9006 2
9008 3
9009 3
9010 3
9011 1
9012 1
9013 3
9014 3
9016 3
9017 2
9018 2
9020 1
9021 2
9022 4
9023 1
9028 1
9029 3
9030 4
9031 2
9032 1
9033 5
9034 1
9035 2
9036 2
9040 1
9041 2
9044 2
9045 2
9046 3
9049 3
9051 1
9052 3
9053 1
9054 2
9055 4
9056 1
9057 2
9058 2
9060 1
9061 2
9062 1
9063 4
9064 3
9065 2
9066 5
9067 1
9068 2
9069 3
9071 2
9072 1
9073 1
9074 3
9075 1
9076 1
9077 2
9078 1
9082 2
9084 1
9085 5
9086 2
9087 2
9088 2
9089 1
9090 2
9092 2
9093 2
9094 1
9098 1
9100 2
9101 1
9102 1
9104 5
9105 2
9106 3
9107 4
9108 1
9109 1
9110 3
9111 1
9112 3
9113 1
9114 3
9115 3
9116 2
9117 1
9118 2
9120 2
9121 1
9122 3
9124 2
9125 1
9126 3
9127 1
9128 2
9129 2
9130 1
9131 1
9132 1
9133 1
9134 3
9136 4
9137 3
9138 3
9139 2
9140 2
9142 1
9143 1
9144 2
9145 3
9146 2
9148 2
9149 2
9150 2
9151 2
9152 2
9153 3
9154 2
9156 3
9157 2
9158 4
9159 4
9160 4
9162 2
9163 1
9164 4
9165 3
9166 1
9170 1
9172 3
9173 2
9174 5
9175 3
9176 1
9177 3
9178 2
9180 2
9182 2
9185 1
9186 3
9188 1
9189 2
9191 1
9193 1
9194 4
9195 3
9196 3
9197 3
9198 2
9199 3
9200 3
9202 2
9204 2
9205 3
9206 1
9207 1
9208 3
9209 2
9210 2
9211 2
9212 1
9213 2
9214 1
9215 3
9216 4
9217 2
9218 3
9219 1
9221 2
9222 1
9225 1
9226 2
9227 2
9228 1
9229 2
9230 2
9232 1
9233 2
9234 1
9235 3
9236 1
9237 1
9238 2
9240 1
9241 1
9242 1
9243 1
9244 1
9245 3
9246 1
9247 5
9248 2
9249 5
9250 1
9251 2
9252 1
9253 2
9254 3
9255 2
9256 1
9257 6
9258 2
9260 2
9261 1
9262 1
9265 4
9266 1
9267 2
9268 4
9270 2
9271 4
9272 1
9273 2
9275 1
9276 2
9277 1
9278 2
9279 2
9280 2
9281 3
9282 1
9284 1
9287 3
9288 2
9289 3
9290 1
9291 2
9293 4
9294 2
9295 1
9296 3
9297 3
9298 2
9300 4
9301 5
9302 2
9303 1
9304 2
9305 1
9306 2
9308 2
9309 2
9310 1
9314 1
9316 3
9317 2
9318 3
9319 2
9320 6
9321 1
9322 2
9323 2
9324 3
9325 1
9326 2
9327 1
9328 1
9330 1
9331 2
9332 2
9333 2
9336 3
9337 2
9338 5
9339 2
9340 5
9341 3
9342 4
9343 2
9344 3
9345 4
9346 2
9347 1
9348 1
9349 2
9350 3
9352 2
9353 3
9354 2
9355 2
9356 2
9357 1
9358 2
9359 2
9360 3
9361 2
9362 2
9364 3
9365 2
9366 1
9368 1
9369 2
9372 3
9374 1
9375 1
9376 5
9377 3
9378 2
9379 2
9380 3
9381 2
9382 2
9383 1
9384 2
9385 4
9386 2
9387 1
9388 2
9389 2
9390 3
9391 4
9392 3
9393 3
9394 2
9395 1
9396 3
9397 4
9398 4
9399 4
9401 4
9402 2
9404 1
9405 1
9407 1
9408 1
9409 5
9410 2
9411 1
9412 3
9414 2
9415 2
9416 2
9419 1
9420 1
9421 4
9423 2
9424 2
9425 1
9426 1
9427 1
9428 2
9429 3
9430 1
9431 3
9432 4
9433 2
9434 2
9435 1
9436 3
9437 2
9438 3
9440 2
9441 2
9443 2
9444 1
9445 2
9446 3
9447 1
9448 2
9449 3
9450 2
9451 4
9452 2
9453 3
9454 1
9458 1
9459 2
9461 6
9462 3
9464 3
9467 2
9468 1
9469 3
9470 1
9472 2
9473 5
9475 2
9480 2
9481 5
9482 3
9483 4
9484 4
9485 2
9486 3
9487 4
9489 2
9490 1
9491 2
9492 3
9493 1
9494 2
9495 2
9496 1
9497 3
9500 2
9501 2
9502 2
9503 2
9504 2
9505 6
9506 2
9508 4
9509 1
9510 2
9511 1
9512 1
9513 2
9514 2
9516 2
9517 1
9519 1
9520 4
9521 1
9522 5
9523 1
9524 4
9525 4
9526 1
9527 3
9528 2
9529 2
9530 2
9531 1
9532 4
9533 2
9534 4
9535 2
9536 5
9537 1
9538 2
9539 1
9540 3
9541 2
9542 2
9544 4
9545 1
9546 2
9549 2
9552 4
9553 3
9554 4
9555 3
9556 2
9557 4
9558 3
9559 1
9560 2
9563 2
9564 1
9565 1
9566 4
9567 1
9568 2
9569 3
9571 3
9572 2
9573 1
9574 3
9575 1
9576 5
9577 3
9578 3
9579 2
9580 5
9581 3
9582 1
9583 3
9585 3
9587 1
9588 3
9589 1
9590 3
9591 3
9592 3
9593 5
9594 1
9595 3
9596 3
9598 2
9601 1
9603 3
9604 1
9605 3
9606 1
9607 2
9609 3
9610 2
9611 2
9612 1
9613 3
9614 1
9615 2
9616 1
9617 2
9618 3
9619 1
9620 1
9623 3
9624 3
9625 6
9626 1
9627 4
9628 1
9629 3
9630 2
9631 3
9632 4
9633 3
9634 1
9635 1
9636 2
9637 2
9640 1
9641 1
9642 3
9643 1
9644 1
9645 1
9647 4
9648 4
9649 2
9650 1
9651 1
9652 2
9653 1
9654 3
9655 2
9656 2
9659 1
9662 1
9663 4
9664 3
9665 3
9666 2
9667 4
9668 2
9669 4
9670 1
9671 1
9672 3
9673 3
9674 3
9675 3
9676 4
9677 6
9678 3
9679 2
9680 2
9681 2
9683 1
9684 1
9685 4
9686 3
9688 3
9689 1
9691 2
9692 1
9694 1
9695 1
9696 6
9697 2
9698 3
9699 4
9700 3
9701 2
9702 2
9703 1
9704 1
9706 2
9707 2
9708 3
9711 1
9712 2
9713 4
9714 2
9715 2
9716 4
9717 3
9718 5
9719 4
9720 4
9721 5
9724 3
9725 1
9726 2
9727 1
9728 2
9729 1
9732 1
9733 2
9734 1
9735 2
9736 3
9737 3
9738 5
9739 2
9740 7
9741 2
9742 1
9745 1
9746 1
9748 5
9749 1
9750 1
9751 2
9752 2
9753 2
9755 2
9756 4
9757 3
9758 2
9759 2
9760 5
9761 2
9762 5
9764 1
9765 2
9767 1
9768 4
9769 2
9770 5
9771 2
9772 3
9773 5
9774 3
9775 1
9776 2
9777 1
9778 1
9779 2
9781 1
9782 1
9784 4
9785 1
9786 1
9787 2
9788 1
9789 3
9790 1
9791 1
9792 6
9794 1
9795 2
9796 2
9797 4
9798 1
9799 2
9800 3
9801 2
9803 1
9804 2
9805 1
9806 1
9807 3
9808 3
9809 5
9810 1
9811 5
9812 4
9813 3
9814 3
9815 1
9816 1
9817 3
9819 5
9820 2
9821 3
9822 1
9823 2
9824 1
9825 2
9827 3
9828 3
9829 3
9830 2
9833 1
9834 1
9836 3
9839 1
9840 1
9841 5
9842 1
9843 2
9844 5
9846 1
9847 1
9849 1
9850 2
9852 1
9853 1
9855 1
9856 6
9858 4
9859 2
9860 4
9861 3
9863 5
9864 3
9865 2
9866 5
9867 1
9868 2
9869 2
9870 2
9871 1
9872 2
9875 1
9876 1
9877 3
9878 1
9879 1
9880 6
9881 2
9882 5
9883 2
9884 1
9885 2
9887 1
9888 2
9889 1
9890 2
9891 1
9892 3
9893 2
9896 3
9897 1
9898 1
9899 2
9900 4
9901 3
9902 7
9903 1
9904 3
9905 2
9906 1
9907 2
9908 2
9909 2
9910 2
9911 1
9912 6
9913 2
9914 3
9915 2
9916 3
9917 2
9918 1
9919 2
9920 2
9921 3
9922 1
9923 1
9924 1
9925 1
9926 4
9927 1
9928 2
9929 5
9930 1
9931 2
9932 4
9933 1
9934 4
9935 2
9936 3
9937 2
9938 2
9939 1
9940 3
9941 3
9942 2
9943 3
9944 1
9945 1
9946 2
9948 2
9949 2
9950 3
9951 4
9952 6
9953 2
9954 4
9955 2
9956 6
9958 2
9959 1
9960 2
9961 3
9962 1
9963 1
9964 4
9965 1
9967 2
9968 1
9969 1
9970 1
9971 1
9972 4
9973 4
9974 1
9975 1
9978 5
9979 1
9980 1
9981 1
9983 4
9984 3
9985 3
9986 4
9987 1
9988 2
9989 1
9990 1
9991 2
9992 1
9993 2
9994 2
9995 3
9996 2
9998 3
9999 2
10000 6
10001 4
10003 3
10004 2
10005 4
10006 2
10007 3
10008 7
10009 1
10010 3
10011 3
10012 1
10013 4
10015 1
10016 2
10020 1
10021 2
10022 1
10023 4
10024 3
10025 4
10027 4
10028 1
10029 1
10030 2
10031 1
10032 1
10033 1
10034 1
10035 3
10037 2
10038 1
10039 2
10040 2
10042 2
10043 3
10044 3
10045 5
10046 1
10047 3
10048 1
10049 5
10050 1
10051 2
10052 6
10053 2
10054 1
10055 1
10056 3
10057 4
10059 1
10060 4
10062 2
10063 2
10067 1
10068 2
10069 1
10070 1
10071 3
10072 2
10073 2
10074 1
10075 1
10076 5
10077 1
10078 1
10079 3
10082 2
10083 3
10084 4
10086 1
10087 3
10088 3
10089 3
10090 1
10091 3
10092 4
10093 3
10094 3
10095 4
10096 5
10097 2
10098 3
10099 2
10100 2
10101 3
10103 1
10104 2
10105 1
10106 3
10107 1
10108 4
10109 3
10110 1
10111 1
10112 4
10113 1
10114 4
10115 4
10116 6
10117 3
10118 1
10119 1
10120 2
10121 1
10122 1
10123 2
10124 1
10125 1
10128 7
10130 2
10131 3
10132 1
10133 3
10134 3
10135 2
10136 5
10137 4
10138 3
10139 2
10140 2
10141 1
10142 4
10143 3
10144 1
10145 4
10147 4
10148 4
10149 1
10150 3
10152 3
10153 4
10154 1
10155 2
10156 2
10157 1
10158 2
10159 2
10160 3
10161 1
10163 1
10164 3
10165 2
10166 2
10167 3
10168 2
10169 3
10170 1
10171 3
10172 4
10173 1
10174 1
10175 3
10176 2
10177 3
10179 3
10180 5
10181 1
10182 1
10183 2
10184 1
10185 2
10186 2
10187 3
10188 4
10189 5
10190 2
10191 2
10192 3
10193 2
10194 4
10195 2
10196 2
10197 1
10199 4
10200 1
10201 3
10202 1
10203 1
10204 3
10205 2
10206 1
10207 1
10208 1
10209 1
10210 3
10211 2
10212 4
10213 3
10215 2
10216 3
10217 3
10218 3
10219 4
10220 1
10221 3
10223 2
10224 3
10225 2
10227 3
10228 2
10229 4
10231 3
10232 4
10233 3
10235 3
10236 3
10237 3
10238 4
10239 6
10240 2
10241 3
10242 1
10243 5
10245 3
10247 1
10248 2
10249 1
10250 1
10251 2
10253 2
10254 1
10256 3
10257 2
10258 1
10259 2
10260 2
10261 2
10262 2
10264 4
10265 3
10268 1
10270 2
10271 2
10272 2
10273 3
10274 1
10275 2
10276 3
10277 1
10278 4
10279 3
10280 3
10281 2
10282 1
10283 3
10284 4
10285 2
10286 2
10287 4
10288 4
10289 2
10290 3
10291 1
10292 4
10293 1
10294 3
10295 4
10296 1
10297 4
10298 1
10300 4
10301 1
10302 1
10303 4
10305 2
10306 1
10307 1
10308 3
10309 3
10310 2
10311 3
10312 2
10313 1
10314 4
10315 2
10316 2
10317 3
10318 2
10319 2
10320 3
10321 2
10322 3
10323 2
10324 2
10325 2
10326 1
10327 2
10328 2
10329 1
10330 3
10331 2
10332 6
10333 3
10334 3
10335 1
10336 6
10337 2
10339 2
10340 1
10341 1
10343 2
10344 5
10345 1
10346 2
10347 5
10349 4
10350 2
10351 1
10352 1
10354 3
10355 3
10356 2
10357 1
10358 3
10359 3
10360 2
10361 5
10363 4
10366 3
10367 1
10368 2
10369 3
10370 3
10371 4
10372 2
10373 2
10374 3
10375 5
10376 4
10377 1
10379 4
10380 3
10381 5
10382 1
10383 4
10384 1
10385 2
10386 1
10387 4
10388 3
10389 1
10391 1
10392 2
10393 3
10395 2
10396 1
10397 2
10398 2
10399 5
10400 1
10401 2
10402 2
10403 6
10404 2
10405 4
10406 2
10407 3
10408 1
10410 1
10411 2
10412 1
10413 2
10414 1
10415 5
10417 2
10418 1
10419 4
10420 3
10421 4
10422 2
10423 4
10424 3
10425 6
10426 3
10427 4
10428 5
10429 5
10430 1
10431 3
10432 3
10433 2
10434 1
10435 2
10437 1
10439 2
10440 1
10441 1
10442 1
10443 4
10444 4
10445 3
10446 1
10447 2
10450 1
10451 3
10452 3
10453 3
10454 1
10455 5
10457 2
10458 3
10459 4
10460 1
10462 1
10463 3
10464 5
10465 3
10466 2
10467 4
10468 3
10469 3
10470 2
10471 2
10472 4
10473 2
10474 3
10475 4
10476 3
10477 4
10478 2
10479 1
10480 3
10481 1
10483 2
10484 1
10486 1
10487 1
10488 5
10489 3
10490 2
10491 5
10492 1
10493 2
10494 2
10495 3
10496 2
10497 3
10498 1
10499 3
10500 1
10502 2
10503 3
10504 4
10505 3
10507 3
10508 2
10509 1
10510 2
10511 6
10512 3
10513 3
10514 2
10515 5
10516 5
10517 2
10518 1
10519 3
10521 1
10523 3
10524 3
10525 4
10526 3
10527 2
10528 3
10529 2
10530 3
10531 2
10532 3
10533 1
10534 1
10535 4
10536 2
10537 3
10538 1
10540 5
10541 2
10543 2
10546 2
10547 3
10548 5
10549 2
10551 4
10552 3
10553 1
10554 1
10555 2
10557 4
10559 1
10560 3
10561 2
10562 2
10563 5
10564 1
10565 5
10566 1
10567 5
10568 3
10569 2
10570 2
10571 3
10572 1
10573 3
10574 1
10575 3
10576 3
10577 1
10579 2
10580 1
10581 3
10582 1
10583 2
10584 3
10585 2
10586 1
10587 7
10588 2
10589 1
10590 1
10591 1
10592 3
10593 2
10595 4
10596 2
10597 2
10598 2
10599 3
10600 2
10601 3
10602 1
10603 3
10604 2
10605 2
10606 2
10607 6
10608 3
10609 5
10610 2
10611 3
10612 3
10613 2
10614 2
10615 5
10616 1
10617 2
10619 6
10620 2
10621 3
10623 4
10624 2
10625 2
10631 4
10632 2
10633 6
10634 4
10635 1
10636 5
10637 3
10638 2
10639 6
10641 3
10643 2
10644 1
10645 4
10646 2
10647 3
10648 4
10651 1
10653 5
10654 3
10655 5
10656 4
10657 4
10658 4
10659 6
10660 2
10661 4
10662 1
10663 3
10664 1
10665 1
10666 2
10667 3
10668 3
10669 3
10670 2
10671 2
10672 1
10674 1
10675 3
10676 1
10677 3
10678 2
10679 1
10680 3
10682 1
10683 1
10684 2
10685 3
10686 2
10688 1
10689 2
10690 3
10691 4
10692 4
10693 2
10694 3
10695 2
10696 2
10697 5
10698 1
10699 2
10700 2
10702 2
10703 1
10704 3
10705 2
10706 5
10707 4
10708 5
10709 3
10710 4
10711 5
10712 4
10713 1
10715 4
10716 2
10717 3
10718 1
10719 3
10720 2
10721 3
10722 1
10723 2
10724 1
10726 1
10727 3
10728 2
10729 2
10730 4
10731 3
10732 2
10733 2
10734 2
10735 3
10736 1
10737 2
10738 3
10739 3
10740 1
10741 3
10742 4
10743 3
10744 1
10745 2
10747 2
10748 1
10749 2
10750 3
10751 5
10752 3
10753 2
10754 1
10755 3
10756 5
10757 3
10759 2
10760 1
10761 3
10762 4
10763 4
10764 4
10765 3
10767 5
10769 1
10773 1
10774 1
10775 5
10776 2
10777 3
10778 3
10779 5
10780 2
10781 4
10782 2
10783 3
10785 1
10786 2
10787 2
10789 2
10790 2
10791 5
10792 1
10794 2
10795 3
10796 3
10797 4
10798 2
10799 5
10800 3
10801 4
10802 2
10803 6
10804 3
10805 3
10807 3
10808 2
10811 2
10812 1
10813 3
10814 1
10815 4
10816 1
10817 3
10818 2
10819 8
10820 3
10821 1
10822 1
10823 1
10824 1
10825 2
10827 6
10828 1
10829 1
10830 2
10831 2
10832 1
10833 1
10834 2
10835 7
10836 1
10837 2
10838 3
10839 6
10840 3
10841 5
10842 1
10843 2
10844 4
10845 1
10846 1
10847 5
10848 2
10849 6
10850 4
10851 4
10852 4
10853 2
10854 1
10855 3
10857 2
10858 1
10859 2
10860 3
10861 1
10863 4
10865 2
10866 2
10867 2
10868 3
10869 1
10870 3
10871 7
10872 1
10873 3
10874 3
10875 2
10877 1
10878 2
10879 5
10880 3
10883 3
10884 1
10885 2
10886 3
10887 6
10888 3
10889 2
10890 5
10891 4
10892 4
10893 3
10894 2
10895 1
10896 2
10898 2
10899 3
10900 1
10901 2
10902 2
10903 3
10904 3
10906 3
10907 2
10908 2
10909 3
10910 2
10911 3
10912 3
10913 2
10915 2
10917 1
10918 2
10919 2
10920 4
10921 2
10922 1
10923 8
10924 1
10925 3
10926 4
10927 1
10928 3
10929 1
10930 1
10931 4
10932 3
10933 1
10934 1
10935 4
10937 2
10938 1
10939 4
10940 3
10941 1
10942 4
10943 6
10944 2
10945 6
10946 3
10947 2
10948 2
10949 2
10950 2
10951 3
10952 1
10953 1
10955 3
10956 3
10957 2
10959 3
10960 1
10961 4
10962 3
10963 2
10964 3
10966 1
10967 3
10968 1
10969 3
10970 1
10971 3
10972 3
10973 1
10975 4
10976 1
10977 3
10978 1
10979 4
10980 1
10981 5
10982 1
10983 6
10984 3
10985 3
10987 2
10988 2
10989 3
10990 1
10991 7
10993 4
10994 2
10995 5
10996 2
10997 2
10998 1
10999 5
11000 2
11001 3
11002 1
11003 1
11005 3
11006 2
11007 3
11008 4
11010 2
11011 3
11012 2
11013 4
11014 3
11015 4
11016 4
11017 1
11019 1
11020 2
11021 4
11022 4
11023 2
11024 1
11025 2
11027 3
11028 2
11029 3
11030 6
11031 6
11032 3
11033 3
11034 4
11035 6
11036 2
11037 2
11038 2
11039 2
11040 3
11041 2
11043 5
11044 1
11046 3
11047 2
11048 1
11049 1
11051 6
11052 4
11053 3
11054 5
11055 1
11056 1
11057 3
11059 2
11061 1
11062 3
11063 2
11064 3
11065 4
11066 3
11067 3
11068 2
11069 1
11070 3
11071 2
11072 3
11073 4
11074 4
11075 2
11076 2
11077 2
11078 1
11079 3
11081 1
11082 2
11083 4
11084 4
11085 2
11086 3
11087 6
11088 1
11089 3
11090 2
11091 1
11092 2
11093 1
11094 1
11095 3
11098 2
11099 2
11100 1
11101 1
11102 1
11103 3
11104 4
11105 1
11106 5
11107 3
11108 1
11109 2
11110 2
11111 3
11112 3
11113 3
11114 5
11115 2
11116 1
11117 2
11118 3
11119 2
11120 1
11121 1
11122 4
11123 1
11124 4
11125 3
11126 5
11127 3
11128 5
11129 2
11130 4
11131 4
11132 3
11133 2
11134 1
11135 4
11136 3
11137 4
11138 2
11139 6
11141 1
11142 3
11143 1
11144 1
11145 1
11146 1
11147 2
11148 2
11150 5
11151 2
11152 2
11153 3
11154 2
11155 6
11156 2
11157 3
11158 5
11159 4
11160 1
11161 2
11162 2
11163 2
11165 2
11166 3
11167 3
11170 4
11171 5
11172 3
11173 3
11174 3
11175 3
11176 2
11177 5
11178 3
11179 5
11180 4
11181 3
11182 2
11183 4
11184 2
11185 4
11187 3
11188 1
11189 1
11190 1
11191 2
11193 3
11194 3
11195 9
11196 3
11197 4
11198 1
11199 2
11200 2
11201 2
11202 4
11203 1
11204 1
11205 1
11206 2
11207 6
11209 3
11210 3
11211 4
11212 2
11213 1
11214 2
11215 5
11216 4
11217 4
11218 2
11219 3
11220 1
11221 4
11222 4
11223 3
11224 4
11226 5
11227 3
11228 2
11229 3
11231 4
11232 3
11233 3
11234 2
11235 4
11237 2
11238 2
11239 3
11240 1
11241 1
11242 3
11243 3
11244 1
11245 2
11246 2
11247 4
11248 4
11249 2
11250 3
11251 3
11253 3
11254 4
11255 5
11256 5
11258 4
11259 4
11260 1
11261 1
11262 3
11263 2
11264 4
11265 1
11266 5
11267 6
11268 6
11269 2
11270 3
11271 2
11272 2
11273 1
11274 1
11275 3
11278 6
11279 2
11280 4
11281 2
11283 2
11285 1
11286 3
11287 3
11288 4
11289 3
11290 1
11291 3
11292 3
11293 2
11294 3
11295 3
11297 2
11298 4
11299 3
11300 4
11301 1
11302 2
11303 6
11305 2
11306 2
11307 3
11308 4
11309 2
11310 4
11311 3
11312 2
11314 3
11315 3
11316 1
11317 4
11318 4
11319 5
11320 2
11321 2
11322 5
11323 2
11324 4
11325 1
11326 2
11327 4
11328 1
11329 1
11330 3
11331 2
11332 1
11333 1
11335 1
11336 1
11337 1
11338 4
11339 5
11340 1
11341 6
11343 5
11344 4
11346 2
11347 1
11348 2
11349 3
11350 3
11351 4
11352 5
11353 2
11354 3
11355 1
11357 2
11358 4
11359 5
11360 3
11361 3
11362 3
11363 6
11364 3
11365 3
11366 6
11367 2
11368 2
11369 1
11370 1
11371 6
11373 3
11374 4
11375 3
11376 6
11377 2
11379 2
11381 2
11382 5
11383 1
11384 1
11385 2
11386 2
11387 3
11388 3
11389 2
11390 3
11391 5
11392 1
11393 6
11394 1
11395 2
11396 3
11397 3
11398 2
11399 4
11400 2
11401 4
11402 2
11403 3
11404 2
11405 2
11406 3
11407 2
11408 1
11409 3
11410 4
11411 7
11412 2
11413 5
11414 1
11415 6
11416 1
11417 4
11418 2
11419 2
11420 1
11421 1
11422 3
11423 5
11424 1
11425 1
11426 3
11427 1
11428 4
11429 2
11430 2
11431 2
11432 1
11433 2
11434 4
11435 2
11436 1
11437 4
11438 2
11439 1
11440 4
11442 4
11443 2
11445 4
11446 2
11447 3
11448 4
11449 4
11450 5
11451 2
11452 3
11453 3
11454 3
11455 2
11456 1
11457 1
11458 5
11459 3
11460 4
11461 2
11462 4
11463 1
11464 2
11465 1
11466 4
11467 5
11468 2
11469 2
11470 2
11471 3
11472 4
11473 1
11474 4
11475 3
11478 1
11480 2
11481 2
11482 8
11483 2
11484 4
11485 2
11486 3
11487 3
11488 2
11489 5
11490 3
11491 1
11492 2
11493 2
11494 5
11498 1
11499 2
11501 2
11502 4
11503 3
11504 6
11505 3
11506 4
11507 4
11508 4
11509 1
11510 1
11511 4
11512 1
11513 3
11514 1
11515 2
11518 3
11519 2
11521 2
11522 1
11523 2
11524 2
11525 3
11526 3
11527 2
11528 1
11529 3
11530 3
11531 6
11532 4
11533 4
11534 5
11535 4
11536 2
11537 3
11538 3
11540 1
11541 1
11542 5
11543 5
11544 1
11545 5
11546 5
11547 4
11548 3
11550 1
11551 3
11552 1
11553 5
11554 5
11555 6
11556 4
11557 6
11558 2
11559 5
11560 1
11562 2
11565 2
11567 4
11568 2
11569 1
11570 5
11571 2
11572 2
11573 3
11574 3
11575 6
11576 4
11577 4
11578 5
11579 1
11581 3
11582 2
11583 3
11584 2
11585 2
11586 3
11587 4
11589 1
11590 5
11591 2
11592 4
11593 2
11594 3
11595 5
11596 2
11597 7
11598 6
11599 2
11600 2
11601 2
11602 3
11603 4
11604 2
11605 2
11606 1
11607 2
11608 2
11609 4
11610 3
11611 4
11613 1
11614 4
11615 3
11616 3
11617 3
11618 1
11619 3
11622 1
11625 4
11626 4
11627 5
11628 1
11629 2
11630 5
11631 5
11632 1
11633 2
11634 2
11635 1
11636 4
11637 1
11638 2
11639 5
11640 1
11641 3
11642 2
11643 1
11644 4
11645 1
11646 5
11647 3
11648 1
11649 3
11650 3
11651 2
11652 2
11653 3
11654 3
11655 6
11656 1
11658 2
11660 2
11661 3
11662 2
11663 6
11665 2
11666 4
11667 1
11668 2
11669 5
11670 2
11671 3
11672 1
11673 2
11674 3
11675 4
11676 3
11677 2
11678 3
11679 2
11680 2
11682 3
11683 3
11684 4
11685 3
11686 6
11687 3
11688 4
11689 1
11690 2
11691 2
11693 1
11694 2
11695 2
11697 1
11698 6
11699 3
11700 2
11701 2
11702 2
11703 1
11704 2
11705 1
11706 2
11707 3
11708 1
11709 2
11710 2
11712 4
11713 4
11715 4
11716 1
11717 3
11718 5
11719 2
11720 3
11721 4
11722 1
11723 5
11724 1
11725 2
11726 2
11727 5
11728 1
11729 2
11731 1
11732 3
11733 2
11734 4
11735 5
11736 1
11737 6
11738 3
11739 6
11740 4
11741 3
11742 3
11743 1
11744 1
11745 4
11746 2
11747 4
11748 2
11749 2
11750 1
11751 3
11753 2
11754 2
11755 1
11756 1
11757 3
11758 2
11759 7
11761 3
11762 2
11763 1
11764 3
11765 1
11766 1
11767 2
11768 2
11769 6
11770 3
11771 5
11772 2
11773 6
11774 3
11775 1
11776 4
11777 2
11778 4
11779 5
11780 1
11781 4
11782 1
11783 5
11784 2
11785 3
11786 5
11787 3
11788 2
11789 3
11790 3
11791 8
11792 2
11793 2
11794 4
11795 2
11796 3
11797 3
11798 3
11799 1
11800 1
11802 2
11803 4
11805 3
11806 2
11807 2
11808 2
11809 4
11810 2
11811 5
11812 1
11813 5
11814 1
11815 2
11816 2
11817 4
11818 5
11819 1
11820 4
11821 3
11822 3
11824 1
11825 3
11826 2
11827 2
11828 1
11829 4
11830 5
11831 3
11832 1
11833 2
11834 1
11835 7
11837 1
11839 1
11840 3
11841 5
11842 5
11843 5
11844 3
11846 3
11848 1
11849 2
11850 2
11851 1
11852 1
11854 1
11855 3
11856 1
11857 5
11858 2
11859 2
11860 2
11861 1
11862 4
11863 3
11864 3
11865 6
11866 3
11867 3
11868 3
11869 3
11870 5
11872 1
11873 1
11874 2
11877 2
11878 3
11879 3
11880 4
11881 5
11882 5
11883 2
11884 4
11885 1
11886 3
11887 5
11888 2
11889 2
11890 4
11891 2
11892 3
11893 1
11894 3
11895 1
11896 1
11898 3
11899 1
11901 2
11902 4
11903 3
11904 3
11905 2
11906 5
11907 2
11908 2
11909 5
11910 2
11911 3
11912 1
11913 4
11914 5
11917 4
11918 2
11919 2
11920 2
11921 1
11922 2
11923 5
11924 1
11925 2
11926 3
11927 1
11928 4
11929 3
11930 2
11931 3
11933 6
11934 3
11935 3
11936 1
11937 1
11938 2
11939 3
11940 1
11942 1
11944 1
11945 3
11946 2
11947 4
11948 3
11949 4
11950 6
11951 2
11952 4
11953 6
11954 2
11955 2
11956 2
11957 2
11958 4
11959 1
11960 2
11961 2
11962 5
11963 4
11964 1
11965 4
11966 5
11967 3
11968 2
11969 3
11970 2
11971 4
11972 4
11973 6
11974 4
11975 5
11977 5
11978 3
11979 2
11980 2
11981 1
11982 2
11983 2
11985 7
11986 1
11987 3
11988 1
11989 3
11990 3
11991 4
11992 2
11993 2
11994 2
11995 2
11996 1
11997 1
11998 1
11999 5
12000 2
12001 1
12002 6
12003 1
12004 3
12005 7
12006 3
12007 7
12008 1
12009 3
12010 5
12011 2
12012 2
12013 1
12014 4
12015 2
12016 2
12017 2
12018 3
12019 4
12020 1
12021 4
12022 4
12023 1
12024 5
12025 2
12026 4
12027 1
12028 2
12029 5
12030 3
12031 4
12032 2
12034 3
12035 1
12036 3
12037 3
12038 2
12041 1
12042 1
12043 2
12044 1
12045 3
12046 5
12047 1
12048 2
12049 3
12050 2
12051 5
12052 1
12053 1
12054 2
12055 2
12056 3
12057 2
12058 3
12059 3
12060 2
12061 3
12062 3
12063 2
12064 2
12066 3
12067 2
12068 3
12069 1
12070 6
12072 1
12073 3
12074 4
12075 3
12076 3
12077 1
12078 6
12079 1
12080 2
12081 4
12082 2
12083 4
12084 2
12085 1
12086 2
12087 1
12088 1
12089 5
12090 4
12091 1
12092 2
12093 2
12094 2
12095 4
12096 2
12097 2
12098 4
12099 1
12100 6
12101 2
12102 3
12103 2
12104 3
12105 2
12106 2
12107 2
12108 2
12109 4
12110 3
12111 1
12113 4
12114 4
12115 4
12117 3
12118 2
12119 4
12120 2
12121 1
12122 5
12124 1
12125 1
12126 1
12127 3
12128 2
12129 2
12130 4
12131 1
12132 2
12133 5
12134 1
12135 1
12136 1
12137 3
12138 2
12139 2
12140 1
12141 4
12142 2
12143 3
12144 4
12145 3
12146 3
12147 3
12148 1
12149 6
12150 2
12151 2
12152 4
12153 2
12154 4
12155 3
12156 2
12157 3
12158 1
12159 2
12160 3
12161 3
12162 3
12163 3
12165 3
12166 4
12167 2
12168 3
12169 3
12170 1
12171 4
12172 2
12173 3
12174 3
12177 3
12178 4
12179 3
12180 3
12182 2
12183 1
12184 1
12185 4
12186 3
12187 2
12188 2
12189 5
12190 3
12191 4
12192 2
12193 5
12194 4
12195 1
12196 3
12197 2
12198 3
12199 2
12200 3
12201 6
12202 3
12203 2
12204 4
12205 3
12206 4
12207 2
12208 1
12209 4
12210 4
12211 4
12212 4
12213 2
12214 2
12215 2
12216 4
12217 2
12218 6
12220 1
12221 1
12222 2
12223 2
12224 1
12225 2
12226 3
12227 2
12229 2
12230 1
12231 2
12232 5
12233 3
12234 2
12235 1
12236 3
12237 3
12238 7
12239 1
12240 5
12241 3
12242 3
12243 1
12244 2
12245 5
12246 2
12249 3
12250 5
12252 2
12253 3
12254 1
12255 2
12256 3
12257 2
12258 3
12259 4
12260 4
12261 2
12262 5
12263 3
12264 6
12265 1
12266 2
12267 1
12268 1
12269 3
12270 3
12271 1
12272 2
12274 4
12276 3
12277 1
12278 1
12279 1
12280 2
12281 3
12282 4
12283 2
12284 5
12285 5
12286 6
12287 1
12288 4
12289 2
12290 4
12291 1
12292 2
12293 1
12294 5
12296 3
12297 1
12298 3
12299 3
12300 3
12301 5
12302 5
12303 1
12304 1
12305 2
12306 2
12307 2
12308 3
12309 4
12310 5
12311 3
12312 3
12313 2
12314 4
12315 1
12316 2
12318 2
12320 1
12321 5
12322 4
12323 4
12324 4
12325 2
12326 4
12327 1
12328 2
12329 3
12330 3
12331 1
12332 3
12333 3
12334 4
12335 3
12336 1
12337 4
12338 3
12340 2
12341 4
12342 3
12343 5
12344 1
12345 4
12346 4
12347 2
12348 4
12349 2
12350 1
12351 2
12352 1
12353 4
12354 4
12357 3
12358 1
12359 2
12360 3
12361 1
12362 2
12364 2
12365 6
12366 4
12367 5
12368 4
12369 1
12370 3
12371 1
12372 3
12373 4
12374 2
12376 3
12377 1
12378 3
12379 1
12380 3
12381 4
12382 9
12383 2
12384 2
12385 1
12386 2
12387 3
12388 3
12389 3
12390 4
12391 1
12392 4
12393 4
12394 4
12395 2
12396 4
12397 3
12398 3
12400 1
12401 2
12402 2
12403 2
12404 2
12405 4
12406 6
12407 2
12409 2
12410 2
12411 1
12412 2
12414 2
12417 4
12418 3
12419 2
12420 5
12422 4
12423 1
12424 2
12425 3
12426 3
12427 2
12428 4
12429 2
12430 4
12431 3
12432 3
12433 2
12434 5
12436 4
12437 2
12438 4
12439 3
12440 2
12441 2
12442 5
12443 1
12444 5
12445 3
12446 3
12449 2
12450 5
12451 1
12452 3
12453 4
12454 2
12455 2
12456 3
12458 2
12460 3
12461 2
12462 1
12464 5
12465 4
12466 5
12467 2
12468 1
12469 2
12470 3
12471 1
12472 5
12473 2
12474 2
12475 3
12476 3
12477 2
12478 3
12479 1
12480 4
12481 2
12482 3
12483 1
12484 2
12485 2
12486 3
12487 1
12488 3
12489 3
12490 7
12491 2
12492 3
12493 2
12494 5
12495 2
12496 7
12497 2
12498 4
12499 2
12500 1
12501 2
12502 4
12503 2
12504 2
12505 4
12506 1
12507 1
12508 2
12509 2
12510 5
12511 2
12512 1
12513 3
12514 3
12515 2
12516 4
12517 1
12518 5
12519 1
12520 3
12521 1
12522 3
12523 2
12524 5
12525 6
12526 3
12527 2
12528 3
12529 2
12530 2
12531 1
12532 4
12533 1
12534 4
12535 3
12536 2
12537 4
12538 3
12539 1
12540 2
12541 1
12542 3
12543 1
12545 2
12546 5
12547 4
12548 3
12549 4
12550 1
12551 2
12552 1
12553 2
12554 4
12557 2
12559 2
12560 1
12561 6
12562 3
12563 3
12564 3
12565 2
12566 3
12567 2
12568 6
12569 5
12570 1
12571 2
12572 3
12573 2
12574 4
12575 1
12576 3
12577 3
12578 3
12580 2
12581 3
12582 2
12583 2
12584 1
12585 3
12586 5
12587 3
12588 2
12590 2
12591 1
12592 3
12593 2
12594 3
12595 1
12596 1
12597 2
12598 5
12599 1
12600 3
12601 1
12602 1
12604 2
12605 1
12606 2
12607 2
12608 4
12609 2
12610 4
12611 2
12612 3
12613 4
12614 5
12615 2
12616 2
12617 2
12618 2
12619 3
12620 3
12621 5
12622 5
12624 6
12625 1
12626 3
12628 1
12630 4
12632 5
12633 4
12634 4
12635 2
12636 6
12637 2
12638 6
12639 1
12640 3
12641 1
12642 1
12643 1
12644 3
12645 1
12646 5
12647 1
12648 1
12650 1
12651 1
12652 3
12653 2
12654 5
12655 1
12656 3
12657 4
12658 2
12659 1
12660 6
12661 3
12662 3
12664 3
12665 3
12666 3
12668 2
12669 3
12670 2
12671 1
12672 1
12673 1
12674 3
12675 2
12676 8
12677 5
12678 2
12679 3
12680 2
12681 1
12682 3
12683 1
12684 4
12685 4
12686 3
12687 2
12688 3
12689 3
12690 3
12692 1
12693 1
12694 1
12696 4
12697 1
12698 3
12699 1
12700 1
12701 4
12702 1
12703 1
12704 5
12705 2
12706 6
12707 1
12708 3
12709 5
12710 4
12712 4
12713 1
12714 4
12715 2
12716 4
12717 3
12718 7
12719 1
12720 3
12721 1
12722 2
12723 1
12724 1
12725 3
12726 3
12727 2
12728 5
12729 5
12730 2
12731 1
12732 3
12733 1
12734 4
12736 2
12737 3
12738 1
12739 2
12740 4
12741 3
12742 7
12743 1
12744 3
12745 2
12746 1
12747 2
12748 4
12749 2
12750 2
12751 2
12752 2
12753 2
12754 2
12755 2
12756 4
12757 4
12758 5
12759 2
12760 1
12761 4
12762 2
12763 3
12764 3
12765 3
12766 3
12767 1
12768 3
12769 2
12770 3
12772 1
12773 1
12774 3
12776 1
12777 1
12778 2
12779 1
12780 5
12781 4
12782 3
12783 3
12784 2
12785 3
12786 3
12787 1
12788 4
12789 2
12792 3
12794 3
12795 1
12796 3
12797 5
12798 2
12799 1
12800 5
12801 1
12802 5
12803 2
12804 2
12805 2
12806 2
12807 2
12808 4
12809 2
12810 3
12811 2
12812 2
12813 3
12814 4
12816 5
12817 1
12818 5
12819 2
12820 2
12821 3
12822 1
12824 3
12825 2
12826 5
12827 2
12828 1
12829 1
12830 2
12832 3
12833 2
12834 2
12835 2
12836 1
12837 1
12838 4
12840 5
12841 3
12842 2
12844 1
12845 2
12846 4
12847 2
12848 6
12850 4
12851 1
12852 5
12853 1
12854 2
12855 2
12856 6
12857 3
12858 4
12859 1
12860 4
12861 1
12862 5
12864 3
12865 4
12866 2
12867 1
12868 2
12869 3
12870 8
12871 3
12872 2
12873 4
12876 2
12877 1
12878 2
12879 1
12880 2
12881 2
12882 4
12884 4
12885 2
12886 2
12887 4
12888 2
12889 2
12890 4
12891 2
12892 4
12893 3
12894 1
12895 3
12896 2
12897 4
12898 2
12899 2
12900 4
12901 3
12902 1
12903 2
12904 4
12905 3
12906 2
12907 1
12908 4
12909 3
12910 4
12911 3
12912 4
12913 2
12914 5
12916 2
12917 2
12918 2
12919 2
12920 3
12921 3
12922 5
12923 5
12924 1
12925 3
12927 1
12928 3
12929 3
12930 3
12931 2
12933 2
12934 3
12936 3
12938 2
12939 2
12940 2
12941 4
12942 3
12943 5
12944 5
12945 4
12946 3
12947 2
12948 2
12949 2
12950 2
12951 2
12952 3
12953 3
12954 1
12955 2
12956 3
12957 1
12958 2
12960 4
12961 2
12962 2
12963 3
12964 2
12965 1
12966 4
12967 3
12968 3
12969 5
12970 3
12972 1
12973 1
12974 2
12975 2
12976 1
12977 3
12978 2
12979 1
12980 1
12981 3
12982 2
12983 5
12984 3
12985 3
12986 2
12987 2
12988 4
12989 4
12990 5
12991 1
12992 5
12993 2
12994 3
12995 1
12996 6
12997 3
12998 2
12999 3
13000 1
13001 3
13002 3
13003 1
13004 2
13005 2
13006 1
13007 3
13008 2
13009 1
13010 1
13012 6
13013 4
13014 5
13015 2
13016 3
13018 2
13019 2
13020 2
13021 3
13022 1
13023 1
13024 2
13026 2
13027 4
13028 4
13029 4
13030 2
13031 3
13032 3
13033 1
13034 2
13035 2
13036 5
13037 4
13038 2
13039 2
13040 3
13041 5
13042 5
13044 3
13045 1
13046 1
13048 3
13049 1
13050 5
13051 4
13052 7
13053 5
13054 3
13055 1
13056 4
13057 1
13058 3
13060 2
13061 4
13062 3
13063 1
13064 6
13065 1
13066 4
13067 1
13068 3
13070 1
13071 1
13072 4
13073 2
13074 4
13075 2
13076 1
13077 2
13078 3
13079 3
13080 2
13081 4
13083 3
13084 5
13085 4
13086 5
13087 1
13088 3
13089 4
13090 2
13091 2
13092 4
13093 3
13094 3
13095 2
13096 2
13097 4
13098 2
13099 1
13100 3
13101 1
13102 1
13103 4
13104 3
13105 5
13106 1
13107 2
13108 4
13109 2
13110 3
13111 1
13112 1
13113 2
13114 1
13115 1
13116 4
13117 2
13119 2
13120 2
13121 4
13122 2
13123 1
13124 5
13125 5
13126 1
13127 3
13128 2
13129 2
13130 2
13131 1
13132 4
13133 3
13134 4
13135 4
13136 3
13137 4
13138 4
13139 2
13140 2
13143 2
13144 3
13145 4
13146 3
13147 3
13148 1
13149 8
13152 1
13154 1
13155 2
13156 3
13157 8
13158 2
13159 1
13160 5
13161 1
13162 4
13163 3
13164 1
13167 1
13168 3
13169 3
13171 3
13172 2
13173 2
13174 4
13175 1
13176 5
13177 5
13178 2
13179 6
13180 4
13181 3
13182 2
13183 3
13184 4
13185 2
13186 3
13187 1
13188 4
13189 1
13190 2
13192 3
13193 3
13194 3
13196 3
13198 4
13199 1
13200 5
13201 6
13202 2
13203 1
13204 1
13205 1
13206 2
13207 2
13208 3
13209 3
13210 2
13212 3
13215 2
13216 5
13217 4
13218 3
13220 4
13221 3
13222 1
13223 5
13224 1
13225 2
13226 1
13228 6
13229 2
13230 2
13231 4
13232 4
13233 6
13234 2
13235 2
13236 2
13237 1
13238 2
13239 2
13240 3
13241 2
13242 4
13244 2
13245 4
13246 2
13247 4
13248 4
13250 3
13251 1
13252 3
13253 4
13254 1
13255 1
13256 3
13257 4
13258 2
13259 2
13260 1
13261 2
13262 3
13263 2
13264 2
13265 3
13266 2
13267 2
13268 5
13269 1
13270 5
13271 1
13272 4
13273 2
13274 2
13275 3
13276 3
13277 3
13278 1
13279 3
13280 4
13281 3
13282 1
13283 1
13284 2
13285 4
13286 3
13287 2
13288 4
13289 4
13290 3
13291 3
13292 1
13293 1
13294 2
13296 1
13297 2
13299 2
13300 3
13301 3
13302 2
13303 1
13304 1
13305 3
13306 2
13307 1
13308 2
13309 1
13310 2
13311 3
13312 1
13313 1
13314 1
13315 4
13316 2
13317 4
13318 3
13319 4
13320 4
13321 3
13322 1
13323 2
13324 5
13325 3
13326 2
13327 2
13328 4
13329 5
13330 2
13331 3
13332 3
13333 1
13335 1
13337 2
13338 3
13339 3
13340 2
13341 4
13342 3
13343 6
13344 3
13345 2
13346 1
13348 3
13349 2
13350 3
13351 3
13353 2
13358 1
13359 4
13360 3
13361 5
13362 1
13363 4
13364 4
13365 5
13366 2
13367 2
13368 2
13369 1
13370 4
13371 3
13372 4
13373 5
13375 3
13376 2
13377 1
13378 3
13380 3
13381 3
13382 2
13383 2
13384 3
13386 1
13387 1
13388 5
13389 4
13390 4
13392 2
13393 1
13394 3
13395 3
13396 2
13397 4
13399 1
13400 3
13401 1
13402 4
13403 4
13404 4
13405 2
13407 1
13408 3
13409 2
13410 3
13411 3
13412 5
13413 4
13414 4
13415 1
13416 4
13417 3
13419 2
13420 2
13421 1
13422 4
13424 4
13425 3
13427 4
13428 3
13429 1
13430 1
13431 1
13432 5
13433 4
13434 3
13435 1
13436 4
13437 1
13438 2
13439 2
13440 1
13441 2
13442 1
13443 2
13444 7
13445 1
13446 3
13447 3
13448 2
13449 4
13451 1
13452 3
13454 2
13455 4
13456 2
13457 2
13458 1
13459 3
13460 5
13461 5
13462 2
13464 2
13465 1
13466 5
13467 3
13468 4
13469 4
13470 1
13471 4
13472 4
13473 3
13474 2
13475 1
13476 1
13477 1
13479 1
13480 3
13481 2
13482 2
13483 2
13484 3
13485 4
13486 2
13488 3
13490 1
13491 1
13492 1
13493 2
13494 1
13495 1
13496 6
13497 1
13498 2
13499 1
13501 2
13502 1
13503 3
13504 4
13505 3
13506 1
13507 4
13508 2
13509 3
13510 4
13511 2
13512 5
13513 4
13515 3
13517 2
13518 2
13519 1
13520 5
13521 2
13522 1
13523 3
13524 2
13525 3
13526 1
13528 1
13529 1
13530 2
13531 1
13532 6
13534 2
13535 2
13536 2
13537 3
13539 3
13540 3
13541 1
13542 1
13543 3
13544 3
13545 4
13546 1
13547 1
13548 2
13549 1
13550 1
13551 2
13552 6
13553 2
13554 4
13555 3
13556 4
13557 1
13558 1
13559 3
13560 2
13561 2
13562 2
13563 2
13564 4
13565 2
13566 2
13567 2
13568 1
13569 5
13570 1
13572 1
13573 1
13574 2
13575 5
13576 5
13577 6
13578 5
13580 2
13581 1
13582 1
13583 2
13584 4
13588 2
13589 3
13590 1
13591 1
13592 4
13593 2
13594 3
13595 1
13596 2
13597 4
13598 3
13599 3
13600 2
13601 1
13602 4
13603 3
13604 7
13605 2
13606 2
13607 1
13608 6
13609 1
13610 2
13611 3
13612 1
13613 3
13614 3
13615 1
13616 4
13617 2
13618 2
13620 1
13621 3
13622 2
13624 2
13625 2
13626 3
13627 1
13628 6
13629 1
13630 4
13631 1
13632 2
13633 2
13635 1
13636 4
13637 1
13638 4
13639 1
13640 5
13641 2
13642 1
13643 2
13644 1
13645 2
13646 1
13647 3
13648 6
13649 1
13650 3
13651 3
13652 3
13653 4
13654 3
13655 3
13656 2
13657 3
13659 1
13660 5
13661 1
13662 4
13663 1
13664 3
13665 4
13666 2
13667 2
13668 2
13669 1
13670 1
13671 2
13672 1
13673 1
13674 3
13675 2
13676 3
13677 5
13678 1
13679 3
13680 2
13681 2
13682 3
13683 1
13684 2
13685 1
13686 3
13687 2
13688 1
13689 1
13690 2
13691 1
13692 4
13693 1
13694 2
13696 3
13697 2
13698 3
13699 3
13700 4
13701 3
13703 3
13704 2
13705 1
13706 3
13707 2
13708 1
13709 2
13711 2
13712 2
13714 1
13716 2
13717 2
13718 1
13719 3
13720 2
13721 3
13722 1
13723 3
13724 1
13725 3
13726 2
13727 1
13729 1
13731 2
13733 1
13734 2
13735 2
13736 5
13737 1
13738 3
13739 5
13740 2
13741 5
13743 3
13744 4
13745 2
13746 3
13747 4
13748 5
13749 2
13750 1
13751 1
13752 2
13753 2
13755 3
13756 2
13757 1
13758 5
13759 2
13760 2
13761 1
13762 1
13763 4
13764 5
13765 3
13766 1
13768 3
13770 3
13771 1
13772 2
13775 2
13777 1
13778 1
13779 2
13780 5
13781 1
13782 3
13783 3
13785 5
13786 1
13787 1
13788 5
13789 1
13790 3
13791 3
13792 3
13793 3
13794 3
13795 3
13796 2
13797 3
13799 1
13800 1
13801 1
13802 2
13804 7
13805 1
13806 2
13807 3
13808 4
13809 3
13810 2
13811 1
13812 3
13813 1
13814 2
13815 2
13816 2
13817 2
13818 3
13819 4
13820 2
13821 2
13822 2
13823 2
13824 4
13825 1
13826 1
13827 1
13828 1
13829 1
13830 2
13831 2
13832 5
13833 1
13834 4
13835 4
13836 3
13837 4
13838 1
13839 1
13840 3
13841 1
13842 4
13843 3
13844 3
13845 1
13846 2
13847 3
13848 4
13849 3
13851 1
13852 1
13853 1
13854 1
13855 1
13856 5
13857 2
13858 1
13859 3
13860 3
13861 3
13862 4
13863 2
13864 5
13865 2
13866 1
13867 3
13868 1
13871 3
13872 2
13873 2
13875 2
13876 6
13878 1
13879 2
13880 2
13881 3
13882 1
13883 2
13884 3
13885 1
13886 5
13887 4
13888 5
13889 3
13890 3
13891 2
13892 1
13893 1
13894 1
13895 3
13897 2
13898 1
13900 4
13901 1
13903 1
13904 1
13905 3
13906 1
13907 1
13908 3
13911 1
13912 4
13913 2
13914 3
13915 1
13916 2
13917 1
13919 2
13920 2
13921 1
13923 2
13924 2
13925 4
13927 6
13928 1
13929 2
13930 2
13931 2
13932 2
13933 2
13935 5
13936 1
13937 2
13938 2
13939 3
13940 4
13941 2
13943 2
13944 4
13945 2
13946 2
13947 1
13948 1
13949 1
13950 1
13951 1
13952 4
13954 1
13955 2
13956 2
13957 3
13958 2
13959 2
13960 3
13961 2
13963 1
13964 2
13965 1
13966 4
13967 2
13968 3
13969 3
13970 2
13971 2
13972 4
13974 3
13975 2
13976 3
13977 2
13979 5
13980 2
13981 2
13982 1
13983 1
13984 6
13985 2
13986 2
13987 2
13988 1
13989 2
13990 3
13991 3
13992 1
13993 3
13994 1
13995 2
13996 4
13997 2
13998 4
13999 2
14000 1
14001 1
14002 2
14003 2
14004 2
14006 2
14007 1
14008 4
14009 2
14010 1
14012 3
14013 3
14014 1
14015 1
14016 1
14017 1
14018 3
14019 2
14020 3
14022 3
14023 2
14024 2
14025 1
14026 3
14027 2
14028 5
14029 2
14030 2
14031 2
14032 2
14033 1
14034 2
14035 3
14036 3
14037 3
14039 2
14040 1
14041 2
14042 3
14043 2
14045 2
14046 2
14047 1
14048 3
14049 1
14050 1
14051 3
14052 2
14053 2
14054 1
14055 2
14056 3
14057 4
14058 2
14059 2
14060 1
14062 3
14063 1
14064 1
14065 1
14066 3
14067 4
14068 4
14069 4
14070 1
14071 3
14072 1
14073 3
14074 2
14075 6
14076 2
14077 3
14078 1
14079 2
14080 4
14081 3
14082 2
14083 3
14084 2
14085 1
14086 1
14087 2
14088 1
14089 1
14091 2
14092 2
14093 2
14094 2
14095 4
14097 3
14098 3
14099 5
14100 2
14101 3
14102 2
14103 1
14104 1
14105 1
14106 2
14107 3
14109 2
14110 2
14111 2
14114 1
14115 3
14116 4
14117 2
14118 1
14119 2
14120 3
14121 5
14122 2
14123 3
14124 2
14126 2
14127 3
14128 1
14129 2
14130 1
14131 3
14132 1
14134 1
14135 1
14137 1
14139 3
14140 5
14141 4
14142 1
14143 1
14145 3
14146 1
14147 2
14149 1
14150 1
14151 5
14153 2
14154 2
14155 3
14156 3
14157 1
14158 2
14159 4
14160 1
14161 2
14162 2
14163 3
14164 3
14165 3
14166 2
14167 3
14168 2
14169 2
14170 2
14171 5
14172 1
14173 4
14175 2
14176 3
14177 1
14178 3
14179 4
14180 3
14181 1
14182 1
14183 3
14184 2
14185 1
14186 1
14187 2
14188 1
14189 1
14190 1
14191 1
14192 3
14193 2
14194 1
14195 3
14198 3
14199 3
14200 6
14201 2
14202 1
14203 3
14204 1
14205 1
14206 2
14207 1
14208 1
14209 1
14210 2
14211 4
14212 3
14213 2
14214 3
14215 1
14216 2
14217 3
14218 1
14219 2
14222 4
14223 4
14224 4
14225 2
14226 1
14227 1
14228 3
14229 1
14230 1
14231 2
14232 1
14233 2
14234 1
14235 2
14236 5
14237 2
14238 2
14239 5
14241 1
14242 1
14243 2
14245 1
14247 3
14248 1
14249 1
14250 2
14251 1
14252 2
14253 4
14255 3
14256 1
14257 1
14258 2
14259 4
14260 2
14261 3
14262 3
14263 7
14264 2
14265 1
14266 1
14267 3
14268 1
14269 3
14271 2
14272 1
14273 1
14274 1
14275 2
14276 1
14277 2
14278 1
14279 4
14280 3
14281 2
14283 3
14284 1
14285 2
14286 1
14287 2
14288 3
14289 2
14291 5
14293 2
14294 1
14295 4
14296 3
14297 1
14299 3
14300 2
14301 2
14302 2
14303 3
14305 2
14306 1
14307 4
14308 3
14309 2
14310 2
14311 3
14312 2
14313 1
14315 4
14317 3
14319 2
14320 3
14321 4
14322 1
14326 1
14327 2
14329 2
14330 2
14331 2
14332 5
14333 1
14334 1
14335 3
14336 2
14337 1
14339 1
14340 1
14341 3
14342 2
14343 2
14344 4
14345 2
14346 1
14347 3
14349 3
14350 1
14351 3
14353 3
14354 2
14355 5
14356 3
14357 1
14358 2
14359 3
14360 3
14361 2
14363 2
14364 2
14365 3
14366 2
14367 4
14368 2
14370 1
14371 2
14372 2
14373 3
14375 1
14378 1
14379 3
14380 2
14381 2
14382 2
14384 3
14385 1
14386 1
14387 4
14388 1
14389 4
14391 2
14392 2
14393 1
14394 4
14395 2
14396 2
14397 3
14399 3
14400 1
14402 2
14403 5
14404 4
14405 2
14406 2
14407 2
14408 2
14409 2
14410 1
14411 4
14412 1
14413 3
14414 1
14416 2
14417 2
14418 3
14419 2
14420 1
14421 1
14422 1
14423 3
14425 1
14426 1
14427 2
14428 2
14429 2
14430 1
14431 1
14432 1
14433 2
14435 1
14437 2
14438 3
14439 2
14440 2
14442 1
14443 4
14444 1
14445 1
14447 1
14448 1
14449 3
14450 2
14451 3
14452 3
14454 2
14455 3
14456 1
14457 2
14459 3
14460 1
14461 2
14462 1
14463 4
14465 1
14467 2
14468 1
14469 2
14471 2
14472 2
14473 2
14474 2
14475 3
14476 3
14477 1
14478 1
14479 2
14481 2
14482 1
14483 2
14485 1
14487 4
14489 3
14490 2
14491 4
14492 3
14493 4
14495 5
14496 1
14497 3
14498 1
14499 3
14500 1
14501 4
14502 1
14503 5
14504 1
14507 3
14509 1
14511 4
14512 2
14513 3
14514 1
14515 5
14516 1
14517 3
14518 1
14519 2
14520 1
14521 2
14522 2
14523 4
14525 2
14526 2
14527 1
14528 1
14531 4
14533 2
14534 3
14535 2
14536 3
14537 1
14538 1
14539 3
14540 1
14541 3
14542 2
14543 3
14544 1
14545 4
14546 2
14547 3
14548 2
14550 1
14551 1
14553 2
14555 2
14556 2
14558 1
14559 3
14560 2
14561 1
14562 1
14563 1
14565 2
14567 3
14569 2
14570 1
14571 3
14572 1
14573 2
14574 1
14575 7
14576 1
14577 2
14578 1
14579 1
14580 1
14581 1
14582 2
14583 5
14584 1
14585 1
14586 3
14587 1
14588 2
14589 4
14590 1
14591 5
14592 1
14593 2
14594 2
14595 1
14596 1
14597 2
14598 3
14599 7
14600 2
14601 1
14603 1
14604 1
14605 1
14607 2
14608 1
14609 1
14611 3
14613 3
14614 3
14615 4
14616 2
14618 2
14619 2
14620 1
14621 2
14622 1
14623 2
14627 2
14628 1
14629 1
14630 1
14631 5
14632 1
14633 1
14634 1
14635 3
14637 2
14638 2
14639 4
14640 1
14641 2
14642 2
14643 4
14644 1
14645 3
14651 2
14652 1
14653 2
14654 3
14655 4
14656 3
14657 3
14658 1
14659 1
14663 2
14664 1
14665 1
14666 1
14667 3
14668 1
14671 3
14673 3
14675 2
14676 1
14677 2
14678 2
14679 2
14681 3
14682 2
14683 6
14684 2
14685 1
14686 1
14687 5
14689 2
14690 1
14691 2
14692 2
14693 1
14695 4
14696 2
14697 3
14699 1
14701 1
14703 2
14704 1
14705 1
14706 1
14707 4
14708 2
14709 3
14710 1
14711 3
14712 1
14713 1
14714 1
14715 3
14716 2
14717 4
14718 1
14719 4
14721 1
14722 2
14723 3
14724 1
14725 2
14726 2
14727 5
14728 2
14729 1
14730 2
14731 2
14733 2
14735 3
14736 2
14737 1
14739 5
14740 1
14741 4
14742 2
14743 1
14746 1
14747 4
14748 1
14749 2
14750 2
14752 1
14753 2
14754 1
14755 2
14756 2
14758 2
14759 2
14760 2
14761 3
14762 2
14763 2
14764 3
14765 2
14766 1
14767 1
14769 3
14770 1
14771 3
14773 2
14774 2
14775 3
14776 1
14777 2
14778 2
14779 4
14780 4
14782 2
14783 2
14785 3
14786 2
14787 3
14788 2
14789 1
14790 1
14791 2
14793 1
14794 1
14795 2
14798 1
14799 1
14800 3
14802 3
14804 2
14805 1
14807 1
14808 1
14809 1
14810 2
14811 1
14812 2
14813 2
14814 2
14815 3
14817 2
14818 2
14819 1
14820 2
14822 2
14823 3
14824 3
14825 4
14826 3
14827 3
14829 1
14831 4
14832 2
14833 1
14834 1
14835 3
14836 1
14837 3
14838 2
14839 2
14841 1
14843 2
14846 1
14847 5
14848 1
14849 4
14850 1
14851 1
14852 1
14853 1
14854 2
14855 2
14857 1
14858 2
14859 2
14861 2
14862 2
14863 1
14864 2
14865 1
14867 3
14868 1
14869 3
14870 2
14871 3
14872 2
14873 2
14875 1
14876 2
14877 2
14878 2
14879 1
14881 1
14883 5
14886 1
14887 2
14888 2
14889 2
14890 1
14891 4
14892 1
14893 3
14894 1
14896 2
14897 2
14898 3
14899 1
14900 1
14901 1
14902 1
14903 2
14905 1
14906 1
14907 4
14908 2
14909 1
14910 2
14911 3
14912 1
14913 3
14914 1
14915 2
14917 2
14918 3
14919 4
14920 2
14921 4
14922 3
14923 2
14925 1
14927 3
14928 1
14929 2
14930 1
14931 3
14932 2
14933 1
14934 1
14935 5
14936 1
14940 1
14941 2
14942 1
14943 5
14944 2
14945 1
14946 3
14949 1
14950 3
14951 3
14952 1
14954 3
14955 3
14956 1
14957 1
14958 1
14959 1
14960 3
14961 1
14962 2
14963 3
14964 1
14965 4
14966 2
14967 3
14968 2
14969 2
14970 1
14971 1
14973 2
14974 4
14975 2
14976 3
14979 2
14981 1
14984 1
14985 1
14986 1
14987 2
14989 1
14990 3
14991 4
14992 1
14993 2
14994 1
14995 2
14996 1
14998 1
14999 1
15001 1
15002 1
15003 2
15004 3
15006 6
15007 1
15008 1
15009 1
15011 2
15012 1
15014 4
15015 3
15016 2
15017 2
15018 2
15019 4
15020 2
15023 1
15025 1
15026 2
15027 1
15028 2
15030 1
15031 1
15033 2
15034 3
15035 3
15036 2
15037 1
15039 2
15040 1
15042 1
15043 3
15045 2
15046 1
15047 2
15048 2
15049 2
15050 2
15051 3
15053 1
15054 1
15055 1
15056 1
15057 2
15058 5
15059 3
15060 1
15062 1
15063 4
15064 1
15065 1
15067 2
15069 3
15070 1
15071 1
15072 3
15073 2
15074 1
15075 2
15077 2
15078 1
15082 2
15083 1
15084 1
15085 1
15086 2
15087 3
15088 1
15091 1
15092 2
15093 1
15094 1
15095 1
15097 3
15098 2
15099 3
15100 1
15101 1
15102 2
15103 1
15104 1
15105 3
15106 1
15107 3
15109 2
15110 2
15111 2
15112 1
15114 3
15115 3
15116 3
15118 1
15119 1
15121 1
15122 2
15123 2
15124 3
15125 1
15127 2
15129 1
15130 3
15131 1
15132 1
15134 3
15135 1
15136 3
15137 1
15138 2
15139 2
15141 2
15142 1
15143 2
15144 1
15145 3
15146 3
15147 2
15148 2
15150 2
15151 2
15153 1
15154 3
15155 1
15156 4
15157 1
15158 2
15159 2
15160 1
15161 1
15162 2
15163 2
15165 2
15166 1
15167 2
15168 1
15170 2
15174 1
15175 1
15176 2
15177 3
15178 4
15179 1
15180 3
15181 1
15182 1
15183 1
15184 1
15185 1
15186 2
15187 1
15188 1
15189 1
15190 2
15194 2
15195 3
15197 1
15198 1
15199 2
15200 4
15201 3
15202 3
15203 1
15205 3
15206 2
15207 4
15208 2
15209 1
15210 2
15211 1
15214 1
15218 2
15219 2
15220 2
15222 1
15223 1
15224 2
15227 1
15228 2
15229 2
15230 5
15232 2
15233 1
15234 2
15235 1
15237 1
15238 3
15239 1
15240 2
15241 1
15242 1
15243 1
15244 2
15245 2
15246 2
15247 2
15249 2
15250 1
15251 1
15252 4
15253 3
15254 3
15255 2
15257 2
15258 2
15259 3
15263 1
15266 2
15267 2
15268 1
15269 2
15270 1
15271 2
15272 1
15273 2
15274 2
15277 2
15278 2
15279 4
15281 1
15282 2
15283 1
15284 1
15285 2
15286 1
15288 1
15289 1
15290 3
15291 1
15292 1
15293 2
15294 1
15295 1
15296 2
15298 2
15301 3
15302 1
15303 3
15304 1
15305 1
15306 2
15307 1
15308 1
15309 2
15310 2
15311 1
15312 2
15313 1
15315 1
15316 1
15317 2
15318 3
15320 1
15321 1
15322 1
15323 1
15324 1
15325 1
15326 4
15327 2
15328 1
15329 2
15331 2
15332 1
15334 1
15335 1
15336 1
15337 3
15338 2
15339 2
15340 2
15341 2
15342 5
15343 1
15345 2
15348 1
15349 2
15350 2
15351 3
15353 1
15355 1
15359 1
15360 1
15361 1
15362 2
15364 2
15365 1
15366 2
15367 2
15370 3
15372 2
15374 3
15375 1
15378 2
15379 1
15380 2
15381 2
15382 3
15384 2
15385 1
15386 1
15387 2
15388 1
15389 2
15391 3
15393 1
15394 4
15396 3
15397 1
15399 2
15401 2
15403 1
15406 1
15408 1
15409 4
15410 2
15411 5
15413 2
15414 1
15415 1
15416 1
15417 1
15421 1
15422 1
15423 2
15424 1
15425 1
15426 2
15430 1
15432 2
15433 4
15434 5
15435 5
15436 1
15437 2
15438 2
15439 2
15440 2
15443 1
15444 1
15445 1
15446 2
15447 1
15449 2
15450 2
15451 1
15452 1
15454 1
15455 1
15457 1
15459 2
15460 1
15461 2
15463 3
15465 2
15466 2
15467 2
15468 3
15469 1
15470 2
15471 2
15473 3
15474 2
15475 1
15478 2
15479 3
15481 1
15482 2
15483 1
15485 1
15486 1
15487 3
15489 1
15490 2
15491 1
15492 3
15493 2
15497 2
15498 1
15502 2
15504 1
15505 1
15506 1
15507 3
15509 1
15510 1
15511 1
15512 2
15514 2
15516 2
15517 3
15518 1
15519 2
15520 1
15521 2
15522 3
15525 1
15526 1
15528 1
15529 1
15531 4
15533 2
15534 1
15535 1
15536 1
15537 1
15538 3
15539 2
15540 1
15541 1
15542 2
15543 2
15544 1
15545 1
15546 1
15550 1
15551 2
15553 1
15554 1
15555 2
15556 1
15558 1
15559 1
15560 1
15561 1
15563 1
15564 1
15566 2
15568 1
15569 1
15570 1
15571 1
15574 3
15575 1
15576 3
15577 2
15578 2
15579 1
15580 1
15581 1
15582 3
15583 2
15587 1
15588 1
15590 2
15592 1
15593 1
15594 1
15595 1
15596 1
15597 1
15598 3
15599 1
15600 2
15601 2
15603 1
15605 3
15607 1
15609 1
15610 3
15613 2
15614 1
15615 4
15616 1
15618 1
15620 3
15621 3
15622 2
15624 1
15625 1
15627 2
15629 4
15630 1
15631 1
15632 1
15634 2
15635 1
15639 2
15642 1
15644 1
15645 1
15646 1
15647 1
15648 2
15649 1
15650 2
15651 1
15652 1
15653 1
15654 3
15656 1
15657 1
15658 1
15659 3
15661 3
15662 2
15665 2
15667 2
15669 1
15670 2
15671 2
15672 2
15673 3
15674 1
15675 1
15677 2
15678 3
15679 1
15681 2
15683 3
15686 2
15687 1
15688 1
15689 1
15690 1
15691 1
15692 1
15693 2
15694 2
15695 1
15697 2
15698 1
15699 1
15700 2
15701 2
15702 2
15703 1
15705 1
15706 2
15708 1
15710 1
15711 1
15712 1
15713 3
15714 2
15716 1
15717 1
15718 3
15720 1
15721 1
15722 1
15723 1
15724 2
15725 2
15726 1
15727 1
15729 1
15730 2
15732 1
15733 2
15737 2
15741 2
15742 2
15743 2
15744 1
15745 1
15746 1
15747 1
15752 2
15753 1
15754 2
15755 2
15757 3
15758 1
15760 1
15761 1
15762 3
15763 1
15765 2
15766 1
15769 2
15770 2
15771 2
15774 1
15776 1
15777 1
15779 1
15782 1
15784 1
15785 2
15786 2
15787 1
15789 1
15790 1
15792 1
15794 2
15795 1
15796 2
15800 1
15801 3
15802 3
15804 1
15806 1
15807 1
15809 3
15810 1
15811 1
15813 1
15814 3
15815 1
15816 1
15821 2
15824 1
15825 3
15826 4
15828 1
15829 1
15831 1
15832 1
15833 1
15834 1
15835 1
15837 2
15838 1
15839 1
15841 3
15842 1
15843 2
15845 1
15848 2
15850 3
15852 1
15853 3
15854 2
15855 2
15856 2
15857 1
15858 1
15859 2
15861 2
15862 1
15863 1
15864 1
15865 3
15866 2
15867 2
15868 1
15869 1
15870 1
15873 1
15874 2
15877 1
15879 1
15881 1
15883 2
15884 1
15885 2
15886 1
15887 1
15888 1
15889 1
15890 1
15891 2
15892 1
15893 2
15894 2
15896 1
15897 2
15898 1
15902 1
15903 1
15904 1
15905 1
15906 1
15907 2
15908 1
15910 2
15911 1
15912 1
15914 3
15917 1
15921 1
15922 1
15925 1
15926 2
15927 1
15928 2
15929 1
15931 1
15932 2
15933 1
15934 5
15936 2
15937 2
15938 2
15940 1
15941 1
15942 1
15944 1
15945 1
15946 3
15948 1
15949 1
15950 1
15951 2
15952 1
15955 1
15956 3
15957 2
15958 4
15959 1
15960 1
15961 1
15962 1
15963 1
15966 1
15968 1
15970 2
15972 1
15973 1
15975 2
15976 1
15979 1
15980 1
15981 1
15984 1
15986 3
15987 1
15992 1
15994 1
15996 2
15997 4
15998 2
15999 1
16001 1
16002 1
16005 1
16006 2
16008 2
16010 2
16011 2
16012 1
16018 1
16019 1
16020 1
16022 2
16025 2
16028 2
16029 2
16030 3
16033 3
16034 1
16035 2
16036 3
16039 1
16040 1
16041 1
16042 2
16044 2
16046 1
16047 1
16048 1
16049 2
16050 1
16052 1
16053 2
16054 2
16055 1
16057 1
16058 2
16059 1
16060 1
16063 1
16064 1
16066 2
16068 2
16069 3
16070 1
16071 1
16072 1
16074 1
16076 1
16077 1
16078 2
16080 1
16082 1
16083 1
16085 1
16087 1
16088 2
16090 2
16091 1
16093 3
16094 2
16095 1
16098 1
16100 1
16101 1
16102 1
16105 2
16106 1
16107 2
16112 1
16113 1
16114 1
16115 1
16116 1
16118 3
16120 1
16121 1
16122 1
16124 1
16126 2
16128 2
16129 1
16130 3
16132 1
16135 1
16136 2
16137 2
16138 3
16140 2
16141 1
16142 1
16144 1
16146 2
16148 2
16150 1
16152 2
16154 1
16157 1
16160 1
16161 1
16162 3
16163 1
16165 2
16167 1
16172 2
16174 1
16176 2
16177 3
16178 3
16179 1
16184 1
16186 3
16188 1
16189 2
16190 2
16191 1
16193 1
16198 1
16201 3
16202 2
16203 1
16206 1
16210 1
16212 1
16213 2
16214 1
16215 1
16216 1
16218 1
16220 2
16221 1
16222 2
16224 2
16225 1
16229 2
16230 3
16233 1
16234 1
16235 2
16236 1
16237 1
16238 1
16242 1
16244 3
16245 1
16246 2
16249 1
16253 1
16254 1
16256 1
16257 1
16258 1
16259 1
16260 1
16261 1
16262 1
16263 1
16265 1
16266 1
16268 2
16269 1
16270 3
16273 2
16274 2
16276 1
16280 1
16282 1
16284 2
16285 1
16286 3
16287 2
16288 1
16289 1
16290 1
16294 2
16297 1
16298 1
16302 1
16306 1
16307 1
16308 1
16309 3
16311 2
16312 1
16316 2
16317 1
16318 1
16320 2
16322 1
16326 2
16328 1
16330 1
16331 1
16332 3
16333 2
16334 2
16338 1
16342 1
16346 1
16348 2
16349 1
16350 1
16352 2
16354 1
16356 2
16357 1
16358 2
16361 1
16362 1
16364 2
16366 2
16368 1
16369 2
16370 1
16371 1
16372 3
16373 1
16374 1
16376 1
16377 1
16378 1
16380 1
16382 2
16383 1
16384 1
16385 1
16386 1
16388 2
16390 1
16391 1
16392 1
16394 1
16396 1
16400 1
16402 1
16404 1
16405 2
16406 1
16408 1
16410 2
16412 1
16413 1
16414 1
16415 1
16416 3
16417 1
16418 1
16422 1
16424 2
16428 2
16429 1
16430 2
16434 1
16438 1
16439 1
16440 2
16444 1
16445 1
16446 1
16448 1
16449 1
16450 1
16453 1
16454 1
16455 1
16456 1
16457 1
16460 1
16464 2
16466 1
16468 2
16470 3
16472 1
16473 1
16476 1
16478 1
16480 2
16482 1
16485 1
16488 2
16489 1
16490 2
16492 2
16494 1
16496 2
16500 1
16508 1
16509 1
16510 1
16511 1
16512 3
16513 2
16514 3
16516 1
16520 1
16522 2
16523 1
16524 1
16528 1
16534 1
16536 1
16538 2
16540 1
16542 1
16544 2
16546 2
16548 2
16549 1
16550 1
16552 3
16553 2
16558 2
16563 1
16564 1
16565 1
16566 3
16568 1
16572 2
16576 1
16577 1
16580 1
16581 1
16582 1
16583 1
16586 1
16588 1
16590 1
16592 1
16593 1
16595 1
16596 3
16597 1
16598 2
16599 1
16600 1
16604 2
16605 1
16606 1
16607 1
16608 1
16610 3
16612 1
16616 1
16617 1
16618 2
16619 1
16620 1
16621 2
16622 2
16624 1
16630 2
16634 1
16635 1
16638 1
16640 1
16642 1
16644 1
16645 1
16646 1
16648 1
16650 1
16652 1
16656 1
16659 1
16661 1
16662 2
16666 1
16671 1
16672 1
16674 1
16677 1
16679 1
16680 1
16682 1
16684 1
16686 1
16688 2
16689 2
16690 1
16692 1
16693 1
16694 2
16695 1
16700 1
16702 1
16703 1
16704 2
16706 1
16708 3
16709 1
16710 1
16712 1
16714 1
16718 2
16724 2
16725 1
16726 2
16727 1
16729 1
16732 1
16733 1
16738 2
16740 2
16744 1
16746 2
16748 2
16749 1
16750 1
16752 1
16753 1
16754 1
16757 1
16760 2
16762 2
16767 1
16768 1
16769 1
16770 1
16776 2
16777 1
16778 1
16779 1
16780 1
16781 1
16782 1
16784 2
16785 1
16786 1
16787 1
16789 1
16790 1
16791 1
16792 3
16793 1
16797 1
16799 1
16800 2
16801 1
16802 1
16803 1
16804 2
16805 1
16806 1
16808 1
16809 1
16811 1
16812 1
16816 1
16820 2
16821 1
16822 1
16825 1
16826 1
16831 2
16832 3
16833 2
16834 1
16836 1
16842 1
16844 1
16845 1
16848 1
16850 1
16856 2
16858 1
16863 1
16864 1
16865 1
16868 1
16869 1
16873 1
16875 1
16880 1
16883 1
16884 1
16885 1
16888 2
16889 1
16890 1
16892 1
16893 1
16900 1
16903 1
16904 2
16905 2
16908 1
16911 1
16912 1
16913 1
16914 1
16916 1
16920 2
16921 1
16924 1
16927 1
16928 1
16929 3
16932 1
16934 1
16935 1
16938 1
16939 1
16940 2
16941 1
16942 1
16943 1
16944 2
16953 2
16957 1
16962 1
16963 1
16964 2
16966 1
16971 1
16972 2
16973 2
16975 1
16976 1
16980 1
16981 2
16984 1
16985 1
16986 2
16987 1
16991 1
16993 1
16996 2
17000 1
17001 1
17005 1
17007 1
17011 2
17012 1
17013 3
17015 1
17016 1
17017 1
17019 1
17020 1
17024 1
17025 2
17027 1
17035 2
17036 2
17037 3
17038 1
17039 1
17040 1
17042 1
17046 1
17047 1
17049 1
17054 1
17058 1
17059 1
17063 1
17064 1
17065 1
17066 1
17071 1
17076 2
17081 1
17084 1
17085 1
17087 1
17089 1
17091 1
17097 1
17099 1
17101 1
17104 1
17107 1
17108 1
17109 2
17110 1
17112 1
17114 1
17115 2
17118 1
17121 1
17123 2
17124 1
17125 1
17128 2
17136 1
17137 1
17138 1
17142 1
17143 1
17145 2
17147 1
17153 1
17155 1
17157 1
17161 1
17166 1
17167 2
17169 2
17172 1
17174 1
17177 1
17179 1
17180 1
17181 1
17182 1
17184 1
17186 1
17195 1
17197 2
17199 1
17200 1
17205 1
17206 1
17207 1
17208 2
17209 1
17217 1
17219 2
17221 1
17223 1
17231 1
17232 1
17233 1
17236 1
17239 1
17241 2
17244 1
17246 1
17251 2
17253 1
17256 1
17260 1
17265 3
17268 1
17270 1
17280 2
17289 1
17290 1
17291 1
17293 1
17295 1
17301 1
17303 1
17304 2
17308 1
17309 1
17314 1
17316 1
17317 1
17323 1
17325 1
17328 1
17332 1
17336 1
17339 1
17341 1
17344 1
17347 2
17348 1
17349 3
17355 1
17356 1
17358 1
17361 1
17363 1
17368 1
17373 3
17386 1
17388 2
17395 1
17397 1
17399 1
17401 1
17412 2
17413 1
17416 1
17417 1
17427 1
17431 1
17433 1
17435 1
17440 2
17444 1
17445 2
17447 1
17451 1
17455 1
17456 1
17457 1
17464 2
17466 1
17467 1
17469 1
17470 1
17481 1
17484 1
17486 1
17487 1
17489 1
17491 1
17496 1
17500 1
17505 1
17513 1
17516 1
17519 1
17524 1
17527 1
17528 1
17529 1
17534 1
17535 1
17536 1
17538 2
17540 1
17543 2
17548 1
17552 2
17558 1
17559 2
17560 1
17562 1
17575 1
17577 1
17582 1
17583 1
17587 1
17589 1
17599 1
17601 1
17608 1
17610 1
17620 1
17623 1
17627 1
17628 1
17631 1
17634 1
17642 1
17651 1
17656 1
17659 1
17660 1
17661 1
17666 1
17667 1
17671 1
17680 1
17683 1
17685 1
17690 1
17691 1
17700 1
17704 1
17709 1
17714 1
17718 1
17719 1
17721 1
17723 1
17724 1
17725 1
17731 2
17732 1
17733 1
17738 1
17742 1
17756 1
17762 1
17763 1
17767 1
17768 1
17769 1
17781 1
17783 1
17791 2
17793 2
17803 2
17805 1
17808 1
17814 1
17815 1
17817 1
17827 2
17832 2
17833 1
17841 1
17855 1
17863 2
17865 1
17868 1
17876 1
17879 1
17888 1
17890 1
17899 1
17901 1
17904 1
17905 1
17910 1
17911 2
17913 1
17915 1
17923 1
17925 1
17929 1
17935 2
17937 1
17948 1
17959 1
17962 1
17963 1
17964 1
17972 1
17987 2
17995 1
17997 1
18003 1
18007 1
18011 1
18017 1
18018 1
18019 1
18032 1
18036 1
18043 2
18059 1
18060 1
18067 1
18070 1
18075 1
18084 1
18090 1
18091 1
18095 1
18099 1
18114 1
18115 1
18119 1
18125 1
18139 1
18142 1
18143 1
18144 1
18145 1
18151 1
18155 1
18166 1
18168 1
18183 1
18189 1
18191 1
18197 1
18203 1
18207 1
18221 1
18223 1
18240 1
18247 1
18251 1
18253 1
18261 1
18265 1
18279 1
18285 1
18287 1
18311 1
18323 1
18325 1
18339 1
18347 1
18349 1
18369 1
18379 1
18380 1
18383 1
18393 1
18395 1
18407 1
18415 1
18423 1
18435 1
18437 1
18447 1
18452 1
18465 1
18467 1
18476 1
18487 1
18491 1
18495 1
18519 2
18523 1
18543 2
18545 1
18559 1
18560 1
18565 1
18566 1
18575 1
18579 1
18583 1
18584 1
18595 1
18603 1
18615 1
18617 2
18619 1
18627 1
18631 1
18637 1
18638 1
18639 1
18641 1
18656 1
18661 1
18662 1
18666 1
18687 1
18689 1
18699 1
18702 1
18713 1
18739 1
18745 1
18746 1
18759 1
18769 1
18770 1
18783 1
18797 1
18798 1
18800 1
18810 1
18811 1
18812 1
18821 1
18835 1
18841 1
18842 1
18870 1
18872 1
18882 1
18893 1
18894 1
18896 1
18906 1
18911 1
18920 1
18942 1
18978 1
18980 1
18992 1
18994 1
19002 1
19004 1
19014 1
19016 1
19038 1
19043 1
19066 1
19074 1
19076 1
19090 1
19122 2
19146 1
19174 1
19198 1
19213 1
19218 1
19230 1
19270 1
19302 1
19321 1
19326 1
19335 1
19393 1
19417 1
19458 1
19566 1
19590 1
19638 1
19662 1
19698 1
19745 1
19770 1
19794 1
20122 1
20292 1
20400 1
20414 1
20472 1
20496 1
20669 1
20777 1
20849 1
20873 1
End
