NMec = 97746
T = 18
P = 4
Profits not ignored
Valid tasks:                                                            27157
Solution time = 5.935e-04
Task data
    4  10   833 0
    4  15  1190 1
    5  22  2273 -1
    6  27  2217 -1
    8  15  1430 2
    8  17  1833 3
    8  20  1665 -1
    9  28  1939 -1
   10  33  3080 -1
   12  21  1292 0
   13  22   889 -1
   15  19   548 -1
   16  40  3532 1
   18  33  3536 2
   18  42  2554 3
   20  29   784 -1
   22  38  3999 0
   22  40  1273 -1
Best profit: 20199
All profits:
0 1
548 1
784 1
833 1
889 1
1190 1
1273 1
1292 1
1332 1
1381 1
1430 1
1437 1
1617 1
1665 1
1673 1
1722 1
1738 1
1821 1
1833 1
1840 1
1939 1
1974 1
1978 1
2023 1
2057 1
2076 1
2079 1
2106 1
2125 1
2162 1
2165 1
2181 1
2213 1
2214 1
2217 1
2221 1
2263 1
2270 1
2273 1
2319 1
2381 1
2449 1
2463 1
2482 1
2487 1
2498 1
2506 1
2522 1
2554 2
2565 1
2571 1
2605 1
2617 1
2620 1
2624 1
2627 1
2654 1
2666 1
2673 1
2703 1
2710 1
2722 2
2723 1
2729 1
2762 1
2765 1
2772 1
2807 1
2811 1
2821 1
2828 1
2855 1
2863 1
2867 1
2890 1
2909 1
2912 1
2938 1
2946 1
2957 1
2965 1
2995 1
2997 1
3001 1
3011 1
3014 1
3023 1
3030 1
3046 1
3047 1
3050 1
3054 1
3057 1
3080 1
3095 1
3102 2
3103 1
3106 3
3113 1
3125 1
3129 1
3152 1
3162 1
3165 1
3168 1
3212 1
3214 1
3231 1
3247 1
3251 1
3263 1
3266 1
3270 2
3271 1
3282 1
3296 1
3315 1
3320 1
3338 2
3349 1
3352 1
3355 1
3369 1
3371 1
3376 1
3387 2
3398 1
3403 1
3404 1
3407 1
3411 1
3438 1
3443 1
3450 1
3453 1
3454 1
3457 1
3460 1
3463 1
3486 1
3487 1
3490 1
3494 1
3498 1
3505 1
3506 2
3509 2
3513 1
3532 1
3536 2
3543 1
3546 1
3549 1
3555 2
3556 1
3562 1
3565 1
3571 1
3592 1
3595 1
3598 1
3604 1
3605 1
3611 1
3612 1
3628 1
3639 1
3643 1
3647 1
3651 1
3654 3
3661 1
3673 1
3677 1
3688 1
3696 1
3700 1
3703 1
3710 1
3722 1
3741 1
3744 2
3755 1
3760 1
3771 1
3772 1
3779 2
3790 1
3795 1
3798 1
3807 1
3811 1
3814 1
3827 2
3830 1
3834 1
3844 1
3846 2
3856 1
3863 1
3864 1
3879 1
3882 1
3886 2
3890 3
3893 1
3897 1
3900 1
3909 1
3912 2
3913 2
3917 1
3919 1
3928 1
3935 2
3936 1
3938 1
3939 2
3946 2
3952 1
3955 1
3958 1
3962 1
3969 1
3984 2
3991 1
3995 3
3996 1
3998 1
3999 1
4001 1
4002 1
4011 1
4014 1
4015 1
4018 1
4035 1
4038 1
4045 1
4046 1
4047 1
4050 1
4054 2
4057 2
4064 1
4080 2
4084 2
4094 1
4096 1
4099 1
4101 1
4103 2
4104 1
4106 1
4113 1
4120 1
4128 1
4136 1
4140 1
4147 1
4152 2
4153 1
4155 1
4156 1
4159 1
4160 1
4171 2
4182 1
4185 1
4187 1
4191 1
4195 1
4202 1
4204 1
4209 1
4212 1
4219 1
4227 1
4230 1
4236 1
4237 1
4238 1
4240 1
4244 1
4247 1
4251 1
4258 1
4270 2
4274 1
4276 1
4282 1
4285 1
4287 1
4289 1
4292 2
4293 2
4296 3
4303 1
4315 1
4316 1
4319 1
4320 3
4323 1
4327 1
4330 1
4331 1
4338 1
4339 2
4342 2
4346 1
4349 1
4352 1
4353 1
4355 1
4365 1
4368 1
4369 1
4372 1
4375 2
4376 1
4379 2
4382 1
4387 3
4388 1
4394 2
4395 1
4398 3
4402 1
4404 1
4412 1
4421 2
4425 2
4427 1
4430 1
4431 1
4435 1
4437 1
4438 3
4441 1
4444 1
4445 1
4453 1
4454 1
4457 1
4460 2
4461 2
4472 1
4476 1
4480 1
4484 1
4486 1
4487 3
4490 1
4493 2
4494 1
4504 1
4506 1
4510 2
4517 1
4528 2
4532 2
4536 3
4539 1
4543 3
4544 1
4547 1
4555 2
4556 1
4559 1
4562 1
4563 1
4566 1
4574 1
4577 2
4588 1
4592 1
4593 1
4595 1
4598 1
4605 1
4611 2
4612 1
4628 1
4630 2
4633 1
4640 1
4642 1
4644 2
4647 1
4649 1
4654 1
4660 2
4661 2
4666 1
4668 1
4676 1
4677 1
4679 2
4680 1
4684 1
4688 1
4695 1
4696 2
4697 1
4699 1
4700 1
4701 1
4703 1
4704 1
4712 1
4715 1
4716 1
4719 2
4722 2
4723 2
4726 2
4730 1
4733 1
4735 1
4736 1
4739 1
4742 1
4745 3
4746 1
4750 1
4752 1
4753 1
4755 1
4760 1
4767 1
4768 2
4771 4
4775 1
4778 1
4779 3
4782 2
4783 1
4785 1
4786 1
4788 1
4790 1
4794 1
4795 1
4798 1
4801 1
4802 2
4805 1
4806 1
4809 1
4817 2
4818 1
4822 1
4824 2
4827 2
4828 3
4829 1
4830 1
4832 1
4833 1
4834 1
4835 1
4837 1
4838 1
4841 2
4844 3
4847 1
4848 1
4851 1
4863 1
4864 1
4868 2
4871 1
4873 1
4877 1
4878 1
4879 1
4880 1
4883 1
4884 1
4885 1
4887 2
4888 1
4890 3
4893 1
4896 1
4897 1
4900 1
4901 1
4904 1
4912 1
4913 2
4916 1
4917 1
4920 2
4924 1
4927 2
4928 1
4931 1
4934 1
4935 3
4936 2
4939 3
4940 1
4943 1
4946 3
4950 1
4953 1
4961 1
4962 2
4966 1
4969 3
4973 2
4976 1
4979 1
4980 1
4983 1
4985 2
4986 1
4988 1
4989 1
4992 1
4993 1
4995 2
4996 1
5001 1
5002 1
5003 1
5014 1
5017 2
5019 1
5020 1
5024 1
5028 1
5034 1
5035 1
5036 2
5038 1
5041 2
5042 1
5045 3
5052 2
5054 1
5058 1
5060 1
5063 1
5064 1
5069 1
5071 1
5072 1
5076 2
5080 3
5084 3
5087 1
5091 1
5099 1
5101 1
5103 3
5104 1
5107 2
5108 1
5115 1
5118 1
5119 2
5122 1
5125 2
5126 2
5128 1
5129 2
5136 2
5137 1
5140 1
5148 1
5149 1
5152 1
5153 2
5155 1
5156 1
5159 3
5163 2
5171 3
5174 3
5178 2
5181 1
5182 3
5185 3
5186 2
5188 1
5189 1
5190 1
5192 1
5197 1
5201 2
5202 1
5204 1
5205 3
5208 2
5209 4
5211 1
5212 1
5214 1
5219 1
5220 3
5221 1
5225 1
5227 2
5228 2
5230 1
5231 2
5235 1
5236 1
5237 1
5238 1
5240 1
5242 1
5244 2
5245 1
5247 1
5254 2
5257 2
5258 1
5260 1
5261 1
5263 1
5264 2
5268 1
5270 2
5271 2
5272 1
5274 3
5276 3
5277 2
5283 1
5284 1
5286 1
5287 2
5288 1
5290 1
5291 2
5293 3
5294 2
5296 1
5297 1
5301 1
5303 1
5310 1
5312 1
5316 2
5319 4
5320 3
5323 2
5326 2
5327 3
5330 2
5331 1
5337 1
5338 1
5339 1
5342 3
5343 2
5346 2
5350 2
5353 2
5357 1
5361 2
5365 3
5368 1
5369 3
5372 2
5375 2
5376 4
5377 1
5379 2
5380 1
5382 2
5385 1
5386 1
5388 1
5389 1
5392 1
5393 1
5395 1
5396 1
5398 1
5399 2
5402 1
5409 1
5417 1
5420 1
5421 1
5425 3
5426 1
5428 2
5429 2
5431 1
5432 1
5433 1
5436 1
5437 1
5438 1
5441 1
5444 4
5445 2
5448 2
5452 1
5460 1
5461 1
5463 2
5464 1
5466 1
5468 1
5471 1
5472 1
5475 2
5476 1
5477 1
5479 1
5480 1
5482 1
5483 1
5484 1
5485 1
5487 3
5488 1
5492 1
5494 2
5499 1
5500 1
5501 1
5504 1
5506 1
5509 1
5510 4
5511 1
5513 1
5514 1
5517 1
5519 1
5520 1
5521 1
5524 1
5528 1
5529 3
5531 1
5532 1
5533 1
5534 1
5536 2
5537 1
5539 1
5543 3
5544 1
5549 1
5550 1
5551 1
5555 5
5558 1
5559 1
5562 2
5565 2
5566 2
5567 1
5568 1
5569 2
5572 1
5574 1
5577 3
5578 2
5582 1
5584 1
5585 1
5586 2
5588 3
5589 1
5590 1
5593 4
5600 1
5601 2
5602 1
5604 3
5608 2
5611 4
5612 4
5615 3
5616 1
5617 1
5619 1
5620 1
5621 1
5622 1
5623 1
5625 1
5627 1
5628 3
5631 1
5634 3
5635 1
5638 1
5639 1
5642 2
5644 1
5645 1
5647 1
5649 2
5651 1
5655 1
5656 1
5657 2
5660 6
5661 2
5663 1
5664 1
5666 1
5667 3
5668 1
5670 1
5671 2
5672 1
5674 2
5676 1
5677 3
5679 2
5680 2
5683 2
5684 1
5685 1
5694 2
5696 1
5697 2
5698 1
5700 2
5701 1
5703 1
5704 2
5706 1
5707 1
5710 1
5711 2
5712 1
5713 1
5715 1
5716 1
5717 2
5718 1
5719 3
5721 1
5722 2
5723 3
5726 3
5727 1
5729 1
5730 3
5733 3
5734 2
5737 2
5745 3
5746 3
5749 3
5750 2
5753 5
5757 2
5759 1
5760 2
5761 1
5763 1
5764 1
5766 2
5767 1
5768 3
5769 2
5771 1
5772 2
5773 1
5776 1
5778 1
5779 4
5782 2
5783 2
5785 3
5786 1
5788 1
5790 1
5795 2
5799 1
5801 2
5802 4
5803 1
5805 3
5806 1
5809 4
5812 1
5816 1
5817 2
5818 1
5820 3
5821 1
5822 1
5824 2
5825 2
5828 4
5829 3
5832 2
5834 1
5835 2
5836 2
5839 2
5842 1
5844 1
5845 1
5847 1
5848 1
5850 2
5851 3
5852 1
5855 1
5856 1
5860 1
5865 1
5867 1
5868 3
5869 2
5871 2
5874 2
5875 1
5877 1
5878 2
5884 1
5885 2
5887 2
5890 1
5891 2
5892 1
5894 1
5897 1
5901 1
5902 1
5903 2
5905 1
5906 1
5908 1
5909 2
5912 1
5913 3
5916 1
5917 3
5920 2
5923 2
5924 1
5925 1
5927 2
5930 1
5932 1
5934 3
5935 1
5936 1
5937 1
5938 1
5939 1
5940 1
5941 2
5943 1
5946 1
5947 1
5950 1
5952 2
5953 1
5957 1
5958 3
5961 4
5965 1
5968 1
5969 3
5970 1
5972 1
5973 3
5974 1
5976 1
5977 2
5980 1
5981 1
5985 3
5986 1
5988 2
5989 2
5992 3
5993 2
5995 2
5996 2
5999 1
6004 3
6007 3
6008 1
6011 2
6012 1
6014 3
6015 2
6017 2
6018 4
6019 2
6020 1
6022 1
6023 2
6024 1
6025 1
6026 1
6028 2
6030 1
6031 1
6033 1
6034 1
6035 1
6037 2
6038 2
6040 1
6041 2
6042 3
6044 3
6045 2
6047 1
6048 1
6052 3
6054 1
6056 1
6058 2
6059 1
6060 3
6061 1
6063 5
6067 2
6068 1
6069 1
6070 1
6071 2
6073 1
6074 1
6075 3
6077 3
6078 1
6079 1
6080 2
6081 1
6084 1
6086 3
6087 1
6090 4
6091 2
6094 2
6096 1
6097 2
6100 2
6101 1
6103 6
6105 1
6106 1
6107 3
6109 3
6110 4
6114 2
6116 1
6117 2
6118 1
6119 2
6120 1
6121 1
6122 1
6124 2
6125 1
6126 4
6127 1
6129 3
6130 2
6134 2
6136 2
6137 2
6141 1
6143 1
6145 1
6146 1
6149 3
6152 5
6153 3
6155 1
6156 3
6158 1
6159 3
6160 3
6161 1
6163 5
6164 1
6165 1
6166 2
6169 2
6170 1
6171 1
6172 1
6173 1
6175 4
6176 1
6177 1
6179 2
6180 1
6182 3
6183 2
6185 2
6186 5
6190 2
6193 2
6197 1
6198 1
6201 4
6202 1
6204 1
6205 3
6208 6
6209 5
6212 5
6213 2
6215 2
6216 2
6218 1
6219 2
6220 2
6221 1
6224 1
6225 1
6226 1
6227 1
6228 3
6231 3
6232 3
6235 4
6239 1
6242 4
6245 1
6246 1
6248 1
6250 1
6252 1
6253 1
6254 4
6255 1
6257 2
6258 4
6259 2
6260 1
6261 2
6262 2
6263 1
6264 2
6265 2
6266 1
6268 2
6269 2
6270 1
6271 3
6272 1
6274 2
6275 1
6276 1
6277 2
6278 2
6281 2
6285 1
6287 1
6288 1
6291 1
6292 1
6293 1
6294 3
6295 1
6297 2
6298 2
6301 2
6304 1
6305 1
6307 1
6308 2
6309 3
6311 2
6312 1
6313 1
6314 2
6315 1
6316 1
6317 1
6318 3
6319 1
6320 3
6321 1
6323 1
6325 1
6326 3
6327 3
6330 1
6331 1
6333 2
6334 1
6337 3
6339 1
6342 1
6343 4
6344 1
6345 1
6346 1
6347 1
6349 2
6350 2
6351 1
6352 1
6353 3
6357 3
6360 1
6361 3
6362 1
6364 3
6365 1
6366 1
6368 1
6369 3
6370 1
6372 3
6374 1
6376 4
6377 3
6380 2
6381 1
6383 1
6384 1
6387 1
6388 3
6391 2
6392 1
6393 1
6395 3
6396 1
6398 2
6399 4
6400 2
6401 1
6402 1
6403 1
6404 1
6407 1
6409 1
6410 3
6411 1
6413 1
6415 1
6417 1
6418 3
6419 1
6420 1
6421 2
6422 1
6423 1
6425 2
6426 4
6428 1
6429 2
6432 1
6433 2
6435 1
6436 1
6440 1
6441 1
6444 7
6445 2
6447 3
6448 2
6449 1
6450 1
6451 3
6453 1
6454 2
6455 2
6456 1
6458 1
6460 1
6461 2
6462 1
6463 2
6464 1
6466 2
6467 4
6468 1
6470 1
6471 1
6473 1
6474 1
6475 3
6477 2
6478 3
6480 1
6481 1
6482 5
6483 1
6484 1
6486 1
6487 2
6489 2
6490 1
6491 1
6492 1
6493 5
6494 2
6497 2
6499 1
6500 3
6501 2
6502 1
6503 1
6504 1
6505 1
6506 2
6509 3
6510 3
6511 1
6512 2
6513 3
6516 2
6517 3
6518 1
6520 1
6521 1
6523 1
6527 2
6529 2
6530 1
6531 2
6532 1
6533 4
6534 2
6536 1
6537 4
6538 1
6540 1
6543 3
6544 1
6545 1
6546 1
6547 2
6548 1
6549 4
6550 3
6552 3
6553 2
6555 4
6556 3
6558 1
6559 3
6560 1
6562 2
6563 2
6564 1
6565 1
6566 6
6567 2
6568 1
6569 3
6570 2
6572 2
6574 1
6576 1
6578 3
6579 2
6582 2
6583 3
6585 2
6586 5
6588 1
6589 5
6590 1
6592 3
6593 5
6596 1
6599 2
6600 2
6601 2
6604 5
6605 1
6608 2
6611 4
6612 5
6615 5
6616 4
6618 3
6619 4
6621 1
6623 3
6626 2
6627 2
6628 1
6629 1
6631 1
6634 4
6635 5
6636 1
6638 8
6639 1
6641 1
6642 5
6644 1
6645 2
6648 2
6649 2
6650 2
6651 2
6652 1
6653 3
6654 1
6655 3
6657 3
6658 3
6660 3
6661 5
6662 2
6665 3
6667 1
6668 2
6669 1
6670 1
6671 2
6672 3
6674 2
6675 2
6677 1
6678 2
6681 1
6682 1
6684 4
6685 1
6688 1
6689 1
6690 1
6691 1
6692 1
6693 1
6694 3
6697 1
6698 2
6700 2
6701 4
6702 1
6703 1
6704 3
6706 2
6707 2
6709 2
6710 4
6711 2
6713 1
6714 2
6717 3
6718 3
6719 1
6720 1
6721 4
6722 1
6723 2
6724 1
6725 2
6726 1
6727 2
6728 1
6729 1
6730 1
6731 1
6734 4
6736 2
6737 1
6739 1
6741 2
6744 1
6745 4
6746 1
6748 1
6749 3
6750 1
6752 1
6753 3
6756 3
6757 3
6758 1
6760 4
6761 2
6763 2
6764 2
6766 2
6767 3
6768 1
6769 1
6771 1
6772 2
6773 1
6774 1
6776 2
6777 1
6779 2
6780 2
6783 5
6784 1
6786 1
6787 1
6790 2
6791 3
6792 1
6794 3
6795 1
6798 2
6799 1
6801 3
6802 6
6803 1
6805 2
6806 4
6807 2
6809 3
6810 2
6812 3
6813 1
6814 1
6816 2
6817 1
6818 2
6819 1
6820 1
6821 2
6822 1
6823 1
6824 3
6826 2
6827 1
6828 5
6829 2
6832 2
6835 1
6836 2
6839 1
6840 1
6841 1
6843 1
6845 1
6846 1
6847 5
6850 6
6851 3
6852 2
6853 1
6854 1
6855 1
6856 1
6857 2
6858 1
6859 3
6861 3
6862 1
6863 1
6864 1
6866 3
6867 1
6868 1
6869 1
6870 4
6871 1
6873 1
6874 5
6875 2
6877 2
6878 4
6881 2
6884 3
6885 4
6887 2
6888 1
6889 1
6890 1
6891 2
6892 1
6893 4
6894 2
6896 4
6900 2
6901 3
6902 1
6903 2
6904 1
6905 2
6906 1
6907 4
6908 3
6909 1
6910 1
6911 1
6912 2
6913 3
6914 1
6915 1
6917 2
6918 1
6919 3
6920 2
6922 2
6923 2
6924 2
6926 2
6927 1
6929 2
6930 2
6933 3
6934 3
6935 1
6936 5
6937 1
6939 4
6940 2
6941 2
6942 1
6943 4
6945 1
6947 3
6949 2
6950 2
6952 5
6953 2
6955 1
6956 3
6957 1
6958 1
6959 4
6961 1
6962 3
6963 1
6964 1
6966 2
6967 1
6969 3
6970 4
6972 1
6973 1
6974 2
6975 2
6977 2
6979 2
6980 1
6981 1
6982 1
6984 1
6985 5
6986 2
6988 2
6989 4
6990 1
6991 1
6992 9
6993 2
6994 1
6995 3
6996 6
6997 1
6998 1
6999 4
7000 1
7002 2
7003 2
7004 1
7006 1
7007 2
7008 3
7010 2
7011 2
7012 1
7013 1
7014 2
7015 5
7016 1
7018 5
7019 6
7022 3
7023 3
7026 6
7029 1
7030 3
7032 1
7034 4
7035 1
7037 2
7038 5
7040 1
7041 9
7042 5
7044 3
7045 6
7046 2
7047 2
7048 1
7049 3
7051 1
7052 3
7053 2
7054 1
7055 2
7056 1
7058 4
7059 1
7060 1
7061 4
7063 1
7064 4
7065 2
7067 1
7068 4
7071 2
7072 1
7075 6
7076 1
7078 2
7079 2
7081 2
7082 3
7085 2
7086 1
7087 3
7088 1
7090 5
7091 4
7092 1
7093 3
7094 4
7095 2
7096 1
7097 5
7098 4
7101 6
7102 2
7103 2
7104 2
7105 3
7107 3
7108 1
7109 2
7110 4
7112 1
7113 2
7114 1
7115 1
7116 1
7117 2
7118 1
7120 2
7121 2
7124 5
7125 1
7126 1
7127 3
7128 3
7129 1
7130 2
7131 2
7133 1
7134 3
7136 1
7137 2
7140 2
7141 3
7142 2
7143 1
7144 3
7145 1
7146 1
7147 3
7148 3
7149 1
7150 1
7151 2
7152 2
7153 3
7156 1
7157 1
7159 3
7160 5
7161 1
7163 2
7164 4
7165 1
7166 1
7167 3
7169 1
7170 2
7171 1
7174 1
7175 3
7176 2
7178 1
7179 4
7181 1
7182 2
7183 4
7184 1
7185 1
7186 5
7187 1
7189 1
7190 4
7193 3
7194 3
7196 2
7197 3
7198 2
7199 1
7200 2
7201 2
7202 2
7203 2
7204 1
7205 3
7207 1
7208 2
7209 5
7210 2
7211 1
7212 2
7213 4
7214 1
7215 2
7216 1
7219 1
7220 3
7223 1
7224 1
7226 2
7227 1
7228 1
7229 1
7230 2
7231 3
7232 4
7233 2
7234 3
7235 3
7236 2
7237 1
7238 1
7239 1
7240 1
7242 3
7246 3
7249 1
7250 3
7251 3
7252 1
7253 3
7254 2
7255 1
7257 1
7258 5
7259 3
7261 2
7262 4
7265 2
7266 4
7267 1
7269 4
7270 1
7271 1
7273 2
7275 1
7276 3
7277 5
7278 1
7280 5
7281 2
7282 1
7284 3
7286 1
7287 3
7288 1
7289 1
7290 2
7291 1
7292 2
7293 3
7295 1
7296 3
7297 2
7299 3
7300 2
7301 2
7303 1
7304 3
7306 1
7307 3
7308 3
7309 1
7310 2
7311 3
7314 2
7315 5
7316 2
7317 1
7318 3
7319 1
7320 2
7321 1
7322 2
7324 1
7325 4
7326 1
7327 3
7330 1
7331 2
7332 2
7333 4
7334 1
7336 4
7337 3
7338 1
7339 3
7340 1
7342 3
7343 4
7344 2
7345 1
7346 2
7347 1
7348 2
7349 1
7350 4
7351 1
7352 1
7353 3
7354 2
7355 1
7356 2
7357 1
7359 3
7360 2
7362 3
7363 2
7364 2
7365 2
7366 2
7367 3
7368 1
7369 2
7370 3
7371 1
7372 2
7373 2
7375 1
7376 7
7377 1
7378 2
7380 2
7381 1
7382 5
7383 3
7384 1
7386 2
7387 1
7388 5
7389 1
7391 2
7392 3
7395 6
7396 1
7397 1
7398 3
7399 7
7400 3
7401 1
7402 6
7403 3
7405 2
7406 1
7407 2
7409 1
7410 2
7411 3
7414 1
7415 1
7416 1
7417 1
7418 5
7419 3
7421 1
7422 10
7425 4
7426 6
7428 1
7429 3
7431 1
7432 4
7433 2
7434 2
7435 1
7436 1
7437 4
7438 2
7441 3
7442 2
7444 8
7445 5
7447 2
7448 6
7449 5
7450 1
7451 2
7452 3
7453 2
7454 2
7455 4
7456 3
7458 2
7459 4
7460 1
7461 1
7462 2
7463 1
7464 1
7466 1
7467 5
7468 4
7470 2
7471 5
7472 1
7474 5
7475 4
7477 1
7478 7
7481 3
7482 5
7484 2
7485 3
7486 1
7487 2
7488 3
7489 3
7490 3
7491 2
7493 7
7494 5
7497 3
7498 2
7500 2
7501 6
7504 5
7505 6
7507 3
7508 4
7510 2
7511 2
7512 1
7513 2
7515 2
7516 3
7517 1
7518 3
7520 2
7521 1
7523 3
7524 1
7525 1
7527 7
7528 1
7530 3
7531 4
7532 1
7533 5
7534 4
7535 2
7536 2
7537 5
7538 1
7539 2
7540 2
7541 1
7542 2
7543 4
7544 4
7545 1
7546 2
7547 4
7548 1
7549 2
7550 5
7551 3
7552 1
7554 5
7555 2
7556 2
7558 1
7560 3
7561 2
7562 1
7563 1
7564 3
7566 1
7567 6
7568 1
7570 4
7571 2
7573 2
7574 3
7577 1
7578 4
7579 1
7581 1
7582 4
7583 1
7584 1
7585 2
7586 5
7588 1
7589 4
7590 5
7591 1
7592 2
7593 6
7594 2
7596 3
7597 2
7599 6
7600 3
7602 1
7603 2
7604 1
7605 1
7606 2
7607 1
7608 2
7610 3
7611 1
7612 3
7613 1
7615 1
7616 8
7617 1
7618 1
7619 2
7620 1
7623 4
7624 1
7625 1
7626 2
7627 1
7628 1
7630 2
7631 1
7632 1
7633 1
7634 6
7635 5
7636 2
7637 2
7638 5
7639 4
7640 1
7641 1
7642 6
7643 2
7645 5
7646 1
7649 3
7650 2
7651 1
7652 1
7653 4
7654 2
7655 2
7656 2
7657 4
7658 1
7660 2
7661 4
7662 3
7664 1
7665 1
7666 1
7668 2
7669 3
7672 5
7673 2
7675 1
7676 3
7677 1
7678 1
7679 2
7680 3
7682 1
7683 5
7684 3
7685 2
7687 2
7688 4
7689 2
7690 2
7691 5
7692 4
7693 1
7694 2
7695 2
7696 2
7698 2
7699 3
7701 2
7702 3
7703 3
7704 1
7706 1
7707 3
7708 2
7709 2
7710 2
7711 2
7713 2
7714 1
7717 3
7718 4
7719 1
7720 1
7721 3
7722 1
7723 3
7724 2
7725 2
7726 1
7727 4
7728 2
7729 1
7731 1
7733 1
7734 3
7736 4
7737 1
7738 1
7739 3
7740 6
7741 4
7742 1
7743 2
7744 2
7745 2
7746 4
7748 3
7750 1
7751 2
7753 2
7754 1
7755 3
7756 3
7757 1
7758 1
7759 5
7760 1
7761 1
7762 2
7763 4
7764 1
7765 1
7766 2
7767 3
7768 3
7769 1
7770 2
7771 1
7772 4
7773 1
7774 3
7775 2
7776 4
7778 2
7779 4
7780 1
7781 1
7782 3
7783 4
7784 2
7785 3
7786 2
7787 1
7789 3
7790 3
7791 2
7792 1
7794 3
7795 2
7796 1
7797 1
7798 2
7799 2
7801 1
7802 6
7803 2
7804 1
7805 2
7806 5
7807 2
7808 2
7810 5
7811 1
7812 1
7813 2
7814 2
7815 1
7816 1
7817 2
7818 4
7819 2
7821 3
7822 2
7823 1
7824 3
7825 9
7826 3
7828 9
7829 5
7830 2
7831 1
7832 4
7833 1
7835 3
7836 1
7837 1
7838 1
7839 3
7840 3
7841 2
7842 2
7843 1
7844 1
7845 5
7847 5
7848 4
7850 1
7851 8
7852 5
7855 4
7856 3
7857 1
7858 1
7859 7
7861 1
7862 4
7863 3
7864 1
7865 1
7866 4
7867 1
7868 1
7870 3
7871 3
7873 2
7874 9
7875 3
7877 6
7878 6
7880 2
7881 5
7882 2
7884 4
7885 7
7887 1
7888 3
7889 4
7891 4
7892 3
7893 1
7894 2
7896 5
7897 3
7899 1
7900 4
7901 2
7902 1
7904 5
7907 4
7908 8
7909 1
7910 1
7911 7
7912 3
7914 2
7915 4
7916 1
7917 2
7918 3
7919 4
7920 1
7921 1
7922 1
7923 6
7924 4
7926 3
7927 4
7928 2
7929 1
7930 7
7931 4
7933 4
7934 8
7935 1
7936 3
7937 1
7938 3
7939 1
7940 3
7941 1
7942 1
7943 4
7944 2
7945 2
7946 2
7947 3
7948 2
7949 1
7950 2
7951 3
7952 1
7953 3
7954 2
7956 1
7957 7
7958 1
7959 2
7960 1
7961 2
7962 2
7963 4
7964 1
7966 2
7967 5
7968 1
7969 1
7970 5
7971 1
7973 4
7974 5
7976 3
7977 4
7979 3
7980 3
7981 2
7982 2
7983 5
7985 3
7986 4
7988 1
7989 2
7990 3
7991 1
7992 4
7993 4
7994 3
7995 2
7996 6
7997 4
7998 2
7999 3
8000 3
8001 1
8002 4
8003 1
8004 2
8007 3
8008 3
8010 2
8011 1
8012 2
8013 1
8014 3
8015 1
8016 4
8017 1
8018 4
8019 7
8020 2
8022 4
8023 3
8025 2
8026 6
8029 4
8030 4
8031 1
8033 3
8034 2
8035 1
8036 2
8037 4
8038 2
8039 2
8040 1
8041 4
8042 8
8044 1
8045 4
8046 5
8048 2
8049 4
8052 1
8053 6
8056 4
8058 1
8059 2
8060 3
8063 3
8064 8
8065 3
8066 1
8067 2
8068 6
8069 1
8071 2
8072 3
8073 1
8074 2
8075 7
8076 2
8078 1
8079 5
8080 1
8082 2
8083 5
8085 3
8086 2
8087 3
8088 2
8090 2
8091 6
8092 3
8093 2
8094 3
8095 4
8097 4
8098 4
8099 3
8100 2
8101 1
8102 5
8103 1
8104 2
8105 2
8106 1
8108 1
8109 5
8110 1
8111 1
8112 2
8113 2
8114 2
8115 1
8116 2
8118 1
8119 2
8120 4
8121 2
8122 1
8123 3
8124 2
8125 4
8126 2
8127 2
8128 2
8129 2
8130 2
8131 3
8132 3
8134 2
8135 1
8136 1
8137 2
8139 2
8140 3
8141 2
8142 3
8143 4
8144 4
8146 1
8147 4
8148 3
8149 2
8151 7
8152 2
8154 2
8155 2
8156 1
8158 4
8159 1
8160 4
8162 1
8164 3
8165 2
8166 5
8167 1
8169 4
8170 3
8171 2
8172 1
8173 1
8174 2
8175 2
8176 4
8177 1
8178 2
8179 3
8180 2
8181 4
8182 3
8183 2
8184 2
8185 2
8186 6
8187 1
8188 2
8189 1
8190 3
8191 1
8192 3
8193 4
8194 1
8195 1
8196 3
8197 3
8198 2
8199 2
8200 1
8201 2
8202 3
8203 2
8205 2
8206 2
8207 2
8208 3
8209 5
8210 1
8211 3
8212 3
8213 1
8214 3
8215 3
8216 4
8217 1
8218 1
8220 3
8221 3
8222 1
8224 2
8225 3
8226 1
8227 1
8228 6
8229 2
8230 1
8231 5
8232 7
8233 4
8234 2
8235 6
8236 4
8237 3
8238 1
8239 4
8240 2
8242 2
8243 2
8244 1
8245 1
8246 1
8247 2
8248 3
8250 3
8251 6
8252 1
8254 4
8255 5
8257 2
8258 7
8259 3
8261 2
8262 5
8264 1
8265 6
8266 3
8267 1
8268 2
8269 4
8270 1
8271 3
8272 1
8273 3
8274 1
8275 3
8277 9
8278 2
8280 5
8281 7
8282 3
8283 1
8284 5
8285 3
8286 2
8287 4
8288 7
8289 2
8291 6
8292 5
8294 1
8295 3
8296 2
8297 1
8299 3
8300 6
8301 1
8302 1
8303 6
8304 3
8305 1
8307 9
8308 2
8310 2
8311 9
8313 1
8314 7
8315 6
8317 4
8318 5
8319 3
8320 5
8321 1
8322 5
8323 2
8324 1
8325 1
8326 6
8327 3
8329 1
8330 4
8331 2
8333 4
8334 7
8336 3
8337 6
8338 7
8339 1
8340 2
8341 4
8342 2
8343 1
8344 3
8345 1
8346 1
8348 2
8349 3
8350 2
8351 3
8352 1
8353 2
8354 5
8355 1
8356 4
8357 1
8358 1
8359 3
8360 5
8361 1
8362 1
8363 5
8364 4
8365 2
8366 4
8367 4
8368 2
8369 4
8370 5
8371 4
8372 1
8373 3
8374 4
8375 2
8376 6
8377 4
8378 2
8379 1
8380 5
8381 1
8382 4
8383 7
8384 1
8386 5
8387 3
8388 1
8389 2
8390 1
8392 1
8393 4
8394 2
8395 1
8396 1
8397 4
8398 1
8399 5
8400 6
8401 2
8402 1
8403 5
8404 2
8405 3
8406 2
8407 4
8409 2
8410 3
8411 2
8412 1
8413 1
8414 2
8415 2
8416 2
8417 1
8418 1
8419 5
8420 3
8421 2
8422 7
8423 4
8424 2
8425 4
8426 9
8428 1
8429 5
8430 1
8431 1
8432 6
8433 4
8434 1
8436 3
8437 4
8438 2
8439 1
8440 2
8441 3
8442 1
8443 2
8444 3
8445 4
8448 5
8449 5
8451 1
8452 6
8453 1
8455 1
8456 8
8457 1
8459 7
8460 4
8462 2
8463 4
8464 1
8466 3
8467 7
8468 3
8469 1
8470 3
8471 9
8472 4
8473 1
8474 3
8475 7
8476 3
8477 2
8478 5
8479 2
8481 1
8482 6
8483 1
8485 4
8486 5
8488 4
8489 3
8490 1
8491 1
8492 2
8493 3
8494 3
8495 2
8497 2
8498 2
8499 1
8500 2
8501 3
8502 1
8503 1
8504 1
8505 8
8506 2
8507 1
8508 4
8509 4
8510 1
8511 2
8512 3
8515 5
8516 2
8517 3
8518 2
8519 1
8520 1
8521 3
8522 2
8523 3
8524 5
8525 5
8526 2
8527 6
8528 4
8529 1
8530 1
8531 7
8532 2
8533 1
8534 2
8535 5
8537 2
8538 1
8539 3
8540 2
8542 5
8543 3
8544 1
8546 3
8547 2
8548 1
8549 3
8550 1
8551 4
8552 2
8553 2
8554 4
8555 3
8556 2
8557 1
8558 3
8559 1
8560 3
8561 3
8562 2
8563 1
8564 1
8565 2
8566 3
8567 2
8568 3
8569 2
8570 3
8571 2
8572 5
8573 4
8574 6
8576 2
8577 5
8578 2
8579 2
8580 1
8581 4
8582 2
8584 3
8585 1
8586 1
8587 2
8588 2
8589 4
8590 3
8591 3
8592 3
8593 1
8594 4
8595 2
8596 4
8597 2
8598 2
8599 2
8600 3
8601 2
8603 1
8604 3
8605 2
8607 1
8608 3
8609 2
8610 3
8611 2
8612 8
8614 1
8615 2
8616 8
8617 3
8618 1
8619 2
8620 3
8621 1
8622 1
8623 3
8624 3
8625 1
8627 3
8628 1
8629 3
8631 4
8632 1
8633 2
8634 2
8635 8
8636 1
8637 2
8638 3
8639 6
8640 4
8641 2
8642 1
8643 6
8644 2
8645 3
8646 3
8647 1
8648 2
8649 2
8650 3
8651 3
8652 1
8653 1
8654 4
8655 2
8657 5
8658 4
8659 2
8660 4
8661 9
8662 2
8663 1
8664 3
8665 3
8666 1
8667 1
8668 7
8669 1
8671 2
8672 6
8673 3
8674 1
8675 3
8676 3
8678 4
8679 1
8680 6
8681 2
8683 4
8684 7
8685 2
8687 2
8688 4
8689 1
8690 2
8691 6
8692 4
8694 2
8695 9
8696 1
8697 1
8698 1
8699 5
8700 1
8701 1
8702 2
8703 6
8705 1
8706 5
8707 6
8708 2
8709 1
8710 7
8711 3
8713 1
8714 6
8715 2
8717 9
8718 7
8720 3
8721 5
8722 6
8723 2
8724 3
8725 3
8726 2
8727 2
8728 1
8729 5
8730 1
8732 1
8733 4
8734 3
8735 2
8736 2
8737 5
8738 2
8739 2
8740 10
8741 9
8743 2
8744 8
8745 4
8746 1
8747 3
8748 3
8749 1
8750 2
8751 4
8752 4
8753 1
8754 2
8755 3
8756 3
8757 4
8758 1
8759 3
8760 4
8761 1
8762 3
8763 7
8764 2
8766 8
8767 6
8768 1
8769 2
8770 5
8771 1
8772 4
8773 2
8774 5
8775 1
8776 3
8777 3
8778 5
8779 2
8780 5
8781 3
8782 2
8783 3
8784 3
8785 3
8786 5
8787 1
8789 6
8790 3
8791 1
8792 2
8793 4
8794 1
8795 2
8796 5
8797 3
8799 2
8800 5
8801 2
8802 2
8803 5
8804 2
8805 1
8806 7
8807 4
8808 5
8809 3
8810 5
8811 1
8812 5
8813 3
8814 2
8815 1
8816 5
8817 2
8818 2
8819 3
8820 2
8821 1
8822 4
8823 5
8824 2
8825 7
8826 6
8827 4
8828 4
8829 9
8830 2
8831 1
8832 4
8833 5
8834 1
8835 4
8836 2
8837 3
8839 2
8840 5
8841 1
8842 1
8843 5
8844 2
8845 1
8846 4
8847 2
8848 5
8849 2
8850 1
8851 6
8852 7
8853 1
8855 6
8856 3
8858 3
8859 9
8861 1
8862 7
8863 7
8865 2
8866 3
8867 3
8869 1
8870 3
8871 2
8872 3
8873 2
8874 7
8875 5
8876 1
8877 2
8878 6
8879 4
8880 2
8881 4
8882 5
8883 1
8885 3
8886 5
8888 1
8889 8
8891 2
8892 3
8893 2
8895 1
8896 3
8897 6
8898 2
8899 2
8900 3
8901 6
8902 1
8903 2
8904 4
8905 3
8907 3
8908 8
8909 3
8911 6
8912 6
8913 1
8914 2
8915 6
8916 3
8917 1
8918 6
8919 2
8920 2
8921 2
8922 1
8923 3
8924 4
8925 2
8926 4
8927 3
8928 4
8929 1
8930 7
8931 5
8932 1
8933 1
8934 7
8935 6
8936 1
8937 1
8938 4
8939 1
8941 1
8942 3
8945 6
8946 1
8948 2
8949 4
8950 1
8951 2
8952 3
8953 4
8954 2
8955 2
8956 2
8957 5
8958 4
8960 3
8961 7
8962 2
8963 1
8964 5
8965 4
8967 2
8968 4
8969 2
8970 1
8972 3
8973 3
8974 3
8975 3
8976 4
8977 6
8978 1
8979 2
8980 7
8981 3
8982 1
8983 3
8984 6
8985 1
8986 1
8987 1
8988 1
8989 1
8991 2
8992 3
8993 3
8994 3
8995 2
8996 2
8997 2
8998 3
8999 2
9000 5
9001 3
9002 2
9003 1
9004 3
9005 1
9007 4
9008 3
9009 2
9011 2
9012 4
9013 2
9014 5
9015 4
9016 4
9017 2
9018 4
9019 7
9020 2
9021 2
9022 1
9023 4
9024 3
9026 3
9027 1
9028 1
9029 4
9030 2
9031 3
9032 3
9033 1
9034 2
9035 3
9036 3
9037 2
9038 1
9040 5
9041 5
9042 3
9043 1
9044 3
9045 4
9046 4
9047 3
9048 2
9049 5
9051 2
9052 2
9053 4
9054 1
9055 1
9056 3
9057 4
9058 1
9059 1
9060 2
9061 3
9062 1
9063 4
9064 6
9065 5
9066 3
9067 3
9068 6
9069 3
9070 3
9071 5
9072 4
9073 1
9074 1
9075 8
9076 1
9078 1
9079 6
9080 2
9081 2
9082 1
9083 6
9084 3
9085 2
9086 3
9087 7
9088 2
9090 3
9091 8
9092 1
9094 4
9095 1
9097 4
9098 7
9099 3
9100 2
9101 4
9102 6
9103 4
9104 3
9105 2
9106 5
9107 1
9108 2
9109 4
9110 6
9112 1
9113 7
9114 5
9116 1
9117 3
9118 7
9120 9
9121 6
9122 3
9123 2
9124 9
9125 6
9126 2
9127 2
9128 2
9129 2
9130 1
9132 4
9133 3
9134 1
9135 2
9136 5
9137 4
9138 2
9139 2
9140 7
9141 1
9142 1
9143 7
9144 5
9146 1
9147 10
9148 5
9149 1
9150 2
9151 5
9152 3
9153 4
9154 2
9155 4
9156 1
9157 2
9158 7
9159 2
9160 4
9161 1
9162 1
9163 2
9164 3
9165 1
9166 6
9167 3
9169 6
9170 9
9171 2
9172 1
9173 5
9174 2
9175 2
9176 2
9177 5
9178 1
9179 1
9180 4
9181 6
9182 1
9183 5
9184 3
9185 3
9187 5
9188 1
9189 6
9190 2
9191 2
9192 8
9193 3
9194 1
9195 2
9196 8
9197 2
9198 2
9199 4
9200 4
9201 2
9202 3
9203 5
9204 6
9205 2
9206 4
9207 4
9208 6
9209 6
9210 4
9211 2
9212 3
9213 5
9214 2
9215 6
9216 5
9217 1
9219 7
9220 3
9221 1
9222 1
9223 1
9224 2
9225 1
9226 5
9227 2
9228 2
9229 4
9230 4
9231 1
9232 8
9233 4
9234 1
9235 4
9236 7
9237 1
9238 4
9239 4
9240 4
9241 1
9242 2
9243 7
9244 2
9245 1
9246 3
9247 3
9248 3
9249 3
9250 1
9251 3
9252 3
9253 3
9254 3
9255 9
9256 2
9257 1
9258 7
9259 7
9260 1
9261 2
9262 7
9263 3
9264 2
9265 5
9266 5
9267 1
9268 1
9269 6
9270 4
9271 2
9272 1
9273 4
9274 1
9275 6
9276 2
9277 4
9278 3
9280 1
9281 7
9282 5
9283 2
9284 2
9285 7
9286 3
9287 1
9288 3
9289 9
9290 1
9291 1
9292 10
9293 4
9295 5
9296 4
9297 1
9298 2
9299 4
9300 4
9301 3
9302 3
9303 3
9304 5
9305 3
9306 2
9307 4
9308 4
9309 2
9310 3
9311 8
9312 1
9314 5
9315 10
9317 2
9318 9
9319 5
9320 1
9321 4
9322 4
9323 1
9324 1
9325 2
9326 6
9327 2
9329 2
9330 2
9331 3
9332 1
9333 4
9334 4
9335 1
9336 1
9337 8
9338 8
9339 2
9340 1
9341 9
9342 3
9344 2
9345 5
9348 6
9349 4
9350 1
9351 1
9352 4
9353 3
9354 2
9355 1
9356 7
9357 2
9358 4
9359 1
9360 9
9361 5
9363 3
9364 10
9365 2
9366 3
9367 3
9368 6
9370 3
9371 4
9372 3
9373 2
9374 3
9375 6
9376 3
9377 3
9378 4
9379 1
9380 4
9381 4
9382 4
9383 4
9384 4
9385 1
9386 3
9387 6
9388 4
9389 1
9391 2
9392 3
9394 3
9395 1
9396 2
9397 2
9398 3
9399 2
9400 4
9401 6
9402 1
9403 4
9404 6
9405 4
9406 2
9407 4
9408 1
9409 2
9410 3
9411 2
9412 1
9413 2
9414 2
9415 3
9416 2
9417 3
9418 1
9419 3
9420 3
9421 2
9422 3
9423 4
9424 4
9425 3
9426 2
9427 5
9428 2
9429 3
9430 2
9431 2
9432 3
9433 3
9434 1
9435 1
9436 1
9437 4
9438 2
9439 2
9440 2
9441 4
9442 1
9443 5
9444 6
9445 5
9447 3
9448 4
9449 5
9450 2
9451 1
9452 5
9453 2
9454 1
9455 3
9456 4
9457 3
9458 1
9459 5
9460 2
9461 3
9462 2
9463 2
9464 2
9465 1
9466 4
9467 5
9468 4
9469 2
9470 4
9471 5
9472 3
9473 3
9474 4
9475 4
9476 3
9477 1
9478 4
9479 5
9481 2
9482 4
9483 4
9484 3
9486 4
9487 3
9488 4
9489 2
9490 4
9491 1
9493 8
9494 5
9497 7
9498 1
9500 2
9501 7
9502 1
9503 2
9504 4
9505 6
9506 5
9507 1
9508 3
9509 9
9510 3
9512 3
9513 6
9515 1
9516 5
9517 3
9518 2
9519 1
9520 3
9521 5
9522 1
9523 4
9524 9
9525 3
9526 1
9527 4
9528 8
9529 2
9530 1
9531 4
9532 2
9533 1
9534 1
9535 4
9536 4
9538 2
9539 5
9540 4
9541 1
9542 5
9543 6
9544 3
9546 5
9547 3
9548 2
9549 3
9550 10
9551 3
9552 1
9553 5
9554 8
9555 4
9556 4
9557 3
9558 3
9559 1
9560 4
9561 4
9562 2
9563 1
9564 4
9565 4
9566 3
9567 4
9568 2
9569 4
9570 3
9571 2
9572 5
9573 11
9574 4
9576 7
9577 7
9578 2
9579 2
9580 5
9581 3
9583 3
9584 4
9585 2
9586 1
9587 3
9588 4
9589 2
9590 3
9591 1
9592 8
9593 3
9594 1
9595 6
9596 5
9597 1
9598 1
9599 8
9600 3
9601 3
9602 1
9603 6
9604 1
9605 2
9606 3
9607 6
9608 1
9609 6
9610 5
9611 6
9612 4
9613 5
9614 3
9615 4
9616 5
9617 3
9618 4
9619 4
9620 2
9621 2
9622 8
9623 4
9624 1
9626 4
9627 5
9628 1
9629 5
9630 2
9632 4
9633 5
9634 1
9635 6
9636 4
9637 1
9638 2
9639 8
9640 1
9641 6
9642 5
9643 4
9644 3
9645 5
9646 6
9647 2
9648 4
9649 3
9650 5
9651 2
9652 2
9653 3
9654 2
9655 5
9656 4
9657 3
9658 7
9659 7
9660 3
9661 6
9662 8
9663 1
9664 1
9665 5
9666 7
9667 1
9668 2
9669 3
9670 4
9671 1
9672 5
9673 5
9674 1
9675 3
9676 4
9677 1
9678 6
9679 5
9680 1
9681 5
9682 3
9683 2
9684 5
9685 5
9687 2
9688 7
9689 2
9690 1
9691 2
9692 7
9693 2
9694 2
9695 9
9696 6
9697 2
9698 3
9699 7
9700 1
9701 3
9702 3
9703 2
9704 2
9705 4
9706 3
9707 7
9708 2
9709 2
9710 2
9711 8
9712 2
9713 2
9714 8
9715 5
9716 2
9717 3
9718 12
9719 2
9721 7
9722 10
9724 1
9725 5
9726 2
9728 2
9729 7
9730 2
9732 4
9733 9
9734 1
9735 2
9736 3
9737 8
9738 1
9739 1
9740 5
9741 8
9742 1
9743 1
9744 12
9745 7
9747 3
9748 10
9749 3
9750 2
9751 5
9752 7
9753 2
9754 1
9755 3
9756 5
9757 3
9758 2
9759 4
9760 4
9761 3
9762 3
9763 6
9764 5
9765 2
9766 2
9767 11
9768 5
9770 1
9771 6
9772 1
9773 1
9774 4
9775 1
9777 3
9778 9
9780 2
9781 5
9782 3
9783 1
9784 7
9785 3
9786 4
9787 2
9788 3
9789 5
9790 8
9791 4
9792 1
9793 3
9794 5
9795 1
9796 2
9797 2
9798 3
9799 1
9800 6
9801 6
9802 2
9803 2
9804 5
9805 2
9806 4
9807 5
9808 5
9809 1
9810 5
9811 1
9812 3
9813 5
9814 2
9815 2
9816 5
9817 3
9819 3
9820 2
9821 2
9823 4
9824 4
9825 3
9826 2
9827 6
9828 3
9829 3
9830 4
9831 3
9832 1
9833 5
9834 5
9835 3
9836 2
9837 2
9838 2
9839 1
9840 4
9841 5
9843 4
9844 4
9845 4
9846 3
9847 7
9848 2
9849 4
9850 5
9851 3
9852 4
9853 3
9854 2
9855 5
9856 3
9857 3
9858 3
9859 4
9861 2
9862 6
9863 4
9864 3
9865 1
9866 1
9867 4
9868 2
9869 4
9870 4
9871 1
9872 1
9873 4
9874 4
9875 4
9876 2
9877 3
9878 3
9879 3
9880 1
9881 5
9882 4
9883 2
9884 1
9885 5
9886 5
9887 2
9889 6
9890 4
9891 2
9892 2
9893 6
9894 1
9896 6
9897 7
9898 2
9899 1
9900 5
9901 4
9902 4
9904 7
9905 3
9906 1
9907 3
9908 8
9909 3
9911 2
9912 8
9913 4
9914 1
9915 2
9916 7
9917 1
9918 2
9919 5
9920 3
9921 2
9922 2
9923 4
9924 5
9925 1
9926 3
9927 5
9928 1
9929 1
9930 6
9931 8
9932 2
9933 4
9934 4
9935 4
9936 4
9937 2
9938 2
9939 3
9940 3
9941 1
9942 5
9943 2
9945 3
9946 5
9947 2
9949 5
9950 2
9951 4
9952 2
9953 9
9954 5
9955 2
9956 6
9957 8
9958 3
9959 2
9960 4
9961 4
9962 2
9963 1
9964 2
9965 5
9967 2
9968 5
9969 2
9970 1
9971 2
9972 4
9973 4
9974 1
9975 2
9976 9
9977 1
9979 5
9980 7
9981 3
9982 2
9983 5
9984 4
9985 3
9986 4
9987 5
9988 3
9989 2
9990 3
9991 6
9992 3
9993 2
9994 3
9995 3
9996 3
9997 2
9998 4
9999 5
10000 2
10002 6
10003 8
10004 1
10006 6
10007 5
10008 1
10009 3
10010 4
10011 4
10012 3
10013 7
10014 6
10015 2
10016 6
10017 5
10018 5
10019 4
10020 2
10021 2
10022 5
10023 4
10024 2
10025 6
10026 3
10027 4
10028 3
10029 6
10030 4
10031 2
10032 4
10033 3
10034 2
10035 2
10036 5
10037 3
10038 3
10039 3
10040 3
10041 6
10042 5
10043 3
10044 3
10045 7
10046 4
10047 3
10048 5
10049 5
10050 1
10051 3
10052 4
10053 4
10054 1
10055 4
10056 1
10057 2
10058 3
10059 6
10060 1
10061 3
10062 7
10063 3
10064 2
10065 7
10066 5
10067 3
10068 4
10069 6
10070 5
10071 1
10072 5
10073 4
10074 2
10075 3
10076 6
10077 1
10078 2
10079 5
10080 2
10081 7
10082 2
10083 2
10084 4
10085 7
10086 1
10087 5
10088 5
10089 4
10090 4
10091 8
10092 3
10093 2
10094 1
10095 6
10096 3
10097 2
10098 7
10099 6
10100 2
10101 4
10102 12
10103 2
10104 4
10105 4
10106 5
10108 8
10109 4
10110 4
10111 1
10112 1
10113 2
10114 6
10115 5
10116 3
10117 4
10118 7
10119 3
10120 2
10121 10
10122 6
10123 1
10124 6
10125 12
10126 1
10128 6
10129 4
10131 2
10132 4
10133 4
10135 5
10136 7
10137 2
10138 1
10139 2
10140 9
10142 1
10143 2
10144 8
10145 1
10146 1
10147 10
10148 9
10150 3
10151 12
10152 5
10153 3
10154 4
10155 6
10156 1
10157 2
10158 4
10159 6
10160 2
10161 1
10162 5
10163 2
10164 3
10165 3
10166 3
10167 4
10168 3
10169 2
10170 12
10171 8
10172 2
10173 3
10174 12
10175 1
10176 1
10177 4
10178 3
10180 2
10181 7
10182 4
10183 2
10184 3
10185 6
10186 3
10187 5
10188 2
10189 7
10190 4
10191 3
10192 4
10193 7
10194 3
10196 7
10197 5
10198 1
10199 2
10200 4
10201 4
10202 1
10203 4
10204 6
10205 2
10206 1
10207 9
10208 8
10209 3
10210 4
10211 7
10213 2
10214 5
10215 2
10216 4
10217 3
10218 3
10219 2
10220 5
10221 3
10222 1
10223 3
10224 2
10225 3
10226 4
10227 6
10229 2
10230 8
10231 4
10232 2
10233 4
10234 6
10236 4
10237 5
10238 3
10239 2
10240 2
10241 4
10242 5
10243 3
10244 1
10245 2
10246 5
10247 3
10248 1
10249 3
10250 3
10251 2
10252 3
10253 8
10254 2
10255 3
10256 4
10257 6
10258 4
10259 5
10260 3
10261 1
10262 4
10263 5
10264 3
10265 4
10266 4
10267 3
10268 1
10269 1
10270 6
10271 1
10272 2
10273 5
10274 2
10275 2
10276 3
10277 8
10278 2
10280 4
10281 8
10282 1
10284 2
10285 6
10286 1
10287 2
10288 5
10289 6
10290 3
10291 1
10292 6
10293 6
10294 3
10295 3
10296 6
10297 2
10298 1
10299 4
10300 6
10302 2
10303 3
10304 5
10305 3
10306 1
10307 4
10308 7
10309 2
10310 3
10311 2
10312 4
10313 3
10314 1
10315 6
10316 3
10317 1
10318 1
10319 7
10320 2
10321 3
10322 4
10323 2
10324 1
10325 3
10326 8
10327 2
10329 2
10330 7
10331 1
10332 1
10333 4
10334 5
10335 1
10336 4
10337 5
10338 7
10339 4
10340 1
10341 6
10342 7
10343 3
10344 4
10345 5
10346 3
10348 6
10349 4
10350 2
10351 2
10352 4
10353 1
10354 2
10355 2
10356 9
10357 4
10358 2
10359 4
10360 10
10361 4
10362 2
10363 3
10364 7
10365 2
10367 3
10368 5
10369 1
10370 1
10371 5
10372 3
10373 2
10375 6
10376 4
10377 3
10379 7
10380 2
10381 1
10382 8
10383 7
10384 2
10385 2
10386 8
10387 6
10388 2
10389 4
10390 3
10391 5
10392 1
10393 5
10394 5
10395 2
10396 1
10397 5
10398 6
10399 5
10400 4
10401 2
10402 3
10403 2
10404 1
10405 5
10406 7
10407 3
10409 6
10410 7
10411 2
10412 1
10413 5
10414 4
10415 1
10416 4
10417 5
10418 1
10419 3
10420 4
10421 3
10422 3
10423 3
10424 3
10425 8
10426 3
10427 2
10428 7
10429 4
10430 2
10431 4
10432 5
10433 2
10434 3
10435 1
10436 2
10437 3
10438 2
10439 6
10440 2
10441 2
10442 4
10443 9
10444 3
10445 5
10446 5
10447 2
10448 4
10449 7
10450 6
10451 3
10452 3
10453 4
10454 4
10455 5
10456 5
10457 1
10458 2
10459 1
10460 4
10461 1
10462 6
10463 1
10464 1
10465 6
10466 6
10467 1
10468 4
10469 3
10470 3
10471 4
10472 7
10473 3
10474 3
10475 4
10476 3
10477 5
10478 3
10479 7
10481 7
10482 3
10483 4
10484 2
10485 3
10486 4
10487 2
10488 8
10489 2
10490 3
10491 6
10492 7
10493 3
10494 5
10495 5
10496 1
10497 2
10498 5
10499 4
10500 2
10501 5
10502 5
10503 2
10504 2
10505 9
10506 4
10507 1
10508 6
10509 5
10510 1
10511 8
10512 4
10513 3
10514 1
10515 3
10516 5
10517 7
10518 2
10519 1
10520 3
10521 8
10522 2
10523 1
10524 8
10525 4
10526 2
10527 4
10528 12
10529 3
10530 3
10531 5
10532 6
10533 3
10534 3
10535 5
10536 5
10537 2
10538 3
10539 4
10540 4
10542 5
10543 4
10544 5
10545 1
10546 4
10547 7
10548 6
10549 1
10550 8
10551 11
10552 1
10553 1
10554 11
10555 10
10556 1
10557 2
10558 7
10559 3
10561 3
10562 7
10564 2
10565 6
10566 7
10567 2
10568 5
10569 2
10570 7
10571 3
10572 1
10573 8
10574 9
10575 1
10576 3
10577 11
10578 5
10580 4
10581 5
10582 3
10583 2
10584 5
10585 7
10586 1
10587 3
10588 6
10589 2
10590 4
10591 6
10592 5
10593 3
10594 3
10595 2
10596 7
10597 4
10598 2
10599 6
10600 8
10601 1
10603 6
10604 4
10606 1
10607 7
10610 7
10611 10
10613 3
10614 8
10615 3
10617 7
10618 4
10619 2
10620 2
10621 2
10622 6
10623 6
10624 2
10625 3
10626 8
10627 3
10628 1
10629 7
10630 4
10631 1
10632 1
10633 11
10634 7
10635 1
10636 1
10637 11
10638 1
10639 6
10640 4
10641 7
10642 2
10643 3
10644 2
10645 4
10646 3
10647 3
10648 2
10649 5
10650 3
10651 2
10652 2
10653 4
10654 4
10655 1
10656 7
10657 5
10658 1
10659 6
10660 9
10661 3
10662 3
10663 4
10664 2
10665 3
10666 4
10667 3
10668 3
10669 4
10670 4
10671 2
10672 2
10673 5
10674 4
10676 5
10677 5
10678 3
10679 4
10680 4
10681 3
10682 2
10683 5
10684 3
10685 3
10686 1
10687 1
10688 5
10689 3
10690 2
10691 3
10692 5
10693 4
10694 1
10695 4
10696 8
10697 3
10698 2
10699 4
10700 6
10702 2
10703 6
10705 4
10706 5
10707 2
10708 4
10709 4
10710 3
10711 4
10712 3
10713 1
10714 5
10715 4
10716 4
10717 2
10718 6
10719 4
10720 3
10721 3
10722 6
10723 1
10724 2
10725 5
10726 6
10728 3
10729 5
10730 6
10731 1
10732 3
10733 8
10734 3
10735 4
10736 1
10737 4
10738 3
10739 1
10740 6
10741 4
10742 1
10743 1
10744 8
10745 5
10746 3
10747 4
10748 5
10749 3
10750 1
10751 4
10752 4
10755 5
10756 6
10757 2
10759 7
10760 2
10761 1
10762 5
10763 6
10764 3
10765 4
10766 7
10767 4
10768 4
10769 2
10770 4
10771 4
10772 2
10773 2
10774 1
10775 2
10776 1
10778 4
10779 2
10782 10
10783 3
10784 1
10785 4
10786 8
10787 4
10788 2
10789 8
10790 6
10791 3
10793 4
10794 7
10795 2
10796 1
10797 4
10798 6
10799 2
10800 3
10801 8
10802 3
10803 2
10804 2
10805 4
10806 2
10807 2
10808 3
10809 4
10810 1
10811 4
10812 7
10813 5
10814 2
10815 3
10816 7
10817 3
10818 3
10819 4
10820 4
10821 1
10822 5
10823 5
10824 2
10825 5
10826 2
10827 3
10828 5
10829 6
10831 6
10832 2
10833 4
10834 2
10835 7
10836 4
10837 2
10838 2
10839 3
10840 6
10841 1
10842 4
10843 2
10844 3
10845 5
10846 7
10847 2
10848 2
10849 7
10850 5
10851 5
10852 6
10853 1
10854 4
10855 1
10856 5
10857 4
10858 3
10859 3
10860 4
10861 3
10862 1
10863 5
10864 1
10865 4
10866 1
10867 2
10868 5
10869 6
10870 2
10871 2
10872 4
10873 6
10874 8
10875 4
10876 3
10877 5
10878 4
10879 3
10880 4
10881 3
10882 5
10883 1
10884 5
10885 4
10886 5
10887 2
10888 4
10889 4
10890 3
10891 5
10892 6
10893 3
10894 4
10895 7
10896 3
10897 2
10898 4
10899 4
10900 4
10901 4
10902 3
10903 4
10904 4
10905 4
10906 5
10907 2
10908 9
10909 3
10911 2
10912 8
10913 2
10914 6
10915 1
10916 3
10917 2
10918 7
10919 4
10920 4
10921 2
10922 2
10923 6
10924 6
10925 2
10926 1
10927 4
10928 4
10929 1
10930 4
10931 10
10932 4
10933 4
10934 7
10935 11
10936 2
10937 4
10938 8
10939 4
10940 2
10941 4
10942 4
10943 4
10945 1
10946 4
10947 4
10948 3
10949 3
10950 2
10951 8
10952 3
10953 3
10954 10
10955 5
10957 6
10958 10
10960 2
10961 7
10962 2
10963 1
10964 2
10965 5
10966 3
10967 2
10968 6
10969 6
10970 3
10971 3
10972 2
10973 8
10974 4
10976 5
10977 5
10978 3
10979 3
10980 12
10981 5
10983 3
10984 10
10985 4
10986 3
10987 5
10988 5
10989 1
10990 4
10991 11
10992 2
10993 1
10994 6
10995 5
10996 2
10997 2
10998 5
10999 4
11000 2
11001 2
11002 5
11003 9
11004 3
11005 1
11006 9
11007 7
11009 1
11010 9
11011 2
11013 5
11014 10
11015 1
11016 2
11017 6
11018 7
11020 3
11021 4
11022 5
11023 3
11024 2
11025 9
11026 4
11027 1
11028 1
11029 10
11030 3
11031 1
11032 2
11033 8
11034 3
11036 6
11037 10
11039 3
11040 13
11041 6
11042 2
11043 7
11044 6
11045 1
11046 3
11047 3
11048 3
11049 2
11050 3
11051 3
11052 4
11053 3
11054 5
11056 2
11057 5
11059 6
11060 5
11062 5
11063 10
11064 3
11065 5
11066 5
11067 4
11069 7
11070 3
11071 3
11072 3
11073 4
11074 5
11075 3
11076 3
11077 3
11078 2
11079 4
11080 5
11081 5
11082 2
11083 2
11084 3
11085 4
11086 7
11087 3
11088 3
11089 5
11090 6
11091 3
11092 7
11093 3
11094 2
11095 1
11096 9
11097 2
11098 1
11099 5
11100 5
11102 4
11103 8
11105 2
11106 7
11107 2
11108 3
11109 6
11110 3
11111 1
11112 2
11113 3
11114 7
11115 2
11116 3
11117 3
11118 4
11119 2
11120 5
11121 5
11122 6
11123 4
11124 2
11125 6
11126 5
11127 2
11128 6
11129 6
11130 2
11131 3
11132 4
11133 4
11134 1
11135 5
11136 3
11137 1
11138 2
11139 2
11140 3
11141 3
11142 3
11143 4
11144 5
11145 1
11146 4
11147 2
11148 9
11149 2
11150 1
11151 5
11152 9
11153 1
11154 2
11155 5
11156 1
11158 5
11159 9
11162 4
11163 5
11164 2
11165 1
11166 7
11167 3
11168 3
11169 4
11170 8
11171 6
11172 3
11173 3
11174 9
11175 4
11177 5
11178 7
11181 6
11182 4
11183 2
11184 1
11185 7
11186 1
11187 1
11188 2
11189 11
11190 2
11191 1
11192 6
11193 9
11194 3
11195 2
11196 3
11197 6
11198 2
11199 2
11200 3
11201 4
11202 1
11203 2
11204 6
11205 3
11206 1
11207 3
11208 8
11209 3
11211 3
11212 4
11213 2
11214 4
11215 6
11216 3
11217 1
11218 2
11219 7
11220 4
11221 3
11222 4
11223 2
11224 3
11225 4
11226 3
11227 3
11228 2
11229 2
11230 5
11231 4
11232 3
11233 4
11234 5
11235 2
11236 1
11237 1
11238 5
11239 2
11240 3
11241 3
11242 1
11243 2
11244 2
11245 4
11246 3
11247 2
11248 2
11249 5
11250 4
11251 1
11252 4
11253 4
11254 3
11255 3
11256 4
11257 6
11258 4
11259 4
11260 5
11261 4
11262 3
11263 3
11264 4
11265 3
11266 1
11268 3
11269 1
11270 3
11271 3
11272 6
11273 2
11274 2
11275 6
11276 8
11277 5
11278 3
11279 5
11280 4
11281 3
11282 3
11283 4
11284 1
11285 3
11286 4
11287 3
11288 4
11289 5
11290 2
11291 4
11292 6
11293 1
11294 3
11295 5
11296 3
11297 2
11298 5
11299 4
11300 3
11301 2
11302 2
11303 6
11304 4
11305 3
11306 4
11307 4
11308 5
11309 2
11310 4
11311 5
11312 4
11313 2
11314 6
11315 6
11316 1
11317 3
11318 3
11319 4
11320 3
11321 6
11322 2
11323 2
11324 5
11325 3
11326 6
11327 2
11328 2
11329 1
11330 5
11331 4
11332 2
11333 1
11334 7
11335 6
11336 1
11337 4
11338 9
11339 3
11340 2
11341 5
11342 6
11343 4
11344 4
11345 3
11346 5
11347 2
11348 2
11349 6
11350 4
11351 3
11352 3
11353 2
11354 5
11355 3
11356 1
11357 6
11358 5
11359 2
11360 5
11361 10
11362 4
11363 3
11364 9
11365 3
11366 3
11367 2
11368 4
11369 3
11370 2
11371 4
11372 3
11373 2
11374 1
11375 5
11376 4
11377 5
11379 4
11380 5
11381 7
11382 2
11383 10
11384 3
11386 2
11387 11
11388 5
11389 1
11390 3
11391 7
11392 1
11393 1
11394 8
11395 4
11397 5
11398 10
11399 4
11400 2
11401 6
11402 3
11403 2
11404 3
11405 2
11406 8
11407 4
11408 1
11409 5
11410 9
11411 1
11412 1
11413 8
11414 1
11415 1
11416 3
11417 8
11418 3
11420 5
11421 11
11423 3
11424 7
11425 5
11426 2
11427 3
11428 5
11429 5
11430 3
11431 2
11432 8
11433 6
11434 1
11435 1
11436 6
11437 3
11439 2
11440 7
11441 1
11442 1
11443 12
11444 8
11446 5
11447 8
11448 4
11449 3
11450 5
11451 2
11452 1
11453 4
11454 6
11455 6
11456 3
11457 2
11458 3
11459 5
11460 4
11461 2
11462 7
11463 4
11465 4
11466 11
11467 5
11468 1
11469 5
11470 7
11471 2
11472 5
11473 5
11474 5
11475 3
11476 2
11477 5
11478 3
11479 2
11480 4
11481 4
11482 2
11483 4
11484 4
11485 1
11486 4
11487 3
11488 5
11489 8
11490 3
11492 8
11493 8
11494 1
11495 4
11496 4
11497 2
11498 2
11499 7
11500 7
11502 4
11503 7
11504 2
11505 4
11506 7
11507 1
11509 5
11510 3
11511 2
11512 4
11514 2
11515 6
11516 2
11517 4
11518 2
11519 3
11520 1
11521 3
11522 4
11523 2
11524 3
11525 2
11526 8
11527 2
11528 6
11529 7
11530 4
11531 4
11532 9
11533 5
11534 2
11535 3
11536 6
11537 2
11538 5
11539 4
11540 3
11541 1
11542 4
11543 3
11544 2
11545 2
11546 4
11547 2
11548 4
11549 4
11550 4
11551 6
11552 2
11553 3
11554 6
11555 8
11558 5
11559 3
11561 5
11562 6
11563 2
11565 3
11566 10
11567 2
11568 1
11569 4
11570 4
11571 1
11572 4
11573 6
11574 4
11576 1
11577 8
11578 6
11580 4
11581 8
11582 1
11583 1
11584 4
11585 7
11587 1
11588 7
11589 6
11591 3
11592 8
11594 1
11595 6
11596 6
11597 1
11598 6
11599 5
11600 4
11601 3
11602 2
11603 3
11604 4
11605 3
11606 1
11607 5
11609 1
11610 1
11611 8
11612 1
11614 2
11615 10
11616 1
11617 3
11618 4
11619 5
11620 2
11621 2
11622 8
11623 4
11624 3
11625 2
11626 2
11627 4
11628 1
11629 5
11630 2
11631 3
11632 2
11633 8
11634 5
11635 3
11636 3
11637 6
11638 4
11639 1
11640 3
11641 7
11642 1
11643 1
11644 6
11645 3
11646 1
11647 2
11648 5
11649 1
11650 3
11651 2
11652 4
11653 2
11654 1
11655 4
11656 5
11657 4
11658 3
11659 3
11660 3
11661 5
11662 4
11663 4
11664 3
11666 3
11667 4
11668 4
11669 1
11670 1
11671 3
11672 4
11673 3
11674 3
11675 3
11676 3
11677 2
11678 5
11679 6
11680 2
11681 3
11682 5
11683 6
11684 3
11685 2
11686 1
11687 6
11688 4
11689 1
11690 5
11691 3
11692 5
11693 2
11694 2
11695 1
11696 5
11697 3
11698 2
11699 1
11700 3
11701 5
11702 4
11703 4
11705 3
11706 4
11707 7
11708 2
11709 3
11710 4
11711 3
11712 3
11713 3
11714 4
11715 3
11716 1
11717 4
11718 5
11719 2
11720 4
11721 1
11722 7
11723 3
11724 5
11725 2
11726 5
11727 3
11728 4
11729 4
11730 1
11731 2
11732 2
11733 4
11734 1
11735 6
11737 5
11738 5
11739 5
11740 5
11741 5
11742 1
11743 3
11744 5
11745 7
11746 3
11747 3
11748 2
11749 2
11750 4
11751 1
11752 4
11753 2
11754 3
11755 3
11756 5
11757 3
11758 3
11759 1
11760 3
11761 3
11762 2
11763 3
11764 10
11765 2
11766 5
11767 9
11768 6
11769 2
11770 2
11771 7
11772 2
11773 2
11774 3
11775 4
11776 1
11777 1
11778 5
11779 1
11780 3
11781 4
11782 4
11783 4
11784 4
11785 2
11786 5
11787 3
11788 2
11789 2
11790 6
11791 3
11793 3
11794 6
11795 1
11796 1
11797 6
11798 6
11800 4
11801 11
11802 3
11803 1
11804 4
11805 4
11806 4
11807 5
11809 6
11810 2
11811 2
11812 5
11813 9
11814 3
11815 2
11816 8
11817 6
11818 4
11819 2
11820 7
11821 1
11822 1
11823 9
11824 10
11825 1
11827 11
11828 4
11829 3
11830 1
11831 6
11832 4
11833 1
11834 3
11835 4
11836 7
11837 2
11838 1
11839 9
11840 4
11841 1
11843 5
11844 3
11846 7
11847 9
11849 3
11850 10
11851 6
11852 1
11853 2
11854 2
11855 4
11856 4
11857 2
11858 8
11859 2
11860 1
11861 3
11862 5
11863 4
11864 1
11865 4
11866 4
11867 2
11868 1
11869 9
11870 7
11871 1
11872 7
11873 12
11874 4
11875 1
11876 9
11877 4
11878 1
11879 2
11880 3
11881 2
11883 5
11884 3
11885 3
11886 3
11887 5
11888 3
11890 5
11891 1
11892 5
11893 2
11895 7
11896 7
11898 4
11899 6
11900 3
11901 1
11902 5
11903 6
11905 3
11906 8
11907 5
11908 1
11909 3
11910 5
11912 4
11913 3
11914 6
11915 2
11916 2
11917 2
11918 8
11919 3
11920 2
11921 2
11922 7
11923 4
11924 2
11925 4
11926 3
11927 2
11928 3
11929 7
11930 3
11931 1
11932 7
11933 5
11934 1
11935 7
11936 5
11937 3
11938 3
11939 7
11940 1
11941 6
11942 5
11943 2
11945 3
11946 2
11947 3
11948 2
11949 3
11950 2
11951 3
11952 4
11953 3
11954 4
11955 5
11956 6
11957 3
11958 9
11959 2
11960 1
11961 6
11962 6
11963 1
11964 2
11965 4
11966 4
11968 4
11969 6
11971 1
11972 4
11973 5
11975 3
11976 4
11977 5
11978 3
11979 2
11980 3
11981 8
11982 1
11983 1
11984 8
11985 7
11987 2
11988 7
11989 2
11990 1
11991 7
11992 7
11994 1
11995 8
11996 4
11997 2
11998 3
11999 5
12000 1
12001 5
12002 2
12003 6
12004 3
12005 1
12006 6
12007 8
12008 1
12010 4
12011 3
12013 2
12014 4
12015 4
12017 4
12018 10
12019 1
12020 1
12021 6
12022 6
12023 1
12024 4
12025 6
12026 2
12027 1
12028 4
12029 3
12030 3
12032 4
12033 1
12034 1
12035 2
12036 4
12037 4
12038 1
12039 1
12040 6
12041 10
12042 1
12044 6
12045 2
12046 1
12047 6
12048 3
12051 3
12052 3
12053 2
12054 2
12055 4
12056 1
12057 2
12058 4
12059 5
12060 2
12062 3
12063 12
12064 3
12065 1
12066 3
12067 7
12068 1
12069 2
12070 2
12071 4
12072 2
12073 1
12074 8
12075 2
12076 2
12077 1
12078 5
12079 1
12080 1
12081 1
12082 4
12083 1
12084 4
12085 4
12086 3
12087 5
12088 2
12089 3
12090 7
12091 4
12092 3
12093 5
12094 3
12095 2
12096 6
12097 3
12098 3
12099 1
12100 1
12101 3
12102 2
12103 4
12104 5
12105 2
12106 3
12107 1
12108 7
12109 3
12110 6
12111 1
12112 3
12113 5
12114 4
12115 2
12116 1
12117 1
12118 3
12119 2
12120 3
12121 3
12122 4
12123 3
12124 3
12125 6
12126 3
12127 5
12128 2
12129 3
12130 4
12131 5
12132 2
12133 2
12134 1
12135 2
12136 4
12137 2
12138 1
12139 2
12140 4
12141 6
12142 2
12143 3
12144 4
12145 2
12146 4
12147 4
12148 7
12149 1
12150 4
12151 3
12152 3
12153 3
12154 2
12155 3
12156 1
12157 4
12159 6
12160 2
12161 2
12163 6
12164 3
12165 4
12166 2
12167 6
12168 4
12169 1
12170 6
12171 6
12172 2
12173 2
12174 5
12175 4
12176 3
12177 5
12178 2
12179 3
12180 2
12181 6
12182 2
12183 2
12184 2
12185 4
12186 1
12187 3
12188 1
12189 4
12191 3
12192 5
12193 4
12194 2
12195 3
12196 6
12197 6
12198 3
12200 4
12201 3
12202 2
12203 2
12204 6
12205 2
12206 2
12207 3
12208 4
12209 2
12210 4
12211 2
12212 2
12213 4
12214 3
12215 5
12216 7
12217 1
12219 6
12220 7
12221 1
12222 1
12223 3
12224 4
12226 3
12227 9
12228 3
12229 1
12230 6
12231 10
12232 4
12233 3
12234 5
12235 4
12236 2
12237 1
12238 2
12239 6
12240 2
12241 1
12242 5
12243 3
12244 3
12246 6
12247 2
12249 3
12250 8
12252 1
12253 8
12254 6
12255 1
12256 3
12257 5
12258 5
12259 2
12260 2
12261 8
12262 2
12263 2
12264 4
12265 6
12266 3
12267 2
12268 2
12269 3
12270 5
12271 3
12272 7
12273 3
12274 2
12275 4
12276 14
12277 3
12279 8
12280 7
12281 3
12282 2
12283 6
12284 2
12285 1
12286 5
12287 7
12288 3
12289 2
12290 4
12291 4
12292 1
12293 4
12295 5
12296 3
12298 6
12299 8
12300 1
12301 1
12302 10
12303 4
12304 3
12305 3
12306 10
12307 2
12308 2
12309 2
12310 8
12311 1
12312 4
12313 4
12314 4
12315 2
12316 4
12317 4
12318 2
12319 5
12320 1
12321 6
12322 6
12323 1
12324 2
12325 9
12326 3
12328 2
12329 4
12330 2
12331 2
12332 5
12333 7
12334 1
12335 6
12336 6
12337 2
12338 5
12339 5
12340 2
12341 2
12342 4
12343 2
12344 5
12345 1
12346 2
12348 4
12349 2
12350 3
12352 3
12353 2
12354 3
12355 5
12356 1
12357 2
12358 6
12359 5
12360 3
12361 7
12362 7
12363 4
12364 4
12365 8
12366 3
12367 2
12368 4
12369 5
12370 2
12371 3
12372 4
12373 2
12374 1
12375 5
12376 3
12378 1
12379 6
12380 3
12381 5
12382 4
12383 2
12384 4
12385 3
12386 1
12387 5
12388 6
12390 1
12391 5
12392 1
12393 1
12394 4
12395 6
12397 2
12398 6
12399 8
12400 1
12401 2
12402 4
12403 4
12404 3
12405 3
12406 4
12407 2
12408 2
12409 3
12410 5
12411 4
12412 1
12413 2
12414 4
12415 2
12416 1
12417 3
12418 4
12419 1
12420 2
12421 10
12422 4
12423 1
12424 6
12425 6
12427 2
12428 5
12429 3
12430 1
12431 6
12432 4
12433 3
12435 3
12436 3
12437 4
12438 1
12439 1
12440 6
12441 1
12443 4
12444 10
12447 7
12448 6
12450 3
12451 5
12453 1
12454 2
12455 7
12456 2
12457 1
12458 4
12459 3
12460 2
12461 1
12462 7
12463 2
12465 2
12466 12
12467 4
12468 1
12469 2
12470 11
12471 3
12473 3
12474 7
12475 1
12476 2
12477 5
12478 3
12480 3
12481 6
12482 1
12484 4
12485 3
12487 4
12488 3
12489 1
12490 2
12491 1
12492 1
12493 5
12494 3
12495 1
12496 4
12497 2
12498 1
12499 3
12500 4
12501 1
12503 1
12504 6
12505 3
12506 3
12507 4
12508 1
12509 3
12510 3
12511 5
12512 2
12513 2
12514 4
12515 2
12516 6
12517 2
12519 2
12520 4
12521 3
12522 1
12523 3
12524 2
12525 4
12526 4
12527 2
12528 1
12529 3
12530 5
12532 3
12533 3
12534 2
12535 1
12536 6
12537 1
12538 3
12539 3
12540 3
12541 2
12542 2
12543 2
12544 3
12545 3
12546 2
12547 2
12548 4
12549 1
12550 5
12551 4
12552 3
12553 3
12554 3
12555 4
12556 1
12557 2
12558 2
12559 3
12560 3
12561 2
12562 4
12563 2
12564 1
12565 4
12566 3
12567 3
12568 3
12569 2
12570 5
12571 5
12572 2
12573 7
12574 1
12576 5
12577 4
12578 4
12579 3
12580 3
12581 4
12583 5
12584 3
12585 2
12587 2
12588 6
12589 4
12590 2
12591 1
12592 3
12593 1
12594 1
12595 4
12596 2
12597 4
12598 3
12599 5
12600 6
12601 2
12602 2
12603 5
12604 4
12605 1
12607 5
12608 2
12609 1
12610 1
12611 9
12613 2
12614 3
12615 7
12616 4
12617 2
12618 3
12619 7
12620 3
12622 5
12623 5
12624 1
12626 3
12627 2
12629 1
12630 7
12631 2
12633 4
12634 10
12635 3
12636 1
12637 4
12638 5
12639 5
12640 4
12641 1
12642 3
12643 2
12644 5
12645 5
12646 3
12647 1
12648 2
12649 6
12650 3
12651 1
12652 2
12653 4
12654 3
12655 1
12656 10
12657 4
12658 1
12659 3
12660 7
12661 4
12662 2
12663 3
12664 4
12665 2
12667 4
12668 2
12669 3
12670 3
12671 4
12672 4
12673 3
12674 2
12675 4
12676 1
12677 2
12678 2
12679 10
12680 4
12682 3
12683 9
12684 2
12685 1
12686 1
12687 3
12688 1
12689 4
12690 4
12691 4
12692 1
12693 1
12694 4
12695 1
12696 4
12698 3
12700 1
12701 3
12702 10
12704 1
12705 9
12706 7
12707 3
12708 2
12709 7
12710 2
12711 1
12712 1
12713 6
12714 1
12715 1
12716 7
12717 5
12718 1
12719 5
12720 3
12721 5
12722 3
12723 2
12724 1
12725 4
12726 2
12727 2
12728 8
12729 2
12731 2
12732 4
12733 3
12734 2
12735 4
12736 5
12737 2
12738 4
12739 9
12740 5
12741 1
12742 3
12743 4
12744 3
12745 4
12746 3
12747 3
12748 2
12749 2
12750 1
12751 6
12752 1
12753 1
12754 3
12755 4
12756 5
12757 2
12758 2
12759 3
12760 2
12761 5
12762 5
12763 3
12764 1
12765 8
12766 3
12767 2
12768 6
12769 1
12770 3
12771 4
12772 4
12773 2
12774 4
12775 3
12776 2
12777 1
12778 4
12779 4
12780 2
12781 2
12782 4
12783 1
12784 3
12785 5
12787 2
12788 5
12789 3
12790 3
12791 5
12792 3
12794 7
12795 3
12796 3
12797 1
12798 3
12799 2
12800 2
12801 4
12802 4
12803 1
12804 2
12805 5
12806 3
12807 5
12808 2
12809 3
12810 3
12811 5
12812 1
12813 5
12814 3
12815 1
12816 2
12817 5
12818 4
12819 1
12820 1
12821 4
12822 2
12823 1
12824 9
12825 4
12827 3
12828 9
12829 3
12830 1
12831 4
12832 2
12834 4
12835 3
12836 1
12837 1
12838 2
12839 5
12840 3
12841 1
12843 4
12845 1
12846 2
12847 8
12848 2
12850 7
12851 9
12853 2
12854 8
12855 2
12856 1
12857 4
12858 8
12860 1
12861 5
12862 6
12863 1
12864 1
12865 4
12866 2
12868 1
12869 5
12870 5
12872 2
12873 10
12874 5
12876 2
12877 6
12878 2
12879 2
12880 5
12881 3
12884 5
12885 3
12887 2
12888 4
12890 2
12891 2
12892 4
12895 3
12896 10
12897 2
12898 2
12899 4
12900 7
12902 2
12903 5
12904 2
12905 2
12906 1
12907 7
12908 1
12909 2
12910 4
12911 3
12912 2
12913 2
12914 4
12915 1
12916 2
12917 5
12918 4
12919 5
12920 4
12921 2
12922 3
12923 5
12924 1
12925 3
12926 2
12927 3
12929 6
12930 3
12931 1
12932 1
12933 4
12934 2
12935 2
12936 6
12937 3
12938 1
12939 3
12940 3
12941 2
12942 1
12943 2
12944 2
12945 1
12946 1
12947 5
12948 2
12949 1
12950 2
12951 4
12952 1
12953 4
12954 4
12955 3
12956 5
12957 4
12958 3
12959 3
12960 4
12961 2
12962 1
12963 4
12964 3
12965 1
12966 1
12967 1
12968 3
12969 2
12970 1
12971 1
12972 3
12973 6
12974 2
12975 2
12976 5
12977 3
12978 1
12979 5
12980 2
12981 2
12982 2
12983 3
12984 1
12985 1
12986 2
12988 5
12990 1
12991 4
12992 3
12993 1
12994 1
12995 3
12996 2
12997 3
12998 2
12999 4
13000 4
13001 1
13002 2
13003 6
13004 3
13005 1
13006 5
13007 4
13008 2
13010 6
13011 3
13012 1
13013 3
13014 6
13015 2
13016 1
13017 2
13018 4
13019 1
13020 2
13021 1
13022 5
13023 1
13025 4
13026 3
13027 1
13028 2
13029 7
13030 3
13031 2
13033 3
13034 1
13035 2
13036 1
13037 3
13039 2
13040 4
13041 4
13042 2
13044 2
13045 4
13046 3
13047 2
13048 5
13049 1
13051 2
13052 4
13053 1
13054 1
13055 3
13056 3
13057 1
13059 4
13060 4
13062 2
13063 6
13064 5
13065 3
13066 2
13067 4
13068 3
13069 2
13070 2
13071 3
13072 2
13073 2
13074 5
13075 3
13077 2
13078 6
13079 1
13080 1
13081 1
13082 5
13083 4
13085 4
13086 9
13087 2
13088 2
13089 3
13090 5
13091 2
13092 2
13093 4
13094 2
13096 5
13097 4
13098 3
13099 1
13100 3
13101 1
13102 3
13103 4
13104 4
13105 6
13107 2
13108 7
13109 9
13111 1
13112 7
13113 5
13115 1
13116 2
13117 3
13118 1
13119 8
13120 3
13121 1
13122 3
13123 4
13124 5
13125 2
13126 3
13128 4
13129 3
13130 1
13131 6
13132 4
13133 1
13134 1
13135 6
13136 3
13137 3
13138 3
13139 7
13140 1
13141 2
13142 6
13143 5
13144 2
13145 4
13146 6
13147 3
13148 4
13149 1
13150 2
13151 2
13152 4
13154 3
13155 1
13156 1
13157 3
13158 5
13159 5
13161 1
13162 2
13163 2
13164 2
13165 6
13166 1
13167 1
13168 7
13169 5
13170 1
13171 4
13173 3
13174 3
13175 2
13176 2
13177 4
13178 2
13179 3
13180 4
13181 2
13182 4
13183 2
13184 1
13185 2
13186 2
13187 2
13188 4
13189 1
13191 8
13192 1
13193 2
13194 4
13195 6
13196 2
13197 7
13198 6
13199 1
13200 1
13201 4
13202 3
13203 2
13204 3
13205 4
13206 1
13207 3
13208 4
13209 2
13210 2
13211 3
13212 3
13213 5
13214 7
13215 2
13216 1
13217 3
13218 4
13220 2
13221 2
13223 1
13224 3
13225 1
13226 1
13227 2
13228 4
13229 1
13230 2
13231 10
13232 3
13234 4
13235 5
13237 5
13238 2
13239 3
13240 1
13241 2
13242 4
13243 5
13244 2
13245 2
13246 4
13247 3
13248 3
13250 6
13251 1
13252 1
13253 6
13254 11
13256 1
13257 8
13258 2
13260 3
13261 7
13262 2
13263 2
13264 5
13265 5
13266 2
13267 1
13268 4
13269 5
13270 2
13272 2
13273 3
13274 1
13276 6
13277 5
13279 1
13280 9
13281 4
13282 1
13283 3
13284 5
13285 1
13286 1
13287 4
13288 5
13290 1
13291 4
13292 3
13293 1
13294 3
13295 3
13296 1
13298 4
13299 6
13300 4
13302 3
13303 8
13304 2
13305 1
13306 4
13307 3
13309 2
13310 5
13311 1
13313 6
13314 5
13316 3
13317 5
13318 3
13319 1
13320 5
13321 3
13322 3
13323 1
13324 1
13325 3
13326 3
13328 1
13329 1
13330 2
13332 3
13333 4
13336 6
13337 6
13338 1
13339 3
13340 4
13342 2
13343 3
13344 3
13345 1
13347 4
13348 3
13349 2
13350 1
13351 1
13352 3
13353 1
13354 1
13355 4
13356 1
13357 2
13358 1
13359 7
13360 1
13361 2
13362 3
13363 5
13365 3
13366 2
13367 2
13368 1
13369 4
13370 2
13371 2
13372 3
13373 2
13374 1
13375 3
13376 2
13377 4
13378 1
13379 5
13380 2
13381 4
13382 3
13383 5
13385 4
13386 5
13387 3
13388 2
13391 4
13393 1
13394 2
13395 2
13396 1
13398 2
13399 4
13400 4
13402 4
13403 6
13404 3
13405 3
13406 4
13407 1
13408 2
13409 2
13410 3
13411 2
13412 1
13413 3
13414 3
13415 1
13416 3
13417 3
13418 3
13419 1
13420 2
13421 5
13422 4
13423 1
13424 2
13425 4
13426 2
13428 2
13429 3
13431 2
13432 4
13433 3
13436 5
13437 3
13438 1
13440 6
13442 1
13443 3
13444 6
13446 1
13447 4
13448 6
13449 1
13451 7
13452 3
13453 2
13454 2
13455 5
13456 2
13457 1
13458 4
13459 1
13460 3
13462 3
13463 3
13465 1
13466 6
13467 3
13468 1
13469 2
13470 2
13471 2
13472 3
13473 3
13474 1
13475 1
13476 1
13477 5
13478 4
13480 1
13481 4
13482 2
13483 2
13485 2
13486 1
13487 4
13488 4
13489 5
13491 1
13492 8
13493 4
13494 1
13495 1
13496 6
13497 1
13499 1
13500 2
13501 1
13502 1
13503 3
13504 4
13505 3
13507 2
13508 5
13509 1
13511 2
13512 6
13514 1
13515 6
13516 2
13517 2
13518 1
13519 2
13520 5
13521 2
13522 3
13523 4
13524 3
13525 2
13526 2
13527 1
13528 1
13529 1
13530 1
13531 1
13534 5
13535 5
13538 8
13539 3
13540 2
13541 2
13542 5
13543 2
13544 2
13545 5
13546 3
13547 1
13548 4
13549 6
13550 3
13551 2
13552 6
13553 3
13554 3
13555 5
13556 1
13557 1
13558 1
13559 3
13560 3
13561 6
13562 2
13563 2
13564 3
13565 2
13566 2
13568 4
13569 1
13570 3
13571 5
13572 5
13573 2
13574 2
13575 2
13576 3
13577 4
13578 4
13579 3
13580 2
13581 3
13582 2
13583 3
13584 1
13585 2
13587 4
13588 1
13589 3
13590 2
13591 3
13592 2
13593 1
13594 7
13595 3
13596 2
13597 3
13598 7
13599 1
13600 4
13601 4
13602 2
13603 1
13604 3
13605 2
13606 2
13607 2
13608 4
13609 1
13611 6
13612 4
13613 2
13614 3
13615 4
13616 2
13617 5
13618 2
13619 3
13620 2
13621 6
13622 3
13623 3
13625 3
13626 3
13627 3
13628 2
13629 2
13631 3
13632 1
13633 2
13634 7
13635 1
13636 1
13637 3
13638 4
13640 6
13641 3
13642 1
13643 2
13644 4
13645 2
13646 4
13647 2
13648 2
13649 2
13650 3
13651 2
13652 1
13653 3
13654 2
13655 1
13656 3
13657 9
13658 1
13660 6
13661 7
13662 1
13663 1
13664 5
13665 2
13667 2
13668 2
13669 2
13670 1
13671 3
13672 4
13673 1
13674 1
13676 2
13677 1
13678 1
13679 1
13680 6
13683 7
13684 5
13686 3
13687 6
13688 1
13689 2
13690 1
13691 6
13693 2
13694 5
13695 4
13696 2
13697 2
13698 3
13700 3
13701 1
13702 3
13703 3
13704 2
13705 1
13706 10
13707 2
13709 2
13710 5
13711 1
13712 2
13713 5
13714 2
13716 3
13717 7
13718 2
13719 1
13720 4
13721 5
13723 1
13724 2
13725 3
13726 1
13728 6
13729 4
13731 2
13732 8
13733 2
13735 2
13736 7
13738 1
13739 6
13740 4
13742 1
13743 7
13744 1
13745 1
13746 1
13747 5
13749 1
13750 5
13751 3
13752 4
13753 1
13754 3
13755 4
13756 2
13758 3
13759 3
13760 2
13761 2
13762 4
13763 3
13765 2
13766 6
13767 1
13769 3
13770 3
13771 1
13772 2
13773 4
13774 1
13775 1
13776 1
13777 2
13778 1
13779 1
13780 3
13782 2
13783 2
13784 1
13785 4
13786 1
13787 2
13788 5
13789 7
13790 1
13791 2
13792 3
13793 2
13794 1
13795 3
13796 1
13798 1
13799 2
13800 1
13801 1
13802 3
13803 1
13804 1
13805 3
13806 5
13808 1
13809 4
13810 2
13811 2
13812 3
13813 3
13814 1
13816 2
13817 2
13820 1
13821 3
13822 1
13824 3
13825 2
13828 3
13829 4
13830 1
13831 1
13832 3
13833 3
13834 1
13835 2
13836 3
13837 1
13838 1
13839 5
13840 5
13842 2
13843 3
13844 5
13846 4
13847 2
13848 2
13851 5
13852 1
13853 1
13854 5
13855 3
13856 1
13857 3
13858 3
13859 1
13860 2
13861 5
13862 4
13863 2
13865 1
13866 1
13868 3
13869 2
13870 2
13872 2
13873 3
13874 4
13875 1
13876 1
13877 3
13878 3
13879 1
13880 3
13881 4
13884 2
13885 3
13887 1
13888 4
13889 1
13890 2
13891 1
13892 7
13893 1
13895 4
13896 8
13897 2
13898 1
13899 3
13900 4
13901 1
13903 5
13904 3
13906 1
13907 7
13908 1
13910 1
13911 8
13912 1
13914 1
13915 6
13917 1
13918 7
13919 3
13920 2
13921 2
13922 2
13923 3
13925 2
13926 4
13927 1
13929 6
13930 2
13931 2
13932 1
13933 2
13934 1
13935 4
13936 3
13937 3
13938 1
13939 1
13940 1
13941 6
13942 3
13944 1
13945 3
13946 4
13947 1
13948 3
13949 1
13950 2
13951 3
13952 5
13953 3
13954 1
13955 5
13956 3
13957 1
13958 2
13959 1
13960 1
13961 1
13962 1
13963 1
13964 5
13966 1
13967 2
13968 2
13970 2
13971 2
13972 2
13973 1
13974 1
13975 5
13976 1
13977 2
13978 3
13979 3
13980 3
13981 3
13982 4
13984 3
13985 3
13986 2
13987 1
13988 3
13989 1
13990 4
13991 1
13992 3
13994 2
13995 1
13996 1
13997 3
13998 5
13999 1
14001 6
14002 3
14003 2
14004 2
14005 1
14006 3
14007 3
14008 2
14009 2
14010 3
14011 3
14012 2
14013 4
14014 3
14015 3
14017 2
14018 2
14019 1
14020 3
14021 1
14022 1
14023 1
14024 5
14025 1
14026 1
14027 3
14028 4
14029 3
14030 4
14031 3
14033 2
14034 2
14035 1
14036 1
14037 4
14038 2
14040 4
14041 4
14043 2
14044 6
14045 2
14046 4
14047 5
14048 3
14049 1
14050 2
14051 3
14052 1
14053 2
14054 1
14055 1
14056 1
14057 2
14058 1
14059 1
14060 5
14061 2
14062 1
14063 4
14064 6
14065 2
14066 1
14067 4
14068 3
14069 2
14070 2
14071 2
14072 2
14073 1
14074 2
14075 2
14076 2
14077 1
14078 2
14079 2
14080 5
14081 2
14083 4
14084 2
14085 1
14086 8
14087 5
14089 3
14090 6
14091 2
14093 1
14094 5
14096 2
14097 4
14098 2
14099 1
14100 4
14101 3
14102 2
14103 3
14104 1
14105 2
14106 1
14107 2
14109 6
14110 2
14111 1
14112 1
14113 5
14114 3
14115 1
14116 3
14117 3
14118 1
14119 1
14120 5
14121 3
14123 3
14124 3
14126 2
14127 2
14128 2
14129 1
14131 4
14132 4
14135 6
14136 3
14138 2
14139 7
14142 1
14143 5
14145 1
14146 9
14147 4
14149 3
14150 6
14151 2
14152 2
14153 2
14155 3
14156 1
14158 5
14159 1
14161 1
14162 2
14163 1
14165 2
14166 3
14168 1
14169 8
14170 3
14172 2
14173 5
14175 2
14176 4
14177 1
14178 1
14179 1
14180 3
14181 3
14182 2
14184 1
14185 4
14186 2
14187 2
14188 4
14189 2
14190 1
14191 3
14192 7
14193 1
14195 6
14196 4
14198 2
14200 1
14201 1
14202 2
14203 1
14204 1
14205 1
14206 2
14207 1
14208 2
14209 2
14210 3
14212 3
14213 3
14214 1
14215 3
14216 2
14217 2
14218 1
14219 4
14220 2
14221 2
14222 1
14224 4
14225 1
14226 2
14227 1
14228 3
14229 1
14230 1
14231 2
14232 4
14233 1
14235 3
14236 4
14237 1
14238 2
14239 1
14241 4
14242 1
14243 1
14244 2
14245 3
14246 2
14247 1
14248 2
14249 2
14250 2
14251 1
14252 2
14254 5
14255 2
14257 2
14258 4
14259 1
14261 2
14262 3
14263 1
14264 3
14265 4
14266 1
14268 1
14269 3
14270 1
14271 1
14272 1
14273 2
14276 6
14277 2
14279 1
14280 7
14281 2
14283 1
14284 6
14287 4
14288 4
14289 1
14291 4
14292 1
14293 1
14294 1
14295 4
14298 3
14299 4
14300 1
14302 2
14303 3
14304 1
14306 2
14307 2
14309 1
14310 1
14311 2
14314 5
14315 2
14318 5
14319 1
14320 3
14321 5
14322 2
14324 1
14325 5
14326 3
14328 1
14329 4
14330 1
14332 2
14333 2
14335 1
14336 3
14337 4
14338 1
14340 3
14341 1
14343 1
14344 2
14345 1
14347 2
14348 4
14349 1
14350 2
14351 2
14352 1
14353 2
14354 2
14355 5
14356 2
14357 2
14358 3
14359 5
14361 2
14363 3
14366 1
14367 5
14368 1
14369 1
14370 2
14371 3
14372 1
14374 2
14375 1
14376 1
14377 1
14378 5
14381 6
14382 3
14383 2
14384 2
14385 6
14386 2
14387 2
14388 5
14390 2
14392 4
14393 2
14395 2
14396 2
14397 1
14398 1
14399 2
14400 1
14401 2
14402 1
14403 2
14404 5
14405 2
14406 2
14407 2
14408 1
14409 4
14410 2
14411 1
14412 1
14413 2
14414 2
14415 1
14416 2
14418 3
14420 2
14421 2
14422 3
14423 1
14424 3
14425 3
14426 1
14427 4
14428 2
14429 1
14430 3
14431 4
14433 4
14435 2
14436 2
14437 1
14438 2
14440 3
14441 1
14442 1
14444 7
14445 1
14446 1
14447 1
14448 3
14449 1
14450 4
14451 2
14452 2
14453 2
14454 3
14455 4
14456 1
14457 2
14459 4
14460 1
14461 2
14462 1
14463 2
14464 1
14465 2
14466 2
14467 2
14469 1
14470 5
14471 3
14472 2
14473 1
14474 4
14476 3
14477 2
14478 2
14479 1
14480 2
14482 1
14483 2
14484 1
14486 2
14487 4
14489 3
14490 6
14492 1
14493 4
14494 4
14496 2
14497 3
14498 1
14500 2
14502 2
14503 3
14504 4
14505 1
14506 1
14507 1
14508 2
14510 2
14512 2
14513 2
14515 1
14516 7
14517 1
14519 3
14520 5
14522 2
14523 5
14524 3
14526 4
14527 5
14528 1
14529 2
14530 3
14532 1
14533 3
14534 1
14535 3
14537 2
14538 2
14539 4
14541 1
14542 5
14543 3
14545 2
14546 6
14549 8
14550 4
14552 2
14553 5
14554 4
14555 1
14557 2
14558 3
14559 1
14560 1
14561 6
14563 1
14564 1
14565 6
14566 1
14567 1
14568 1
14569 5
14570 1
14572 6
14573 4
14575 2
14576 6
14577 1
14578 1
14579 2
14580 1
14581 1
14582 1
14583 2
14584 2
14585 1
14588 1
14589 4
14590 1
14591 1
14592 3
14593 2
14594 2
14595 6
14596 3
14598 5
14599 5
14601 2
14602 1
14603 2
14605 1
14606 2
14607 1
14609 1
14610 2
14611 1
14612 1
14613 2
14615 1
14616 1
14618 3
14621 4
14622 4
14623 1
14624 1
14625 4
14626 1
14628 5
14629 1
14631 1
14632 4
14635 2
14636 1
14638 3
14639 2
14640 1
14641 1
14642 1
14644 3
14645 1
14646 2
14648 2
14650 2
14652 1
14653 1
14654 2
14655 2
14658 2
14659 1
14661 3
14662 4
14664 2
14665 3
14666 1
14667 2
14668 1
14669 1
14671 2
14673 3
14675 2
14676 1
14677 2
14678 1
14679 2
14680 2
14683 1
14684 5
14686 1
14687 4
14688 1
14690 3
14691 3
14693 1
14694 3
14695 4
14696 1
14697 1
14698 1
14699 1
14701 1
14702 3
14703 1
14705 2
14706 4
14707 3
14709 1
14710 5
14711 2
14713 2
14714 4
14717 3
14718 2
14720 1
14721 4
14723 1
14724 3
14725 5
14728 4
14729 5
14730 1
14731 1
14732 4
14733 3
14734 1
14736 4
14737 1
14739 2
14740 4
14743 5
14744 3
14745 1
14746 1
14747 1
14748 2
14750 1
14751 3
14753 1
14754 2
14755 1
14758 3
14759 1
14761 2
14762 2
14763 1
14764 1
14765 2
14766 1
14767 2
14768 1
14769 3
14770 4
14772 1
14773 1
14774 1
14777 1
14780 1
14781 3
14782 1
14784 4
14785 2
14786 2
14787 1
14788 5
14789 2
14791 1
14792 1
14793 2
14797 1
14798 1
14800 1
14801 1
14802 1
14804 1
14806 1
14807 1
14808 1
14809 1
14810 2
14811 5
14812 1
14813 2
14815 4
14816 1
14817 2
14818 1
14819 1
14821 4
14822 1
14823 1
14824 3
14827 1
14828 2
14830 4
14831 1
14832 2
14833 1
14834 4
14835 3
14836 3
14838 2
14839 3
14840 1
14841 2
14842 1
14843 3
14844 2
14845 2
14846 1
14847 3
14848 1
14850 1
14851 3
14852 1
14853 3
14855 1
14856 2
14857 1
14858 1
14859 1
14860 2
14862 3
14863 1
14864 1
14866 1
14867 2
14870 3
14871 1
14872 1
14873 5
14874 4
14875 1
14876 1
14877 4
14878 2
14879 3
14880 1
14881 3
14883 1
14884 1
14885 1
14886 2
14887 1
14888 2
14889 2
14890 2
14892 2
14893 5
14894 1
14896 4
14897 3
14898 1
14899 1
14900 2
14902 2
14903 2
14905 1
14906 1
14907 5
14908 1
14911 3
14913 4
14914 1
14915 1
14917 2
14918 3
14919 5
14922 4
14923 3
14924 1
14926 3
14929 4
14930 4
14932 1
14933 5
14934 1
14935 1
14936 2
14937 2
14940 2
14942 3
14944 1
14945 2
14946 3
14948 1
14949 2
14950 2
14952 3
14953 3
14954 2
14956 1
14957 2
14959 1
14960 1
14961 1
14962 1
14964 3
14965 3
14966 1
14968 5
14969 2
14970 1
14971 1
14972 5
14975 2
14976 4
14978 2
14979 8
14980 2
14982 1
14983 4
14984 1
14985 3
14989 2
14991 2
14992 2
14993 1
14994 1
14995 1
14996 1
14998 4
14999 1
15001 3
15002 6
15003 1
15005 3
15006 3
15008 1
15009 4
15010 2
15011 1
15012 1
15013 4
15014 1
15015 1
15017 1
15018 1
15019 2
15020 2
15021 1
15022 2
15023 1
15024 5
15025 2
15026 1
15027 1
15028 7
15029 1
15031 3
15032 2
15035 2
15036 1
15038 1
15039 1
15041 2
15042 2
15044 1
15045 1
15046 1
15047 1
15048 2
15050 2
15051 3
15052 2
15053 1
15055 1
15056 1
15058 2
15059 1
15061 2
15062 3
15064 4
15065 2
15067 1
15068 4
15069 1
15070 2
15071 1
15072 1
15074 2
15076 1
15078 3
15079 1
15080 1
15081 2
15082 1
15083 2
15084 1
15085 1
15086 1
15087 5
15090 1
15091 3
15095 1
15097 1
15098 2
15102 2
15105 2
15109 3
15110 1
15113 6
15114 1
15116 2
15117 4
15119 1
15120 3
15121 4
15123 1
15124 2
15125 1
15127 3
15128 2
15130 1
15131 2
15132 1
15133 1
15134 1
15136 1
15137 1
15140 1
15142 1
15143 3
15147 5
15148 1
15149 1
15150 1
15151 4
15152 1
15153 2
15154 3
15157 1
15158 3
15161 1
15162 1
15163 1
15165 2
15166 2
15168 1
15169 5
15170 4
15172 1
15173 4
15174 1
15176 1
15177 1
15180 3
15182 1
15184 3
15186 1
15188 6
15189 1
15191 2
15192 5
15194 1
15195 1
15196 3
15199 1
15200 2
15202 1
15203 2
15204 1
15206 1
15207 1
15208 1
15210 2
15211 1
15213 2
15214 4
15215 1
15216 1
15217 1
15218 3
15219 2
15220 2
15221 3
15223 1
15224 2
15225 1
15226 1
15228 1
15232 2
15233 1
15236 1
15237 2
15238 1
15239 1
15242 2
15243 1
15245 1
15246 2
15247 1
15251 1
15253 1
15254 2
15255 2
15256 1
15257 1
15258 3
15259 2
15261 1
15262 2
15263 2
15269 2
15270 1
15271 1
15272 1
15273 1
15274 1
15276 2
15277 3
15280 1
15281 1
15284 2
15286 2
15287 2
15288 2
15289 1
15290 2
15291 2
15292 1
15293 2
15294 1
15296 2
15297 1
15298 2
15299 2
15302 3
15303 3
15304 1
15305 2
15306 1
15307 2
15309 2
15310 3
15311 1
15313 1
15314 1
15316 1
15317 1
15318 1
15319 1
15320 2
15321 1
15322 2
15323 1
15325 2
15326 2
15327 1
15329 2
15330 1
15333 4
15336 3
15337 4
15339 1
15340 2
15341 1
15343 1
15345 2
15348 3
15349 4
15350 1
15352 2
15353 2
15356 4
15357 1
15359 4
15360 3
15361 1
15362 1
15363 3
15365 1
15366 2
15367 2
15368 2
15370 2
15371 2
15372 1
15375 3
15378 2
15379 2
15381 1
15382 7
15383 1
15385 2
15386 4
15387 2
15388 2
15391 1
15392 1
15394 1
15396 2
15397 1
15398 1
15399 1
15400 1
15401 1
15402 1
15403 1
15404 2
15405 3
15406 2
15407 1
15408 3
15409 3
15412 3
15415 1
15417 1
15422 3
15423 1
15424 1
15425 1
15426 1
15427 2
15428 4
15429 1
15431 5
15432 2
15434 1
15435 2
15439 2
15443 1
15444 1
15445 1
15448 1
15450 1
15452 1
15453 1
15454 5
15455 2
15456 1
15457 1
15458 2
15459 2
15460 1
15461 3
15462 1
15464 2
15465 3
15468 1
15470 1
15471 2
15473 1
15474 2
15477 2
15478 1
15481 2
15483 1
15485 1
15486 1
15487 2
15488 2
15491 1
15492 1
15494 3
15495 1
15497 1
15498 2
15501 1
15502 1
15504 2
15505 1
15508 2
15509 1
15511 1
15513 1
15516 2
15517 2
15520 3
15522 1
15523 1
15524 2
15526 2
15527 3
15528 2
15529 1
15530 3
15531 2
15533 1
15534 1
15536 1
15537 1
15539 3
15542 1
15543 2
15546 1
15547 1
15550 4
15553 1
15554 3
15557 2
15561 3
15565 3
15568 1
15569 1
15572 3
15573 2
15576 5
15577 3
15579 1
15580 2
15583 2
15587 2
15591 2
15594 2
15595 2
15596 1
15598 1
15599 2
15600 1
15603 2
15606 2
15610 3
15614 1
15617 2
15618 2
15621 3
15622 2
15625 1
15626 2
15628 1
15631 1
15632 1
15635 1
15636 1
15639 1
15640 1
15642 1
15643 2
15644 2
15645 1
15646 1
15647 2
15649 2
15651 2
15655 1
15657 2
15661 1
15662 3
15663 2
15665 2
15666 3
15667 1
15668 1
15669 1
15671 1
15672 1
15673 2
15674 1
15675 1
15677 2
15678 1
15679 1
15680 2
15683 1
15684 3
15687 1
15689 1
15692 1
15693 1
15695 3
15696 1
15699 2
15702 1
15703 1
15705 1
15706 4
15707 1
15708 1
15709 1
15710 2
15711 1
15712 2
15713 1
15714 2
15716 1
15719 1
15721 2
15722 1
15723 2
15725 2
15726 1
15727 1
15728 1
15730 1
15732 1
15736 4
15739 1
15740 4
15743 2
15744 1
15745 1
15746 1
15747 1
15748 1
15749 1
15751 3
15752 2
15755 3
15759 2
15762 2
15763 3
15765 1
15766 3
15767 1
15768 1
15769 1
15770 1
15779 1
15781 1
15782 1
15785 3
15789 1
15793 1
15796 1
15797 2
15799 1
15800 2
15801 1
15803 1
15804 1
15805 1
15808 2
15809 1
15811 2
15812 5
15813 1
15815 3
15816 1
15817 2
15818 1
15822 3
15823 1
15825 1
15826 1
15827 1
15830 1
15831 3
15834 3
15835 4
15838 3
15839 1
15842 1
15846 2
15848 1
15850 1
15851 1
15852 2
15855 2
15856 1
15857 3
15860 1
15861 3
15864 2
15865 1
15868 2
15869 1
15870 1
15871 2
15873 1
15874 2
15875 1
15877 1
15880 1
15884 3
15885 2
15886 1
15887 1
15889 1
15891 2
15895 2
15896 1
15897 2
15900 1
15901 1
15902 1
15904 2
15905 1
15906 1
15907 1
15911 3
15913 2
15914 1
15917 2
15919 1
15920 1
15923 2
15924 1
15927 1
15929 1
15930 1
15933 1
15934 1
15935 1
15936 1
15940 1
15946 2
15947 1
15949 1
15950 2
15952 1
15953 1
15954 2
15956 1
15957 2
15960 2
15963 1
15965 1
15967 1
15972 1
15976 4
15979 1
15980 4
15982 1
15983 3
15984 1
15986 1
15987 2
15990 1
15991 3
15994 1
15995 1
15998 1
15999 1
16001 1
16002 4
16003 1
16005 2
16006 3
16009 1
16013 3
16014 1
16017 1
16020 1
16021 2
16024 1
16025 2
16028 1
16029 2
16031 1
16035 1
16039 1
16043 2
16046 3
16047 1
16050 2
16052 2
16054 1
16057 1
16061 1
16062 1
16065 2
16068 1
16069 1
16083 1
16087 2
16091 1
16092 1
16095 2
16096 1
16101 1
16102 1
16103 2
16105 2
16107 1
16109 3
16113 1
16117 1
16119 1
16120 2
16122 1
16124 2
16125 1
16126 2
16130 1
16131 2
16135 1
16136 1
16139 1
16140 1
16143 1
16144 1
16147 2
16148 1
16151 3
16152 1
16154 1
16155 2
16158 2
16159 1
16162 2
16166 4
16169 3
16170 3
16173 3
16174 1
16181 1
16182 1
16185 1
16188 1
16191 1
16192 2
16195 2
16196 1
16199 2
16200 1
16203 4
16207 1
16214 2
16215 2
16218 2
16219 1
16220 1
16221 1
16225 2
16229 1
16230 1
16234 1
16237 1
16238 1
16240 1
16241 4
16245 1
16252 1
16255 1
16257 1
16260 3
16261 1
16264 3
16268 1
16269 1
16270 1
16271 2
16272 1
16274 1
16275 1
16278 1
16283 1
16286 2
16287 3
16288 1
16290 3
16292 2
16294 2
16297 1
16298 1
16301 1
16303 2
16304 1
16305 1
16307 2
16309 2
16311 1
16313 1
16316 1
16320 1
16321 1
16323 1
16327 2
16330 1
16333 1
16337 2
16338 1
16339 1
16341 2
16342 1
16343 2
16345 1
16348 1
16349 2
16353 1
16355 1
16357 1
16359 3
16360 3
16362 1
16363 3
16364 1
16366 1
16370 1
16379 2
16383 2
16386 2
16387 1
16390 1
16394 3
16398 2
16401 1
16402 1
16405 1
16406 1
16409 3
16410 1
16413 1
16416 1
16428 2
16432 3
16435 1
16436 1
16439 2
16443 3
16452 1
16454 1
16455 1
16458 1
16459 1
16461 1
16465 3
16469 1
16476 2
16477 1
16480 2
16481 1
16484 1
16487 1
16495 3
16498 1
16499 2
16504 1
16506 1
16508 1
16510 1
16511 1
16512 1
16528 2
16529 1
16532 1
16535 1
16539 2
16543 2
16547 2
16554 1
16558 1
16561 1
16565 1
16569 2
16572 1
16576 2
16577 1
16578 1
16579 1
16582 1
16583 1
16587 1
16588 1
16591 1
16594 1
16596 1
16598 1
16599 1
16600 1
16603 1
16614 1
16617 1
16618 2
16621 1
16622 1
16625 1
16629 2
16630 1
16633 2
16634 1
16637 1
16640 1
16641 1
16643 1
16644 4
16645 2
16647 1
16648 2
16651 1
16655 3
16656 1
16663 2
16667 2
16668 1
16671 1
16672 1
16673 1
16677 1
16678 1
16684 1
16689 1
16690 1
16693 1
16694 1
16701 1
16703 1
16704 1
16706 1
16707 1
16710 1
16712 1
16714 1
16716 2
16718 1
16720 1
16724 1
16727 1
16729 1
16730 1
16733 1
16735 1
16736 1
16737 1
16739 1
16740 1
16744 1
16746 2
16750 1
16755 1
16759 1
16762 1
16763 1
16766 1
16767 2
16769 1
16773 1
16779 1
16782 1
16783 1
16787 1
16789 1
16790 1
16793 2
16798 1
16800 1
16805 1
16809 2
16811 1
16812 2
16813 1
16815 1
16816 2
16817 1
16828 1
16834 1
16835 1
16838 2
16839 1
16846 2
16852 1
16853 1
16855 1
16857 2
16861 1
16862 1
16864 1
16868 1
16869 1
16879 1
16883 1
16884 2
16895 2
16898 1
16901 1
16902 1
16911 1
16913 1
16917 1
16918 1
16934 1
16935 1
16936 1
16938 1
16939 1
16942 1
16946 1
16950 1
16952 1
16954 1
16956 1
16958 1
16964 1
16969 1
16972 1
16976 1
16980 1
16981 1
16984 1
16985 1
16987 1
16990 1
16991 1
16994 1
16999 1
17002 2
17003 1
17006 1
17007 1
17013 1
17021 1
17024 1
17025 1
17028 3
17032 1
17036 1
17046 1
17047 2
17050 1
17051 1
17054 1
17058 1
17074 2
17077 1
17081 1
17085 1
17087 1
17093 1
17095 1
17097 1
17102 1
17103 2
17104 2
17107 2
17108 1
17119 2
17123 2
17127 1
17130 1
17136 1
17137 1
17138 1
17140 1
17142 1
17144 1
17151 1
17155 1
17166 1
17170 2
17172 1
17173 1
17176 2
17178 1
17182 1
17185 1
17192 2
17196 3
17203 1
17212 1
17219 1
17230 1
17234 1
17239 1
17242 3
17252 1
17261 1
17265 1
17268 2
17272 2
17276 1
17285 1
17286 1
17287 1
17290 1
17291 1
17294 1
17298 2
17309 1
17315 1
17320 1
17321 1
17327 1
17337 1
17338 1
17341 2
17342 1
17344 1
17361 1
17372 1
17376 1
17380 1
17410 2
17412 1
17416 1
17427 1
17431 1
17432 1
17436 1
17443 1
17447 1
17450 2
17451 1
17454 2
17458 1
17459 1
17462 1
17473 1
17476 1
17477 3
17480 2
17484 1
17488 1
17496 1
17500 1
17506 1
17510 1
17511 1
17517 1
17533 1
17547 1
17549 1
17560 1
17561 1
17569 2
17573 1
17576 1
17578 1
17579 1
17582 1
17596 1
17599 1
17600 1
17612 1
17615 1
17618 1
17622 2
17625 1
17626 1
17633 1
17645 2
17650 1
17655 1
17667 1
17671 2
17685 1
17688 1
17690 1
17694 2
17702 1
17717 2
17718 1
17720 1
17724 1
17728 1
17737 1
17744 1
17746 1
17750 1
17751 1
17768 1
17772 1
17787 1
17793 1
17809 1
17813 1
17816 1
17835 1
17839 1
17853 1
17857 1
17861 1
17880 1
17895 1
17906 1
17910 1
17914 1
17917 1
17920 1
17928 1
17934 1
17936 2
17940 1
17952 1
17958 1
17963 1
17969 1
17972 1
17984 1
18003 1
18006 1
18025 1
18028 1
18029 1
18036 1
18059 1
18074 1
18075 1
18085 2
18093 1
18097 1
18101 1
18105 1
18120 1
18148 1
18154 1
18160 1
18171 1
18174 1
18175 1
18176 1
18212 1
18243 1
18265 1
18268 1
18276 1
18309 1
18313 1
18317 1
18320 1
18366 1
18394 1
18409 1
18411 1
18415 1
18429 1
18432 2
18458 1
18462 1
18478 1
18488 1
18549 1
18551 1
18553 1
18557 1
18560 1
18600 1
18622 1
18649 1
18672 1
18702 1
18728 1
18739 1
18750 1
18769 1
18791 1
18835 1
18892 1
18907 1
18918 1
19009 1
19075 1
19142 1
19153 1
19295 1
19366 1
19382 1
19393 1
19455 1
19535 1
19739 1
20199 1
End
