NMec = 97746
T = 18
P = 1
Profits not ignored
Valid tasks:                                                             2873
Solution time = 6.736e-05
Task data
    5  19  1006 0
   15  22   776 -1
   17  28  1427 -1
   23 178 19687 -1
   28  39  1314 -1
   28  46  1883 0
   32  45  1411 -1
   41  57  1511 -1
   56  65  2353 0
   67  83  1737 0
   88  96  1156 -1
   89 100  1537 -1
   92 166 16573 0
   96 111  2067 -1
  102 107   471 -1
  102 116  2749 -1
  118 139  3931 -1
  158 166  1272 -1
Best profit: 23552
All profits:
0 1
471 1
776 1
1006 1
1156 1
1247 1
1272 1
1314 1
1411 1
1427 1
1477 1
1511 1
1537 1
1627 1
1737 1
1743 1
1785 1
1882 1
1883 1
1898 1
1932 1
1982 1
2008 1
2048 1
2067 1
2090 1
2162 1
2187 1
2208 1
2278 1
2287 1
2313 1
2320 1
2353 1
2354 1
2403 1
2417 1
2428 1
2470 1
2513 1
2517 1
2519 1
2543 1
2561 1
2567 1
2583 1
2586 1
2633 1
2658 1
2659 1
2667 1
2683 1
2699 1
2743 1
2749 2
2758 1
2783 1
2784 1
2791 1
2809 1
2824 1
2825 1
2838 1
2843 1
2851 1
2888 1
2889 1
2893 1
2899 1
2938 1
2941 1
2948 1
2964 1
2984 1
2988 1
3009 1
3014 1
3038 1
3039 1
3048 1
3051 1
3054 1
3057 1
3073 1
3129 1
3130 1
3138 1
3148 1
3154 1
3155 1
3164 1
3170 1
3204 1
3214 1
3246 1
3248 1
3254 1
3274 1
3280 1
3296 1
3309 1
3322 1
3339 1
3343 1
3359 1
3360 1
3362 1
3364 1
3381 1
3409 1
3419 1
3420 1
3434 1
3435 1
3443 1
3459 1
3476 1
3478 1
3480 1
3494 1
3509 1
3510 1
3519 1
3522 1
3525 1
3559 1
3573 1
3578 1
3585 1
3592 1
3600 1
3601 1
3619 1
3620 1
3625 1
3626 1
3627 1
3635 1
3667 1
3669 1
3673 1
3675 1
3689 1
3717 1
3719 1
3724 1
3742 1
3745 1
3755 1
3764 1
3780 1
3785 1
3789 1
3804 1
3814 1
3815 2
3824 1
3827 1
3830 1
3831 1
3833 1
3839 1
3855 1
3857 1
3890 1
3891 1
3899 1
3905 2
3914 1
3924 1
3930 1
3931 2
3939 1
3947 1
3950 1
3954 1
3980 1
3981 1
3994 1
4015 1
4021 1
4024 1
4030 1
4044 1
4045 1
4050 1
4054 1
4056 1
4057 1
4063 2
4072 1
4090 1
4091 1
4094 1
4096 1
4097 1
4098 1
4110 1
4115 1
4123 1
4138 1
4140 1
4144 1
4154 1
4157 1
4160 2
4161 1
4165 1
4176 1
4195 1
4196 1
4207 1
4210 1
4213 1
4220 1
4235 1
4236 2
4251 1
4254 2
4256 1
4260 2
4280 1
4285 1
4286 3
4295 1
4298 1
4302 1
4304 1
4310 1
4311 1
4320 2
4323 1
4326 1
4328 1
4345 1
4354 1
4361 1
4362 1
4370 1
4375 1
4387 1
4395 1
4396 1
4401 1
4402 2
4404 1
4410 1
4420 2
4425 1
4426 1
4436 1
4443 1
4452 1
4465 1
4475 1
4484 1
4486 2
4495 1
4515 1
4516 1
4518 1
4520 1
4521 1
4525 1
4528 1
4540 1
4546 1
4561 1
4562 1
4565 1
4568 1
4575 1
4580 1
4581 1
4584 1
4588 1
4594 1
4615 1
4625 1
4626 1
4631 1
4632 2
4636 1
4653 1
4666 1
4667 1
4673 1
4675 1
4678 1
4681 2
4685 1
4691 1
4692 1
4701 1
4707 3
4715 1
4725 1
4726 1
4748 1
4750 1
4751 1
4756 1
4757 1
4766 1
4770 1
4775 1
4776 1
4781 1
4782 1
4785 1
4791 2
4794 1
4797 1
4810 1
4823 1
4833 1
4839 1
4845 1
4846 1
4850 1
4866 1
4867 1
4872 1
4873 1
4875 1
4891 1
4892 2
4896 1
4897 1
4899 1
4905 1
4907 1
4911 1
4914 1
4920 1
4936 2
4937 1
4939 1
4941 1
4945 1
4946 1
4956 1
4983 1
4986 1
4987 1
4989 1
4991 1
4996 1
5005 1
5011 1
5012 1
5017 1
5027 1
5033 1
5036 2
5046 1
5052 1
5059 1
5062 1
5069 1
5076 1
5080 1
5086 1
5087 2
5096 2
5097 1
5099 1
5102 2
5103 1
5118 1
5129 1
5137 1
5138 1
5144 1
5146 1
5156 1
5157 1
5162 1
5163 1
5166 1
5171 1
5172 1
5177 1
5178 1
5180 1
5186 1
5191 1
5196 2
5203 1
5204 1
5213 1
5215 1
5219 2
5222 1
5226 1
5228 1
5231 1
5241 1
5242 1
5245 1
5246 1
5247 1
5252 1
5253 1
5256 1
5262 1
5266 2
5292 1
5294 1
5296 1
5301 1
5310 1
5315 1
5316 2
5317 2
5322 1
5326 1
5329 1
5332 1
5335 1
5337 1
5338 1
5342 1
5344 1
5358 1
5362 1
5363 1
5364 1
5366 1
5367 1
5368 1
5370 1
5391 1
5392 1
5404 1
5407 1
5408 2
5410 2
5412 1
5416 2
5426 2
5429 1
5432 1
5442 1
5448 1
5454 1
5458 1
5461 1
5467 1
5468 2
5479 1
5483 1
5492 1
5501 1
5507 1
5508 1
5517 1
5523 1
5526 2
5532 1
5551 1
5552 2
5557 1
5558 3
5561 1
5567 2
5568 1
5570 1
5574 2
5576 1
5587 1
5592 1
5594 1
5599 1
5600 2
5609 1
5626 1
5627 1
5628 1
5633 1
5634 1
5638 1
5642 2
5647 1
5651 1
5659 1
5662 1
5667 1
5668 3
5674 1
5675 1
5676 1
5684 1
5687 2
5691 1
5692 1
5696 1
5697 2
5698 1
5713 2
5715 1
5716 1
5717 1
5718 1
5724 1
5731 1
5734 1
5737 1
5747 1
5756 1
5758 1
5767 1
5772 1
5773 1
5781 1
5782 1
5787 1
5788 3
5791 1
5793 1
5797 2
5800 2
5809 1
5812 1
5813 1
5814 1
5829 2
5831 2
5833 1
5834 1
5835 1
5837 1
5839 1
5847 2
5852 1
5856 1
5860 1
5863 2
5875 1
5878 1
5881 1
5894 1
5897 2
5898 2
5904 1
5913 2
5926 1
5932 1
5933 1
5938 1
5939 2
5945 1
5947 1
5950 1
5953 1
5957 1
5972 1
5973 2
5979 2
5980 1
5988 1
5991 1
5995 1
5997 2
5998 2
6021 1
6022 1
6023 3
6028 1
6029 1
6032 1
6039 1
6042 1
6047 1
6048 1
6057 1
6063 1
6065 1
6070 1
6077 1
6082 1
6091 1
6092 1
6093 1
6095 1
6098 1
6099 1
6105 1
6108 1
6111 1
6112 1
6118 2
6124 1
6138 1
6139 2
6147 1
6157 1
6162 1
6163 1
6164 1
6167 1
6168 2
6169 2
6177 1
6180 1
6183 1
6186 1
6189 1
6192 2
6202 1
6208 2
6209 1
6210 1
6212 1
6218 2
6221 1
6225 1
6228 1
6244 2
6251 1
6252 1
6253 1
6255 1
6258 2
6259 1
6262 1
6277 2
6283 1
6284 2
6285 1
6300 1
6302 1
6303 1
6305 1
6307 1
6308 1
6318 1
6321 1
6322 1
6331 1
6334 2
6341 1
6347 1
6348 1
6350 1
6352 1
6359 1
6368 1
6369 2
6374 1
6376 1
6390 1
6397 1
6398 1
6401 1
6403 1
6404 1
6409 1
6410 2
6416 2
6418 2
6422 1
6428 1
6429 1
6438 1
6444 3
6448 1
6450 1
6451 1
6452 1
6463 2
6468 1
6473 1
6474 1
6476 1
6485 1
6487 1
6491 1
6492 1
6493 1
6494 1
6498 1
6500 1
6503 1
6507 1
6510 1
6513 2
6514 2
6517 1
6518 1
6519 1
6528 1
6529 1
6534 1
6538 1
6548 1
6549 1
6560 1
6564 3
6566 1
6570 1
6573 2
6576 1
6580 1
6582 1
6583 1
6587 1
6588 1
6589 2
6590 1
6598 1
6604 1
6606 1
6607 1
6609 1
6610 1
6614 1
6629 1
6630 1
6633 1
6634 1
6636 1
6639 3
6640 1
6642 1
6648 1
6651 1
6657 1
6663 1
6664 1
6673 2
6674 1
6676 1
6679 1
6680 3
6681 1
6682 1
6683 1
6688 1
6689 1
6693 1
6698 1
6703 1
6714 1
6715 1
6722 1
6723 1
6724 1
6726 1
6728 1
6730 2
6733 1
6740 2
6742 1
6743 1
6748 1
6749 1
6755 2
6756 1
6764 1
6769 1
6773 2
6774 1
6778 1
6779 1
6782 1
6789 1
6794 1
6799 1
6803 1
6806 1
6818 1
6819 1
6820 1
6823 1
6824 2
6830 1
6833 1
6837 1
6839 2
6840 1
6843 1
6846 1
6859 1
6866 1
6869 2
6871 1
6872 2
6874 1
6875 1
6879 1
6881 2
6895 1
6899 1
6900 1
6903 1
6910 1
6914 1
6915 1
6919 1
6923 1
6928 1
6933 1
6934 1
6940 2
6941 1
6945 2
6947 1
6956 2
6959 2
6963 1
6965 1
6968 1
6969 2
6970 1
6978 1
6979 2
6982 1
6985 4
6988 1
6989 1
6990 1
7003 2
7004 1
7006 1
7020 1
7029 1
7031 1
7034 1
7038 1
7044 1
7045 1
7053 2
7054 2
7060 3
7061 1
7063 1
7069 3
7072 1
7079 2
7081 1
7085 1
7086 1
7095 1
7101 2
7103 2
7104 1
7105 1
7107 1
7111 2
7119 1
7124 1
7128 1
7129 1
7135 2
7144 1
7145 2
7147 1
7150 1
7153 2
7163 1
7166 1
7169 1
7170 1
7175 1
7177 1
7179 1
7185 2
7192 1
7195 1
7198 1
7199 1
7204 1
7205 2
7211 1
7220 1
7224 1
7227 1
7240 1
7244 1
7245 1
7250 1
7252 1
7253 1
7258 1
7260 1
7263 1
7264 1
7267 1
7269 1
7270 1
7274 1
7289 1
7290 1
7291 1
7293 1
7294 1
7295 3
7304 1
7309 1
7311 2
7312 1
7324 1
7336 1
7337 2
7340 1
7342 1
7346 1
7349 1
7350 1
7351 1
7363 1
7364 1
7365 1
7366 1
7370 1
7371 1
7374 1
7375 1
7380 1
7384 1
7390 1
7396 1
7399 1
7405 1
7407 1
7409 1
7411 1
7412 1
7415 1
7422 1
7424 1
7425 1
7429 1
7433 1
7434 2
7435 1
7439 1
7440 2
7441 2
7450 3
7452 1
7453 1
7456 1
7461 1
7464 1
7471 1
7474 1
7482 1
7484 1
7490 1
7493 1
7497 1
7504 1
7506 1
7509 2
7510 1
7516 2
7519 1
7523 1
7524 1
7525 3
7530 1
7531 1
7532 1
7534 2
7549 1
7550 1
7551 1
7556 1
7557 1
7558 1
7566 2
7568 1
7572 2
7574 1
7575 1
7576 1
7579 1
7584 1
7593 1
7594 1
7598 1
7600 2
7604 1
7606 1
7615 1
7619 1
7620 1
7622 1
7635 1
7641 1
7645 1
7648 2
7650 1
7655 1
7663 1
7669 2
7670 1
7673 1
7675 1
7676 2
7682 1
7685 1
7686 1
7688 1
7690 1
7694 1
7695 1
7711 1
7716 2
7717 1
7720 1
7723 1
7732 1
7735 2
7736 1
7745 2
7746 2
7755 1
7758 1
7761 2
7762 1
7764 1
7765 1
7766 1
7770 1
7779 1
7782 1
7785 1
7786 1
7788 1
7801 1
7807 1
7814 1
7820 1
7821 2
7822 1
7829 1
7830 1
7832 1
7836 3
7842 1
7845 3
7848 1
7852 1
7855 2
7861 1
7862 1
7870 1
7878 2
7879 1
7881 1
7885 1
7887 1
7901 1
7904 1
7905 2
7906 2
7911 3
7912 1
7914 1
7920 1
7923 1
7925 1
7929 2
7940 1
7945 2
7946 1
7947 1
7952 1
7953 2
7955 2
7961 1
7962 1
7965 1
7975 2
7976 1
7981 2
7985 1
7987 1
7988 1
7991 1
7994 2
7995 2
7996 1
8000 1
8002 1
8003 1
8012 1
8014 1
8015 1
8020 1
8021 2
8022 1
8025 1
8027 1
8028 1
8029 1
8037 1
8040 1
8041 1
8044 1
8045 1
8046 1
8050 2
8051 1
8054 1
8059 1
8066 2
8069 1
8071 2
8075 2
8078 1
8084 1
8085 1
8087 1
8088 1
8090 1
8091 2
8092 1
8096 1
8107 1
8109 1
8111 1
8113 1
8115 1
8117 1
8126 1
8127 1
8134 1
8135 1
8138 1
8141 3
8144 1
8146 1
8147 1
8151 1
8153 2
8159 1
8166 1
8167 2
8175 1
8182 1
8185 2
8187 1
8188 1
8191 2
8200 1
8205 1
8210 1
8211 1
8213 1
8216 1
8217 4
8226 1
8228 1
8229 1
8233 1
8235 1
8237 1
8241 1
8242 1
8247 1
8250 2
8251 3
8254 1
8257 2
8259 1
8266 1
8275 1
8276 1
8285 2
8286 1
8292 2
8293 1
8301 3
8303 1
8306 2
8310 2
8317 1
8318 1
8325 1
8326 2
8327 1
8332 1
8333 1
8335 1
8341 2
8343 1
8344 1
8348 1
8351 3
8356 1
8357 1
8367 1
8374 1
8376 3
8377 1
8383 2
8396 2
8400 1
8401 1
8406 1
8415 1
8416 1
8417 3
8418 1
8425 1
8426 1
8435 1
8440 1
8445 1
8446 1
8447 2
8449 1
8451 1
8452 1
8456 1
8459 1
8464 1
8465 1
8467 2
8471 2
8477 2
8480 1
8492 2
8493 1
8496 2
8499 1
8506 1
8511 1
8512 1
8515 2
8516 1
8519 1
8522 2
8525 1
8530 1
8531 1
8536 1
8540 1
8546 1
8555 1
8556 1
8557 1
8561 1
8562 1
8563 2
8567 1
8574 1
8578 1
8580 1
8581 1
8583 1
8584 1
8596 1
8597 1
8598 1
8604 1
8606 2
8608 1
8609 2
8612 2
8616 1
8618 1
8622 1
8623 1
8632 1
8638 2
8646 1
8647 1
8656 1
8657 1
8671 1
8675 1
8677 1
8679 1
8681 1
8682 2
8684 1
8687 2
8688 1
8694 1
8696 1
8697 1
8701 1
8705 1
8706 2
8707 1
8712 1
8713 1
8716 1
8722 5
8725 1
8728 1
8729 1
8741 1
8743 1
8754 1
8757 1
8764 1
8770 1
8771 1
8776 1
8777 1
8778 1
8781 2
8782 1
8791 1
8797 3
8798 1
8803 1
8804 1
8806 2
8816 1
8822 1
8823 2
8826 1
8827 1
8828 1
8830 1
8836 1
8838 2
8840 1
8842 1
8844 1
8845 1
8848 2
8851 1
8856 1
8861 1
8867 2
8870 1
8872 2
8876 1
8877 1
8887 2
8907 1
8912 1
8914 1
8917 3
8918 1
8920 1
8922 1
8927 1
8929 1
8935 1
8936 2
8941 1
8942 1
8943 1
8948 1
8957 1
8958 1
8959 1
8961 1
8964 1
8967 2
8977 1
8983 1
8987 1
8989 1
8990 1
8993 1
8995 1
9000 1
9001 1
9004 1
9007 1
9008 1
9011 1
9017 1
9018 1
9026 1
9027 2
9028 1
9030 1
9033 3
9034 1
9046 1
9049 1
9056 1
9060 1
9068 1
9069 1
9075 1
9077 1
9079 1
9086 1
9087 1
9088 1
9093 1
9094 1
9096 1
9097 1
9101 1
9102 1
9103 1
9108 1
9111 1
9117 2
9122 1
9127 2
9135 1
9144 1
9146 1
9147 1
9150 2
9152 1
9153 1
9157 1
9159 3
9162 1
9172 1
9173 1
9176 1
9177 2
9178 2
9183 1
9184 1
9187 1
9193 1
9197 2
9201 1
9212 1
9219 1
9223 1
9225 2
9227 1
9232 1
9234 1
9241 1
9243 1
9246 1
9247 2
9248 2
9253 2
9256 1
9257 1
9260 1
9263 2
9266 1
9267 1
9268 1
9269 1
9275 1
9293 1
9294 1
9295 1
9297 1
9298 2
9299 1
9301 1
9309 2
9312 1
9316 1
9322 2
9323 1
9331 1
9335 1
9338 2
9339 1
9341 2
9343 1
9347 2
9356 1
9357 2
9359 1
9360 1
9363 1
9379 1
9382 1
9385 2
9389 2
9392 1
9398 1
9399 1
9406 2
9407 1
9410 1
9413 1
9414 1
9422 1
9423 1
9425 1
9431 1
9432 1
9438 1
9439 1
9448 1
9454 1
9457 2
9460 1
9463 1
9473 1
9477 1
9482 2
9483 2
9488 1
9489 2
9492 1
9498 3
9499 1
9501 1
9505 2
9507 1
9518 1
9519 1
9522 1
9523 1
9525 1
9528 1
9530 1
9531 2
9538 1
9540 1
9557 2
9558 2
9559 1
9564 1
9565 1
9569 1
9573 3
9578 1
9582 2
9589 1
9590 1
9593 1
9598 1
9599 2
9606 1
9607 1
9615 2
9616 1
9618 2
9620 1
9622 1
9623 1
9624 1
9627 1
9628 2
9629 1
9644 2
9646 1
9648 3
9649 1
9655 1
9662 1
9665 1
9668 1
9677 1
9678 1
9687 1
9689 1
9690 2
9698 1
9703 1
9704 1
9712 2
9713 1
9717 1
9718 1
9719 3
9722 1
9724 1
9728 3
9731 2
9737 1
9739 1
9740 1
9743 1
9749 1
9752 1
9760 1
9762 2
9764 1
9765 1
9766 1
9768 1
9770 1
9778 2
9783 1
9787 3
9788 1
9791 1
9794 2
9803 2
9806 1
9809 1
9812 2
9825 1
9827 1
9828 2
9829 2
9835 1
9844 1
9846 1
9850 1
9852 1
9854 1
9857 1
9863 1
9864 1
9869 1
9870 1
9876 1
9878 3
9881 1
9884 1
9888 1
9903 1
9904 2
9910 1
9911 1
9919 1
9922 1
9926 1
9928 2
9929 1
9947 1
9953 1
9954 4
9959 1
9960 1
9963 1
9970 1
9973 1
9978 1
9979 1
9988 1
9994 2
9996 1
10001 2
10008 1
10013 1
10022 1
10023 1
10026 1
10029 2
10030 1
10036 1
10039 1
10042 1
10043 2
10049 1
10055 1
10069 1
10070 1
10078 1
10085 1
10088 2
10093 1
10094 1
10095 1
10098 2
10099 2
10100 2
10108 1
10111 1
10114 1
10117 1
10120 2
10123 2
10133 2
10139 2
10141 1
10143 1
10149 1
10152 1
10156 1
10159 1
10175 1
10182 1
10183 1
10184 2
10186 1
10189 3
10190 1
10193 1
10201 1
10208 3
10214 1
10215 1
10231 2
10233 2
10234 1
10236 1
10238 1
10239 1
10249 1
10252 1
10253 1
10259 2
10262 1
10265 1
10267 1
10272 1
10273 1
10278 1
10281 1
10283 1
10298 1
10299 1
10300 2
10305 1
10307 1
10315 1
10318 1
10321 1
10328 2
10329 1
10334 1
10335 1
10340 1
10341 2
10347 2
10349 2
10353 1
10359 1
10360 1
10368 1
10369 1
10375 2
10382 1
10383 1
10394 2
10399 1
10404 1
10407 1
10412 1
10416 1
10418 1
10419 1
10422 1
10424 2
10425 1
10431 2
10434 1
10438 1
10441 1
10444 2
10445 1
10449 1
10450 1
10459 1
10460 1
10465 1
10466 1
10469 1
10479 1
10480 1
10491 1
10495 2
10497 1
10501 1
10504 2
10507 1
10511 1
10513 1
10514 1
10515 1
10518 1
10519 1
10520 1
10528 1
10535 1
10537 1
10538 1
10540 1
10541 1
10560 1
10563 1
10564 1
10565 1
10567 1
10570 4
10571 1
10573 1
10579 1
10581 1
10582 1
10588 1
10594 1
10595 1
10604 2
10607 1
10610 1
10611 1
10612 1
10613 1
10614 1
10619 1
10624 1
10629 1
10634 1
10654 3
10655 1
10657 1
10659 1
10661 2
10664 1
10671 1
10673 1
10674 1
10678 1
10679 1
10680 1
10686 1
10694 1
10695 1
10696 1
10704 2
10709 1
10710 1
10720 1
10725 1
10730 1
10734 1
10737 1
10745 1
10749 2
10754 1
10755 1
10764 1
10768 1
10770 3
10771 1
10774 1
10777 1
10790 1
10793 1
10797 1
10800 2
10802 1
10803 1
10805 1
10806 1
10812 2
10830 1
10831 1
10833 1
10834 1
10841 1
10845 1
10854 1
10859 1
10864 1
10865 1
10871 1
10872 1
10876 1
10878 1
10884 1
10887 2
10890 2
10894 1
10896 2
10899 1
10900 1
10909 1
10910 1
10916 3
10920 1
10921 1
10934 2
10937 1
10949 1
10951 1
10960 1
10962 2
10965 1
10969 1
10975 1
10976 1
10984 2
10985 2
10991 2
10994 1
11000 3
11003 1
11010 1
11012 1
11032 1
11034 2
11035 2
11036 1
11038 1
11042 2
11050 1
11055 1
11059 2
11060 1
11066 1
11075 2
11076 1
11078 1
11081 1
11084 2
11094 1
11097 1
11100 1
11101 1
11106 1
11116 1
11123 1
11126 2
11129 1
11130 1
11135 1
11136 1
11150 1
11151 1
11155 1
11175 1
11176 1
11181 1
11183 1
11189 1
11191 1
11194 1
11195 1
11198 1
11200 1
11214 1
11220 1
11225 1
11226 2
11235 1
11240 1
11242 2
11255 1
11265 1
11267 1
11268 2
11273 1
11277 1
11280 1
11294 1
11295 1
11301 1
11302 1
11306 1
11311 1
11315 1
11327 1
11330 1
11336 1
11343 1
11346 1
11353 1
11355 1
11357 1
11360 1
11364 1
11365 2
11366 1
11370 1
11371 1
11372 1
11381 2
11383 1
11392 1
11395 1
11402 1
11405 1
11413 1
11415 1
11424 1
11428 1
11437 1
11440 1
11441 1
11447 1
11450 1
11454 1
11455 1
11456 3
11461 1
11465 2
11480 1
11497 1
11499 1
11503 2
11505 1
11506 1
11507 1
11510 1
11515 1
11524 1
11525 1
11531 2
11546 1
11550 1
11553 1
11566 1
11572 1
11576 1
11579 1
11587 1
11594 1
11600 2
11601 1
11606 1
11607 1
11613 1
11616 1
11619 1
11621 1
11625 1
11647 1
11648 1
11654 1
11663 1
11666 1
11667 1
11676 1
11684 1
11692 1
11696 1
11697 1
11710 1
11713 1
11716 1
11732 1
11738 2
11745 1
11751 1
11752 1
11760 1
11763 1
11767 1
11773 1
11776 2
11779 1
11783 1
11786 1
11809 1
11810 1
11818 1
11832 1
11835 2
11836 2
11837 2
11842 2
11845 1
11851 1
11854 1
11860 2
11871 1
11876 2
11878 1
11884 2
11886 1
11893 1
11896 1
11906 1
11912 1
11922 1
11926 3
11927 1
11931 1
11933 1
11943 1
11945 1
11946 1
11951 1
11952 1
11968 2
11971 1
11975 1
11976 1
11981 2
11982 1
11990 1
11997 2
12002 1
12006 1
12009 1
12015 1
12018 1
12021 1
12040 1
12042 1
12044 1
12046 1
12048 1
12065 2
12066 1
12072 2
12077 1
12078 1
12084 2
12090 1
12105 1
12106 1
12119 1
12131 1
12136 1
12141 1
12144 1
12148 1
12156 1
12159 1
12168 1
12178 1
12181 2
12182 1
12188 1
12197 1
12206 1
12216 1
12217 1
12223 1
12232 2
12234 1
12237 1
12241 2
12248 1
12256 1
12257 1
12272 1
12274 1
12275 1
12279 1
12282 1
12307 4
12308 1
12314 1
12327 1
12331 1
12332 1
12347 1
12348 1
12349 1
12356 1
12366 1
12371 1
12376 1
12378 1
12395 1
12396 1
12398 2
12402 1
12408 1
12411 1
12423 1
12427 1
12446 1
12447 1
12453 2
12461 1
12462 1
12467 1
12471 1
12486 2
12492 1
12505 1
12509 1
12511 1
12512 1
12514 1
12527 1
12537 2
12539 1
12540 1
12549 1
12578 1
12602 1
12606 1
12608 1
12613 1
12615 1
12618 1
12625 1
12627 1
12636 1
12637 1
12653 3
12660 1
12674 1
12688 1
12702 1
12709 1
12712 1
12713 1
12722 1
12728 2
12737 1
12747 1
12757 1
12769 1
12771 1
12775 1
12779 2
12787 1
12792 1
12803 1
12818 1
12838 1
12843 1
12848 2
12860 1
12866 1
12867 1
12872 1
12888 1
12890 1
12892 1
12918 1
12920 1
12926 1
12932 1
12935 1
12939 1
12957 1
12964 1
12977 1
12987 1
13010 1
13017 1
13027 1
13032 1
13048 1
13078 1
13083 1
13090 2
13107 1
13108 1
13109 1
13132 1
13143 1
13150 1
13156 1
13165 1
13174 1
13184 1
13187 1
13194 1
13198 1
13229 1
13240 2
13243 1
13247 1
13253 1
13262 1
13269 1
13287 1
13290 1
13313 1
13316 1
13320 1
13337 2
13338 1
13344 1
13353 1
13356 1
13362 1
13391 1
13404 1
13408 1
13413 1
13429 1
13450 1
13453 1
13459 1
13469 1
13488 1
13489 1
13504 1
13513 1
13520 1
13546 1
13547 1
13551 1
13555 1
13579 2
13608 1
13621 2
13643 1
13648 1
13659 1
13668 1
13670 1
13680 1
13683 1
13718 2
13719 1
13725 1
13734 2
13743 1
13758 1
13777 1
13781 1
13783 1
13785 1
13809 2
13878 1
13885 1
13925 1
13932 1
13960 1
13974 1
14016 1
14019 1
14029 1
14051 1
14064 1
14113 1
14115 1
14120 1
14132 1
14139 1
14162 1
14164 1
14190 2
14198 1
14204 1
14229 1
14246 1
14249 1
14259 1
14299 1
14343 1
14350 1
14355 1
14362 1
14397 1
14446 1
14459 1
14494 1
14501 1
14512 1
14585 2
14609 1
14625 1
14627 1
14676 1
14680 1
14701 1
14724 1
14731 1
14764 1
14815 1
14827 1
14880 1
14893 1
14931 1
14966 1
14990 1
15006 1
15057 1
15081 1
15145 1
15196 1
15288 1
15385 1
15462 1
15518 1
15615 1
15669 1
15766 1
15857 1
15899 1
15996 1
16036 1
16087 1
16238 1
16417 1
16468 1
16573 1
17349 1
17579 1
17887 1
17984 1
18000 1
18084 1
18310 1
18456 1
18663 1
18760 1
18860 1
18893 1
18926 1
18990 1
19086 1
19090 1
19232 1
19316 1
19398 1
19411 1
19462 1
19511 1
19624 1
19687 1
19702 1
19721 1
19737 1
19821 1
19932 1
20174 1
20193 1
20240 1
20337 1
20353 1
20400 1
20404 1
20463 1
20497 1
20597 1
20630 1
20663 1
20693 1
20727 1
20809 1
20827 1
20969 1
21016 1
21113 1
21135 1
21148 1
21199 1
21246 1
21248 1
21343 1
21439 1
21585 1
21669 1
21764 1
21815 1
21911 1
21977 1
22074 1
22090 1
22141 1
22546 1
22753 1
22850 1
22983 1
23080 1
23322 1
23501 1
23552 1
End
