NMec = 97746
T = 18
P = 2
Profits not ignored
Valid tasks:                                                             9516
Solution time = 1.731e-04
Task data
    2  10   706 0
    8  23  1752 -1
   11  23  1665 -1
   11  24  1431 -1
   12  85  7454 0
   14  36  5083 1
   21  31  2588 -1
   21  41  2036 -1
   23  28  1073 -1
   38  48  1555 1
   43  60  2141 -1
   53  63   738 -1
   54  67  1768 1
   58  66   893 -1
   60  71  1541 -1
   60  74  2749 -1
   67  79  1156 -1
   73  84  1551 1
Best profit: 18117
All profits:
0 1
706 1
738 1
893 1
1073 1
1156 1
1431 1
1444 1
1541 1
1551 1
1555 1
1599 1
1631 1
1665 1
1752 1
1768 1
1779 1
1811 1
1862 1
1894 1
1966 1
2036 1
2049 1
2137 1
2141 1
2169 1
2229 1
2247 1
2257 1
2261 1
2279 1
2289 1
2293 1
2324 1
2337 1
2371 1
2403 1
2434 1
2444 1
2448 1
2458 1
2474 1
2490 1
2504 1
2506 1
2517 1
2558 1
2587 1
2588 1
2600 1
2614 1
2624 1
2628 1
2645 1
2661 1
2672 1
2697 1
2704 1
2707 1
2711 1
2738 1
2742 1
2749 1
2755 1
2774 1
2787 1
2821 1
2825 1
2841 1
2847 1
2875 1
2879 1
2908 1
2924 1
2929 1
2935 1
2967 1
2972 1
2982 1
2985 1
2986 1
2995 1
2999 1
3030 1
3034 1
3062 1
3092 1
3096 2
3106 1
3109 2
3122 1
3140 1
3150 1
3154 1
3182 1
3183 1
3186 1
3192 1
3196 1
3199 1
3206 1
3210 1
3212 1
3214 1
3216 1
3220 1
3242 1
3264 1
3293 2
3294 1
3296 1
3297 1
3303 1
3307 1
3309 1
3319 1
3320 1
3323 1
3325 1
3326 1
3330 1
3334 1
3351 1
3352 1
3362 1
3366 1
3367 1
3383 1
3397 1
3403 1
3410 1
3413 1
3417 2
3433 1
3435 1
3444 1
3445 1
3449 1
3455 1
3467 1
3476 1
3480 2
3481 1
3487 1
3493 1
3507 1
3517 1
3520 1
3521 1
3527 1
3531 1
3547 1
3559 1
3563 1
3572 1
3577 1
3579 1
3585 1
3587 1
3590 1
3591 1
3600 1
3604 1
3614 1
3630 1
3631 1
3635 1
3642 1
3646 1
3660 1
3661 1
3662 1
3667 1
3673 1
3678 1
3682 1
3688 1
3692 2
3696 1
3701 1
3710 1
3714 1
3718 1
3720 1
3724 1
3734 1
3740 1
3744 1
3768 1
3770 1
3780 1
3784 1
3788 1
3798 1
3801 1
3802 2
3804 1
3806 1
3812 1
3815 1
3817 1
3822 1
3828 1
3830 1
3834 2
3844 1
3847 1
3860 1
3865 1
3875 1
3879 1
3888 1
3889 1
3892 1
3893 1
3894 1
3898 1
3905 2
3909 1
3912 1
3920 1
3921 1
3922 1
3926 1
3930 1
3937 1
3944 1
3948 1
3952 1
3954 1
3958 1
3981 1
3985 1
3989 2
3997 1
3999 2
4002 2
4003 1
4009 1
4013 1
4015 1
4019 1
4025 1
4029 1
4031 2
4032 1
4035 1
4041 1
4045 2
4055 1
4057 1
4058 1
4059 1
4061 1
4068 1
4072 1
4076 1
4085 1
4089 1
4092 1
4099 1
4103 1
4107 1
4109 1
4113 1
4123 1
4128 1
4129 1
4135 1
4138 1
4139 2
4141 1
4142 1
4143 1
4151 1
4155 2
4165 1
4169 1
4171 1
4173 1
4177 1
4179 1
4180 1
4182 1
4186 2
4187 1
4190 1
4193 1
4196 1
4200 1
4205 1
4212 1
4213 1
4216 1
4218 1
4219 1
4223 1
4226 1
4227 1
4248 1
4252 2
4253 1
4255 1
4258 1
4259 1
4262 1
4265 2
4269 1
4272 1
4278 1
4279 1
4283 1
4285 1
4289 1
4290 1
4293 2
4296 1
4297 1
4300 1
4304 1
4306 1
4310 3
4315 1
4325 1
4326 1
4329 1
4337 1
4338 1
4339 1
4340 1
4342 1
4348 1
4352 1
4355 1
4356 1
4360 1
4362 1
4366 2
4367 1
4368 1
4369 1
4370 1
4372 1
4373 1
4376 2
4380 1
4382 1
4388 1
4392 1
4396 1
4398 2
4399 1
4402 1
4407 1
4413 1
4414 1
4416 1
4420 1
4424 1
4426 1
4430 2
4434 1
4439 1
4440 1
4449 1
4450 1
4452 1
4456 1
4459 1
4463 1
4465 1
4470 1
4475 1
4476 1
4479 1
4480 1
4482 1
4484 1
4486 1
4490 1
4494 1
4501 1
4506 1
4507 1
4508 1
4510 1
4512 1
4517 1
4518 1
4522 1
4523 2
4526 1
4527 1
4528 1
4536 1
4537 1
4539 1
4540 2
4542 1
4544 1
4550 1
4553 2
4554 1
4560 1
4566 1
4571 1
4573 1
4581 1
4585 2
4589 2
4593 1
4594 1
4599 1
4600 1
4611 1
4613 1
4615 1
4617 1
4623 1
4624 1
4627 1
4631 1
4632 1
4636 1
4637 2
4643 2
4645 1
4647 2
4650 2
4651 1
4658 1
4660 2
4663 1
4664 2
4673 1
4676 1
4677 1
4681 1
4687 1
4691 1
4695 2
4697 1
4699 1
4703 1
4705 1
4708 1
4715 1
4719 1
4724 1
4725 1
4727 1
4728 1
4729 1
4733 1
4734 1
4735 1
4737 2
4738 1
4740 2
4741 1
4743 1
4747 2
4750 1
4751 2
4754 1
4755 1
4757 2
4761 2
4763 1
4765 2
4767 1
4769 1
4771 1
4782 1
4783 1
4785 1
4786 1
4787 1
4791 1
4793 1
4797 1
4798 2
4805 1
4813 1
4814 1
4815 1
4817 1
4819 1
4823 1
4834 1
4835 1
4838 1
4841 1
4844 2
4845 1
4847 1
4848 3
4849 1
4851 1
4852 1
4857 1
4858 1
4860 1
4861 1
4864 2
4866 1
4867 1
4871 1
4874 2
4875 1
4876 1
4877 3
4879 1
4880 1
4881 1
4883 1
4885 1
4886 1
4890 2
4892 1
4896 1
4902 1
4903 1
4906 1
4907 1
4911 1
4912 1
4915 1
4917 1
4918 2
4922 1
4924 1
4925 1
4934 1
4938 2
4944 1
4948 1
4951 1
4952 1
4954 1
4958 3
4959 1
4960 1
4961 1
4962 1
4964 1
4965 1
4966 1
4968 2
4971 1
4972 1
4974 1
4978 2
4982 1
4984 1
4985 1
4986 1
4988 1
4990 2
4991 1
4995 1
4996 1
4999 1
5000 1
5003 1
5006 1
5008 1
5010 2
5016 2
5017 1
5018 1
5021 2
5022 2
5027 1
5031 3
5032 2
5035 2
5036 1
5038 1
5042 1
5044 1
5045 1
5046 1
5048 2
5049 1
5058 1
5061 2
5062 2
5065 1
5066 1
5068 1
5070 1
5071 1
5072 2
5073 1
5075 2
5076 1
5077 1
5078 2
5082 2
5083 1
5086 1
5088 1
5093 1
5094 1
5098 2
5100 1
5102 1
5104 2
5105 1
5108 1
5110 1
5113 1
5114 2
5118 1
5119 1
5120 1
5123 1
5127 1
5128 1
5130 1
5132 1
5134 1
5136 1
5140 1
5141 1
5142 1
5145 3
5146 1
5152 1
5155 2
5158 2
5162 1
5165 2
5169 1
5171 1
5172 1
5175 1
5176 1
5181 1
5182 1
5185 2
5186 2
5187 1
5188 1
5190 1
5193 1
5197 2
5201 2
5202 1
5207 1
5211 1
5212 2
5213 1
5214 1
5215 1
5216 1
5217 1
5218 1
5222 1
5223 1
5224 1
5228 1
5229 1
5232 2
5233 3
5235 1
5237 2
5239 1
5242 1
5243 1
5244 1
5245 1
5247 1
5248 2
5249 1
5250 2
5252 1
5253 1
5255 1
5256 1
5259 2
5260 1
5261 1
5263 1
5265 2
5266 1
5269 2
5273 1
5275 1
5279 1
5285 2
5289 1
5291 2
5292 1
5295 3
5299 2
5300 1
5307 1
5311 1
5319 1
5321 1
5323 1
5324 1
5325 1
5327 1
5329 2
5330 1
5331 1
5332 1
5333 1
5335 1
5336 1
5337 2
5338 1
5339 1
5340 1
5342 1
5343 3
5345 1
5347 1
5349 1
5351 1
5352 1
5353 2
5355 1
5356 2
5357 2
5359 1
5361 2
5362 1
5363 1
5366 1
5368 1
5369 1
5370 1
5372 1
5373 1
5375 2
5377 1
5379 1
5382 1
5383 2
5385 2
5387 1
5388 1
5389 1
5394 1
5398 1
5399 1
5402 1
5403 1
5405 1
5409 1
5411 1
5414 1
5415 1
5416 1
5419 1
5420 1
5421 1
5425 1
5428 1
5429 1
5430 2
5433 1
5434 2
5435 2
5439 1
5440 1
5441 1
5443 1
5444 2
5445 1
5446 2
5448 1
5449 2
5453 1
5456 1
5460 3
5461 1
5462 1
5463 2
5464 1
5466 2
5467 2
5469 1
5471 2
5472 1
5475 1
5476 1
5477 1
5481 1
5482 1
5485 1
5486 1
5487 1
5488 1
5489 1
5491 1
5492 2
5493 1
5495 1
5496 1
5499 2
5503 2
5504 1
5507 1
5509 1
5512 1
5516 1
5517 1
5520 1
5522 1
5523 2
5525 1
5529 1
5530 1
5532 1
5536 1
5538 1
5540 2
5543 1
5544 2
5548 1
5550 1
5552 1
5553 2
5554 2
5555 1
5556 1
5557 2
5558 2
5560 1
5563 1
5564 1
5566 1
5569 1
5570 4
5572 1
5573 1
5574 3
5580 2
5582 2
5583 2
5585 1
5586 3
5587 1
5590 2
5595 1
5596 4
5600 1
5602 1
5608 1
5609 1
5610 1
5612 2
5613 1
5615 1
5617 2
5618 1
5621 2
5622 1
5623 1
5624 1
5626 1
5627 1
5631 1
5636 1
5640 2
5643 1
5644 2
5647 1
5650 3
5654 2
5657 2
5658 2
5661 1
5662 2
5664 2
5666 1
5668 1
5672 1
5674 1
5678 2
5679 1
5680 2
5682 1
5683 1
5684 2
5686 1
5688 1
5689 1
5690 2
5692 1
5693 1
5694 2
5696 3
5697 1
5698 1
5700 1
5704 1
5706 2
5709 1
5710 2
5714 1
5716 2
5718 1
5720 1
5721 1
5722 1
5723 1
5724 1
5726 1
5727 1
5728 3
5731 1
5732 1
5733 1
5735 1
5737 3
5738 1
5741 3
5742 1
5744 1
5745 1
5746 1
5748 1
5749 1
5750 1
5751 1
5754 1
5755 1
5756 1
5757 1
5760 1
5764 1
5767 2
5768 1
5769 1
5770 2
5771 1
5772 1
5773 1
5774 1
5776 1
5777 1
5778 1
5779 1
5780 1
5781 1
5783 1
5784 1
5787 2
5789 1
5793 1
5794 1
5799 1
5800 1
5801 1
5802 1
5803 2
5804 2
5806 2
5807 1
5808 1
5809 1
5810 2
5813 2
5814 1
5816 2
5819 1
5820 3
5821 1
5823 1
5824 1
5827 1
5829 1
5830 1
5833 1
5834 2
5836 1
5837 1
5838 1
5840 1
5841 1
5842 1
5844 2
5845 2
5847 1
5848 1
5851 3
5852 1
5853 1
5855 2
5858 2
5859 1
5861 3
5864 1
5865 2
5866 1
5870 1
5871 2
5877 1
5878 1
5880 2
5881 3
5883 1
5884 1
5885 1
5888 1
5890 1
5891 2
5892 1
5893 2
5894 1
5895 1
5896 1
5897 1
5899 1
5901 1
5903 2
5906 1
5907 3
5908 1
5910 1
5911 3
5913 2
5915 1
5917 3
5918 1
5919 1
5920 1
5921 3
5922 1
5923 2
5924 2
5925 1
5927 1
5928 1
5929 1
5931 1
5932 1
5933 1
5937 1
5938 1
5939 3
5940 1
5941 2
5942 1
5943 2
5945 2
5947 1
5948 2
5949 1
5950 2
5953 2
5954 2
5955 2
5956 1
5958 1
5959 1
5961 1
5962 1
5963 1
5964 1
5965 2
5967 1
5968 1
5969 2
5970 1
5971 3
5973 1
5975 3
5976 1
5979 1
5980 1
5981 1
5985 1
5988 1
5990 1
5991 3
5994 1
5995 1
5997 1
5998 1
6000 1
6001 1
6003 1
6004 1
6005 1
6007 2
6011 1
6013 1
6014 1
6016 1
6017 1
6020 2
6021 2
6023 1
6025 1
6027 1
6030 2
6031 1
6033 3
6035 3
6037 2
6038 1
6039 1
6041 1
6042 2
6043 1
6045 1
6046 2
6047 1
6048 1
6049 1
6051 1
6052 1
6053 1
6056 1
6057 1
6058 1
6059 1
6061 2
6062 2
6063 2
6065 1
6067 3
6068 3
6069 1
6071 1
6072 1
6073 1
6074 2
6075 1
6077 1
6078 3
6079 1
6081 3
6083 1
6089 1
6090 1
6091 2
6093 1
6094 3
6095 3
6097 1
6099 1
6100 1
6104 2
6105 2
6107 1
6108 3
6109 1
6111 1
6114 1
6115 2
6117 1
6120 1
6121 1
6122 2
6124 1
6125 1
6126 1
6128 2
6130 1
6134 2
6135 2
6136 1
6138 1
6140 3
6141 1
6143 1
6144 2
6145 1
6146 1
6147 1
6148 1
6149 1
6150 1
6151 1
6154 1
6155 1
6156 1
6160 1
6164 1
6165 1
6166 4
6167 1
6168 2
6170 1
6172 2
6173 2
6174 1
6175 2
6177 1
6178 3
6179 1
6182 3
6183 1
6186 2
6187 2
6188 3
6191 1
6192 3
6193 1
6194 1
6196 1
6198 2
6200 1
6201 2
6202 2
6204 1
6205 2
6207 1
6209 1
6213 1
6214 1
6215 2
6216 1
6217 1
6218 2
6222 2
6223 1
6225 1
6226 1
6227 1
6228 2
6229 2
6230 1
6231 2
6232 1
6234 1
6236 2
6238 1
6239 1
6242 1
6244 1
6246 2
6248 1
6249 1
6250 3
6252 1
6254 3
6255 1
6258 1
6259 1
6260 1
6261 1
6262 1
6263 1
6264 1
6266 2
6269 2
6270 3
6274 1
6275 2
6276 2
6278 1
6279 2
6280 4
6282 1
6283 1
6284 2
6286 1
6288 2
6289 1
6290 1
6291 2
6292 2
6294 1
6295 2
6296 3
6298 2
6301 1
6302 3
6305 1
6306 2
6308 3
6310 1
6312 3
6314 1
6316 1
6318 2
6320 1
6321 3
6322 1
6323 2
6326 1
6327 1
6328 2
6332 1
6333 1
6334 1
6336 1
6337 2
6338 2
6340 1
6341 2
6342 2
6346 2
6348 1
6349 1
6353 2
6356 2
6358 1
6360 1
6362 1
6363 1
6364 1
6365 1
6367 1
6368 3
6369 1
6370 1
6372 1
6374 1
6378 1
6380 1
6384 1
6385 1
6386 1
6388 1
6389 3
6390 1
6391 1
6392 2
6393 2
6394 1
6395 2
6396 1
6398 1
6399 2
6400 2
6402 2
6403 1
6404 1
6405 2
6406 2
6408 1
6409 1
6410 2
6412 2
6413 1
6415 3
6416 2
6417 1
6418 2
6419 1
6420 1
6421 1
6422 2
6424 1
6425 1
6426 1
6427 1
6428 2
6429 1
6430 1
6431 1
6432 3
6434 2
6437 1
6438 1
6441 3
6443 1
6445 2
6447 2
6448 1
6449 1
6450 1
6451 2
6452 1
6453 1
6455 1
6456 1
6457 1
6458 1
6462 1
6463 3
6466 2
6467 2
6469 1
6470 1
6473 2
6475 1
6476 2
6478 1
6479 1
6480 2
6481 1
6485 1
6486 1
6487 1
6488 1
6489 2
6492 1
6493 4
6495 1
6496 1
6497 1
6499 2
6500 1
6501 1
6502 1
6503 2
6506 1
6507 2
6508 1
6509 3
6510 1
6511 1
6512 1
6513 3
6514 2
6515 2
6516 1
6517 2
6518 1
6519 2
6521 1
6522 1
6523 1
6525 2
6526 1
6527 1
6529 2
6531 1
6532 1
6533 3
6536 1
6537 2
6539 2
6540 2
6541 2
6542 1
6543 1
6544 1
6545 1
6546 1
6547 1
6548 1
6550 3
6551 2
6553 1
6554 1
6555 2
6557 1
6558 1
6559 2
6561 3
6563 1
6564 1
6565 2
6567 2
6568 1
6571 2
6572 3
6573 2
6575 1
6576 2
6577 2
6580 1
6582 1
6583 2
6585 1
6586 3
6587 3
6589 1
6590 2
6591 1
6593 1
6596 2
6597 1
6599 2
6600 2
6601 1
6602 1
6603 2
6604 1
6607 1
6612 2
6613 2
6616 3
6617 3
6618 1
6619 3
6620 1
6621 2
6623 3
6624 2
6625 2
6626 2
6627 2
6628 2
6629 2
6630 1
6631 1
6632 1
6633 2
6634 1
6635 1
6637 1
6638 2
6639 1
6642 2
6643 2
6644 1
6645 2
6646 1
6647 2
6648 2
6649 2
6651 2
6653 2
6654 1
6655 3
6656 1
6659 3
6660 1
6661 1
6663 1
6664 1
6665 1
6667 1
6668 1
6669 2
6670 2
6671 1
6673 1
6674 1
6675 1
6676 1
6677 1
6678 1
6679 2
6680 1
6681 1
6682 1
6683 1
6685 1
6686 2
6687 1
6691 1
6694 2
6695 1
6696 3
6697 2
6699 1
6700 2
6701 1
6703 1
6706 1
6707 1
6709 2
6710 1
6712 1
6713 3
6714 2
6716 2
6717 1
6720 2
6722 1
6723 1
6726 4
6727 3
6729 1
6730 3
6731 1
6734 1
6735 1
6736 2
6737 1
6738 2
6739 2
6740 1
6741 2
6742 1
6743 1
6748 3
6751 1
6752 3
6753 2
6756 1
6757 1
6758 2
6759 1
6762 1
6763 1
6764 1
6765 2
6766 1
6767 2
6768 3
6769 1
6771 1
6773 4
6774 3
6776 1
6777 1
6778 3
6779 1
6780 1
6781 1
6783 2
6784 3
6786 1
6787 2
6788 3
6790 2
6791 1
6792 1
6793 1
6794 2
6795 1
6796 1
6797 1
6799 3
6800 3
6801 3
6803 2
6804 2
6805 2
6806 2
6807 1
6808 1
6810 3
6811 1
6813 1
6814 4
6815 1
6816 1
6817 2
6818 1
6820 2
6821 1
6822 1
6824 1
6825 1
6828 1
6830 1
6834 3
6835 1
6836 2
6840 3
6841 1
6842 1
6843 1
6844 1
6845 1
6846 4
6847 1
6849 1
6850 3
6851 2
6852 2
6853 1
6854 1
6855 1
6858 1
6860 1
6862 3
6865 1
6866 2
6870 1
6871 1
6872 2
6873 1
6874 2
6875 1
6876 1
6878 2
6879 2
6880 2
6881 1
6882 2
6883 1
6884 4
6885 1
6886 1
6887 1
6888 4
6889 1
6891 2
6892 3
6893 2
6894 4
6895 1
6896 1
6897 1
6898 4
6900 1
6902 3
6903 1
6904 2
6906 1
6907 2
6908 1
6910 2
6911 1
6912 2
6913 3
6914 2
6916 1
6917 1
6918 1
6920 1
6921 1
6922 1
6923 2
6924 1
6926 4
6928 3
6930 2
6931 1
6932 1
6933 1
6934 2
6935 1
6936 1
6937 1
6938 2
6939 1
6940 2
6942 1
6943 2
6945 2
6949 1
6950 2
6953 1
6954 3
6956 2
6958 2
6960 3
6961 1
6964 1
6965 1
6966 2
6969 1
6970 2
6971 1
6972 1
6974 1
6975 2
6976 3
6977 1
6979 1
6980 2
6981 1
6983 1
6984 2
6985 3
6986 2
6988 1
6989 2
6990 3
6992 1
6994 1
6995 1
6996 1
6997 2
6998 1
6999 1
7000 3
7001 4
7002 2
7004 2
7005 1
7007 1
7008 1
7010 1
7011 1
7012 1
7013 1
7014 3
7015 2
7016 1
7017 3
7018 5
7020 1
7021 3
7022 2
7024 1
7026 2
7027 3
7028 2
7032 1
7033 1
7034 1
7036 1
7037 3
7038 1
7040 2
7041 1
7042 2
7043 2
7044 2
7046 1
7047 3
7048 1
7049 1
7050 1
7051 1
7052 1
7053 1
7054 1
7057 1
7058 2
7059 2
7063 1
7064 1
7067 2
7068 2
7071 2
7072 1
7073 1
7074 2
7075 1
7076 1
7077 1
7078 2
7079 1
7080 2
7081 1
7084 1
7085 2
7086 1
7087 1
7088 1
7089 2
7092 1
7093 1
7094 1
7095 3
7096 1
7097 2
7098 2
7099 3
7100 1
7101 2
7103 1
7104 1
7105 2
7106 2
7107 1
7108 2
7109 3
7110 1
7111 4
7112 1
7113 1
7114 1
7115 3
7116 1
7118 1
7119 3
7120 1
7121 3
7123 1
7124 3
7125 5
7126 1
7127 2
7128 1
7129 3
7130 1
7131 2
7132 2
7134 1
7135 1
7136 2
7137 2
7138 2
7140 1
7141 2
7144 1
7145 1
7146 1
7147 3
7148 1
7149 1
7150 1
7151 3
7153 1
7154 1
7155 1
7156 1
7157 2
7159 2
7163 2
7164 1
7166 1
7167 1
7168 2
7169 2
7170 1
7172 4
7173 3
7175 1
7176 2
7177 3
7179 1
7181 1
7182 1
7186 1
7187 1
7188 1
7191 2
7193 1
7194 1
7195 2
7198 2
7199 2
7201 2
7202 1
7203 1
7205 3
7207 1
7208 1
7209 2
7212 3
7213 3
7215 1
7216 1
7217 2
7218 1
7219 3
7220 1
7221 1
7223 3
7224 2
7227 1
7229 2
7231 3
7233 2
7234 2
7235 2
7237 2
7238 1
7239 2
7240 1
7241 1
7243 2
7244 1
7245 2
7246 1
7247 3
7248 1
7249 1
7250 1
7251 4
7252 2
7253 1
7255 3
7256 1
7259 2
7260 1
7261 4
7264 2
7265 2
7267 1
7269 2
7271 2
7272 1
7273 1
7274 1
7275 1
7276 1
7277 1
7278 2
7279 2
7281 1
7282 1
7283 2
7284 1
7285 1
7286 3
7287 1
7288 1
7289 1
7291 2
7292 2
7293 1
7296 2
7297 1
7299 2
7300 1
7301 2
7302 2
7303 1
7304 1
7305 2
7306 1
7308 1
7309 1
7310 1
7311 1
7312 2
7316 1
7318 1
7319 1
7321 2
7322 3
7323 2
7324 2
7325 3
7326 2
7327 2
7328 1
7329 1
7330 2
7331 3
7332 1
7334 2
7335 2
7338 3
7339 1
7340 1
7342 4
7343 2
7344 2
7345 1
7348 3
7349 2
7350 1
7351 1
7352 1
7353 2
7354 1
7355 2
7356 1
7357 3
7358 1
7359 2
7361 3
7362 1
7363 1
7364 2
7365 2
7368 1
7369 1
7370 1
7371 2
7372 2
7373 3
7374 2
7375 1
7376 3
7378 2
7379 1
7381 1
7383 1
7384 1
7385 2
7386 3
7388 1
7389 1
7391 1
7392 2
7393 2
7394 1
7395 1
7396 2
7397 1
7399 2
7400 2
7401 1
7402 3
7403 1
7404 1
7405 1
7406 3
7407 2
7408 1
7409 2
7410 2
7411 1
7413 2
7414 1
7415 1
7416 2
7418 1
7419 1
7420 2
7421 1
7422 2
7426 3
7429 1
7430 1
7431 1
7432 4
7433 1
7434 1
7435 2
7436 5
7438 1
7439 1
7440 2
7441 1
7442 1
7443 1
7444 2
7445 1
7446 2
7447 1
7448 2
7450 1
7451 1
7452 3
7454 4
7456 1
7457 1
7458 2
7459 1
7461 1
7462 3
7463 1
7464 2
7465 1
7466 2
7468 3
7470 2
7471 1
7472 2
7473 2
7474 3
7475 1
7476 1
7477 2
7478 3
7479 3
7480 2
7482 1
7483 1
7484 3
7486 1
7487 1
7488 1
7489 1
7490 2
7491 1
7492 1
7493 2
7494 4
7495 1
7496 4
7497 2
7498 1
7499 2
7500 3
7501 1
7502 1
7503 3
7504 1
7505 3
7506 3
7507 1
7509 1
7510 3
7511 1
7512 2
7513 1
7514 2
7516 2
7517 1
7518 2
7519 1
7520 3
7521 1
7522 2
7523 1
7524 2
7525 1
7526 3
7527 1
7528 2
7530 2
7531 3
7535 1
7536 1
7539 1
7540 1
7541 1
7542 2
7543 1
7545 1
7546 3
7548 2
7549 1
7550 1
7551 1
7552 2
7553 1
7555 1
7556 1
7557 1
7558 2
7562 2
7564 1
7566 2
7568 2
7569 1
7570 1
7571 3
7572 2
7573 1
7574 1
7575 1
7576 3
7578 1
7580 1
7581 1
7582 1
7584 3
7585 1
7586 2
7588 4
7589 2
7590 3
7592 1
7593 2
7594 2
7597 3
7598 2
7599 1
7600 2
7601 2
7602 2
7603 1
7604 2
7605 1
7606 2
7607 2
7608 2
7609 2
7610 2
7612 1
7613 3
7614 1
7616 1
7617 1
7618 3
7619 3
7620 2
7622 3
7623 4
7624 1
7626 3
7628 1
7629 3
7630 1
7632 5
7633 1
7634 2
7636 2
7637 1
7640 1
7641 1
7644 1
7645 3
7646 2
7648 1
7649 4
7650 2
7651 1
7653 1
7655 1
7656 2
7657 1
7658 2
7659 3
7660 3
7661 1
7662 1
7663 2
7664 1
7665 1
7666 2
7669 1
7670 2
7671 2
7672 1
7673 1
7675 1
7676 2
7677 2
7679 2
7680 1
7681 2
7683 2
7685 3
7686 2
7688 1
7689 3
7690 2
7691 1
7692 1
7693 2
7694 1
7695 2
7696 2
7697 3
7698 2
7699 1
7700 2
7701 2
7702 1
7704 1
7705 1
7706 2
7707 4
7708 1
7711 4
7713 1
7715 3
7716 2
7717 2
7718 1
7719 2
7720 2
7721 4
7722 1
7723 3
7724 3
7726 1
7727 3
7728 4
7729 2
7730 2
7732 1
7733 3
7734 1
7736 1
7737 3
7738 1
7739 2
7740 1
7741 1
7742 1
7743 5
7744 2
7746 1
7747 1
7748 1
7749 1
7751 1
7752 1
7753 1
7755 2
7756 2
7757 2
7758 1
7759 2
7762 1
7763 1
7764 2
7765 1
7767 1
7768 1
7769 2
7771 1
7772 1
7773 3
7774 1
7775 1
7776 1
7777 3
7778 1
7779 1
7780 3
7781 2
7782 2
7783 1
7784 2
7785 3
7786 1
7787 3
7789 1
7790 1
7791 2
7793 1
7794 2
7795 2
7798 2
7799 1
7800 1
7801 2
7802 1
7803 3
7804 1
7805 4
7806 1
7807 1
7809 2
7810 1
7811 2
7812 1
7813 1
7814 1
7815 3
7816 1
7817 2
7819 1
7820 2
7821 4
7823 1
7824 2
7825 4
7826 2
7827 1
7830 2
7831 4
7832 1
7833 2
7834 1
7835 4
7836 2
7837 1
7838 2
7839 1
7841 1
7842 1
7843 2
7845 1
7846 2
7847 3
7849 2
7850 1
7851 3
7852 1
7853 3
7854 1
7855 1
7856 1
7857 3
7859 1
7861 1
7863 4
7865 1
7867 1
7869 2
7870 1
7872 3
7873 2
7874 2
7876 3
7877 2
7878 3
7879 2
7881 1
7882 1
7883 4
7887 1
7888 1
7889 1
7890 1
7891 2
7892 2
7893 1
7894 2
7895 1
7896 1
7897 2
7901 1
7904 2
7907 2
7909 1
7911 2
7913 2
7915 1
7917 1
7918 2
7919 2
7920 1
7921 1
7922 1
7923 2
7924 3
7925 1
7928 1
7929 2
7930 2
7931 1
7933 1
7934 2
7935 3
7937 1
7939 2
7940 3
7941 1
7942 1
7943 2
7944 3
7945 1
7946 2
7947 3
7948 1
7949 2
7950 2
7951 2
7953 2
7955 2
7956 2
7957 4
7958 1
7959 1
7960 2
7961 5
7962 1
7963 1
7964 2
7965 2
7966 1
7967 2
7968 1
7969 1
7970 3
7971 2
7972 1
7973 2
7975 2
7977 1
7978 2
7979 1
7980 1
7981 2
7982 2
7983 2
7984 1
7985 1
7986 1
7989 1
7990 1
7991 3
7992 2
7993 1
7996 2
7997 1
7998 1
7999 2
8000 1
8001 1
8002 3
8003 2
8004 2
8005 2
8006 2
8007 3
8008 2
8009 1
8010 1
8011 1
8012 1
8014 1
8017 1
8018 5
8021 2
8022 3
8024 1
8027 2
8028 1
8029 2
8030 1
8031 3
8032 2
8033 1
8034 1
8035 1
8036 2
8037 1
8038 1
8039 1
8040 1
8041 1
8042 1
8043 2
8044 3
8047 2
8048 6
8049 2
8050 3
8051 2
8052 2
8054 3
8055 2
8056 1
8057 1
8058 3
8059 2
8060 1
8062 2
8063 2
8064 2
8065 2
8066 1
8067 1
8068 2
8069 3
8070 3
8072 1
8073 2
8074 1
8076 1
8077 1
8078 3
8079 2
8080 3
8082 4
8083 1
8084 2
8086 1
8087 2
8088 2
8089 1
8090 1
8091 2
8092 3
8094 2
8095 2
8096 1
8097 1
8098 1
8099 2
8100 1
8101 1
8102 2
8103 1
8104 1
8105 3
8106 3
8108 2
8109 1
8110 4
8111 1
8112 2
8113 1
8114 2
8115 1
8116 3
8117 2
8119 1
8120 1
8122 2
8123 1
8126 1
8127 2
8128 1
8130 1
8131 1
8132 2
8134 1
8135 1
8136 2
8137 1
8138 3
8140 2
8141 3
8142 2
8144 1
8145 3
8146 1
8147 1
8151 2
8152 1
8153 1
8154 2
8155 1
8156 1
8157 2
8158 4
8160 2
8161 1
8162 2
8167 2
8168 2
8169 1
8170 2
8171 1
8172 2
8173 1
8174 6
8175 1
8176 3
8178 3
8179 3
8180 2
8181 1
8182 1
8183 2
8184 4
8186 1
8189 2
8190 1
8192 2
8193 3
8194 1
8196 1
8197 3
8198 2
8199 2
8200 2
8201 1
8202 3
8203 1
8204 1
8205 2
8206 2
8208 1
8209 3
8210 2
8211 1
8212 2
8214 2
8215 1
8216 1
8218 2
8219 1
8220 1
8221 1
8222 1
8223 1
8224 3
8225 2
8226 1
8227 1
8228 2
8230 1
8231 2
8232 2
8233 1
8234 2
8235 1
8236 1
8237 3
8238 1
8241 2
8242 2
8245 3
8246 1
8248 2
8249 3
8250 2
8251 2
8252 2
8254 2
8255 1
8256 1
8258 1
8261 1
8263 1
8264 2
8265 3
8266 1
8267 2
8268 2
8269 2
8271 2
8272 1
8275 2
8276 1
8277 3
8278 2
8279 1
8280 1
8281 4
8282 4
8284 1
8285 3
8286 2
8288 1
8289 3
8290 2
8291 1
8292 1
8293 2
8294 2
8295 1
8296 1
8297 1
8299 2
8302 1
8303 2
8304 2
8305 2
8306 2
8307 3
8308 2
8309 2
8310 1
8311 1
8312 1
8313 3
8314 1
8315 2
8316 2
8318 1
8319 4
8320 2
8322 1
8323 2
8324 3
8325 2
8326 1
8327 1
8328 4
8329 6
8331 1
8332 3
8333 2
8334 1
8335 2
8336 1
8338 2
8339 2
8341 1
8342 1
8343 2
8344 1
8345 2
8346 1
8347 2
8348 1
8349 1
8350 1
8351 2
8352 1
8354 2
8355 3
8356 3
8357 2
8359 2
8361 2
8363 1
8364 2
8365 3
8366 1
8367 1
8368 2
8369 3
8371 1
8372 2
8373 1
8375 2
8376 3
8377 2
8379 2
8380 2
8383 1
8385 2
8386 1
8387 2
8389 2
8390 1
8391 3
8392 2
8394 1
8395 2
8396 2
8397 2
8398 1
8399 2
8400 2
8401 2
8402 2
8403 4
8404 2
8405 1
8406 3
8407 3
8408 2
8409 1
8411 1
8413 3
8415 1
8416 1
8417 4
8420 1
8421 3
8422 1
8423 2
8424 1
8425 2
8426 1
8427 2
8428 1
8429 2
8430 2
8431 1
8433 2
8434 2
8435 4
8436 1
8437 1
8438 1
8439 3
8441 1
8442 1
8443 5
8444 1
8445 2
8446 2
8447 1
8448 1
8449 4
8450 1
8451 1
8453 3
8454 1
8455 1
8457 2
8458 2
8459 2
8461 1
8462 1
8463 1
8464 2
8465 2
8466 1
8467 1
8468 3
8469 2
8473 1
8474 1
8475 1
8477 3
8478 1
8479 2
8481 5
8482 2
8483 3
8486 2
8487 2
8488 1
8489 1
8490 1
8491 2
8493 2
8494 2
8495 1
8496 1
8498 1
8499 2
8500 2
8501 1
8504 1
8505 3
8507 1
8509 4
8511 3
8512 1
8513 1
8515 2
8516 2
8517 1
8518 1
8520 1
8521 2
8525 2
8526 2
8527 3
8528 1
8529 2
8530 3
8531 2
8532 3
8533 2
8534 1
8535 1
8536 2
8538 1
8539 2
8540 2
8541 2
8542 1
8543 1
8545 1
8547 1
8549 2
8550 1
8551 3
8552 3
8553 3
8555 3
8556 3
8557 3
8558 1
8559 2
8560 1
8561 1
8562 1
8563 3
8564 1
8565 1
8566 1
8567 1
8568 1
8569 5
8570 2
8572 3
8573 3
8575 1
8576 2
8577 1
8578 2
8579 2
8582 2
8583 3
8585 1
8586 1
8587 1
8588 2
8589 1
8590 1
8591 2
8592 2
8593 1
8595 2
8596 1
8597 2
8598 2
8599 1
8600 2
8601 1
8602 2
8603 2
8604 2
8607 1
8608 2
8609 1
8610 3
8612 1
8613 2
8614 1
8615 1
8618 1
8619 2
8621 1
8622 1
8623 2
8626 2
8627 1
8628 1
8629 2
8630 4
8631 1
8634 3
8635 1
8636 3
8637 1
8639 1
8640 4
8641 2
8642 1
8643 2
8644 2
8646 1
8647 2
8648 2
8649 2
8650 4
8651 2
8652 3
8653 2
8654 2
8655 3
8656 3
8657 2
8659 2
8660 3
8661 2
8662 5
8663 1
8664 2
8666 4
8667 2
8668 1
8669 1
8670 4
8671 1
8672 1
8673 1
8674 3
8675 2
8676 2
8677 1
8678 3
8679 2
8680 3
8681 2
8682 2
8683 2
8684 2
8685 1
8686 2
8687 4
8688 1
8689 1
8690 1
8691 2
8692 1
8695 1
8696 1
8697 2
8699 2
8700 1
8701 1
8702 3
8703 1
8704 1
8705 2
8706 1
8707 1
8708 3
8709 1
8710 2
8711 1
8712 1
8713 1
8714 2
8718 2
8721 1
8723 2
8724 3
8725 1
8726 1
8727 3
8728 4
8729 1
8730 1
8732 2
8737 1
8738 1
8739 1
8741 1
8742 2
8743 1
8744 1
8745 2
8746 1
8748 1
8749 2
8750 2
8753 2
8754 2
8756 3
8757 1
8758 2
8760 2
8761 1
8762 1
8763 1
8764 2
8765 2
8766 2
8767 1
8768 2
8769 1
8770 3
8771 1
8772 1
8773 1
8774 3
8775 3
8776 1
8778 2
8779 3
8782 1
8784 3
8785 1
8786 3
8788 3
8789 2
8792 1
8793 2
8794 2
8795 1
8796 1
8797 2
8798 1
8800 1
8801 2
8802 3
8803 2
8804 1
8805 1
8806 3
8807 1
8810 3
8811 1
8812 2
8814 2
8815 2
8816 4
8817 3
8819 1
8820 1
8822 1
8823 1
8824 1
8826 1
8827 2
8829 1
8830 1
8832 1
8833 1
8834 1
8835 1
8836 2
8837 2
8838 1
8839 1
8840 2
8841 2
8842 3
8844 1
8846 2
8847 1
8850 1
8851 2
8852 1
8853 3
8854 2
8855 1
8856 1
8857 4
8858 1
8860 1
8861 1
8863 3
8864 1
8867 3
8868 1
8871 2
8872 1
8873 1
8874 1
8875 1
8876 3
8877 3
8878 2
8879 2
8880 3
8881 2
8882 2
8883 1
8884 3
8885 3
8886 2
8887 1
8889 2
8890 1
8893 4
8894 2
8895 1
8896 1
8897 2
8898 3
8899 3
8900 2
8903 2
8904 2
8905 2
8906 1
8907 1
8908 2
8909 1
8910 1
8911 1
8912 2
8913 1
8914 2
8915 1
8916 1
8917 1
8918 1
8919 1
8920 2
8921 1
8924 4
8925 2
8927 4
8928 3
8929 2
8930 1
8931 2
8933 1
8934 2
8936 1
8937 2
8938 1
8940 1
8941 3
8943 3
8944 1
8945 1
8947 1
8948 3
8949 1
8950 2
8951 3
8952 1
8954 2
8955 2
8956 2
8957 2
8958 2
8959 1
8960 1
8961 2
8962 2
8964 2
8965 1
8966 1
8969 1
8970 1
8971 3
8972 1
8973 2
8975 2
8976 1
8977 3
8981 3
8983 2
8984 1
8985 1
8986 1
8987 4
8988 2
8989 1
8990 1
8991 4
8992 3
8994 1
8995 4
8996 1
8997 1
8999 2
9001 1
9002 1
9003 3
9005 4
9007 2
9008 1
9009 3
9010 1
9011 2
9012 2
9013 3
9014 1
9015 2
9016 1
9017 1
9019 2
9020 2
9021 2
9022 1
9023 1
9024 1
9025 3
9026 1
9027 1
9028 2
9029 4
9030 2
9031 1
9032 2
9033 3
9034 2
9035 5
9037 2
9038 1
9039 2
9041 1
9044 1
9045 2
9046 1
9047 1
9048 2
9049 1
9050 1
9051 4
9052 1
9053 2
9054 3
9055 1
9056 1
9057 2
9058 1
9060 1
9061 3
9062 1
9063 2
9065 1
9067 2
9068 1
9069 2
9071 1
9072 1
9073 1
9074 1
9075 1
9076 1
9077 1
9078 1
9079 2
9080 1
9081 2
9082 3
9083 1
9084 1
9085 1
9086 3
9091 2
9092 1
9094 1
9095 1
9096 1
9097 2
9098 1
9099 1
9101 1
9102 1
9103 3
9104 1
9105 1
9106 1
9107 1
9108 1
9109 1
9112 1
9113 2
9114 2
9115 1
9117 2
9118 1
9119 2
9120 1
9121 3
9122 1
9123 1
9124 2
9125 1
9126 2
9127 2
9128 1
9129 1
9131 2
9135 2
9136 1
9137 1
9138 1
9139 3
9140 1
9141 4
9142 1
9143 2
9144 2
9145 1
9147 1
9148 1
9149 2
9151 1
9152 1
9153 1
9154 1
9155 3
9156 1
9157 1
9158 1
9159 3
9160 3
9161 3
9162 1
9163 1
9164 3
9165 3
9168 3
9170 1
9171 1
9172 1
9173 2
9174 3
9175 3
9177 2
9178 2
9179 1
9181 2
9182 1
9183 3
9184 1
9185 1
9187 4
9188 2
9189 1
9190 1
9192 2
9195 1
9196 1
9200 4
9201 1
9204 3
9205 2
9206 2
9207 1
9208 2
9209 1
9211 4
9212 3
9213 2
9214 2
9215 2
9216 1
9218 1
9219 1
9220 1
9221 2
9222 3
9224 1
9225 1
9226 2
9227 1
9228 1
9229 1
9230 1
9231 2
9232 1
9233 1
9234 2
9235 1
9236 3
9238 2
9239 2
9240 2
9241 2
9242 1
9243 1
9244 1
9245 1
9246 1
9247 2
9248 3
9249 2
9251 2
9252 4
9253 1
9254 1
9255 2
9256 2
9257 2
9258 2
9259 2
9260 1
9261 1
9262 5
9263 2
9264 1
9265 1
9266 4
9267 2
9268 1
9269 2
9270 3
9271 2
9272 3
9273 2
9274 1
9275 2
9276 2
9278 3
9279 4
9281 1
9282 1
9283 2
9284 1
9285 1
9287 1
9288 1
9289 1
9291 2
9292 2
9294 3
9295 2
9296 1
9297 2
9298 2
9299 2
9301 2
9302 1
9306 1
9307 1
9308 2
9309 1
9310 3
9312 1
9313 1
9314 2
9315 1
9316 2
9318 2
9319 1
9320 1
9322 1
9323 1
9324 1
9326 1
9328 2
9329 1
9330 1
9331 2
9332 2
9334 1
9335 2
9336 3
9337 1
9338 1
9340 3
9341 1
9342 3
9345 1
9346 2
9348 2
9349 2
9350 2
9353 3
9354 2
9355 1
9356 2
9357 1
9358 3
9360 2
9361 2
9362 2
9365 1
9366 4
9367 1
9368 3
9370 2
9372 2
9373 1
9374 1
9375 2
9376 3
9378 2
9379 1
9380 2
9381 2
9382 1
9383 1
9384 2
9386 3
9387 3
9388 2
9389 2
9390 1
9391 2
9392 1
9393 4
9394 1
9397 1
9398 2
9400 1
9401 1
9402 3
9404 1
9405 3
9406 2
9407 1
9408 3
9409 2
9410 1
9412 1
9414 1
9418 1
9420 2
9421 1
9422 1
9424 1
9425 1
9427 3
9428 1
9429 2
9431 1
9432 2
9433 1
9434 3
9435 1
9438 3
9439 1
9441 1
9442 1
9445 3
9446 2
9447 1
9449 2
9450 1
9451 1
9452 1
9453 1
9455 1
9456 1
9459 1
9462 3
9463 1
9464 1
9465 1
9466 1
9468 1
9470 1
9471 1
9472 2
9473 1
9474 1
9475 2
9476 3
9479 4
9480 2
9481 2
9483 1
9484 2
9485 4
9486 2
9488 1
9489 2
9490 4
9491 1
9492 1
9494 1
9495 2
9496 1
9497 2
9498 2
9499 2
9500 1
9501 1
9502 2
9503 2
9504 1
9506 2
9508 2
9509 1
9510 1
9511 2
9512 4
9513 3
9514 1
9516 3
9517 1
9519 1
9520 1
9521 2
9522 1
9523 2
9524 1
9525 1
9526 1
9529 1
9530 1
9532 2
9533 4
9535 2
9536 2
9537 2
9539 1
9541 2
9542 3
9543 1
9544 1
9545 1
9546 3
9547 1
9548 3
9550 1
9552 1
9553 2
9554 2
9555 1
9556 2
9557 2
9558 2
9559 3
9560 2
9561 1
9562 2
9563 4
9564 1
9565 1
9567 1
9569 2
9572 1
9573 4
9576 1
9577 3
9578 1
9580 1
9582 2
9583 2
9584 3
9585 1
9586 1
9587 2
9589 1
9590 1
9591 3
9592 1
9593 2
9594 1
9595 2
9598 1
9599 4
9600 3
9601 1
9602 2
9603 3
9604 2
9605 3
9606 3
9607 1
9609 2
9610 2
9611 1
9613 2
9614 2
9615 2
9618 1
9619 1
9620 3
9621 1
9622 1
9623 2
9624 3
9625 3
9627 1
9628 1
9629 1
9630 2
9631 2
9633 4
9634 2
9635 2
9637 3
9638 1
9639 1
9640 1
9642 1
9643 3
9644 1
9645 1
9646 1
9647 2
9649 2
9650 1
9651 1
9654 2
9655 1
9656 2
9657 1
9659 1
9660 1
9661 2
9662 1
9663 1
9664 1
9665 2
9666 1
9667 1
9668 3
9670 1
9671 1
9672 3
9681 1
9682 1
9683 2
9686 1
9687 2
9689 3
9691 2
9692 1
9693 1
9694 1
9695 1
9696 3
9697 1
9698 1
9700 1
9701 1
9702 1
9707 2
9708 2
9709 2
9711 3
9712 2
9713 4
9714 1
9715 2
9716 1
9717 1
9719 1
9720 1
9723 1
9724 1
9725 3
9726 2
9727 1
9729 4
9730 2
9731 2
9733 2
9734 1
9735 3
9738 1
9739 2
9741 2
9743 2
9744 1
9746 1
9747 3
9748 2
9751 1
9752 1
9753 1
9754 1
9756 1
9757 2
9759 2
9760 4
9763 2
9764 2
9765 1
9767 2
9769 2
9770 1
9773 2
9774 1
9775 2
9776 1
9778 2
9779 2
9780 1
9782 2
9783 1
9785 1
9786 2
9787 1
9788 1
9790 1
9792 2
9793 1
9797 2
9798 1
9799 1
9800 4
9801 1
9803 2
9804 1
9805 2
9806 1
9807 1
9809 1
9810 1
9811 2
9812 1
9816 1
9817 1
9818 2
9819 1
9820 4
9821 1
9822 1
9823 2
9824 1
9825 1
9826 2
9827 2
9830 3
9831 1
9832 2
9833 3
9834 2
9835 1
9836 1
9837 3
9838 1
9839 1
9840 2
9841 2
9843 1
9844 3
9845 1
9846 1
9847 2
9848 2
9849 1
9850 1
9852 1
9854 2
9856 2
9857 3
9858 1
9859 2
9860 3
9861 2
9862 2
9864 3
9865 1
9866 2
9867 2
9868 2
9869 1
9870 3
9871 2
9874 4
9877 1
9879 3
9880 2
9881 2
9882 1
9883 2
9884 4
9885 1
9887 2
9888 1
9889 1
9890 1
9894 1
9896 1
9897 1
9898 3
9899 1
9900 1
9902 2
9906 3
9907 1
9908 1
9910 2
9912 3
9914 2
9915 1
9917 1
9918 3
9919 2
9920 2
9921 1
9922 1
9923 1
9924 1
9926 2
9927 2
9928 3
9930 2
9931 4
9932 1
9934 2
9935 2
9936 1
9938 1
9940 1
9941 1
9942 2
9943 1
9944 1
9945 1
9946 1
9947 2
9949 2
9950 2
9951 1
9952 1
9953 1
9954 3
9955 1
9957 3
9958 5
9959 2
9960 2
9961 1
9962 1
9963 1
9964 2
9966 2
9968 2
9969 1
9971 2
9972 3
9973 3
9975 1
9976 2
9977 1
9978 2
9979 2
9980 1
9984 1
9985 2
9986 2
9989 1
9990 2
9992 1
9993 1
9994 2
9996 1
9997 2
9998 3
10000 2
10001 3
10004 1
10005 1
10007 1
10008 2
10009 1
10010 1
10012 1
10013 1
10014 2
10016 1
10017 1
10018 1
10019 2
10020 1
10021 1
10024 1
10028 1
10029 1
10032 3
10033 1
10034 2
10036 1
10037 3
10038 1
10041 2
10042 2
10043 1
10044 1
10045 1
10046 1
10047 1
10048 1
10049 1
10050 1
10051 1
10054 3
10056 1
10057 1
10059 1
10060 2
10061 1
10062 1
10064 2
10065 2
10066 1
10067 2
10068 1
10069 1
10071 1
10072 1
10073 1
10076 1
10078 1
10079 1
10080 1
10081 3
10082 2
10083 2
10084 4
10085 1
10087 3
10088 2
10089 1
10090 1
10091 1
10093 2
10094 2
10097 1
10098 1
10099 2
10100 1
10102 1
10104 4
10105 2
10106 3
10107 1
10108 3
10110 1
10111 2
10112 1
10113 1
10114 3
10115 2
10116 1
10118 2
10119 1
10121 2
10124 2
10125 1
10126 1
10127 2
10128 1
10131 1
10132 1
10133 2
10134 2
10138 1
10140 1
10141 2
10142 1
10143 1
10144 2
10145 2
10146 2
10147 1
10148 2
10151 2
10152 2
10153 2
10154 1
10155 2
10156 2
10158 2
10159 2
10161 1
10163 1
10164 1
10165 3
10168 2
10169 1
10170 1
10171 1
10172 1
10174 1
10176 2
10177 2
10178 1
10181 3
10182 1
10183 1
10185 5
10187 1
10189 2
10190 1
10191 5
10192 2
10193 1
10194 1
10195 3
10196 3
10197 1
10198 1
10201 1
10202 2
10203 4
10204 2
10205 2
10206 2
10207 1
10208 2
10209 1
10210 3
10211 2
10212 2
10213 1
10214 1
10215 2
10217 4
10218 1
10219 2
10220 1
10221 1
10222 1
10223 1
10224 1
10225 2
10227 1
10228 2
10229 1
10230 1
10232 1
10233 2
10235 3
10236 1
10237 1
10238 3
10239 2
10241 2
10242 2
10243 2
10245 1
10247 1
10248 2
10250 1
10252 2
10254 2
10255 1
10256 1
10259 2
10260 2
10261 1
10262 1
10263 2
10264 1
10265 1
10268 1
10269 1
10270 1
10271 1
10273 1
10275 1
10276 1
10277 1
10278 1
10279 2
10280 2
10281 1
10282 1
10283 2
10284 1
10290 1
10292 1
10293 1
10294 1
10295 1
10296 1
10297 2
10299 2
10300 2
10301 2
10304 1
10305 1
10306 1
10307 1
10308 1
10309 1
10311 2
10312 1
10313 1
10315 2
10316 3
10317 1
10319 1
10320 2
10321 3
10322 1
10324 1
10325 2
10326 1
10327 1
10328 1
10329 2
10330 3
10331 3
10332 1
10333 1
10334 1
10335 1
10337 1
10338 1
10339 2
10340 1
10343 2
10344 2
10346 1
10348 2
10349 2
10351 1
10352 2
10356 1
10357 1
10358 1
10361 1
10362 1
10365 2
10367 2
10368 3
10369 1
10370 1
10371 1
10372 3
10374 1
10378 3
10381 1
10382 1
10383 1
10386 1
10387 1
10389 1
10390 2
10391 1
10392 2
10393 1
10395 2
10397 2
10402 2
10404 2
10405 1
10406 1
10408 5
10409 1
10410 1
10412 2
10413 1
10414 1
10416 1
10418 3
10419 3
10420 2
10421 1
10422 2
10423 2
10425 1
10426 3
10427 1
10428 1
10429 1
10430 2
10431 2
10432 2
10434 1
10435 4
10436 2
10437 1
10438 1
10439 2
10440 2
10442 1
10444 1
10446 1
10448 2
10449 3
10451 2
10452 1
10453 2
10454 2
10455 1
10456 1
10458 1
10459 1
10460 2
10462 1
10464 1
10465 2
10466 2
10468 1
10469 2
10470 1
10471 1
10475 2
10476 1
10477 1
10479 4
10480 1
10482 2
10484 2
10485 1
10486 1
10488 1
10489 1
10492 2
10494 1
10497 1
10498 2
10499 2
10500 1
10503 1
10504 1
10505 2
10506 3
10507 1
10509 1
10510 1
10511 1
10512 1
10513 1
10516 1
10517 3
10518 1
10522 1
10523 1
10524 2
10526 3
10527 2
10528 1
10529 1
10531 1
10532 2
10536 2
10538 2
10539 1
10540 1
10542 1
10543 4
10544 1
10545 1
10546 3
10547 3
10549 2
10550 4
10554 2
10556 1
10558 2
10560 3
10562 2
10563 3
10564 2
10565 2
10566 3
10567 1
10568 2
10570 2
10571 2
10574 1
10575 2
10576 3
10577 1
10578 1
10579 1
10580 1
10582 1
10583 1
10584 2
10585 2
10586 2
10587 1
10588 1
10590 3
10592 1
10595 1
10603 1
10604 1
10605 1
10606 3
10608 2
10609 1
10612 2
10614 1
10618 2
10623 1
10624 1
10627 1
10629 1
10631 1
10632 1
10633 1
10634 1
10635 2
10636 2
10637 3
10639 1
10640 1
10641 1
10642 1
10646 2
10647 1
10649 1
10650 1
10652 1
10653 3
10654 1
10655 1
10656 2
10657 2
10658 1
10660 1
10663 1
10664 1
10665 2
10666 1
10668 2
10669 3
10670 3
10672 1
10673 2
10674 1
10675 1
10676 1
10677 1
10679 3
10682 1
10686 1
10690 1
10692 3
10693 1
10694 1
10695 1
10696 2
10697 1
10698 2
10700 1
10702 1
10704 3
10705 1
10706 1
10707 1
10709 1
10710 2
10711 1
10713 1
10714 1
10715 2
10716 2
10718 1
10719 2
10720 1
10723 2
10725 1
10726 2
10727 1
10729 1
10730 1
10732 1
10733 2
10734 1
10737 1
10738 2
10739 1
10740 2
10741 1
10743 2
10744 1
10745 1
10747 3
10748 1
10749 1
10751 2
10755 2
10756 1
10757 1
10759 1
10760 2
10761 2
10762 2
10763 3
10764 1
10766 2
10767 3
10769 1
10770 1
10771 2
10773 2
10774 1
10775 1
10776 1
10777 3
10779 2
10780 1
10781 2
10782 1
10783 1
10784 2
10785 1
10787 2
10788 1
10789 2
10790 2
10791 1
10793 2
10794 2
10796 1
10797 1
10799 1
10800 2
10801 1
10802 1
10803 2
10804 2
10805 2
10806 1
10807 1
10808 1
10809 1
10810 2
10811 3
10812 2
10813 2
10814 2
10815 1
10816 1
10817 1
10818 1
10819 1
10820 3
10821 2
10822 2
10824 3
10825 1
10827 2
10828 1
10830 1
10831 1
10833 1
10834 1
10838 1
10840 1
10842 1
10846 1
10847 2
10848 1
10849 1
10850 2
10851 1
10852 3
10853 1
10854 1
10856 1
10857 1
10859 1
10860 1
10861 1
10862 1
10863 1
10864 1
10865 1
10869 2
10870 2
10871 2
10873 1
10881 1
10882 1
10883 2
10886 1
10887 3
10889 1
10891 2
10892 1
10893 1
10895 1
10896 1
10897 2
10899 1
10901 1
10902 1
10903 2
10904 1
10908 1
10909 3
10911 1
10912 1
10913 1
10916 2
10917 2
10919 1
10920 1
10921 2
10923 2
10924 1
10927 1
10928 1
10929 1
10930 1
10931 1
10933 1
10934 3
10935 2
10936 1
10938 2
10939 2
10941 2
10942 2
10943 1
10944 3
10948 2
10949 2
10953 1
10954 1
10956 2
10957 1
10960 3
10961 1
10963 1
10964 1
10968 1
10971 1
10974 1
10975 1
10976 2
10977 1
10980 1
10981 1
10982 1
10983 1
10986 2
10987 1
10989 2
10990 2
10993 1
10994 2
10996 2
10997 1
11000 2
11001 2
11002 1
11004 1
11005 1
11006 1
11007 1
11008 1
11010 1
11011 1
11013 2
11016 1
11017 1
11018 1
11020 1
11021 1
11022 1
11023 1
11024 1
11025 1
11026 2
11027 3
11028 2
11030 2
11031 4
11034 1
11035 1
11036 2
11037 1
11038 2
11039 1
11040 2
11041 2
11044 1
11045 1
11046 2
11047 1
11048 1
11050 1
11051 1
11052 2
11053 1
11054 2
11057 1
11058 2
11063 1
11064 1
11065 1
11067 1
11068 3
11069 1
11071 1
11074 2
11075 1
11076 1
11078 2
11083 1
11084 2
11086 1
11087 2
11088 2
11089 1
11090 2
11092 2
11096 2
11097 3
11098 1
11099 2
11100 1
11103 2
11104 1
11105 1
11106 1
11108 2
11110 2
11111 1
11113 1
11114 4
11115 1
11116 2
11118 3
11120 1
11122 1
11124 1
11125 2
11126 1
11127 2
11128 2
11129 2
11131 1
11132 2
11133 1
11134 1
11135 2
11136 1
11138 1
11139 1
11140 1
11141 1
11142 2
11144 1
11145 1
11146 4
11148 1
11150 1
11151 1
11152 1
11154 3
11155 3
11156 1
11157 3
11158 1
11160 1
11161 2
11162 1
11164 1
11165 1
11166 2
11168 1
11170 1
11171 1
11173 1
11174 2
11175 2
11176 2
11177 1
11178 2
11179 1
11180 1
11182 1
11183 1
11184 1
11185 2
11186 1
11188 1
11190 1
11194 1
11195 1
11198 3
11200 1
11203 1
11204 1
11205 1
11206 1
11209 1
11211 1
11217 1
11219 1
11221 1
11223 4
11227 1
11233 1
11237 1
11238 2
11240 1
11242 1
11244 2
11249 2
11251 1
11252 1
11253 1
11255 2
11256 2
11258 1
11260 2
11261 1
11262 2
11263 1
11264 1
11265 2
11266 2
11267 1
11268 1
11269 1
11270 1
11271 2
11274 1
11275 1
11276 1
11277 1
11280 1
11281 2
11282 2
11284 2
11285 1
11288 1
11290 2
11292 1
11296 1
11297 1
11298 2
11301 2
11302 1
11309 1
11310 1
11311 1
11312 3
11313 1
11314 2
11315 2
11318 1
11320 1
11324 1
11329 2
11330 1
11331 1
11333 3
11335 1
11337 2
11341 2
11345 1
11347 1
11348 1
11349 1
11352 4
11353 2
11354 1
11355 1
11358 1
11359 2
11360 1
11361 1
11362 2
11363 2
11366 2
11367 2
11369 1
11371 2
11372 1
11373 1
11374 3
11375 2
11376 2
11378 1
11379 2
11380 1
11381 2
11382 1
11384 1
11385 1
11388 2
11389 2
11391 1
11392 1
11393 1
11394 1
11395 1
11398 1
11399 1
11400 1
11401 1
11402 1
11403 2
11404 2
11408 1
11409 1
11410 1
11411 3
11412 2
11413 1
11415 2
11416 1
11417 1
11419 2
11420 1
11421 1
11422 1
11423 1
11424 1
11425 2
11429 1
11432 1
11435 1
11436 2
11438 1
11439 2
11440 1
11443 1
11446 1
11447 1
11449 1
11450 1
11451 1
11453 3
11457 2
11461 2
11463 2
11465 1
11467 2
11468 1
11469 2
11470 1
11472 2
11473 2
11475 1
11476 1
11478 1
11479 1
11481 1
11482 2
11483 2
11485 2
11486 2
11487 2
11488 1
11489 1
11490 1
11491 1
11493 1
11495 1
11498 1
11499 1
11500 2
11501 1
11504 1
11505 2
11507 1
11508 1
11509 2
11510 1
11511 1
11512 1
11513 1
11514 1
11515 2
11517 1
11519 1
11520 1
11521 1
11522 1
11524 3
11526 2
11527 1
11528 3
11530 2
11534 1
11539 1
11540 1
11541 1
11546 1
11547 1
11548 1
11549 2
11552 2
11553 1
11556 2
11558 1
11559 1
11562 1
11563 2
11567 1
11569 1
11572 1
11575 1
11576 2
11579 2
11580 1
11583 1
11586 1
11587 1
11588 1
11592 1
11593 2
11594 1
11596 2
11597 1
11598 2
11599 1
11600 1
11602 1
11605 1
11608 1
11609 1
11612 1
11615 1
11616 2
11619 1
11620 2
11622 1
11623 1
11624 1
11630 1
11631 1
11633 2
11634 2
11635 1
11636 2
11638 2
11639 2
11640 1
11641 1
11642 2
11644 2
11645 1
11648 1
11649 1
11650 2
11654 2
11655 3
11656 1
11657 1
11659 2
11660 2
11662 1
11663 1
11666 2
11669 2
11670 2
11673 1
11674 1
11676 1
11677 1
11680 1
11681 1
11682 1
11683 2
11686 1
11687 1
11695 2
11696 2
11697 1
11699 3
11700 2
11702 2
11703 2
11704 1
11706 2
11707 2
11708 1
11709 1
11710 1
11711 1
11714 1
11716 1
11719 2
11722 1
11723 1
11724 1
11725 1
11726 1
11727 2
11728 1
11730 1
11731 2
11732 3
11733 1
11734 2
11736 2
11737 2
11738 1
11740 1
11742 2
11744 1
11745 1
11746 3
11747 3
11748 1
11751 1
11752 1
11753 1
11754 1
11757 1
11758 2
11759 1
11761 1
11762 1
11763 1
11764 1
11765 1
11766 1
11768 1
11771 1
11774 2
11775 1
11779 2
11784 1
11786 1
11789 1
11790 2
11792 1
11793 1
11794 1
11796 2
11798 1
11803 2
11805 1
11806 1
11809 1
11810 2
11811 1
11812 1
11813 1
11814 2
11819 1
11821 1
11822 1
11824 2
11825 1
11826 1
11830 1
11831 2
11832 1
11833 1
11834 1
11835 2
11841 1
11845 1
11846 1
11848 1
11850 1
11851 1
11852 2
11854 1
11856 1
11857 1
11860 1
11861 2
11862 1
11863 1
11864 1
11866 1
11867 1
11868 1
11871 2
11872 1
11873 1
11874 1
11876 1
11877 1
11879 1
11880 1
11882 3
11883 2
11884 2
11885 1
11886 2
11887 1
11888 1
11889 1
11890 1
11893 1
11897 1
11899 1
11900 2
11901 1
11903 1
11904 2
11917 2
11919 1
11920 1
11923 3
11927 1
11929 2
11933 2
11934 1
11936 1
11941 2
11944 1
11945 1
11946 1
11950 1
11955 1
11957 2
11959 2
11961 3
11963 2
11964 1
11965 1
11966 1
11967 2
11968 1
11969 1
11971 4
11973 1
11974 3
11975 2
11976 2
11977 2
11978 1
11979 1
11980 1
11981 3
11982 1
11983 1
11985 1
11986 1
11987 1
11990 2
11991 1
11993 1
11995 1
11997 1
12001 1
12003 1
12004 1
12006 1
12007 1
12008 1
12009 2
12011 1
12013 1
12015 2
12016 1
12017 1
12018 1
12019 1
12020 2
12021 1
12026 1
12028 1
12030 1
12032 1
12035 1
12037 1
12039 3
12041 1
12043 1
12048 1
12049 1
12052 1
12053 1
12054 1
12055 1
12058 2
12059 2
12060 1
12061 1
12067 1
12068 2
12069 1
12072 2
12073 2
12075 1
12077 1
12078 1
12079 1
12080 1
12082 1
12084 1
12087 1
12090 1
12091 1
12094 1
12095 2
12097 1
12098 2
12099 1
12100 2
12101 3
12104 1
12105 2
12109 2
12110 1
12114 1
12115 1
12116 1
12117 2
12118 2
12119 2
12120 1
12121 1
12125 1
12126 2
12129 1
12130 1
12131 1
12133 1
12141 1
12142 1
12146 1
12150 1
12157 1
12159 1
12161 1
12163 1
12167 1
12169 1
12178 1
12182 2
12183 1
12184 2
12186 1
12187 1
12188 2
12190 1
12191 1
12192 1
12194 1
12197 1
12201 1
12202 1
12203 1
12204 2
12205 1
12206 1
12207 2
12208 3
12210 1
12211 2
12212 1
12215 1
12219 1
12220 2
12221 1
12224 2
12225 2
12228 1
12230 2
12234 2
12239 1
12245 1
12247 2
12249 1
12252 1
12253 1
12255 3
12256 1
12258 1
12259 2
12260 2
12262 1
12264 1
12269 1
12273 1
12274 1
12278 1
12281 1
12282 1
12284 1
12285 1
12286 1
12288 1
12289 1
12292 1
12294 1
12295 2
12296 1
12298 1
12299 2
12300 1
12302 3
12303 1
12304 1
12306 1
12311 1
12312 2
12314 2
12316 1
12317 1
12318 2
12322 2
12325 1
12326 2
12328 2
12329 1
12330 1
12331 1
12332 1
12334 2
12335 1
12336 2
12337 1
12338 1
12339 2
12340 1
12342 2
12344 2
12345 1
12348 1
12351 1
12352 1
12354 1
12355 2
12356 2
12359 1
12360 2
12361 1
12362 1
12363 1
12365 1
12366 2
12369 1
12371 1
12375 2
12376 1
12379 2
12382 1
12389 1
12393 1
12401 1
12402 1
12403 1
12405 2
12407 1
12408 1
12409 1
12410 1
12412 1
12413 1
12414 1
12415 1
12416 1
12417 1
12421 1
12424 1
12425 1
12431 1
12433 1
12434 1
12437 1
12438 3
12440 1
12442 2
12444 1
12447 1
12448 1
12452 1
12453 1
12454 1
12457 1
12464 1
12467 1
12468 1
12469 1
12471 1
12472 1
12474 1
12479 1
12485 2
12486 1
12487 1
12489 2
12490 2
12491 1
12492 1
12493 1
12496 1
12499 1
12503 1
12504 1
12509 2
12511 1
12515 1
12516 1
12519 2
12523 1
12525 1
12526 1
12527 1
12529 1
12530 1
12531 2
12535 1
12536 1
12537 2
12538 1
12541 1
12544 1
12545 2
12549 1
12551 1
12552 1
12556 1
12557 1
12559 1
12560 2
12561 1
12562 1
12567 1
12568 2
12571 1
12574 1
12576 1
12577 2
12578 1
12579 3
12580 1
12582 3
12583 2
12586 1
12588 1
12589 2
12592 1
12593 2
12595 1
12597 1
12599 1
12601 1
12602 1
12603 2
12605 1
12606 1
12607 1
12609 1
12620 1
12623 2
12625 1
12626 1
12629 2
12638 1
12639 1
12640 1
12641 1
12642 1
12647 2
12651 1
12654 1
12655 1
12657 1
12659 1
12661 2
12663 1
12665 2
12667 2
12669 2
12671 2
12673 1
12676 1
12677 2
12680 3
12681 1
12682 2
12683 1
12684 2
12685 1
12686 1
12687 2
12689 1
12690 1
12691 1
12696 1
12697 2
12699 1
12701 1
12703 1
12705 1
12706 1
12707 1
12709 2
12712 2
12713 1
12715 2
12717 1
12719 1
12721 1
12723 1
12726 1
12728 1
12729 1
12731 1
12733 1
12734 1
12736 1
12738 1
12749 1
12753 1
12754 1
12755 1
12758 1
12760 1
12772 1
12774 1
12776 1
12778 2
12787 1
12788 1
12791 1
12794 1
12795 1
12797 1
12804 1
12806 1
12807 2
12809 1
12810 2
12811 3
12812 1
12815 1
12816 2
12820 2
12822 1
12825 1
12826 2
12831 1
12832 1
12837 1
12839 1
12847 1
12852 2
12856 1
12860 1
12863 1
12864 2
12865 1
12867 2
12868 1
12881 1
12884 2
12886 1
12888 3
12889 1
12890 1
12892 1
12894 1
12896 1
12898 1
12903 3
12904 2
12907 2
12908 2
12909 1
12910 1
12913 1
12914 3
12917 2
12918 2
12921 1
12922 1
12924 1
12925 1
12926 1
12929 1
12930 2
12931 2
12934 1
12944 1
12945 1
12946 1
12953 1
12955 2
12959 1
12960 1
12961 1
12962 1
12963 1
12964 1
12965 1
12966 2
12970 1
12974 1
12975 1
12980 1
12987 1
12990 1
12994 1
13001 2
13002 1
13004 1
13005 1
13008 1
13012 1
13018 2
13020 1
13022 1
13023 1
13024 1
13027 1
13033 1
13034 1
13037 1
13038 1
13039 1
13040 2
13041 1
13042 2
13043 1
13044 1
13050 1
13055 1
13056 1
13058 1
13060 1
13061 1
13062 1
13065 1
13066 1
13072 1
13075 1
13077 1
13079 2
13081 1
13085 1
13101 1
13104 1
13107 1
13113 1
13114 1
13118 1
13122 1
13127 1
13130 2
13131 3
13134 2
13135 1
13137 1
13138 1
13141 1
13144 1
13148 2
13149 1
13151 1
13153 1
13163 1
13165 1
13171 1
13174 1
13175 1
13182 1
13185 1
13187 1
13188 1
13189 2
13191 1
13192 1
13193 2
13195 2
13196 1
13197 1
13199 1
13205 2
13209 1
13210 2
13211 1
13215 2
13217 1
13221 1
13224 1
13225 1
13228 1
13229 1
13231 1
13232 1
13235 1
13237 1
13238 1
13241 1
13243 1
13250 2
13251 2
13254 1
13255 1
13257 2
13259 1
13261 1
13262 1
13265 1
13266 1
13267 1
13274 2
13275 1
13276 1
13277 1
13280 1
13282 2
13283 2
13285 2
13286 1
13288 2
13289 2
13292 1
13295 1
13297 1
13299 1
13302 1
13303 1
13307 1
13308 1
13309 1
13317 1
13326 1
13339 1
13341 1
13344 1
13347 1
13360 1
13361 2
13363 1
13364 1
13365 2
13367 1
13368 1
13376 1
13377 1
13382 1
13386 1
13390 1
13396 1
13401 1
13403 1
13411 1
13412 2
13415 2
13416 1
13418 1
13419 1
13423 1
13428 1
13429 1
13430 1
13434 1
13435 1
13437 2
13438 1
13439 1
13442 1
13444 1
13451 1
13452 1
13455 2
13459 1
13472 1
13474 1
13478 1
13482 1
13484 1
13491 1
13493 1
13496 1
13497 1
13500 1
13501 1
13508 1
13510 1
13512 2
13515 1
13516 3
13517 1
13518 1
13522 3
13526 3
13529 1
13531 1
13532 2
13534 1
13536 1
13537 1
13552 1
13558 1
13560 1
13564 2
13566 1
13570 2
13571 1
13573 1
13574 1
13583 1
13587 1
13590 2
13592 1
13594 2
13603 1
13604 1
13609 2
13610 2
13613 2
13614 1
13623 2
13624 1
13628 1
13630 1
13635 1
13646 1
13650 1
13652 1
13655 1
13656 1
13660 1
13661 1
13665 1
13666 1
13669 1
13670 1
13671 1
13680 1
13681 1
13693 1
13701 1
13712 1
13717 1
13718 1
13733 1
13734 1
13735 1
13739 3
13743 1
13745 1
13749 1
13756 1
13757 1
13758 1
13759 1
13761 1
13762 1
13763 1
13766 1
13779 1
13785 2
13807 1
13810 2
13811 1
13813 1
13815 1
13824 1
13836 1
13837 2
13840 2
13841 1
13843 1
13844 1
13847 1
13850 1
13853 1
13854 1
13855 1
13857 1
13867 1
13869 2
13871 1
13877 1
13880 1
13886 1
13887 1
13888 1
13889 1
13893 1
13894 1
13895 2
13897 1
13899 1
13907 1
13910 1
13911 1
13916 1
13917 1
13930 1
13934 1
13944 1
13956 1
13960 1
13963 1
13965 1
13967 1
13968 1
13976 1
13981 1
13982 1
13986 1
13988 1
13989 1
13993 1
13995 1
14003 1
14008 1
14023 1
14024 1
14041 1
14042 1
14044 1
14045 1
14047 1
14060 1
14064 1
14067 1
14070 1
14071 1
14074 2
14078 1
14080 1
14082 1
14086 1
14088 1
14092 1
14100 1
14107 1
14112 1
14115 1
14116 1
14118 1
14122 1
14129 1
14131 1
14134 2
14136 1
14137 1
14143 1
14144 2
14150 1
14152 1
14157 1
14158 1
14161 1
14178 1
14180 1
14197 1
14202 1
14212 1
14214 1
14216 1
14218 2
14222 2
14228 1
14231 1
14232 1
14235 1
14237 1
14238 1
14240 1
14242 1
14258 1
14260 1
14264 1
14266 1
14270 2
14287 1
14289 1
14291 1
14305 1
14309 1
14327 1
14329 1
14346 1
14349 1
14352 1
14361 1
14362 1
14366 1
14367 1
14371 1
14377 1
14399 1
14407 1
14415 1
14418 1
14419 1
14423 1
14431 1
14436 1
14439 1
14440 1
14441 1
14445 2
14449 1
14458 2
14459 1
14463 1
14464 1
14465 1
14469 1
14472 1
14485 1
14510 1
14515 1
14516 1
14517 1
14521 1
14556 1
14559 1
14573 1
14575 1
14586 1
14592 1
14593 1
14594 1
14595 1
14613 1
14616 1
14678 1
14682 1
14685 1
14686 1
14689 1
14692 1
14699 1
14720 1
14730 1
14742 1
14744 1
14747 1
14748 1
14750 1
14766 1
14770 1
14779 1
14780 1
14784 1
14786 1
14792 1
14794 1
14798 1
14806 1
14812 1
14818 1
14821 1
14822 1
14826 1
14830 1
14831 1
14837 1
14840 1
14843 1
14850 1
14858 1
14916 1
14918 1
14919 1
14937 1
14966 1
14967 1
14970 1
14981 1
14985 1
14993 1
14997 1
15006 1
15011 1
15033 1
15052 1
15055 1
15063 1
15067 1
15073 1
15077 1
15115 1
15121 1
15125 1
15137 1
15142 1
15145 1
15164 2
15165 1
15216 1
15221 1
15248 1
15272 1
15286 1
15290 1
15292 1
15294 1
15300 1
15384 1
15391 1
15392 1
15395 1
15398 1
15426 1
15448 1
15450 1
15485 1
15518 1
15532 1
15536 1
15537 1
15615 1
15622 1
15625 1
15629 1
15633 1
15643 1
15667 1
15673 1
15687 1
15691 1
15712 1
15769 1
15773 1
15821 1
15834 1
15842 1
15856 1
15860 1
15954 1
15978 1
15986 1
15992 1
15996 1
16000 1
16141 1
16229 1
16321 1
16335 1
16339 1
16349 1
16373 1
16381 1
16536 1
16540 1
16548 1
16562 1
16566 1
16692 1
16841 1
16847 1
16935 1
17087 1
17184 1
17242 1
17411 1
17547 1
17890 1
18117 1
End
