NMec = 97746
T = 19
P = 4
Profits not ignored
Valid tasks:                                                            49086
Solution time = 1.019e-03
Task data
    0  18  2321 0
    2   9   678 1
    4  17  2253 2
    4  26  1884 -1
    8  20  1320 -1
   11  19   729 -1
   11  25  3477 -1
   12  28  4133 1
   12  34  4519 3
   13  36  3373 -1
   14  34  2772 -1
   19  31  1589 -1
   20  37  2063 0
   21  28   519 -1
   22  31  1621 -1
   23  38  1650 -1
   24  40  3035 2
   25  26   571 -1
   30  39   641 1
Best profit: 19643
All profits:
0 1
519 1
571 1
641 1
678 1
729 1
1090 1
1160 1
1197 1
1212 1
1248 1
1249 1
1300 1
1319 1
1320 1
1370 1
1407 1
1589 1
1621 1
1650 1
1731 1
1768 1
1819 1
1838 1
1839 1
1884 1
1889 1
1890 1
1891 1
1926 1
1941 1
1961 1
1978 1
1998 1
2048 1
2049 1
2063 1
2108 1
2140 1
2160 1
2169 1
2192 1
2221 1
2230 1
2253 1
2262 1
2267 1
2291 1
2299 1
2318 1
2321 1
2328 1
2350 1
2379 1
2403 1
2409 1
2410 1
2455 1
2460 1
2480 1
2497 1
2517 1
2525 1
2532 1
2562 1
2567 1
2568 1
2569 1
2582 1
2613 1
2619 1
2620 1
2634 1
2639 1
2679 1
2690 1
2704 1
2711 1
2727 1
2740 1
2741 1
2749 1
2772 2
2781 1
2786 1
2792 1
2801 1
2810 1
2818 1
2824 1
2833 1
2837 1
2838 1
2840 1
2847 1
2862 1
2869 1
2870 1
2889 1
2892 1
2894 1
2898 1
2899 1
2908 1
2909 1
2921 1
2931 1
2940 1
2941 1
2950 1
2959 1
2962 1
2969 1
2970 1
2974 1
2982 1
2991 1
2996 1
2999 1
3020 1
3028 1
3035 1
3044 1
3050 1
3051 1
3057 1
3081 1
3088 1
3096 1
3132 1
3133 1
3138 1
3139 1
3153 1
3158 1
3184 1
3203 1
3204 1
3209 1
3210 2
3223 1
3239 1
3246 1
3254 1
3260 1
3261 1
3271 1
3275 1
3291 2
3298 1
3311 1
3312 1
3320 1
3343 2
3352 1
3357 1
3363 1
3368 1
3373 1
3381 1
3382 1
3383 1
3389 1
3408 1
3411 1
3413 2
3418 1
3427 1
3428 1
3433 1
3440 1
3450 2
3459 1
3460 1
3465 1
3469 1
3470 1
3473 1
3477 1
3478 1
3479 1
3480 1
3481 1
3488 1
3489 1
3501 2
3502 1
3505 1
3510 1
3511 1
3512 1
3515 1
3518 1
3530 1
3533 1
3534 1
3539 1
3540 1
3541 1
3547 1
3550 1
3553 1
3554 1
3562 1
3567 1
3569 1
3570 1
3572 1
3573 1
3576 1
3582 1
3587 1
3591 1
3599 1
3606 1
3611 1
3615 1
3619 1
3621 1
3623 1
3628 1
3637 1
3638 1
3640 1
3641 1
3648 1
3652 2
3660 1
3669 1
3670 1
3676 1
3684 1
3691 1
3698 1
3699 1
3703 1
3713 2
3722 1
3723 1
3728 1
3729 2
3758 1
3764 1
3773 1
3774 1
3775 1
3780 1
3781 1
3790 1
3794 1
3810 2
3817 1
3825 1
3831 1
3842 2
3845 1
3851 1
3862 2
3874 1
3880 1
3882 2
3887 1
3888 1
3892 1
3901 1
3902 1
3903 1
3910 1
3912 1
3917 1
3932 2
3933 1
3939 2
3942 1
3944 1
3947 1
3949 1
3952 1
3953 1
3954 1
3968 1
3969 1
3971 1
3984 2
3989 1
3992 1
3996 1
3998 1
3999 1
4000 1
4004 1
4014 1
4020 1
4021 2
4024 2
4030 1
4031 1
4041 1
4044 1
4048 1
4049 1
4051 1
4052 1
4053 1
4059 1
4060 1
4061 1
4069 1
4072 2
4076 1
4081 1
4086 1
4089 1
4091 2
4092 2
4101 1
4102 1
4105 1
4106 1
4110 1
4111 1
4112 1
4114 1
4118 2
4121 1
4125 1
4130 1
4133 1
4137 1
4138 1
4140 1
4142 2
4143 1
4144 1
4146 1
4147 1
4151 1
4153 1
4155 1
4156 1
4157 1
4158 1
4159 1
4160 1
4167 1
4171 1
4175 1
4179 2
4182 1
4183 1
4188 1
4189 1
4190 1
4194 1
4195 1
4202 1
4203 1
4205 1
4206 1
4208 1
4209 1
4210 1
4211 1
4212 2
4214 1
4217 1
4218 1
4219 1
4223 1
4228 1
4231 1
4232 2
4234 1
4240 1
4241 1
4247 2
4251 1
4255 1
4260 1
4262 1
4263 1
4269 1
4270 1
4279 1
4282 1
4283 1
4284 2
4289 1
4293 2
4294 1
4299 1
4300 1
4301 1
4302 1
4311 1
4316 2
4319 1
4325 1
4329 1
4330 1
4335 1
4340 1
4344 1
4348 1
4354 2
4355 1
4361 3
4362 1
4364 1
4369 1
4370 2
4377 1
4381 2
4384 1
4391 1
4393 2
4399 1
4401 1
4405 1
4407 1
4413 2
4416 1
4422 3
4429 1
4431 1
4436 1
4442 2
4445 1
4451 2
4452 1
4453 1
4458 2
4459 1
4461 1
4463 1
4466 1
4468 1
4472 1
4473 1
4474 1
4481 1
4483 2
4487 1
4488 1
4490 1
4503 2
4504 1
4510 1
4513 1
4515 1
4518 1
4519 2
4520 2
4523 2
4529 1
4530 1
4533 1
4539 1
4540 1
4542 1
4543 1
4544 1
4551 1
4552 1
4558 1
4559 1
4560 1
4563 1
4567 1
4570 1
4571 2
4574 2
4580 2
4581 1
4583 1
4585 1
4588 2
4590 1
4591 2
4595 2
4603 1
4609 1
4610 1
4611 2
4612 1
4617 1
4620 1
4621 1
4622 1
4624 2
4625 1
4630 1
4631 1
4632 2
4633 1
4637 1
4639 1
4640 1
4641 1
4646 1
4649 1
4652 1
4656 3
4661 1
4662 2
4663 2
4665 1
4670 1
4671 1
4672 1
4673 1
4674 1
4676 1
4677 1
4678 1
4682 1
4683 1
4685 2
4689 1
4692 1
4693 1
4694 1
4698 1
4700 1
4701 1
4702 2
4704 1
4708 1
4709 1
4713 2
4717 1
4721 1
4722 1
4724 1
4725 1
4726 1
4727 1
4728 1
4730 1
4731 2
4733 2
4738 1
4742 1
4743 1
4746 1
4747 1
4750 2
4753 2
4754 1
4759 1
4760 1
4766 1
4770 2
4773 1
4774 2
4776 1
4777 1
4778 1
4779 1
4780 1
4781 1
4782 1
4783 1
4785 1
4788 1
4789 1
4790 1
4792 1
4793 1
4796 1
4797 1
4798 1
4799 1
4801 1
4803 2
4805 1
4808 1
4811 1
4812 1
4815 1
4818 1
4820 2
4821 2
4822 1
4824 1
4825 1
4830 1
4831 1
4834 1
4835 3
4838 1
4843 1
4844 1
4846 1
4847 1
4849 1
4850 1
4853 2
4854 2
4859 1
4860 2
4862 1
4864 1
4866 1
4867 1
4872 1
4873 3
4874 1
4875 1
4880 2
4881 1
4882 1
4883 1
4884 1
4887 2
4888 1
4889 1
4890 1
4892 1
4896 2
4900 1
4901 1
4903 1
4904 1
4910 1
4911 1
4912 2
4919 2
4924 1
4925 2
4926 1
4932 3
4933 1
4934 1
4935 1
4940 1
4941 4
4943 1
4948 1
4952 1
4955 1
4957 2
4960 1
4961 2
4962 2
4964 2
4970 1
4971 1
4972 2
4976 1
4978 1
4980 1
4984 1
4989 1
4993 2
4994 2
4996 1
5000 1
5002 3
5003 1
5004 1
5007 1
5011 1
5013 2
5018 1
5022 2
5023 2
5025 2
5029 1
5032 2
5033 2
5034 2
5037 1
5038 1
5039 3
5042 1
5045 1
5048 2
5049 1
5054 2
5058 1
5059 1
5061 1
5062 1
5063 2
5066 1
5070 1
5071 2
5077 1
5078 1
5083 2
5084 1
5086 1
5090 4
5091 2
5093 3
5094 2
5098 2
5099 1
5100 3
5101 1
5102 1
5104 1
5107 2
5109 1
5110 1
5113 1
5114 1
5115 1
5120 1
5122 3
5123 2
5127 1
5128 1
5129 1
5130 2
5131 1
5136 1
5139 1
5141 1
5142 1
5143 1
5144 1
5145 2
5151 4
5152 1
5154 1
5155 1
5158 1
5159 2
5160 2
5161 2
5162 2
5165 1
5168 1
5171 1
5174 1
5175 2
5180 1
5181 1
5182 2
5183 1
5188 1
5190 1
5191 1
5192 1
5193 1
5194 1
5195 2
5196 1
5197 2
5200 1
5201 1
5202 1
5203 1
5204 2
5208 2
5210 1
5211 1
5212 3
5215 1
5217 1
5219 1
5220 1
5221 1
5222 1
5223 2
5227 3
5229 1
5230 1
5232 2
5236 1
5237 1
5241 1
5242 1
5244 1
5245 1
5247 1
5248 1
5249 2
5252 3
5256 1
5257 1
5258 1
5259 1
5261 1
5262 2
5263 1
5264 1
5265 2
5266 1
5267 1
5269 2
5271 1
5272 1
5273 4
5280 1
5281 1
5287 1
5288 2
5289 1
5290 1
5291 1
5292 1
5293 1
5295 1
5296 1
5297 3
5299 1
5302 3
5303 1
5304 2
5309 1
5310 1
5311 1
5312 2
5314 1
5315 1
5316 1
5317 2
5318 1
5319 1
5320 1
5324 2
5326 1
5330 1
5334 5
5339 1
5340 1
5341 3
5343 1
5344 1
5345 1
5349 2
5350 1
5351 1
5353 2
5354 2
5356 1
5361 2
5362 1
5363 2
5364 1
5365 1
5366 1
5367 1
5368 1
5369 1
5371 1
5372 2
5373 1
5378 1
5379 2
5381 1
5382 1
5383 1
5385 3
5386 1
5391 2
5392 2
5394 1
5395 1
5396 1
5399 1
5401 1
5402 1
5403 1
5406 3
5409 1
5411 2
5414 2
5415 1
5417 1
5418 1
5420 1
5421 1
5422 1
5423 1
5424 1
5425 1
5430 1
5431 3
5433 1
5434 1
5436 1
5437 1
5438 3
5444 2
5445 1
5446 1
5451 2
5452 2
5453 2
5454 1
5455 1
5456 1
5457 1
5459 1
5460 2
5462 2
5463 2
5466 1
5467 1
5471 2
5474 1
5475 2
5476 3
5479 1
5481 2
5483 2
5490 2
5491 1
5492 1
5495 2
5499 2
5501 1
5503 3
5505 1
5507 1
5508 1
5512 2
5513 3
5514 1
5515 1
5521 2
5522 2
5523 1
5524 2
5525 2
5526 1
5528 2
5530 1
5531 2
5532 3
5533 1
5536 1
5537 1
5538 1
5540 2
5541 1
5542 2
5543 1
5544 3
5551 2
5552 2
5553 2
5554 1
5558 1
5560 3
5564 2
5565 2
5567 2
5568 1
5573 3
5574 1
5575 2
5578 1
5581 1
5582 3
5583 1
5585 1
5589 2
5590 1
5592 1
5593 1
5594 1
5596 2
5597 2
5602 2
5603 3
5604 2
5605 2
5609 2
5610 3
5612 2
5613 3
5616 1
5617 2
5619 3
5620 1
5621 1
5625 1
5626 1
5630 1
5632 1
5633 1
5634 2
5635 2
5636 1
5637 1
5639 1
5640 1
5641 2
5642 3
5645 1
5646 1
5648 2
5649 1
5650 1
5654 2
5655 1
5661 2
5662 1
5664 4
5665 1
5666 1
5669 2
5670 2
5671 2
5672 1
5673 1
5674 3
5678 2
5679 1
5680 3
5681 3
5682 1
5684 1
5686 1
5689 1
5690 1
5691 2
5693 2
5694 2
5698 1
5699 1
5700 1
5701 3
5702 1
5703 2
5704 1
5707 2
5710 1
5711 1
5712 2
5713 2
5714 1
5715 1
5716 1
5719 1
5722 3
5723 2
5725 1
5726 2
5727 1
5729 1
5730 1
5731 4
5732 2
5733 2
5734 2
5735 1
5736 1
5739 3
5741 2
5742 3
5744 1
5746 2
5748 1
5749 1
5751 1
5752 1
5754 3
5756 1
5758 1
5761 2
5762 2
5763 2
5764 2
5765 1
5766 1
5767 1
5768 5
5771 4
5772 1
5775 1
5776 3
5777 1
5778 1
5779 1
5780 1
5781 1
5782 1
5783 3
5784 1
5785 1
5786 2
5787 1
5788 1
5790 1
5791 1
5792 4
5793 1
5794 2
5795 1
5796 1
5798 1
5799 1
5800 3
5801 2
5803 2
5805 1
5806 1
5807 3
5808 1
5809 1
5810 1
5815 1
5816 2
5819 1
5820 1
5821 2
5822 2
5823 4
5826 1
5827 2
5828 1
5829 3
5830 1
5831 1
5832 1
5833 3
5835 1
5836 3
5837 1
5838 3
5839 2
5840 2
5843 1
5844 2
5845 1
5849 1
5851 1
5852 2
5853 4
5855 1
5856 1
5858 1
5859 2
5860 2
5861 1
5862 1
5864 2
5868 4
5870 1
5871 1
5872 2
5873 3
5874 1
5875 1
5878 1
5880 2
5881 1
5882 2
5883 2
5884 1
5886 1
5887 1
5888 2
5889 1
5890 3
5891 2
5893 1
5894 1
5897 2
5898 1
5900 1
5901 2
5903 1
5904 2
5905 6
5908 2
5910 2
5911 1
5912 1
5914 2
5915 1
5920 1
5922 1
5923 1
5924 1
5925 2
5926 1
5927 1
5929 2
5930 1
5932 2
5933 2
5934 1
5935 1
5936 1
5937 3
5940 2
5941 1
5942 1
5943 3
5944 3
5945 1
5949 1
5950 1
5951 2
5952 2
5953 1
5955 1
5956 3
5957 1
5958 1
5959 1
5961 1
5965 1
5966 3
5969 1
5970 1
5971 1
5972 1
5973 2
5974 1
5975 4
5976 3
5980 1
5981 2
5982 4
5985 2
5986 1
5990 2
5991 1
5992 1
5993 1
5994 3
5995 2
5996 1
5997 1
5998 1
6002 4
6004 1
6005 3
6007 1
6009 2
6011 2
6012 2
6014 1
6017 2
6018 1
6019 1
6020 2
6022 2
6023 1
6024 2
6026 3
6027 1
6028 1
6031 3
6032 1
6033 2
6034 3
6037 1
6039 1
6040 1
6041 1
6042 1
6043 3
6044 2
6045 1
6046 1
6047 3
6050 2
6051 1
6052 1
6055 2
6057 1
6059 2
6061 1
6062 1
6063 6
6066 1
6070 2
6072 2
6073 1
6074 2
6077 1
6078 1
6079 3
6083 1
6084 3
6085 1
6086 1
6087 1
6090 1
6092 3
6093 2
6094 3
6095 2
6096 2
6097 1
6098 1
6100 1
6101 2
6102 2
6103 1
6104 1
6107 1
6108 3
6109 1
6111 3
6112 2
6113 1
6114 1
6115 3
6116 3
6122 2
6123 2
6124 2
6125 1
6129 1
6131 4
6132 1
6133 1
6135 3
6138 1
6139 1
6140 3
6141 1
6144 2
6145 2
6146 1
6149 1
6152 1
6153 2
6154 4
6155 2
6156 1
6159 1
6160 1
6161 1
6163 3
6164 1
6165 2
6166 1
6167 2
6168 2
6169 2
6170 1
6172 1
6173 3
6174 2
6177 1
6179 1
6180 2
6181 3
6182 1
6183 3
6184 1
6185 2
6186 1
6188 2
6190 1
6191 1
6192 2
6193 2
6195 2
6196 1
6197 1
6199 1
6200 3
6201 2
6202 1
6203 2
6204 1
6205 2
6206 2
6207 1
6208 1
6209 2
6210 2
6211 1
6212 1
6213 1
6214 1
6216 1
6217 1
6218 1
6219 2
6220 2
6221 2
6222 2
6223 1
6224 2
6226 1
6230 2
6231 1
6232 2
6233 1
6235 1
6237 1
6238 3
6239 1
6241 2
6242 3
6243 1
6244 1
6245 5
6246 1
6249 2
6250 2
6251 3
6252 3
6253 4
6254 2
6257 1
6258 2
6260 3
6261 3
6262 1
6263 1
6265 2
6267 2
6268 1
6269 1
6270 1
6271 2
6272 2
6273 3
6274 3
6275 2
6277 3
6278 1
6280 1
6281 3
6282 3
6283 3
6284 2
6287 3
6289 2
6290 2
6291 2
6293 1
6294 2
6295 2
6296 1
6297 2
6298 1
6301 1
6302 3
6303 1
6304 2
6305 2
6306 4
6310 3
6311 1
6312 2
6313 4
6314 3
6315 2
6317 1
6319 2
6320 2
6321 1
6322 3
6323 2
6324 1
6325 3
6326 3
6327 1
6329 1
6332 2
6333 2
6334 2
6335 2
6338 1
6339 3
6341 1
6342 6
6343 2
6344 1
6345 3
6346 2
6347 3
6348 2
6349 1
6351 1
6352 3
6354 3
6355 2
6356 1
6357 2
6358 2
6359 3
6362 1
6363 3
6364 2
6365 2
6366 1
6367 2
6368 1
6369 2
6370 1
6371 4
6372 2
6374 3
6375 1
6376 1
6377 1
6378 3
6379 1
6380 1
6381 1
6382 1
6383 2
6385 1
6386 2
6387 2
6390 1
6391 2
6392 1
6393 3
6394 1
6395 2
6397 2
6398 2
6399 1
6400 3
6401 1
6402 1
6403 4
6404 2
6406 1
6407 2
6408 3
6409 4
6410 4
6411 2
6412 2
6413 3
6414 1
6416 1
6417 3
6418 2
6419 1
6420 3
6422 1
6423 2
6424 6
6426 1
6427 3
6428 1
6429 1
6430 1
6431 1
6432 3
6433 2
6435 2
6436 2
6439 2
6440 1
6441 2
6442 4
6443 3
6444 1
6445 1
6446 2
6447 1
6448 3
6449 1
6451 3
6453 1
6454 2
6455 2
6456 3
6458 1
6459 2
6460 1
6461 3
6462 3
6463 3
6464 3
6465 2
6467 1
6468 3
6469 1
6470 3
6471 3
6472 2
6473 1
6474 2
6475 3
6476 2
6477 1
6478 1
6479 2
6480 2
6481 2
6483 1
6485 6
6487 1
6488 1
6492 1
6493 2
6494 4
6495 2
6496 1
6497 2
6499 1
6500 4
6501 3
6503 1
6504 2
6505 3
6506 1
6508 3
6509 1
6510 1
6511 2
6512 3
6513 2
6514 3
6515 3
6516 3
6517 2
6521 3
6522 2
6523 3
6524 3
6525 1
6526 1
6527 1
6528 1
6529 1
6530 3
6531 2
6532 2
6533 1
6534 1
6535 1
6536 3
6537 3
6538 1
6539 1
6540 2
6542 2
6543 1
6544 1
6545 2
6546 5
6547 3
6549 1
6550 2
6551 1
6552 2
6553 4
6555 1
6556 1
6557 1
6558 1
6561 2
6562 3
6564 1
6565 2
6566 2
6567 2
6568 2
6569 3
6572 1
6573 2
6574 1
6575 1
6576 3
6577 1
6578 2
6581 1
6582 7
6583 4
6584 1
6585 2
6586 1
6588 2
6589 1
6590 1
6591 1
6592 1
6593 4
6596 1
6597 3
6600 1
6601 1
6602 2
6603 1
6604 1
6605 2
6607 3
6608 1
6609 1
6610 2
6611 2
6612 2
6613 1
6614 5
6615 3
6616 1
6617 3
6619 1
6621 2
6622 4
6623 3
6626 1
6627 2
6630 3
6631 1
6632 1
6633 1
6634 6
6635 1
6637 3
6639 1
6643 2
6644 3
6646 3
6648 1
6650 3
6651 1
6652 2
6653 1
6654 5
6656 1
6658 2
6659 2
6660 2
6661 2
6663 2
6664 2
6665 2
6666 1
6669 2
6671 1
6672 3
6673 3
6674 2
6675 4
6676 1
6679 1
6680 2
6681 1
6682 4
6683 3
6684 3
6685 2
6686 1
6687 4
6688 1
6689 2
6691 1
6692 1
6693 1
6695 3
6696 1
6698 2
6699 1
6700 2
6701 1
6702 3
6703 1
6704 5
6705 3
6706 1
6709 1
6711 5
6712 2
6714 3
6715 2
6716 3
6719 4
6720 1
6721 2
6722 1
6723 1
6724 1
6725 3
6726 3
6728 2
6730 1
6731 1
6733 2
6734 4
6735 1
6736 2
6737 2
6738 2
6740 4
6741 3
6743 4
6744 2
6746 1
6748 3
6749 2
6750 1
6751 2
6752 3
6753 1
6754 1
6755 1
6756 3
6757 4
6758 1
6761 1
6762 1
6763 3
6764 4
6765 1
6766 2
6767 1
6768 2
6770 1
6771 3
6772 7
6773 2
6774 1
6775 1
6776 3
6779 2
6780 3
6781 2
6782 1
6783 1
6784 2
6785 1
6786 4
6787 1
6788 1
6789 2
6790 1
6791 2
6792 1
6793 3
6794 2
6795 2
6796 3
6797 1
6800 1
6801 3
6802 1
6803 2
6804 2
6806 1
6808 2
6809 3
6810 3
6811 1
6812 2
6813 3
6815 1
6816 4
6817 1
6818 1
6820 2
6821 2
6822 1
6823 4
6824 3
6825 3
6827 1
6829 2
6831 2
6832 3
6833 4
6834 1
6836 2
6837 2
6838 2
6839 1
6840 3
6841 5
6842 2
6843 2
6844 5
6845 4
6846 2
6847 1
6848 3
6850 2
6851 3
6852 3
6853 2
6854 1
6855 1
6856 1
6858 3
6859 1
6860 4
6861 3
6862 3
6863 1
6864 3
6865 1
6866 2
6868 1
6869 1
6870 1
6871 1
6873 4
6874 3
6875 1
6877 4
6878 3
6879 1
6880 2
6881 1
6882 2
6883 3
6884 4
6885 3
6886 3
6887 1
6888 3
6890 3
6891 1
6892 2
6893 3
6894 2
6895 2
6897 3
6898 2
6899 1
6901 2
6902 3
6903 1
6904 1
6905 3
6906 2
6907 1
6908 1
6909 4
6910 2
6911 1
6912 3
6913 2
6914 3
6915 2
6916 4
6917 4
6918 2
6919 2
6920 1
6922 3
6923 6
6924 1
6925 3
6926 1
6927 3
6928 2
6929 3
6930 4
6931 2
6932 3
6933 1
6934 1
6935 2
6936 3
6937 2
6938 4
6939 2
6940 1
6942 2
6943 4
6945 4
6946 3
6947 4
6949 1
6950 2
6951 3
6952 2
6953 2
6954 3
6955 5
6956 1
6957 2
6958 1
6959 1
6960 2
6961 3
6962 4
6964 1
6965 1
6966 3
6967 4
6968 2
6970 2
6971 1
6972 1
6973 1
6974 6
6975 3
6977 3
6978 2
6979 3
6980 3
6981 2
6982 4
6983 3
6984 7
6985 1
6986 2
6987 2
6988 3
6989 3
6990 2
6991 3
6992 2
6993 2
6994 2
6995 4
6996 1
6997 1
6998 2
6999 3
7000 3
7001 1
7002 1
7003 4
7004 4
7006 5
7007 2
7010 2
7011 3
7012 3
7013 4
7014 2
7015 1
7016 2
7017 1
7018 1
7019 4
7020 2
7021 1
7022 2
7023 3
7024 2
7025 3
7026 1
7027 6
7029 1
7030 2
7031 2
7032 3
7033 2
7034 3
7035 5
7036 2
7038 1
7039 2
7041 3
7042 5
7043 3
7044 3
7045 2
7046 3
7047 1
7048 1
7049 4
7050 1
7051 4
7052 3
7053 1
7054 3
7055 2
7056 5
7057 1
7058 1
7059 4
7061 2
7063 1
7064 4
7065 4
7066 2
7067 1
7068 2
7071 3
7072 2
7073 2
7074 4
7075 1
7076 3
7077 1
7078 1
7079 1
7080 1
7081 4
7083 4
7084 3
7085 1
7086 4
7087 3
7088 7
7091 2
7092 3
7094 2
7095 4
7096 5
7097 3
7098 1
7099 1
7100 2
7101 3
7102 5
7103 3
7104 2
7105 2
7106 2
7107 4
7109 1
7110 1
7111 3
7112 3
7113 3
7114 2
7115 2
7116 3
7117 2
7118 1
7119 1
7120 3
7121 2
7124 3
7125 1
7126 6
7127 2
7128 1
7129 4
7131 1
7132 2
7133 4
7134 2
7135 1
7136 3
7137 2
7138 1
7139 1
7140 3
7141 4
7142 4
7143 2
7145 2
7146 4
7147 3
7148 1
7149 5
7151 1
7152 1
7153 9
7154 2
7155 1
7156 5
7157 3
7158 2
7161 2
7162 1
7163 4
7164 3
7165 4
7167 1
7168 2
7170 1
7171 3
7172 4
7173 3
7174 1
7175 3
7176 1
7177 3
7178 3
7179 2
7180 2
7181 3
7182 1
7183 3
7184 1
7185 4
7186 3
7187 1
7188 4
7190 4
7191 2
7192 2
7193 4
7194 7
7195 1
7196 1
7198 2
7199 2
7200 1
7201 3
7202 3
7203 3
7204 2
7205 2
7206 3
7208 4
7209 1
7210 3
7213 1
7214 6
7215 3
7217 4
7218 3
7221 2
7222 1
7223 6
7224 5
7225 6
7228 1
7229 2
7230 3
7231 3
7232 1
7233 2
7234 2
7235 3
7237 2
7238 2
7240 3
7241 1
7242 1
7243 2
7244 2
7245 3
7246 4
7247 3
7249 1
7250 1
7251 2
7252 2
7253 6
7254 2
7255 5
7256 2
7257 2
7258 2
7259 2
7260 5
7261 1
7262 3
7263 3
7264 1
7265 1
7266 3
7267 2
7268 1
7269 2
7271 4
7272 1
7273 1
7274 1
7275 6
7276 4
7278 2
7280 1
7282 4
7283 2
7285 5
7286 3
7287 3
7290 5
7291 5
7292 4
7293 2
7294 1
7295 5
7297 1
7298 1
7299 1
7300 2
7301 3
7302 3
7304 1
7305 5
7306 1
7307 1
7308 1
7310 1
7311 3
7312 4
7314 4
7315 4
7316 1
7317 2
7319 3
7320 2
7321 1
7322 4
7323 3
7324 3
7325 2
7326 1
7327 1
7328 4
7329 2
7330 2
7331 2
7332 2
7334 2
7336 3
7337 3
7339 3
7340 1
7341 1
7342 2
7343 8
7344 3
7346 4
7347 2
7350 2
7351 5
7352 4
7353 3
7354 3
7355 2
7356 2
7357 4
7358 1
7359 3
7360 7
7362 3
7363 3
7364 1
7365 3
7366 2
7367 2
7369 2
7370 1
7371 1
7372 2
7373 2
7374 1
7375 5
7376 1
7377 2
7378 1
7379 4
7380 2
7381 4
7382 2
7383 5
7384 2
7385 1
7387 2
7388 1
7389 5
7392 4
7393 2
7394 4
7396 2
7397 5
7398 2
7399 2
7402 1
7403 2
7404 8
7405 3
7406 1
7407 2
7408 3
7409 2
7410 1
7411 4
7412 6
7413 4
7414 3
7415 3
7416 4
7417 2
7418 3
7419 2
7420 1
7421 5
7422 3
7424 4
7425 2
7426 4
7427 3
7428 6
7429 2
7430 2
7431 3
7432 2
7433 2
7434 3
7435 4
7436 3
7437 1
7440 1
7441 2
7442 4
7443 2
7444 5
7445 4
7446 1
7448 5
7449 4
7450 4
7451 3
7453 2
7454 3
7455 2
7457 7
7458 1
7459 3
7460 1
7461 3
7462 2
7463 1
7464 4
7465 4
7466 4
7469 3
7470 1
7471 1
7472 4
7473 4
7474 4
7475 1
7476 4
7477 3
7478 2
7479 2
7480 4
7481 4
7482 2
7483 3
7484 1
7485 4
7486 4
7487 3
7488 3
7489 3
7490 2
7491 2
7492 1
7493 5
7494 5
7495 1
7496 3
7497 2
7498 3
7499 2
7500 2
7501 7
7502 2
7503 5
7505 2
7506 1
7507 2
7508 2
7509 3
7510 3
7511 2
7512 1
7513 1
7514 3
7515 5
7516 4
7517 2
7518 7
7519 3
7520 2
7521 2
7522 5
7523 3
7524 2
7525 5
7526 6
7528 1
7529 4
7530 3
7531 2
7532 2
7533 3
7534 1
7536 1
7537 1
7538 5
7539 3
7540 2
7541 2
7542 2
7543 1
7544 3
7545 3
7546 4
7547 1
7548 4
7549 2
7550 3
7551 2
7552 2
7553 4
7554 3
7555 6
7556 1
7557 2
7558 5
7560 2
7561 3
7562 4
7563 3
7564 3
7565 4
7566 3
7567 1
7568 4
7569 3
7570 5
7571 3
7572 1
7573 4
7574 2
7575 3
7576 2
7577 4
7578 3
7579 3
7580 2
7581 1
7582 2
7583 4
7584 3
7585 3
7586 2
7587 7
7588 2
7589 1
7590 3
7591 3
7592 3
7593 4
7594 6
7595 3
7596 3
7597 2
7598 2
7600 2
7601 2
7602 4
7603 4
7604 1
7605 2
7606 5
7607 6
7608 1
7609 3
7610 2
7611 2
7612 1
7613 3
7614 4
7615 6
7616 4
7617 3
7618 3
7619 2
7620 3
7621 3
7622 3
7623 6
7624 2
7625 5
7626 5
7628 2
7630 3
7631 2
7632 5
7633 3
7634 3
7635 4
7636 4
7637 1
7638 4
7639 2
7640 2
7641 1
7642 1
7643 2
7644 4
7645 7
7646 3
7647 3
7648 3
7649 1
7651 2
7652 8
7653 1
7654 2
7655 6
7656 3
7657 3
7658 1
7659 4
7660 3
7661 2
7662 4
7663 2
7664 2
7665 3
7666 5
7667 6
7668 5
7670 1
7671 2
7672 6
7673 3
7674 4
7675 4
7676 4
7677 2
7678 1
7679 1
7680 2
7681 1
7682 3
7683 4
7684 7
7685 2
7686 2
7687 4
7688 1
7689 4
7690 2
7691 6
7692 2
7693 1
7694 2
7695 2
7696 2
7697 5
7698 3
7699 1
7700 5
7702 1
7703 3
7704 4
7705 5
7706 4
7707 3
7708 2
7709 3
7711 2
7712 3
7713 7
7714 1
7715 3
7716 1
7717 4
7718 2
7719 1
7720 5
7721 1
7722 3
7723 2
7724 7
7727 6
7728 4
7729 7
7732 4
7733 3
7734 4
7735 3
7736 4
7737 4
7739 2
7740 1
7741 1
7742 3
7743 6
7744 6
7745 1
7746 2
7747 1
7748 4
7750 1
7751 1
7752 6
7753 1
7754 4
7755 1
7756 6
7757 2
7758 2
7759 3
7760 1
7761 5
7762 2
7763 1
7764 2
7765 5
7766 6
7767 1
7768 2
7770 3
7771 2
7772 3
7773 4
7774 5
7775 4
7776 3
7777 1
7778 3
7779 2
7780 2
7781 4
7782 2
7783 2
7784 3
7785 7
7786 2
7787 1
7788 4
7789 3
7790 4
7791 1
7792 2
7793 3
7794 6
7795 6
7796 3
7797 3
7798 1
7802 4
7803 1
7804 5
7805 5
7806 2
7807 2
7808 1
7809 2
7810 2
7811 3
7812 2
7813 4
7814 3
7815 2
7816 2
7817 5
7818 2
7819 1
7820 4
7821 4
7822 1
7823 1
7824 6
7825 3
7826 4
7827 3
7828 3
7829 1
7830 1
7831 8
7832 3
7833 3
7834 6
7835 4
7836 3
7838 2
7839 3
7840 2
7841 3
7842 5
7843 4
7844 1
7845 3
7846 5
7847 4
7849 3
7850 4
7851 1
7853 3
7854 2
7855 5
7856 6
7857 3
7858 4
7859 3
7860 2
7861 3
7862 6
7863 5
7864 2
7865 4
7866 7
7868 1
7869 2
7870 6
7871 3
7872 5
7873 4
7874 2
7875 1
7876 4
7877 1
7878 3
7879 3
7881 3
7882 4
7883 2
7884 2
7885 3
7886 5
7887 2
7888 3
7889 2
7890 2
7891 2
7892 5
7893 4
7894 5
7895 6
7896 4
7897 1
7898 1
7899 5
7900 2
7901 5
7902 7
7903 5
7904 1
7906 2
7907 3
7908 6
7910 3
7911 1
7912 2
7913 3
7914 3
7915 5
7916 3
7917 5
7918 3
7919 2
7921 1
7922 4
7923 7
7924 4
7925 3
7926 2
7927 6
7928 2
7929 1
7930 3
7931 9
7932 4
7933 4
7934 6
7935 4
7936 2
7937 3
7938 2
7939 1
7940 3
7941 2
7942 1
7943 5
7944 3
7945 2
7946 4
7947 7
7949 1
7950 2
7951 2
7952 3
7953 4
7954 6
7955 2
7956 2
7957 1
7958 2
7959 1
7960 6
7961 2
7962 1
7963 6
7964 5
7965 2
7966 2
7967 5
7968 4
7969 5
7970 2
7971 1
7972 2
7973 2
7974 1
7975 5
7976 4
7978 3
7979 2
7980 4
7981 1
7982 3
7983 3
7984 7
7985 3
7986 2
7987 3
7988 2
7989 3
7990 3
7991 2
7992 8
7993 2
7994 1
7995 8
7996 3
7997 5
7998 2
7999 5
8000 4
8001 3
8002 3
8003 2
8004 3
8005 2
8006 3
8007 6
8008 1
8009 2
8010 1
8011 1
8012 2
8013 2
8014 4
8015 5
8016 3
8017 2
8018 1
8019 5
8020 5
8021 7
8022 3
8024 7
8025 2
8028 4
8029 7
8030 3
8031 3
8032 2
8033 2
8034 5
8035 5
8036 5
8037 4
8038 4
8039 3
8040 1
8041 2
8043 4
8044 3
8045 7
8046 1
8047 3
8048 5
8049 3
8050 2
8051 3
8052 4
8053 6
8054 3
8055 1
8056 3
8057 5
8058 5
8059 3
8060 6
8061 2
8062 3
8063 4
8064 1
8065 4
8066 2
8067 5
8068 4
8069 5
8070 1
8071 1
8072 5
8073 2
8074 5
8075 4
8076 3
8077 4
8079 1
8080 3
8081 3
8082 5
8083 5
8084 4
8085 4
8086 7
8087 3
8088 3
8089 9
8090 3
8091 4
8092 5
8093 2
8094 3
8095 2
8096 3
8097 4
8098 4
8099 2
8100 3
8101 4
8102 3
8103 2
8104 5
8105 3
8106 10
8107 2
8108 2
8109 3
8110 3
8111 2
8112 2
8113 6
8114 3
8115 2
8116 2
8117 4
8118 3
8119 1
8120 1
8121 5
8122 3
8123 3
8124 2
8125 4
8126 8
8127 2
8128 4
8129 5
8130 1
8131 2
8132 2
8133 7
8134 3
8135 6
8136 5
8137 5
8138 2
8139 3
8140 3
8141 3
8142 6
8143 3
8144 6
8145 2
8146 1
8147 3
8148 2
8149 3
8150 5
8151 4
8152 1
8153 3
8154 5
8155 4
8156 4
8157 8
8158 7
8159 4
8160 3
8161 4
8162 3
8163 5
8164 5
8165 6
8166 4
8167 4
8168 2
8169 1
8170 2
8171 7
8172 1
8173 3
8174 5
8175 2
8176 1
8177 3
8178 5
8179 5
8180 3
8181 3
8182 2
8183 1
8184 1
8185 4
8186 8
8187 2
8188 3
8189 4
8190 4
8191 1
8192 1
8193 5
8194 8
8195 4
8196 5
8197 5
8198 3
8199 2
8200 1
8201 2
8202 3
8203 7
8204 4
8205 4
8206 3
8207 3
8208 5
8209 4
8210 5
8211 3
8212 2
8214 2
8215 2
8216 3
8217 5
8218 4
8219 3
8220 1
8221 1
8222 4
8223 5
8224 3
8225 4
8226 8
8227 4
8228 4
8229 3
8230 3
8231 4
8232 6
8233 3
8234 2
8235 6
8236 4
8237 3
8238 4
8239 3
8240 1
8241 1
8242 1
8243 7
8244 2
8245 3
8246 5
8247 9
8248 6
8249 1
8250 3
8251 4
8252 2
8253 3
8254 4
8255 7
8256 3
8257 2
8258 7
8259 1
8260 3
8261 1
8262 5
8263 4
8264 4
8265 5
8266 2
8267 5
8269 3
8270 2
8271 3
8272 3
8273 4
8274 2
8275 5
8276 3
8277 6
8278 1
8279 3
8280 3
8281 1
8282 3
8283 2
8284 7
8285 4
8286 3
8287 6
8288 1
8289 2
8290 2
8291 2
8292 5
8293 5
8294 4
8295 4
8296 5
8297 6
8298 4
8299 3
8300 5
8301 3
8302 3
8303 5
8304 6
8305 3
8306 3
8307 3
8308 8
8309 2
8310 2
8311 2
8312 5
8313 4
8314 5
8315 6
8316 7
8317 1
8319 2
8320 1
8321 3
8322 2
8323 8
8324 3
8325 5
8326 5
8327 3
8328 2
8329 2
8330 6
8331 2
8332 7
8333 3
8334 2
8335 3
8336 4
8337 6
8338 2
8339 4
8340 3
8341 3
8342 1
8343 3
8344 5
8345 8
8346 4
8347 7
8348 1
8349 3
8350 6
8351 2
8352 6
8353 3
8354 5
8355 5
8356 2
8357 3
8358 2
8359 2
8360 2
8361 8
8362 3
8363 1
8364 7
8365 7
8366 3
8367 3
8368 3
8369 8
8370 1
8372 1
8373 4
8374 3
8375 5
8376 7
8377 4
8378 4
8379 1
8380 3
8381 3
8382 3
8383 1
8384 9
8385 4
8386 2
8387 2
8388 3
8389 4
8391 3
8392 2
8393 5
8394 1
8395 4
8396 5
8397 4
8398 3
8399 3
8400 2
8401 4
8402 5
8403 2
8404 2
8405 5
8406 5
8407 7
8408 3
8409 3
8410 1
8411 3
8412 4
8413 4
8414 4
8415 3
8416 4
8417 5
8418 4
8419 1
8420 4
8421 6
8422 6
8423 1
8424 1
8425 2
8426 7
8427 5
8428 1
8429 5
8430 3
8431 3
8432 4
8433 4
8434 7
8435 2
8436 7
8437 4
8438 2
8439 2
8441 5
8443 3
8444 5
8445 2
8446 5
8448 2
8449 5
8450 2
8451 3
8452 4
8453 5
8454 3
8456 4
8457 2
8458 5
8459 2
8460 3
8461 4
8462 4
8463 6
8464 2
8465 4
8466 7
8467 3
8468 2
8469 2
8470 3
8471 4
8472 5
8473 10
8474 4
8475 4
8476 3
8477 4
8479 2
8480 3
8481 4
8482 3
8483 5
8484 2
8485 3
8486 3
8487 4
8488 5
8489 2
8490 4
8491 5
8492 2
8493 1
8494 6
8495 8
8496 2
8497 3
8498 5
8499 4
8500 3
8501 4
8502 6
8503 7
8504 4
8505 5
8506 5
8507 2
8508 1
8509 4
8510 4
8511 8
8512 2
8513 3
8514 8
8515 2
8516 4
8517 3
8518 5
8519 3
8520 2
8521 3
8522 2
8523 4
8524 6
8525 5
8526 6
8527 4
8528 4
8530 3
8531 4
8532 3
8533 5
8534 8
8535 5
8536 4
8537 3
8538 5
8539 2
8540 8
8541 2
8542 3
8543 8
8544 5
8545 1
8546 2
8547 3
8548 7
8549 4
8550 3
8551 4
8552 1
8553 3
8554 2
8555 7
8556 5
8557 4
8558 3
8559 5
8560 5
8561 2
8562 2
8563 8
8564 5
8565 2
8566 7
8567 6
8568 7
8569 2
8570 5
8571 6
8572 6
8573 7
8574 3
8575 8
8576 4
8577 5
8578 6
8579 7
8580 4
8581 3
8582 3
8583 1
8584 4
8585 4
8586 6
8587 3
8588 7
8589 1
8590 2
8591 5
8592 5
8593 4
8594 3
8595 11
8596 4
8597 1
8598 3
8599 6
8600 8
8601 5
8602 5
8603 4
8604 3
8605 10
8606 2
8607 4
8608 7
8609 3
8610 8
8611 4
8612 5
8613 2
8614 1
8615 3
8616 5
8617 4
8618 4
8619 2
8620 5
8621 5
8622 4
8623 3
8624 7
8625 8
8627 5
8628 5
8629 3
8630 3
8631 7
8632 6
8633 3
8634 3
8635 3
8636 6
8637 5
8638 4
8639 4
8640 6
8641 2
8642 3
8643 4
8644 5
8645 6
8646 5
8647 4
8648 5
8649 1
8650 3
8651 3
8652 5
8653 5
8654 4
8655 2
8656 8
8657 3
8658 1
8659 3
8660 7
8661 4
8662 6
8663 9
8664 3
8665 4
8666 4
8667 3
8668 3
8669 5
8670 8
8671 2
8672 6
8673 6
8674 3
8675 6
8676 6
8677 10
8678 3
8679 3
8680 7
8681 1
8682 3
8683 1
8684 4
8685 6
8686 3
8687 1
8688 3
8689 5
8690 3
8691 2
8692 6
8693 4
8694 4
8695 4
8696 4
8697 5
8698 4
8699 6
8700 3
8701 4
8702 3
8703 1
8704 7
8705 2
8706 3
8707 8
8708 4
8709 7
8712 3
8713 5
8714 6
8715 4
8716 5
8717 5
8718 2
8719 2
8720 1
8721 7
8722 4
8723 5
8724 9
8725 5
8726 5
8727 5
8728 7
8729 5
8730 4
8731 5
8732 3
8733 4
8734 4
8735 4
8736 7
8737 3
8738 9
8739 3
8740 2
8741 4
8742 5
8743 2
8744 4
8745 8
8746 6
8747 6
8748 5
8749 2
8750 6
8751 3
8752 3
8753 4
8754 6
8755 2
8756 1
8757 6
8758 6
8759 2
8760 1
8761 3
8762 4
8763 4
8764 7
8765 7
8766 6
8767 7
8768 6
8769 5
8770 6
8772 3
8773 1
8774 11
8775 2
8776 5
8777 9
8778 2
8779 7
8780 1
8781 3
8782 5
8783 5
8784 5
8785 3
8786 4
8787 3
8788 2
8789 8
8790 2
8791 5
8792 4
8793 3
8794 4
8795 4
8796 8
8797 5
8798 6
8799 5
8800 3
8801 3
8802 3
8803 9
8804 4
8805 2
8806 11
8807 4
8808 2
8809 3
8810 2
8811 8
8812 4
8813 2
8814 6
8815 7
8816 4
8817 2
8818 8
8819 4
8820 5
8821 5
8822 6
8823 2
8824 1
8825 2
8826 6
8827 6
8828 2
8829 6
8830 3
8831 5
8832 1
8833 4
8834 4
8835 15
8836 6
8837 2
8838 7
8839 3
8840 3
8841 3
8842 6
8843 4
8844 5
8845 4
8846 7
8847 1
8848 2
8849 6
8850 4
8851 4
8852 2
8853 2
8854 2
8855 4
8856 3
8857 3
8858 8
8859 2
8860 2
8861 2
8862 3
8863 6
8864 8
8865 3
8866 5
8867 7
8868 8
8869 2
8870 2
8871 5
8872 5
8873 7
8874 6
8875 5
8876 4
8877 1
8878 3
8879 3
8880 5
8881 2
8882 1
8883 8
8884 3
8885 2
8886 6
8887 8
8888 6
8889 2
8890 4
8891 2
8892 2
8893 2
8894 5
8895 4
8896 6
8897 5
8898 2
8899 5
8900 3
8901 3
8902 1
8903 11
8904 6
8905 3
8906 4
8907 6
8908 3
8909 3
8910 4
8911 3
8912 4
8913 5
8914 6
8915 5
8916 5
8917 3
8918 5
8919 1
8920 1
8921 3
8922 3
8923 5
8924 4
8925 8
8926 9
8927 3
8928 4
8929 2
8930 2
8931 3
8932 5
8933 6
8934 2
8935 6
8936 7
8937 5
8938 5
8939 3
8940 7
8941 6
8942 2
8943 5
8944 3
8945 5
8946 4
8947 2
8948 5
8949 2
8950 1
8951 5
8952 4
8953 5
8954 3
8955 10
8956 4
8957 4
8958 4
8960 3
8961 2
8962 3
8963 2
8964 7
8965 6
8966 1
8967 7
8968 5
8969 3
8970 4
8971 3
8972 8
8973 3
8974 2
8975 6
8976 5
8977 6
8978 5
8979 3
8980 5
8981 5
8982 4
8983 4
8984 3
8985 5
8986 8
8987 6
8988 3
8989 2
8990 5
8991 5
8992 6
8993 9
8994 5
8995 2
8996 5
8997 3
8998 3
8999 2
9000 3
9001 6
9002 5
9003 3
9004 5
9005 6
9006 5
9007 5
9008 6
9009 4
9010 8
9011 2
9012 1
9013 4
9014 5
9015 5
9016 4
9017 9
9018 4
9019 4
9020 5
9021 5
9022 3
9023 5
9024 4
9025 10
9026 1
9027 2
9028 3
9029 6
9030 5
9031 2
9032 5
9033 7
9034 4
9035 3
9036 2
9037 12
9038 2
9039 5
9040 5
9041 2
9042 8
9043 4
9044 7
9045 4
9046 5
9047 7
9048 2
9049 5
9050 3
9051 2
9052 6
9053 4
9054 7
9055 5
9056 3
9057 4
9058 4
9059 7
9060 1
9061 6
9062 7
9063 5
9064 2
9065 5
9066 7
9067 3
9068 3
9069 7
9070 4
9071 3
9072 3
9073 4
9074 9
9075 4
9076 6
9077 5
9078 6
9079 4
9080 3
9081 3
9082 6
9083 1
9084 3
9085 9
9086 7
9087 4
9088 1
9089 4
9090 6
9091 2
9092 4
9093 7
9094 7
9095 6
9096 3
9097 4
9098 8
9099 4
9100 2
9101 4
9102 3
9103 2
9104 7
9105 9
9106 4
9107 7
9108 3
9109 5
9110 3
9111 5
9112 5
9113 4
9114 9
9115 5
9116 2
9117 5
9118 4
9119 4
9121 2
9122 6
9123 1
9124 5
9125 1
9126 4
9127 6
9128 2
9129 4
9130 6
9131 7
9132 2
9133 3
9134 4
9135 5
9136 7
9137 9
9138 5
9139 4
9140 3
9141 8
9142 2
9143 5
9144 7
9145 2
9146 8
9147 4
9148 2
9149 3
9150 7
9151 8
9152 3
9153 3
9154 4
9155 6
9156 4
9157 4
9158 6
9159 7
9160 4
9161 3
9162 4
9163 4
9164 2
9165 8
9166 8
9167 7
9168 4
9169 6
9170 6
9171 3
9172 5
9173 5
9174 3
9175 8
9176 7
9177 2
9178 5
9179 6
9180 6
9181 8
9182 6
9183 6
9184 3
9185 3
9186 2
9187 4
9188 3
9189 10
9190 5
9191 4
9192 6
9193 2
9194 4
9195 4
9196 10
9197 1
9198 6
9199 8
9200 5
9201 3
9202 5
9203 5
9204 9
9205 5
9206 5
9207 4
9208 7
9209 6
9210 4
9211 7
9212 7
9213 4
9214 6
9215 6
9216 6
9217 3
9218 6
9219 7
9220 6
9221 6
9222 1
9223 5
9224 3
9225 3
9226 6
9227 8
9228 7
9229 2
9230 4
9231 6
9232 5
9233 7
9234 6
9235 9
9236 7
9237 7
9238 6
9239 4
9240 8
9241 9
9242 4
9243 7
9244 9
9245 5
9246 8
9247 5
9248 7
9249 4
9250 4
9251 7
9252 4
9253 8
9254 4
9255 6
9256 7
9257 9
9258 2
9259 6
9260 5
9261 4
9262 3
9263 6
9264 7
9265 6
9266 7
9267 6
9268 4
9269 6
9270 3
9271 3
9272 7
9273 9
9274 2
9275 3
9276 6
9277 8
9278 9
9279 1
9280 9
9281 4
9282 2
9283 6
9284 8
9285 6
9286 5
9287 7
9288 10
9289 5
9291 2
9292 5
9293 6
9294 3
9295 11
9296 7
9297 5
9298 5
9299 4
9300 7
9301 4
9302 8
9303 4
9304 7
9305 7
9306 6
9307 6
9308 7
9309 8
9310 8
9311 3
9312 7
9313 5
9314 4
9315 7
9316 7
9317 8
9318 6
9319 4
9320 3
9321 5
9322 4
9323 2
9324 6
9325 6
9326 4
9327 5
9328 4
9329 7
9330 5
9331 2
9332 5
9333 4
9334 9
9335 3
9336 4
9337 7
9338 4
9339 9
9340 5
9341 11
9342 1
9343 2
9344 3
9345 9
9346 3
9347 4
9348 11
9349 8
9350 7
9351 1
9352 2
9353 5
9354 9
9355 8
9356 6
9357 5
9358 6
9359 1
9360 6
9361 2
9362 4
9363 6
9364 4
9365 9
9366 3
9367 7
9368 6
9369 6
9370 4
9371 2
9372 5
9373 5
9374 5
9375 4
9376 2
9377 10
9378 6
9379 7
9380 5
9381 3
9382 9
9383 3
9384 2
9385 8
9386 6
9387 7
9388 1
9389 5
9390 2
9391 4
9392 5
9393 5
9394 7
9395 5
9396 2
9397 4
9398 4
9399 9
9400 6
9401 3
9402 9
9403 3
9404 6
9405 5
9406 15
9407 6
9408 2
9409 11
9410 4
9411 4
9412 1
9413 4
9414 4
9415 5
9416 6
9417 7
9418 6
9419 2
9420 7
9421 4
9422 4
9423 7
9424 5
9425 3
9426 7
9427 2
9428 7
9429 3
9430 6
9431 3
9432 6
9433 6
9434 4
9435 6
9436 7
9437 5
9438 6
9439 3
9441 4
9442 3
9443 7
9444 6
9445 7
9446 7
9447 8
9448 4
9449 3
9450 4
9451 5
9452 11
9453 5
9454 5
9455 8
9456 4
9457 7
9458 3
9459 9
9460 3
9461 5
9462 6
9463 5
9464 3
9465 2
9466 1
9467 13
9468 4
9469 2
9470 7
9471 6
9472 3
9473 2
9474 12
9475 6
9476 9
9477 8
9478 7
9479 4
9480 2
9481 6
9482 5
9483 7
9484 9
9485 3
9486 5
9487 5
9488 5
9489 4
9490 2
9491 7
9492 2
9493 5
9494 6
9495 3
9496 6
9497 5
9498 6
9499 8
9500 4
9501 2
9502 2
9503 5
9504 6
9505 6
9506 9
9507 5
9508 7
9509 5
9510 3
9511 6
9512 6
9513 9
9514 6
9515 7
9516 5
9517 2
9518 3
9519 4
9520 7
9521 3
9522 3
9523 4
9524 8
9525 4
9526 2
9527 7
9528 8
9529 5
9530 2
9531 3
9532 4
9533 1
9534 1
9535 8
9536 7
9537 2
9538 5
9539 6
9540 7
9541 3
9542 4
9543 6
9544 10
9545 5
9546 6
9547 5
9548 4
9549 3
9550 5
9551 8
9552 6
9553 4
9554 3
9555 5
9556 7
9557 3
9558 8
9559 2
9560 2
9561 4
9562 1
9563 3
9564 6
9565 6
9566 4
9567 8
9568 6
9569 3
9570 2
9571 4
9572 6
9573 6
9574 5
9575 6
9576 5
9577 4
9578 7
9579 5
9580 5
9581 9
9582 7
9583 1
9584 5
9585 4
9586 1
9587 5
9588 3
9589 4
9590 4
9591 1
9592 8
9593 5
9594 2
9595 4
9596 10
9597 5
9599 3
9600 2
9601 3
9602 4
9603 5
9604 7
9605 5
9606 3
9607 3
9608 6
9609 6
9610 4
9611 7
9612 9
9613 9
9614 2
9615 4
9616 6
9617 6
9618 8
9619 5
9620 2
9621 4
9622 4
9623 7
9624 5
9625 5
9626 7
9627 2
9628 7
9629 2
9630 4
9631 5
9632 9
9633 7
9634 7
9635 3
9636 6
9637 1
9638 3
9639 1
9640 5
9641 6
9642 8
9643 5
9644 2
9645 8
9646 7
9647 6
9648 4
9649 6
9650 10
9651 4
9652 4
9653 3
9654 5
9655 5
9656 5
9657 9
9658 6
9659 3
9660 7
9661 5
9662 5
9663 3
9664 8
9665 7
9666 5
9667 2
9668 3
9669 7
9670 10
9671 4
9672 7
9673 5
9674 8
9675 6
9676 3
9677 7
9678 8
9679 7
9680 6
9681 9
9682 3
9683 6
9684 7
9685 7
9686 8
9687 5
9688 5
9689 5
9690 3
9691 2
9692 2
9693 6
9694 6
9695 8
9696 6
9697 7
9698 8
9699 6
9700 5
9701 7
9702 7
9703 3
9704 4
9705 1
9706 6
9707 7
9708 5
9709 5
9710 10
9711 3
9712 5
9713 3
9714 5
9715 14
9716 3
9717 6
9718 8
9719 7
9720 4
9721 3
9722 10
9723 4
9724 4
9725 7
9726 6
9727 10
9728 4
9729 7
9730 9
9731 5
9732 3
9733 5
9734 6
9735 5
9736 7
9737 8
9738 7
9739 9
9740 5
9741 4
9742 7
9743 5
9744 5
9745 4
9746 13
9747 10
9748 5
9749 9
9750 7
9751 7
9752 7
9753 3
9754 11
9755 3
9756 8
9757 3
9758 5
9759 5
9760 4
9761 5
9762 2
9763 7
9764 4
9765 3
9766 6
9767 4
9768 6
9769 6
9770 5
9771 10
9772 5
9773 4
9774 5
9775 8
9776 9
9777 2
9778 11
9779 7
9780 4
9781 5
9782 7
9783 9
9784 4
9785 5
9786 6
9787 8
9788 4
9789 2
9790 7
9791 8
9792 8
9793 3
9794 5
9795 5
9796 4
9797 7
9798 5
9799 6
9800 6
9801 5
9802 6
9803 5
9804 4
9805 3
9806 8
9807 10
9808 7
9809 6
9810 5
9811 8
9812 3
9813 4
9814 10
9815 12
9816 7
9817 3
9818 5
9819 8
9820 3
9821 8
9822 8
9823 6
9824 9
9825 2
9826 3
9827 4
9828 6
9829 7
9830 5
9831 9
9832 3
9833 4
9834 5
9835 6
9836 9
9837 7
9838 5
9839 6
9840 7
9841 5
9842 2
9843 7
9844 8
9845 7
9846 7
9847 9
9848 6
9849 4
9850 3
9851 5
9852 4
9853 9
9854 3
9855 6
9856 6
9857 2
9858 8
9859 8
9860 10
9861 2
9862 4
9863 3
9864 5
9865 3
9866 7
9867 8
9868 11
9869 5
9870 5
9871 3
9872 6
9873 6
9874 8
9875 8
9876 12
9877 6
9878 5
9879 8
9880 4
9881 7
9882 5
9883 6
9884 6
9885 8
9886 8
9887 7
9888 8
9889 7
9890 6
9891 7
9892 5
9893 4
9894 6
9895 6
9896 9
9897 10
9898 10
9899 5
9900 4
9901 8
9902 1
9903 3
9904 9
9905 11
9906 5
9907 2
9908 10
9909 7
9910 7
9911 4
9912 6
9913 9
9914 5
9915 6
9916 6
9917 5
9918 10
9919 12
9920 8
9921 9
9922 4
9923 5
9924 4
9925 14
9926 5
9927 6
9928 11
9929 6
9930 4
9931 2
9932 3
9933 9
9934 4
9935 5
9936 9
9937 9
9938 6
9939 4
9940 9
9941 7
9942 8
9943 6
9944 8
9945 6
9946 4
9947 8
9948 6
9949 8
9950 6
9951 7
9952 4
9953 9
9954 3
9955 6
9956 9
9957 9
9958 7
9959 3
9960 6
9961 3
9962 9
9963 4
9964 6
9965 9
9966 11
9967 4
9968 3
9969 5
9970 9
9971 7
9972 5
9973 13
9974 4
9975 6
9976 5
9977 8
9978 7
9979 2
9980 10
9981 5
9982 11
9983 3
9984 3
9985 8
9986 9
9987 6
9988 8
9989 9
9990 9
9991 3
9992 5
9993 8
9994 7
9995 9
9996 5
9997 9
9998 3
9999 3
10000 4
10001 7
10002 4
10003 3
10004 4
10005 8
10006 4
10007 7
10008 4
10009 8
10010 7
10011 3
10012 7
10013 5
10014 7
10015 5
10016 4
10017 8
10018 7
10019 9
10020 2
10021 5
10022 4
10023 7
10024 8
10025 5
10026 8
10027 8
10028 4
10029 4
10030 4
10031 3
10032 6
10033 5
10034 9
10035 4
10036 3
10037 3
10038 10
10039 5
10040 3
10041 10
10042 5
10043 9
10044 5
10045 7
10046 6
10047 10
10048 7
10049 4
10050 7
10051 4
10052 2
10053 5
10054 4
10055 9
10056 5
10057 7
10058 8
10059 5
10060 6
10061 4
10062 6
10063 6
10064 5
10065 8
10066 3
10067 6
10068 4
10069 5
10070 9
10071 4
10072 4
10073 6
10074 7
10075 4
10076 4
10077 13
10078 5
10079 6
10080 2
10081 2
10082 6
10083 5
10084 13
10085 5
10086 7
10087 12
10088 4
10089 6
10090 2
10091 4
10092 9
10093 4
10094 11
10095 5
10096 6
10097 4
10098 4
10099 9
10100 4
10101 4
10102 5
10103 5
10104 4
10105 1
10106 7
10107 5
10108 9
10109 9
10110 4
10111 9
10112 5
10113 5
10114 7
10115 11
10116 11
10117 3
10118 4
10119 7
10120 1
10121 5
10122 5
10123 12
10124 6
10125 6
10126 7
10127 5
10128 4
10129 9
10130 4
10131 9
10132 6
10133 1
10134 5
10135 10
10136 6
10137 6
10138 9
10139 6
10140 6
10141 5
10142 6
10143 1
10144 5
10145 10
10146 5
10147 7
10148 7
10149 9
10150 3
10151 5
10152 11
10153 7
10154 5
10155 11
10156 7
10157 2
10158 1
10159 6
10160 7
10161 11
10162 4
10163 4
10164 7
10165 4
10166 7
10167 6
10168 7
10169 7
10170 3
10171 5
10172 4
10173 3
10174 2
10175 4
10176 10
10177 8
10178 4
10179 4
10180 8
10181 9
10182 3
10183 10
10184 11
10185 4
10186 5
10187 7
10188 11
10189 4
10190 5
10191 9
10192 7
10193 9
10194 3
10196 10
10197 5
10198 4
10199 7
10200 7
10201 2
10202 3
10203 8
10204 2
10205 6
10206 7
10207 7
10208 3
10209 3
10210 5
10211 4
10212 6
10213 10
10214 6
10215 3
10216 10
10217 10
10218 5
10219 3
10220 12
10221 6
10222 7
10223 9
10224 3
10225 5
10226 3
10227 2
10228 7
10229 9
10230 2
10231 5
10232 3
10233 8
10234 6
10235 6
10236 7
10237 6
10238 5
10239 2
10240 4
10241 5
10242 4
10243 7
10244 8
10245 8
10246 5
10247 1
10248 9
10249 9
10250 5
10251 5
10252 9
10253 9
10254 5
10255 4
10256 7
10257 7
10258 7
10259 5
10260 8
10261 5
10262 2
10263 3
10264 6
10265 5
10266 6
10267 5
10268 8
10269 2
10270 4
10271 5
10272 5
10273 9
10274 6
10275 7
10277 5
10278 3
10279 2
10280 4
10281 8
10282 7
10283 5
10284 5
10285 6
10286 5
10287 11
10288 8
10289 7
10290 10
10291 6
10292 4
10293 2
10294 3
10295 6
10296 8
10297 6
10298 8
10299 3
10300 6
10301 11
10302 5
10303 6
10304 4
10305 7
10306 7
10307 4
10308 3
10309 6
10310 12
10311 10
10312 4
10313 9
10314 4
10315 3
10316 8
10317 5
10318 10
10319 5
10320 10
10321 7
10322 5
10323 3
10324 4
10325 8
10326 7
10327 8
10328 10
10329 3
10330 8
10331 1
10332 3
10333 3
10334 6
10335 9
10336 6
10337 8
10338 8
10339 8
10340 10
10341 6
10342 12
10343 4
10344 2
10345 5
10346 4
10347 8
10348 6
10349 5
10350 11
10351 7
10352 8
10353 6
10354 5
10355 11
10356 7
10357 13
10358 5
10359 12
10360 7
10361 4
10362 7
10363 9
10364 6
10365 6
10366 9
10367 4
10368 4
10369 5
10370 7
10371 9
10372 7
10373 2
10374 6
10375 7
10376 5
10377 6
10378 12
10379 14
10380 5
10381 6
10382 7
10383 5
10384 6
10385 7
10386 12
10387 8
10388 8
10389 10
10390 9
10391 7
10392 7
10393 8
10394 6
10395 13
10396 4
10397 7
10398 7
10399 5
10400 8
10401 4
10402 8
10403 6
10404 8
10405 8
10406 5
10407 12
10408 9
10409 6
10410 10
10411 6
10412 7
10413 6
10414 7
10415 11
10416 8
10417 9
10418 8
10419 7
10420 7
10421 3
10422 7
10423 6
10424 16
10425 4
10426 4
10427 14
10428 7
10429 7
10430 5
10431 7
10432 9
10433 3
10434 5
10435 4
10436 3
10437 6
10438 6
10439 13
10440 2
10441 4
10442 4
10443 7
10444 8
10445 3
10446 8
10447 13
10448 6
10449 6
10450 7
10451 7
10452 6
10453 5
10454 9
10455 6
10456 17
10457 9
10458 5
10459 10
10460 6
10461 9
10462 4
10463 8
10464 5
10465 7
10466 6
10467 4
10468 6
10469 6
10470 9
10471 5
10472 7
10473 2
10474 4
10475 11
10476 10
10477 7
10478 8
10479 11
10480 9
10481 5
10482 2
10483 8
10484 7
10485 12
10486 6
10487 6
10488 7
10489 8
10490 7
10491 4
10492 10
10493 4
10494 5
10495 4
10496 9
10497 4
10498 4
10499 11
10500 11
10501 9
10502 4
10503 3
10504 6
10505 5
10506 4
10507 12
10508 6
10509 11
10510 2
10511 8
10512 5
10513 5
10514 6
10515 7
10516 9
10517 6
10518 8
10519 7
10520 7
10521 4
10522 6
10523 4
10524 9
10525 5
10526 9
10527 4
10528 6
10529 8
10530 7
10531 9
10532 4
10533 6
10534 4
10535 4
10536 9
10537 8
10538 10
10539 4
10540 5
10541 5
10542 5
10543 4
10544 8
10545 8
10546 8
10547 6
10548 7
10549 5
10550 9
10551 9
10552 6
10553 11
10554 8
10555 3
10556 6
10557 10
10558 8
10559 7
10560 8
10561 11
10562 5
10563 6
10564 9
10565 6
10566 10
10567 5
10568 10
10569 10
10570 1
10571 1
10572 4
10573 6
10574 10
10575 7
10576 11
10577 6
10578 6
10579 8
10580 3
10581 8
10582 8
10583 9
10584 6
10585 5
10586 6
10587 6
10588 7
10589 7
10590 8
10591 4
10592 4
10593 7
10594 5
10595 3
10596 8
10597 11
10598 12
10599 3
10600 5
10601 6
10602 4
10603 13
10604 7
10605 12
10606 9
10607 4
10608 6
10609 3
10610 6
10611 6
10612 4
10613 8
10614 10
10615 6
10616 4
10617 6
10618 12
10619 6
10620 7
10621 6
10622 9
10623 5
10624 3
10625 7
10626 12
10627 8
10628 7
10629 11
10630 11
10631 6
10632 3
10633 10
10634 9
10635 9
10636 4
10637 5
10638 7
10639 3
10640 3
10641 6
10642 11
10643 3
10644 7
10645 6
10646 6
10647 3
10648 9
10649 7
10650 10
10651 7
10652 5
10653 5
10654 10
10655 7
10656 5
10657 7
10658 12
10659 4
10660 8
10661 6
10662 5
10663 5
10664 4
10665 10
10666 8
10667 7
10668 8
10669 4
10670 8
10671 8
10672 3
10673 10
10674 6
10675 8
10676 2
10677 2
10678 8
10679 8
10680 9
10681 3
10682 10
10683 5
10684 4
10685 8
10686 7
10687 11
10688 5
10689 4
10690 9
10691 6
10692 4
10693 2
10694 8
10695 7
10696 6
10697 8
10698 6
10699 6
10700 6
10701 5
10702 12
10703 5
10704 4
10705 4
10706 7
10707 5
10708 2
10709 7
10710 7
10711 7
10712 5
10713 4
10714 5
10715 6
10716 8
10717 5
10718 7
10719 10
10720 6
10721 3
10722 7
10723 7
10724 9
10725 7
10726 11
10727 6
10728 6
10729 6
10730 10
10731 2
10732 4
10733 8
10734 4
10735 6
10736 5
10737 4
10738 8
10739 6
10740 9
10741 5
10742 6
10743 9
10744 3
10745 3
10746 3
10747 7
10748 13
10749 3
10750 7
10751 5
10752 10
10753 4
10754 6
10755 11
10756 6
10757 7
10758 4
10759 5
10760 5
10761 3
10762 10
10763 5
10764 12
10765 6
10766 1
10767 11
10768 4
10769 5
10770 12
10771 5
10772 13
10773 1
10774 3
10775 4
10776 5
10777 11
10778 4
10779 12
10780 5
10781 7
10782 5
10783 4
10784 8
10785 6
10786 7
10787 12
10788 5
10789 7
10790 5
10791 10
10792 9
10793 10
10794 12
10795 2
10796 9
10797 9
10798 3
10799 5
10800 6
10801 13
10802 8
10803 6
10804 8
10805 4
10806 6
10807 6
10808 10
10809 8
10810 4
10811 5
10812 5
10813 9
10814 6
10815 4
10816 12
10817 8
10818 5
10819 7
10820 10
10821 10
10822 6
10823 8
10824 10
10825 9
10826 7
10827 6
10828 10
10829 8
10830 8
10831 9
10832 11
10833 8
10834 5
10835 5
10836 2
10837 11
10838 5
10839 8
10840 7
10841 6
10842 5
10843 3
10844 11
10845 10
10846 7
10847 7
10848 8
10849 7
10850 3
10851 4
10852 10
10853 8
10854 8
10855 9
10856 7
10857 5
10858 12
10859 9
10860 5
10861 13
10862 3
10863 6
10864 9
10865 8
10866 9
10867 4
10868 3
10869 11
10870 8
10871 8
10872 2
10873 8
10874 10
10875 3
10876 8
10877 9
10878 9
10879 3
10880 5
10881 11
10882 6
10883 3
10884 9
10885 11
10886 2
10887 3
10888 7
10889 12
10890 9
10891 7
10892 8
10893 8
10894 7
10895 6
10896 8
10897 8
10898 13
10899 8
10900 6
10901 10
10902 5
10903 2
10904 2
10905 11
10906 4
10907 6
10908 4
10909 9
10910 4
10911 4
10912 9
10913 8
10914 5
10915 4
10916 10
10917 6
10918 4
10919 6
10920 6
10921 11
10922 10
10923 6
10924 2
10925 7
10926 10
10927 8
10928 9
10929 8
10930 8
10931 11
10932 6
10933 7
10934 5
10935 3
10936 5
10937 8
10938 8
10939 7
10940 1
10941 8
10942 10
10943 9
10944 4
10945 8
10946 10
10947 3
10948 3
10949 7
10950 7
10951 9
10952 8
10953 8
10954 5
10955 3
10956 3
10957 8
10958 6
10959 6
10960 10
10961 9
10962 8
10963 4
10964 4
10965 8
10966 10
10967 9
10968 4
10969 7
10970 7
10971 4
10972 3
10973 8
10974 6
10975 8
10976 6
10977 10
10978 8
10979 7
10980 7
10981 8
10982 7
10983 9
10984 6
10985 3
10986 6
10987 7
10988 8
10989 9
10990 8
10991 10
10992 6
10993 10
10994 8
10995 10
10996 9
10997 6
10998 13
10999 9
11000 5
11001 6
11002 4
11003 8
11004 8
11005 4
11006 9
11007 5
11008 4
11009 1
11010 7
11011 6
11012 5
11013 6
11014 5
11015 8
11016 7
11017 9
11018 9
11019 13
11020 10
11021 6
11022 5
11023 7
11024 4
11025 10
11026 5
11027 14
11028 7
11029 5
11030 14
11031 5
11032 8
11033 5
11034 6
11035 13
11036 5
11037 6
11038 7
11039 8
11040 7
11041 6
11042 11
11043 7
11044 9
11045 7
11046 6
11047 10
11048 9
11049 12
11050 8
11051 6
11052 3
11053 3
11054 6
11055 9
11056 16
11057 11
11058 5
11059 13
11060 7
11061 5
11062 5
11063 8
11064 15
11065 8
11066 7
11067 11
11068 10
11069 9
11070 6
11071 13
11072 6
11073 8
11074 6
11075 6
11076 7
11077 3
11078 7
11079 7
11080 11
11081 3
11082 5
11083 6
11084 9
11085 6
11086 9
11087 8
11088 16
11089 5
11090 4
11091 10
11092 6
11093 9
11094 6
11095 16
11096 6
11097 9
11098 7
11099 6
11100 12
11101 6
11102 10
11103 6
11104 5
11105 6
11106 3
11107 10
11108 7
11109 5
11110 8
11111 7
11112 7
11113 4
11114 3
11115 8
11116 10
11117 13
11118 5
11119 8
11120 9
11121 10
11122 6
11123 5
11124 15
11125 7
11126 8
11127 8
11128 7
11129 7
11130 4
11131 6
11132 10
11133 9
11134 8
11135 5
11136 10
11137 7
11138 3
11139 11
11140 7
11141 9
11142 4
11143 6
11144 7
11145 5
11146 5
11147 6
11148 8
11149 8
11150 5
11151 4
11152 8
11153 9
11154 5
11155 4
11156 12
11157 8
11158 6
11159 6
11160 5
11161 10
11162 4
11163 7
11164 5
11165 7
11166 4
11167 8
11168 10
11169 6
11170 5
11171 4
11172 5
11173 5
11174 5
11175 8
11176 7
11177 7
11178 8
11179 11
11180 4
11181 3
11182 5
11183 4
11184 7
11185 11
11186 5
11187 5
11188 7
11189 9
11190 7
11191 3
11192 8
11193 6
11194 13
11195 4
11196 6
11197 7
11198 7
11199 7
11200 5
11201 8
11202 5
11203 2
11204 12
11205 7
11206 8
11207 6
11208 8
11209 7
11210 5
11211 4
11212 3
11213 4
11214 8
11215 5
11216 8
11217 8
11218 5
11219 6
11220 7
11221 8
11222 3
11223 7
11224 5
11225 9
11226 4
11227 3
11228 9
11229 10
11230 10
11231 7
11232 4
11233 8
11234 8
11235 8
11236 9
11237 5
11238 11
11239 10
11240 6
11241 5
11242 6
11243 9
11244 7
11245 10
11246 11
11247 8
11248 1
11249 3
11250 3
11251 6
11252 5
11253 8
11254 6
11255 5
11256 4
11257 5
11258 7
11259 11
11260 7
11261 9
11262 12
11263 7
11264 3
11265 5
11266 8
11267 12
11268 6
11269 6
11270 8
11271 9
11272 6
11273 7
11274 8
11275 5
11276 7
11277 4
11278 6
11279 6
11280 6
11281 6
11282 12
11283 10
11284 3
11285 5
11286 11
11287 5
11288 6
11289 6
11290 11
11291 10
11292 4
11293 9
11294 4
11295 9
11296 6
11297 7
11298 11
11299 7
11300 5
11301 5
11302 7
11303 7
11304 8
11305 7
11306 8
11307 10
11308 10
11309 4
11310 7
11311 10
11312 9
11313 5
11314 9
11315 5
11316 3
11317 2
11318 5
11319 11
11320 6
11321 6
11322 8
11323 8
11324 4
11325 4
11326 6
11327 10
11328 8
11329 6
11330 6
11331 9
11332 9
11333 6
11334 7
11335 9
11336 7
11337 4
11338 10
11339 11
11340 5
11341 5
11342 6
11343 10
11344 4
11345 3
11346 5
11347 8
11348 6
11349 4
11350 8
11351 12
11352 5
11353 3
11354 5
11355 6
11356 6
11357 6
11358 15
11359 6
11360 10
11361 5
11362 7
11363 10
11364 7
11365 11
11366 5
11367 8
11368 8
11369 4
11370 8
11371 9
11372 5
11373 7
11374 6
11375 7
11376 4
11377 5
11378 5
11379 9
11380 13
11381 4
11382 6
11383 6
11384 8
11385 4
11386 5
11387 10
11388 6
11389 9
11390 10
11391 4
11392 6
11393 7
11394 7
11395 7
11396 8
11397 9
11398 3
11399 10
11400 6
11401 5
11402 10
11403 9
11404 8
11405 5
11406 5
11407 9
11408 11
11409 5
11410 4
11411 9
11412 8
11413 5
11414 3
11415 5
11416 8
11417 4
11418 9
11419 9
11420 9
11421 6
11422 5
11423 6
11424 5
11425 8
11426 11
11427 5
11428 12
11429 6
11430 7
11431 7
11432 9
11433 9
11434 7
11435 11
11436 7
11437 5
11438 8
11439 5
11440 7
11441 6
11442 12
11443 5
11444 4
11445 9
11446 4
11447 7
11448 7
11449 10
11450 6
11451 4
11452 8
11453 6
11454 6
11455 10
11456 8
11457 15
11458 7
11459 9
11460 6
11461 9
11462 11
11463 4
11464 10
11465 10
11466 5
11467 9
11468 7
11469 12
11470 7
11471 8
11472 12
11473 5
11474 9
11475 4
11476 7
11477 5
11478 5
11479 10
11480 9
11481 11
11482 4
11483 5
11484 9
11485 7
11486 13
11487 8
11488 8
11489 9
11490 7
11491 8
11492 5
11493 12
11494 8
11495 4
11496 12
11497 11
11498 8
11499 12
11500 7
11501 12
11502 9
11503 7
11504 6
11505 4
11506 14
11507 7
11508 12
11509 7
11510 14
11511 8
11512 7
11513 8
11514 8
11515 7
11516 7
11517 9
11518 7
11519 6
11520 9
11521 7
11522 12
11523 8
11524 3
11525 11
11526 12
11527 5
11528 3
11529 9
11530 15
11531 9
11532 8
11533 12
11534 7
11535 5
11536 10
11537 12
11538 9
11539 7
11540 9
11541 9
11542 9
11543 3
11544 5
11545 6
11546 10
11547 4
11548 9
11549 12
11550 5
11551 9
11552 5
11553 9
11554 12
11555 7
11556 7
11557 9
11558 10
11559 9
11560 8
11561 13
11562 12
11563 11
11564 5
11565 5
11566 10
11567 8
11568 11
11569 10
11570 7
11571 6
11572 6
11573 6
11574 10
11575 9
11576 8
11577 8
11578 12
11579 4
11580 5
11581 7
11582 6
11583 12
11584 6
11585 4
11586 7
11587 9
11588 7
11589 1
11590 12
11591 5
11592 5
11593 6
11594 13
11595 5
11596 2
11597 5
11598 11
11599 8
11600 5
11601 11
11602 9
11603 9
11604 3
11605 10
11606 9
11607 11
11608 6
11609 6
11610 8
11611 7
11612 3
11613 6
11614 9
11615 7
11616 8
11617 4
11618 10
11619 7
11620 9
11621 12
11622 4
11623 8
11624 5
11625 6
11626 6
11627 8
11628 8
11629 7
11630 11
11631 12
11632 6
11633 7
11634 7
11635 8
11636 9
11637 5
11638 10
11639 8
11640 9
11641 1
11642 6
11643 5
11644 5
11645 9
11646 4
11647 7
11648 8
11649 4
11650 6
11651 8
11652 7
11653 6
11654 3
11655 11
11656 6
11657 7
11658 9
11659 9
11660 11
11661 2
11662 11
11663 3
11664 4
11665 6
11666 10
11667 5
11668 10
11669 6
11670 8
11671 10
11672 9
11673 7
11674 6
11675 12
11676 10
11677 5
11678 3
11679 8
11680 7
11681 9
11682 7
11683 7
11684 7
11685 7
11686 6
11687 3
11688 10
11689 8
11690 6
11691 7
11692 4
11693 1
11694 5
11695 7
11696 9
11697 9
11698 11
11699 7
11700 9
11701 6
11702 6
11703 10
11704 10
11705 14
11706 5
11707 6
11708 10
11709 6
11710 8
11711 5
11712 13
11713 7
11714 4
11715 10
11716 5
11717 7
11718 5
11719 4
11720 14
11721 6
11722 5
11723 8
11724 10
11725 9
11726 3
11727 15
11728 7
11729 7
11730 6
11731 5
11732 8
11733 8
11734 8
11735 8
11736 9
11737 11
11738 4
11739 3
11740 8
11741 8
11742 10
11743 4
11744 12
11745 3
11746 3
11747 8
11748 8
11749 10
11750 5
11751 6
11752 10
11753 6
11754 4
11755 3
11756 11
11757 7
11758 7
11759 10
11760 5
11761 6
11762 6
11763 5
11764 10
11765 9
11766 11
11767 5
11768 6
11769 9
11770 6
11771 5
11772 8
11773 15
11774 5
11775 5
11776 9
11777 8
11778 7
11779 6
11780 12
11781 8
11782 4
11783 4
11784 4
11785 11
11786 3
11787 2
11788 12
11789 7
11790 6
11791 3
11792 8
11793 10
11794 6
11795 7
11796 5
11797 9
11798 9
11799 10
11800 9
11801 5
11802 10
11803 6
11804 9
11805 10
11806 4
11807 3
11808 4
11809 13
11810 6
11811 5
11812 7
11813 3
11814 6
11815 3
11816 6
11817 10
11818 6
11819 5
11820 7
11821 7
11822 5
11823 2
11824 10
11825 6
11826 7
11827 8
11828 3
11829 9
11830 4
11831 11
11832 4
11833 7
11834 8
11835 7
11836 5
11837 5
11838 6
11839 4
11840 4
11841 10
11842 6
11843 4
11844 5
11845 9
11846 9
11847 3
11848 3
11849 8
11850 8
11851 5
11852 4
11853 9
11854 5
11855 5
11856 6
11857 8
11858 4
11859 1
11860 6
11861 10
11862 9
11863 4
11864 7
11865 7
11866 7
11867 5
11868 6
11869 4
11870 12
11871 8
11872 9
11873 6
11874 7
11875 5
11876 8
11877 8
11878 7
11879 10
11880 2
11881 8
11882 6
11883 6
11884 9
11885 6
11886 7
11887 6
11888 5
11889 5
11890 3
11891 2
11892 6
11893 6
11894 11
11895 6
11896 5
11897 5
11898 7
11899 11
11900 4
11901 7
11902 7
11903 13
11904 5
11905 3
11906 6
11907 8
11908 9
11909 6
11910 6
11911 6
11912 4
11913 11
11914 6
11915 6
11916 6
11917 5
11918 7
11919 5
11920 3
11921 9
11922 7
11923 16
11924 4
11925 6
11926 5
11927 6
11928 6
11929 7
11930 8
11931 9
11932 5
11933 7
11934 8
11935 7
11936 6
11937 7
11938 10
11939 13
11940 9
11941 5
11942 5
11943 7
11944 7
11945 10
11946 8
11947 10
11948 9
11949 11
11950 8
11951 8
11952 8
11953 7
11954 5
11955 8
11956 1
11957 5
11958 3
11959 8
11960 8
11961 7
11962 8
11963 10
11964 10
11965 6
11966 5
11967 11
11968 13
11969 6
11970 6
11971 12
11972 9
11973 6
11974 7
11975 12
11976 10
11977 5
11978 9
11979 4
11980 10
11981 8
11982 7
11983 9
11984 5
11985 3
11986 5
11987 6
11988 8
11989 8
11990 10
11991 14
11992 8
11993 5
11994 2
11995 8
11996 10
11997 7
11998 6
11999 13
12000 12
12001 8
12002 9
12003 10
12004 8
12005 8
12006 8
12007 11
12008 3
12009 7
12010 7
12011 10
12012 7
12013 4
12014 6
12015 8
12016 9
12017 7
12018 6
12019 8
12020 9
12021 7
12022 6
12023 6
12024 4
12025 6
12026 5
12027 8
12028 11
12029 9
12030 5
12031 9
12032 7
12033 7
12034 6
12035 8
12036 15
12037 5
12038 7
12039 6
12040 12
12041 7
12042 4
12043 15
12044 8
12045 8
12046 3
12047 5
12048 13
12049 8
12050 9
12051 7
12052 8
12053 6
12054 2
12055 6
12056 7
12057 9
12058 9
12059 6
12060 10
12061 5
12062 5
12063 8
12064 7
12065 10
12066 3
12067 14
12068 13
12069 6
12070 5
12071 7
12072 10
12073 6
12074 6
12075 10
12076 5
12077 12
12078 3
12079 7
12080 9
12081 7
12082 9
12083 4
12084 8
12085 6
12086 4
12087 9
12088 6
12089 9
12090 8
12091 4
12092 7
12093 6
12094 8
12095 5
12096 9
12097 12
12098 8
12099 6
12100 9
12101 6
12102 8
12103 5
12104 9
12105 7
12106 9
12107 5
12108 8
12109 10
12110 6
12111 11
12112 8
12113 12
12114 4
12115 6
12116 6
12117 8
12118 5
12119 6
12120 8
12121 10
12122 7
12123 7
12124 6
12125 10
12126 7
12127 9
12128 10
12129 8
12130 9
12131 6
12132 7
12133 8
12134 9
12135 7
12136 7
12137 12
12138 7
12139 9
12140 10
12141 7
12142 12
12143 7
12144 8
12145 9
12146 4
12147 12
12148 6
12149 9
12150 12
12151 6
12152 10
12153 3
12154 10
12155 5
12156 4
12157 12
12158 8
12159 7
12160 2
12161 8
12162 13
12163 6
12164 7
12165 8
12166 11
12167 9
12168 7
12169 9
12170 8
12171 10
12172 8
12173 6
12174 13
12175 7
12176 9
12177 7
12178 10
12179 12
12180 3
12181 9
12182 5
12183 3
12184 8
12185 6
12186 14
12187 6
12188 5
12189 11
12190 10
12191 9
12192 6
12193 9
12194 10
12195 11
12196 6
12197 8
12198 9
12199 7
12200 8
12201 9
12202 12
12203 8
12204 9
12205 6
12206 8
12207 7
12208 8
12209 9
12210 12
12211 9
12212 6
12213 7
12214 6
12215 11
12216 8
12217 8
12218 12
12219 13
12220 2
12221 2
12222 12
12223 5
12224 9
12225 8
12226 9
12227 8
12228 5
12229 6
12230 8
12231 13
12232 6
12233 4
12234 8
12235 9
12236 6
12237 6
12238 7
12239 15
12240 10
12241 9
12242 9
12243 9
12244 7
12245 3
12246 14
12247 10
12248 6
12249 5
12250 5
12251 8
12252 4
12253 5
12254 13
12255 5
12256 8
12257 3
12258 6
12259 10
12260 5
12261 9
12262 10
12263 7
12264 5
12265 5
12266 10
12267 5
12268 6
12269 6
12270 9
12271 8
12272 9
12273 7
12274 7
12275 5
12276 7
12277 7
12278 7
12279 9
12280 9
12281 6
12282 2
12283 12
12284 5
12285 8
12286 7
12287 7
12288 3
12289 6
12290 4
12291 9
12292 9
12293 7
12294 7
12295 6
12296 9
12297 3
12298 7
12299 9
12300 6
12301 6
12302 2
12303 9
12304 7
12305 5
12306 10
12307 8
12308 7
12309 7
12310 5
12311 8
12312 8
12313 9
12314 6
12315 8
12316 11
12317 3
12318 7
12319 3
12320 4
12321 5
12322 7
12323 9
12324 5
12325 4
12326 8
12327 4
12328 5
12329 4
12330 12
12331 7
12332 5
12333 3
12334 6
12335 8
12336 9
12337 7
12338 6
12339 4
12340 9
12341 6
12342 4
12343 7
12344 9
12345 10
12346 4
12347 8
12348 5
12349 2
12350 9
12351 5
12352 8
12353 9
12354 5
12355 3
12356 4
12357 6
12358 4
12359 9
12360 8
12361 10
12362 8
12363 6
12364 8
12365 7
12366 5
12367 6
12368 10
12369 9
12370 1
12371 4
12372 5
12373 5
12374 10
12375 5
12376 12
12377 5
12378 7
12379 6
12380 8
12381 10
12382 8
12383 9
12384 9
12385 5
12386 3
12387 4
12388 8
12389 11
12390 8
12391 11
12392 3
12393 10
12394 4
12395 4
12396 1
12397 8
12398 9
12399 3
12400 9
12401 4
12402 8
12403 5
12404 7
12405 12
12406 4
12407 6
12408 9
12409 8
12410 7
12411 4
12412 5
12413 13
12414 9
12415 9
12416 2
12417 8
12418 7
12419 4
12420 12
12421 4
12422 9
12423 2
12424 3
12425 7
12426 6
12427 4
12428 4
12429 11
12430 7
12431 3
12432 6
12433 7
12434 13
12435 7
12436 9
12437 10
12438 4
12439 7
12440 6
12441 13
12442 9
12443 6
12444 13
12445 8
12446 7
12447 4
12448 3
12449 9
12450 7
12451 5
12452 8
12453 7
12454 5
12455 4
12456 8
12457 6
12458 9
12459 6
12460 4
12461 5
12462 5
12463 7
12464 3
12465 10
12466 10
12467 4
12468 4
12469 6
12470 10
12471 6
12472 6
12473 8
12474 4
12475 4
12476 9
12477 8
12478 7
12479 2
12480 3
12481 7
12482 10
12483 4
12484 4
12485 8
12486 6
12487 10
12488 6
12489 4
12490 7
12491 5
12492 4
12493 4
12494 9
12495 6
12496 4
12497 8
12498 5
12499 5
12500 2
12501 6
12502 13
12503 5
12504 6
12505 9
12506 6
12507 7
12508 5
12509 14
12510 6
12511 7
12512 4
12513 7
12514 11
12515 1
12516 3
12517 9
12518 3
12519 9
12520 6
12521 7
12522 5
12523 5
12524 8
12525 1
12526 7
12527 5
12528 8
12529 5
12530 5
12531 6
12532 4
12533 6
12534 9
12535 5
12536 5
12537 3
12538 10
12539 10
12540 10
12541 6
12542 5
12543 7
12544 5
12545 4
12546 5
12547 3
12548 10
12549 7
12550 7
12551 6
12552 4
12553 8
12554 11
12555 8
12556 7
12557 5
12558 5
12559 7
12560 7
12561 3
12562 8
12563 11
12564 8
12565 6
12566 7
12567 5
12568 3
12569 6
12570 9
12571 8
12572 9
12573 6
12574 5
12575 6
12576 5
12577 7
12578 4
12579 10
12580 7
12581 11
12582 8
12583 5
12584 6
12585 5
12586 6
12587 8
12588 7
12589 5
12590 6
12591 11
12592 7
12593 7
12594 4
12595 5
12596 6
12597 2
12598 5
12599 8
12600 8
12601 8
12602 6
12603 9
12604 9
12605 9
12606 8
12607 5
12608 15
12609 6
12610 8
12611 9
12612 11
12613 10
12614 3
12615 6
12616 11
12617 10
12618 6
12619 9
12620 4
12621 7
12622 7
12623 8
12624 10
12625 9
12626 5
12627 7
12628 10
12629 3
12630 7
12631 14
12632 12
12633 6
12634 3
12635 4
12636 6
12637 9
12638 7
12639 9
12640 8
12641 8
12642 9
12643 9
12644 11
12645 9
12646 7
12647 9
12648 12
12649 6
12650 7
12651 7
12652 11
12653 8
12654 5
12655 5
12656 11
12657 8
12658 9
12659 7
12660 11
12661 8
12662 3
12663 7
12664 6
12665 4
12666 5
12667 10
12668 11
12669 12
12670 6
12671 6
12672 5
12673 11
12674 7
12675 6
12676 12
12677 13
12678 9
12679 4
12680 12
12681 11
12682 8
12683 6
12684 11
12685 10
12686 4
12687 3
12688 5
12689 8
12690 4
12691 6
12692 11
12693 9
12694 5
12695 2
12696 10
12697 8
12698 6
12699 12
12700 10
12701 5
12702 3
12703 5
12704 9
12705 10
12706 9
12707 8
12708 8
12709 13
12710 7
12711 3
12712 12
12713 7
12714 8
12715 4
12716 10
12717 5
12718 9
12719 7
12720 5
12721 11
12722 7
12723 8
12724 3
12725 8
12726 7
12727 4
12728 12
12729 8
12730 7
12731 7
12732 8
12733 8
12734 5
12735 6
12736 9
12737 5
12738 11
12739 4
12740 3
12741 7
12742 3
12743 8
12744 4
12745 15
12746 5
12747 4
12748 6
12749 7
12750 9
12751 5
12752 7
12753 9
12754 7
12755 6
12756 2
12757 7
12758 8
12759 3
12760 12
12761 4
12762 8
12763 1
12764 8
12765 8
12766 7
12767 8
12768 7
12769 6
12770 7
12771 5
12772 8
12773 7
12774 8
12775 7
12776 4
12777 11
12778 7
12779 6
12780 8
12781 3
12782 9
12783 6
12784 7
12785 5
12786 9
12787 8
12788 4
12789 8
12790 6
12791 8
12792 1
12793 6
12794 6
12795 6
12796 7
12797 6
12798 6
12799 6
12800 6
12801 7
12802 4
12803 12
12804 8
12805 4
12806 12
12807 6
12808 5
12809 3
12810 10
12811 10
12812 4
12813 7
12814 5
12815 8
12816 7
12817 9
12818 8
12819 7
12820 8
12821 7
12822 10
12823 6
12825 9
12826 8
12827 9
12828 8
12829 4
12830 8
12831 5
12832 8
12833 4
12834 8
12835 10
12836 5
12837 5
12838 2
12839 5
12840 10
12841 4
12842 9
12843 7
12844 5
12845 6
12846 6
12847 10
12848 5
12849 6
12850 10
12851 10
12852 7
12853 6
12854 10
12855 8
12856 7
12857 9
12858 6
12859 8
12860 4
12861 2
12862 5
12863 8
12864 6
12865 4
12866 7
12867 8
12868 8
12869 7
12870 3
12871 15
12872 9
12873 7
12874 7
12875 8
12876 4
12877 3
12878 8
12879 13
12880 10
12881 8
12882 9
12883 10
12884 8
12885 3
12886 8
12887 9
12888 9
12889 3
12890 5
12891 6
12892 3
12893 4
12894 6
12895 13
12896 5
12897 9
12898 3
12899 7
12900 9
12901 5
12902 6
12903 12
12904 6
12905 5
12906 2
12907 10
12908 8
12909 4
12910 7
12911 8
12912 4
12913 3
12914 8
12915 9
12916 4
12917 6
12918 8
12919 9
12920 7
12921 8
12922 7
12923 6
12924 12
12925 6
12926 8
12927 7
12928 3
12929 4
12930 4
12931 8
12932 8
12933 5
12934 6
12935 7
12936 7
12937 4
12938 1
12939 10
12940 9
12941 6
12942 2
12943 6
12944 9
12945 6
12946 4
12947 9
12948 9
12949 5
12950 4
12951 12
12952 7
12953 6
12954 7
12955 8
12956 7
12957 3
12958 3
12959 6
12960 5
12961 4
12962 6
12963 11
12964 5
12965 5
12966 1
12967 4
12968 5
12969 6
12970 4
12971 11
12972 9
12973 7
12974 1
12975 7
12976 6
12977 7
12978 6
12979 6
12980 2
12981 6
12982 9
12983 9
12984 5
12985 6
12986 6
12987 2
12988 6
12989 3
12990 6
12991 10
12992 7
12993 6
12994 7
12995 5
12996 5
12997 2
12998 4
12999 5
13000 9
13001 10
13002 3
13003 5
13004 6
13005 6
13006 4
13007 4
13008 11
13009 7
13010 6
13011 1
13012 7
13013 6
13014 8
13015 8
13016 6
13017 8
13018 4
13019 5
13020 7
13021 8
13022 5
13023 11
13024 7
13025 11
13026 1
13027 2
13028 5
13029 5
13030 11
13031 3
13032 10
13033 5
13034 5
13035 6
13036 3
13037 6
13038 5
13039 6
13040 9
13041 5
13042 6
13043 7
13044 5
13045 11
13046 10
13047 8
13048 1
13049 7
13050 9
13051 6
13052 5
13053 7
13054 10
13055 6
13056 6
13057 7
13058 5
13059 10
13060 5
13061 11
13062 6
13063 1
13064 4
13065 4
13066 8
13067 7
13068 4
13069 10
13070 5
13071 4
13072 4
13073 8
13074 6
13075 7
13076 10
13077 7
13078 9
13079 4
13080 5
13081 4
13082 10
13083 7
13084 5
13085 13
13086 8
13087 4
13088 6
13089 5
13090 10
13091 9
13092 7
13093 10
13094 5
13095 6
13096 4
13097 7
13098 14
13099 3
13100 9
13101 4
13102 8
13103 7
13104 3
13105 10
13106 5
13107 8
13108 6
13109 4
13110 7
13111 7
13112 11
13113 7
13114 9
13115 2
13116 1
13117 9
13118 13
13119 10
13120 7
13121 4
13122 13
13123 6
13124 5
13125 3
13126 7
13127 9
13128 4
13129 9
13130 6
13131 5
13132 3
13133 2
13134 11
13135 5
13136 3
13137 7
13138 8
13139 3
13140 3
13141 6
13142 10
13143 9
13144 9
13145 5
13146 9
13147 7
13148 5
13149 8
13150 10
13151 10
13152 5
13153 3
13154 10
13155 7
13156 1
13157 1
13158 10
13159 3
13160 5
13161 6
13162 7
13163 7
13164 6
13165 8
13166 7
13167 4
13168 2
13169 6
13170 10
13171 4
13172 6
13173 9
13174 8
13175 8
13176 1
13177 4
13178 2
13179 9
13180 10
13181 7
13182 7
13183 5
13184 7
13185 2
13186 8
13187 11
13188 3
13189 4
13190 6
13191 5
13192 8
13194 11
13195 9
13196 8
13197 3
13198 4
13199 8
13200 1
13201 5
13202 8
13203 4
13204 10
13205 1
13206 9
13207 5
13208 3
13209 5
13210 6
13211 8
13212 8
13213 8
13214 7
13215 4
13216 7
13217 5
13218 8
13219 8
13220 5
13221 2
13222 6
13223 6
13224 4
13225 2
13226 11
13227 2
13228 6
13229 3
13230 2
13231 7
13232 7
13233 8
13234 4
13235 3
13236 6
13237 4
13238 7
13239 5
13240 9
13241 8
13242 5
13243 6
13244 4
13245 6
13246 8
13247 7
13248 10
13249 9
13250 4
13251 6
13252 6
13253 6
13254 5
13255 7
13256 3
13257 8
13258 7
13259 8
13260 6
13261 5
13262 5
13263 4
13264 9
13265 8
13266 5
13267 8
13268 8
13269 9
13270 5
13271 4
13272 9
13273 5
13274 7
13275 3
13276 5
13277 7
13278 7
13279 5
13280 7
13281 8
13282 5
13283 9
13284 7
13285 5
13286 8
13287 7
13288 10
13289 7
13290 6
13291 7
13292 6
13293 9
13294 6
13295 6
13296 9
13297 8
13298 7
13299 4
13300 8
13301 9
13302 5
13303 5
13304 5
13305 3
13306 6
13307 3
13308 12
13309 11
13310 10
13311 4
13312 4
13313 7
13314 8
13315 7
13316 10
13317 10
13318 3
13319 5
13320 7
13321 7
13322 11
13323 8
13324 8
13325 10
13326 7
13327 4
13328 2
13329 5
13330 7
13331 4
13332 5
13333 9
13334 5
13335 8
13336 5
13337 10
13338 5
13339 5
13340 8
13341 11
13342 6
13343 4
13344 5
13345 9
13346 8
13347 5
13348 12
13349 5
13350 6
13351 6
13352 5
13353 12
13354 7
13355 7
13356 6
13357 4
13358 5
13359 6
13360 8
13361 7
13362 7
13363 7
13364 4
13365 7
13366 4
13367 3
13368 6
13369 7
13370 7
13371 6
13372 7
13373 6
13374 7
13375 6
13376 7
13377 15
13378 4
13379 4
13380 3
13381 5
13382 7
13383 4
13384 6
13385 11
13386 9
13387 8
13388 3
13389 5
13390 8
13391 5
13392 8
13393 3
13394 8
13395 6
13396 5
13397 6
13398 4
13399 4
13400 3
13401 9
13402 6
13403 4
13404 4
13405 9
13406 5
13407 5
13408 3
13409 9
13410 7
13411 7
13412 2
13413 5
13414 9
13415 2
13416 8
13417 5
13418 6
13419 1
13420 3
13421 8
13422 3
13423 7
13424 3
13425 4
13426 5
13427 5
13428 9
13429 5
13430 4
13431 5
13432 5
13433 5
13434 2
13435 5
13436 7
13437 6
13438 9
13439 3
13440 2
13441 5
13442 9
13443 7
13444 4
13445 9
13446 5
13447 7
13448 5
13449 3
13450 5
13451 4
13452 7
13453 3
13454 6
13455 7
13456 4
13457 8
13458 5
13459 7
13460 4
13461 4
13462 9
13463 6
13464 6
13465 5
13466 3
13467 6
13468 2
13469 4
13470 5
13471 2
13472 8
13473 4
13474 7
13475 3
13476 3
13477 3
13478 5
13479 5
13481 7
13482 7
13483 5
13484 5
13485 3
13486 5
13487 5
13488 9
13489 9
13490 5
13491 9
13492 3
13493 5
13494 6
13495 7
13496 10
13497 2
13498 6
13499 9
13500 7
13501 2
13502 1
13503 4
13504 6
13505 5
13506 7
13507 3
13508 5
13509 6
13510 5
13511 7
13512 8
13513 6
13514 5
13515 11
13516 3
13517 1
13518 3
13519 6
13520 11
13521 3
13522 6
13523 4
13524 7
13525 8
13526 4
13527 9
13528 6
13529 5
13530 5
13531 5
13532 7
13533 6
13534 3
13535 10
13536 6
13537 4
13538 3
13539 6
13540 8
13541 4
13542 6
13543 2
13544 10
13545 4
13546 7
13547 4
13548 4
13549 8
13550 5
13551 10
13552 6
13553 2
13554 3
13555 6
13556 11
13557 7
13558 3
13559 10
13560 9
13561 8
13562 4
13563 6
13564 11
13565 4
13566 6
13567 4
13568 3
13569 1
13570 2
13571 6
13572 7
13573 7
13574 5
13575 3
13576 7
13577 5
13578 4
13579 4
13580 11
13581 7
13582 4
13583 6
13584 6
13585 7
13586 4
13587 4
13588 8
13589 6
13590 2
13591 4
13592 12
13593 7
13594 3
13595 5
13596 7
13597 4
13598 3
13599 4
13600 8
13601 5
13602 4
13603 10
13604 9
13605 4
13606 1
13607 6
13608 5
13609 7
13610 4
13611 7
13612 8
13613 7
13614 5
13615 4
13616 5
13617 6
13618 5
13619 6
13620 3
13621 4
13622 4
13623 7
13624 8
13625 7
13626 7
13627 4
13628 3
13629 6
13630 2
13631 6
13632 10
13633 9
13634 3
13635 2
13636 5
13637 3
13638 3
13639 6
13640 8
13641 8
13642 3
13643 2
13644 4
13645 4
13646 6
13647 4
13648 6
13649 7
13650 7
13651 3
13652 4
13653 7
13654 6
13655 8
13656 7
13657 4
13658 3
13659 3
13660 9
13661 8
13662 3
13663 3
13664 6
13665 6
13666 3
13667 1
13668 9
13669 5
13670 6
13671 5
13672 3
13673 6
13674 4
13675 3
13676 6
13677 6
13678 7
13679 6
13680 2
13681 8
13682 4
13683 6
13684 5
13685 6
13686 9
13687 5
13688 7
13689 3
13690 5
13691 9
13692 7
13693 6
13694 7
13695 6
13696 2
13697 4
13698 7
13699 5
13700 8
13701 9
13702 8
13703 7
13705 3
13706 5
13707 5
13708 8
13709 5
13710 9
13711 7
13712 3
13713 6
13714 5
13715 7
13716 1
13717 7
13718 7
13719 5
13720 7
13721 4
13722 6
13723 11
13724 4
13725 5
13726 4
13727 7
13728 7
13729 7
13730 7
13731 4
13732 6
13733 8
13734 5
13735 6
13736 4
13737 7
13738 6
13739 10
13740 2
13741 4
13742 4
13743 7
13744 7
13745 5
13746 9
13747 3
13748 5
13749 7
13750 7
13751 8
13752 8
13753 5
13754 11
13755 8
13756 6
13757 3
13758 5
13759 11
13760 4
13761 9
13762 6
13763 11
13764 5
13765 5
13766 4
13767 7
13768 7
13769 4
13770 6
13771 5
13772 4
13773 3
13774 6
13775 12
13776 7
13777 2
13778 10
13779 6
13780 6
13781 5
13782 5
13783 12
13784 4
13785 8
13786 5
13787 6
13788 7
13789 4
13790 9
13791 4
13792 4
13793 4
13794 3
13795 11
13796 8
13797 4
13798 4
13799 4
13800 6
13801 2
13802 8
13803 6
13804 7
13805 9
13806 5
13807 12
13808 3
13809 1
13810 5
13811 7
13812 6
13813 2
13814 10
13815 8
13816 5
13817 5
13818 2
13819 7
13820 7
13821 4
13822 10
13823 6
13824 7
13825 4
13826 1
13827 12
13828 8
13829 10
13830 3
13831 6
13832 5
13833 5
13834 2
13835 5
13836 9
13837 6
13839 6
13840 6
13841 2
13842 3
13843 10
13844 3
13845 2
13846 1
13847 7
13848 7
13849 4
13850 5
13851 10
13852 7
13853 3
13854 4
13855 6
13856 5
13857 4
13858 8
13859 6
13860 8
13861 4
13862 4
13863 4
13864 5
13865 4
13866 3
13867 9
13868 5
13869 4
13870 4
13871 3
13872 9
13873 3
13874 7
13875 4
13876 3
13877 3
13878 3
13879 6
13880 8
13881 5
13882 7
13883 1
13884 6
13885 4
13886 3
13887 6
13888 4
13889 8
13890 5
13891 6
13892 4
13893 3
13894 3
13895 4
13896 7
13897 5
13898 4
13899 5
13900 3
13901 6
13902 4
13903 2
13904 8
13905 4
13906 4
13907 1
13908 4
13909 6
13910 2
13911 6
13912 2
13913 5
13914 4
13915 7
13916 5
13917 4
13918 6
13919 4
13920 3
13921 5
13922 2
13923 8
13924 10
13925 6
13926 5
13927 4
13928 8
13929 3
13930 3
13931 5
13932 5
13933 8
13934 4
13935 4
13936 6
13937 6
13938 3
13939 4
13940 3
13941 6
13942 8
13943 4
13944 4
13945 5
13946 4
13947 6
13948 3
13949 7
13950 6
13951 4
13952 5
13953 6
13954 5
13955 4
13956 6
13957 8
13958 4
13959 1
13960 1
13961 4
13962 4
13963 5
13964 6
13965 8
13966 8
13967 4
13968 4
13969 4
13970 5
13971 5
13972 5
13973 7
13974 7
13975 2
13976 7
13977 6
13978 8
13979 3
13980 5
13981 4
13982 5
13983 3
13984 5
13985 3
13986 12
13987 3
13988 3
13989 5
13990 3
13991 4
13992 3
13993 10
13994 8
13995 5
13996 5
13997 5
13998 3
13999 1
14000 5
14001 10
14002 8
14003 4
14004 3
14005 6
14006 5
14007 1
14008 2
14009 8
14010 4
14011 5
14012 5
14013 6
14014 1
14015 5
14016 3
14017 6
14018 11
14019 6
14020 3
14021 3
14022 7
14023 4
14024 4
14025 8
14026 11
14027 5
14028 5
14029 3
14030 6
14031 7
14032 5
14033 8
14034 4
14035 2
14036 4
14037 4
14038 8
14039 3
14040 1
14041 6
14042 4
14043 5
14044 2
14045 6
14046 7
14047 3
14048 3
14049 3
14050 6
14051 6
14052 7
14053 5
14054 8
14055 7
14056 1
14057 5
14058 6
14059 2
14060 1
14061 3
14062 5
14063 6
14064 4
14065 7
14066 1
14067 3
14068 1
14069 6
14070 9
14071 1
14072 2
14073 4
14074 6
14075 1
14076 1
14077 9
14078 3
14079 6
14080 5
14081 1
14082 6
14083 6
14084 8
14085 3
14086 4
14087 6
14088 3
14089 5
14090 4
14091 4
14092 5
14093 1
14094 8
14095 5
14096 4
14097 4
14098 4
14099 7
14100 3
14101 2
14102 3
14103 5
14104 3
14105 2
14106 10
14107 2
14108 1
14109 3
14110 5
14111 4
14113 6
14114 7
14115 7
14116 5
14117 1
14118 2
14119 5
14120 6
14121 5
14122 1
14123 7
14124 2
14125 2
14126 6
14127 4
14128 4
14129 3
14130 7
14131 4
14132 5
14134 4
14135 5
14136 3
14137 7
14138 1
14139 3
14140 7
14141 5
14142 5
14143 3
14144 2
14145 7
14146 4
14147 6
14148 4
14149 1
14150 6
14151 3
14152 9
14153 1
14154 2
14155 5
14156 6
14157 3
14159 2
14160 4
14161 5
14162 5
14163 3
14164 4
14165 5
14166 5
14167 6
14168 5
14169 5
14170 1
14171 8
14172 5
14173 3
14174 8
14175 2
14176 7
14177 3
14178 4
14180 3
14181 6
14182 4
14183 4
14184 5
14185 2
14186 5
14187 5
14188 8
14189 5
14190 2
14191 9
14192 7
14193 8
14194 3
14195 2
14196 5
14197 6
14198 7
14199 1
14200 8
14201 6
14202 7
14203 5
14204 5
14205 8
14206 1
14207 3
14208 5
14209 1
14210 3
14211 2
14212 4
14213 5
14214 5
14215 4
14216 5
14217 7
14218 6
14219 4
14220 9
14221 3
14222 5
14223 5
14224 7
14225 6
14226 1
14227 2
14228 3
14229 9
14230 5
14231 3
14232 3
14233 5
14234 8
14235 2
14236 5
14237 5
14238 3
14239 4
14240 6
14241 6
14242 6
14243 2
14244 9
14245 2
14246 3
14247 1
14248 7
14249 10
14250 5
14251 3
14252 5
14253 4
14254 6
14255 3
14256 9
14257 3
14258 6
14259 6
14260 5
14261 3
14262 4
14263 3
14264 6
14265 4
14266 5
14267 3
14268 6
14269 6
14270 5
14271 4
14272 3
14273 5
14274 5
14275 3
14276 2
14277 2
14278 3
14279 2
14280 5
14281 7
14282 7
14283 3
14284 1
14285 8
14286 4
14287 3
14288 7
14289 7
14290 3
14291 4
14292 5
14293 6
14294 4
14295 1
14296 6
14297 7
14298 3
14299 2
14300 3
14301 8
14302 6
14303 4
14304 6
14305 3
14306 2
14307 1
14308 1
14309 8
14310 7
14311 7
14312 4
14313 1
14314 5
14315 2
14316 3
14317 8
14318 7
14319 3
14320 5
14321 2
14322 3
14323 2
14324 8
14325 5
14326 5
14327 3
14328 4
14329 3
14330 4
14331 3
14332 7
14333 6
14334 4
14335 3
14336 4
14337 2
14338 5
14339 4
14340 4
14341 3
14342 6
14343 6
14344 4
14345 1
14346 5
14347 3
14348 2
14349 6
14350 5
14351 3
14352 3
14353 4
14354 4
14355 3
14356 5
14357 4
14358 3
14359 6
14360 3
14361 5
14362 4
14363 4
14364 7
14365 5
14366 6
14367 2
14368 4
14369 7
14370 5
14371 6
14372 3
14373 3
14374 2
14375 3
14376 6
14377 4
14378 7
14379 7
14380 3
14381 3
14382 1
14383 3
14384 3
14385 6
14386 7
14387 5
14388 2
14389 5
14390 3
14391 4
14392 4
14393 7
14394 3
14395 9
14396 5
14397 7
14398 5
14399 2
14400 6
14401 3
14402 2
14403 5
14404 5
14405 7
14406 3
14407 5
14408 7
14409 1
14410 6
14411 4
14412 2
14413 2
14414 5
14415 8
14416 5
14417 5
14418 5
14419 5
14420 3
14421 4
14422 5
14423 6
14424 6
14425 2
14426 3
14427 6
14428 7
14429 5
14430 3
14431 4
14432 7
14433 3
14434 4
14435 2
14436 5
14437 8
14438 4
14439 8
14440 3
14441 3
14442 4
14443 6
14444 7
14445 4
14446 9
14447 5
14448 4
14449 2
14450 2
14451 5
14452 5
14453 6
14454 3
14455 5
14456 5
14457 3
14458 4
14459 4
14460 6
14461 7
14462 3
14463 8
14464 4
14465 4
14466 5
14467 2
14468 8
14469 2
14470 5
14471 6
14472 4
14473 6
14474 1
14475 6
14476 1
14477 3
14478 7
14479 3
14480 7
14481 4
14482 2
14483 8
14484 5
14485 5
14486 2
14487 4
14488 4
14489 5
14490 5
14491 3
14492 10
14493 5
14494 1
14495 4
14496 5
14497 6
14498 1
14499 6
14500 6
14501 3
14502 3
14503 3
14504 3
14505 7
14506 4
14507 11
14508 2
14509 4
14510 1
14511 6
14512 6
14513 5
14514 5
14515 5
14516 3
14517 2
14518 2
14519 4
14520 2
14521 5
14522 4
14523 4
14524 2
14525 4
14526 4
14527 5
14528 3
14529 5
14530 1
14531 4
14532 7
14533 4
14534 6
14535 1
14536 6
14537 3
14538 6
14539 3
14540 5
14541 3
14542 3
14543 4
14544 3
14545 7
14546 3
14547 2
14548 6
14549 3
14550 2
14551 2
14552 3
14553 3
14554 2
14555 3
14556 5
14557 6
14558 6
14559 2
14560 4
14561 1
14562 1
14563 2
14564 6
14565 7
14566 3
14567 4
14568 3
14569 5
14571 1
14572 5
14573 3
14574 7
14575 5
14576 1
14577 6
14579 6
14580 2
14581 3
14582 1
14583 5
14584 5
14585 2
14586 2
14587 6
14588 2
14589 4
14590 1
14591 3
14592 3
14593 5
14594 6
14595 2
14596 3
14597 4
14598 3
14599 1
14600 3
14601 6
14602 4
14603 4
14604 3
14605 1
14606 7
14607 1
14608 2
14609 4
14610 5
14611 4
14612 2
14613 4
14614 3
14615 2
14616 5
14617 2
14618 6
14619 3
14620 3
14621 4
14622 2
14623 1
14625 5
14626 5
14627 7
14628 2
14629 3
14630 2
14631 4
14632 3
14633 6
14634 6
14635 6
14636 4
14637 2
14638 2
14640 3
14641 2
14642 10
14643 3
14644 3
14645 4
14646 5
14647 4
14648 1
14649 1
14650 6
14651 4
14652 3
14653 4
14654 4
14655 5
14656 3
14657 3
14658 4
14659 3
14660 3
14661 5
14662 7
14663 4
14664 3
14665 2
14666 5
14667 3
14668 5
14669 2
14670 2
14671 8
14672 3
14673 5
14674 5
14675 4
14677 1
14678 6
14679 5
14680 3
14681 1
14682 6
14683 6
14684 3
14685 2
14686 4
14687 6
14688 3
14689 3
14690 5
14691 4
14692 1
14693 3
14694 5
14695 8
14696 4
14697 4
14698 4
14699 2
14700 4
14701 3
14702 3
14703 6
14704 4
14705 5
14706 4
14707 2
14708 2
14709 2
14710 9
14711 7
14712 2
14714 3
14715 3
14716 1
14718 5
14719 2
14720 2
14721 1
14722 1
14723 6
14724 2
14725 4
14726 3
14727 2
14728 2
14729 3
14730 7
14731 4
14732 2
14733 4
14734 2
14735 5
14736 4
14737 3
14738 6
14739 4
14740 4
14741 3
14742 1
14743 4
14744 1
14745 1
14746 1
14747 6
14748 4
14750 2
14751 3
14752 2
14753 1
14754 1
14755 10
14756 5
14757 5
14758 2
14759 2
14760 3
14761 2
14762 11
14763 3
14764 2
14765 2
14766 3
14767 4
14768 2
14769 2
14770 5
14771 1
14772 6
14773 3
14775 4
14776 2
14777 4
14778 3
14779 3
14780 1
14781 2
14782 4
14783 3
14784 4
14785 2
14786 3
14787 4
14788 2
14789 2
14791 5
14792 4
14793 6
14794 4
14796 2
14797 2
14798 3
14799 3
14800 1
14801 4
14802 2
14803 3
14804 3
14805 4
14806 4
14807 3
14808 5
14809 3
14810 1
14811 1
14812 3
14813 3
14814 2
14815 4
14816 3
14817 3
14818 3
14819 3
14820 2
14821 1
14822 2
14823 7
14824 3
14825 6
14827 1
14828 3
14829 4
14830 7
14831 2
14832 5
14833 3
14834 5
14835 3
14837 4
14838 2
14839 4
14840 5
14841 2
14842 3
14843 2
14844 4
14845 4
14846 2
14847 4
14849 6
14850 4
14851 2
14852 3
14853 2
14854 3
14855 2
14856 1
14857 6
14858 3
14859 7
14860 4
14861 6
14863 1
14864 3
14865 3
14866 6
14867 1
14869 6
14870 4
14871 4
14872 2
14873 4
14874 4
14875 5
14876 5
14877 2
14878 3
14879 5
14880 3
14881 6
14882 1
14883 3
14884 3
14885 4
14886 3
14887 3
14888 1
14889 3
14890 6
14891 3
14892 3
14893 4
14894 3
14895 3
14896 4
14897 7
14898 5
14899 2
14900 5
14901 5
14902 4
14903 4
14905 5
14906 2
14907 3
14908 4
14909 5
14910 4
14911 2
14912 4
14913 3
14914 3
14915 1
14916 2
14917 3
14918 4
14919 3
14920 4
14921 3
14922 5
14923 2
14924 3
14925 4
14926 7
14927 7
14928 1
14929 6
14930 3
14931 4
14932 1
14933 5
14934 8
14935 3
14936 1
14937 5
14938 4
14939 1
14940 1
14941 5
14942 5
14944 2
14945 4
14946 5
14947 3
14948 1
14949 2
14950 2
14951 4
14952 4
14953 5
14954 2
14955 1
14956 2
14957 2
14958 7
14959 2
14960 4
14961 3
14962 1
14963 4
14964 3
14965 8
14966 6
14967 3
14969 4
14970 4
14971 3
14972 1
14973 2
14974 5
14975 3
14976 2
14977 2
14978 4
14979 4
14980 3
14981 3
14982 2
14983 2
14984 1
14985 5
14986 1
14987 5
14988 5
14989 1
14990 3
14991 1
14992 3
14993 1
14994 5
14995 3
14996 3
14997 4
14998 7
14999 1
15002 5
15003 4
15004 1
15005 2
15006 5
15007 2
15008 1
15009 1
15010 3
15011 2
15012 1
15013 3
15014 3
15015 1
15016 2
15017 6
15018 2
15019 5
15020 3
15021 3
15022 3
15023 2
15024 2
15025 2
15026 5
15027 4
15028 4
15029 1
15030 2
15031 2
15032 1
15033 2
15034 3
15035 4
15036 2
15037 3
15038 3
15039 3
15040 2
15041 1
15042 2
15043 3
15044 3
15045 2
15046 3
15047 2
15048 5
15049 5
15051 3
15052 1
15053 3
15054 3
15055 4
15056 4
15057 2
15058 1
15059 4
15060 2
15061 2
15063 4
15064 6
15066 3
15067 1
15068 2
15069 4
15070 4
15071 4
15072 3
15073 5
15074 4
15075 5
15076 3
15077 1
15078 4
15079 3
15080 3
15081 3
15082 2
15083 4
15084 3
15085 3
15086 2
15087 5
15088 6
15090 1
15091 1
15092 4
15093 5
15094 2
15095 6
15096 5
15097 2
15098 2
15099 1
15100 6
15101 2
15102 4
15103 3
15104 4
15105 2
15106 3
15107 3
15108 3
15109 2
15110 2
15111 2
15112 3
15113 1
15114 2
15115 2
15116 5
15117 2
15119 3
15120 5
15121 3
15122 6
15123 2
15124 11
15125 3
15126 2
15127 4
15128 4
15129 4
15131 4
15132 3
15133 4
15134 4
15135 1
15136 4
15137 5
15138 3
15139 4
15140 4
15141 4
15142 3
15143 1
15144 3
15145 1
15146 3
15147 3
15148 8
15149 5
15150 1
15152 5
15153 4
15154 1
15155 4
15156 7
15157 3
15158 2
15160 2
15161 3
15162 1
15163 6
15164 3
15165 4
15166 1
15167 1
15168 6
15169 3
15170 5
15171 1
15172 3
15173 4
15174 4
15175 4
15176 2
15177 4
15178 2
15179 2
15180 3
15181 2
15182 2
15183 2
15184 3
15185 5
15186 1
15187 2
15188 3
15189 7
15190 5
15191 1
15192 6
15193 1
15194 3
15195 2
15196 2
15197 4
15198 2
15199 2
15200 4
15201 4
15202 3
15204 3
15205 3
15206 1
15207 3
15209 4
15210 3
15211 1
15212 4
15213 2
15214 2
15215 2
15216 6
15217 1
15218 3
15219 1
15220 4
15221 3
15222 3
15224 3
15225 3
15226 4
15228 3
15229 1
15230 3
15231 2
15232 2
15233 2
15234 2
15235 4
15236 4
15237 2
15238 1
15239 1
15240 1
15241 4
15242 5
15243 5
15244 2
15245 2
15246 2
15247 5
15248 1
15250 3
15251 3
15252 5
15253 4
15254 2
15255 1
15256 1
15257 6
15259 3
15260 1
15261 3
15262 3
15263 1
15265 2
15266 4
15267 2
15268 1
15269 2
15270 2
15271 2
15272 5
15273 3
15274 6
15275 2
15276 3
15277 2
15278 2
15279 2
15281 3
15282 3
15283 3
15284 3
15285 1
15286 4
15287 1
15288 2
15289 3
15290 1
15291 2
15292 2
15293 1
15294 5
15296 4
15298 4
15299 4
15300 1
15302 2
15303 6
15304 5
15305 1
15306 2
15307 1
15308 2
15309 3
15310 2
15311 5
15312 4
15313 3
15314 3
15315 2
15316 2
15318 3
15319 4
15320 4
15321 2
15322 1
15323 2
15324 3
15325 2
15326 2
15327 3
15328 4
15329 3
15330 2
15331 4
15332 3
15333 2
15334 2
15335 3
15336 2
15337 1
15338 5
15339 5
15340 4
15341 4
15342 2
15343 2
15344 4
15345 1
15346 4
15347 4
15348 1
15349 2
15350 4
15351 8
15352 1
15353 4
15354 1
15355 2
15356 4
15357 1
15358 1
15359 1
15360 3
15361 4
15363 2
15364 3
15365 1
15366 4
15367 5
15368 1
15369 1
15370 2
15371 6
15372 2
15373 3
15374 1
15375 3
15376 3
15377 1
15378 4
15379 5
15380 3
15381 1
15382 2
15383 2
15384 1
15385 2
15386 3
15387 3
15388 5
15389 2
15390 1
15391 1
15392 1
15394 3
15395 3
15396 5
15397 1
15398 1
15399 2
15400 2
15401 1
15403 4
15404 3
15405 1
15406 1
15407 4
15408 3
15409 1
15411 5
15412 1
15413 2
15414 2
15415 5
15416 5
15417 2
15418 3
15419 4
15420 1
15421 1
15423 3
15424 2
15425 2
15426 3
15428 2
15429 1
15430 1
15431 1
15432 2
15433 3
15434 3
15435 4
15437 1
15438 2
15439 4
15440 6
15441 1
15444 2
15445 1
15446 1
15447 3
15448 3
15449 1
15450 3
15455 4
15456 1
15457 3
15458 1
15459 2
15460 3
15461 1
15462 1
15463 1
15464 4
15465 2
15466 1
15467 2
15469 1
15470 2
15471 4
15472 3
15475 2
15477 1
15478 1
15479 3
15480 1
15481 3
15482 1
15483 1
15484 1
15485 2
15486 2
15487 1
15488 3
15489 1
15490 2
15491 4
15493 2
15494 2
15495 2
15496 2
15498 4
15499 1
15500 2
15501 4
15502 2
15503 2
15506 2
15507 3
15508 4
15509 1
15510 3
15511 2
15512 2
15513 1
15514 2
15515 3
15516 2
15517 5
15518 2
15520 3
15521 1
15522 3
15523 1
15525 4
15527 3
15528 4
15529 1
15530 3
15531 1
15532 2
15533 2
15534 1
15535 6
15536 1
15537 3
15538 2
15539 3
15540 1
15541 2
15542 3
15543 2
15545 1
15546 2
15547 1
15549 5
15550 1
15551 3
15553 2
15554 3
15555 1
15556 2
15557 1
15558 1
15559 4
15561 4
15562 4
15563 2
15564 2
15565 2
15566 5
15567 2
15568 4
15569 3
15570 1
15571 2
15573 1
15574 3
15575 5
15576 4
15577 1
15578 4
15579 2
15580 1
15582 2
15583 4
15585 1
15586 3
15587 2
15588 5
15589 2
15590 3
15591 1
15592 1
15593 1
15594 3
15595 3
15597 2
15598 4
15599 2
15601 3
15602 3
15603 3
15604 2
15605 4
15606 1
15607 5
15608 4
15609 1
15610 1
15611 2
15612 2
15613 1
15614 3
15615 2
15616 2
15617 2
15618 1
15619 5
15620 1
15622 1
15623 1
15624 1
15626 2
15627 1
15628 1
15629 4
15630 2
15631 2
15632 1
15633 2
15634 4
15635 2
15636 3
15637 2
15638 2
15639 3
15640 1
15642 1
15643 7
15644 5
15645 1
15647 2
15648 1
15650 1
15651 2
15652 1
15654 3
15655 1
15656 2
15658 4
15659 1
15660 2
15662 3
15663 5
15664 1
15665 1
15666 3
15667 1
15668 1
15669 2
15670 4
15671 1
15672 2
15673 1
15674 2
15675 3
15676 4
15677 1
15678 1
15680 1
15681 2
15684 3
15685 1
15686 2
15688 1
15689 2
15690 2
15691 1
15692 1
15694 3
15695 4
15696 2
15697 3
15699 1
15701 2
15702 2
15703 2
15704 4
15705 3
15707 1
15708 1
15710 2
15711 4
15712 3
15713 2
15715 3
15716 2
15717 2
15718 1
15719 1
15720 2
15723 2
15724 2
15725 2
15726 3
15727 2
15728 1
15729 2
15731 3
15732 2
15733 2
15734 1
15735 1
15736 1
15737 3
15738 3
15739 1
15740 2
15741 2
15742 2
15743 1
15744 2
15746 1
15747 3
15748 3
15749 3
15752 2
15753 3
15754 1
15756 3
15757 2
15758 2
15761 1
15762 1
15763 3
15764 5
15765 5
15766 2
15768 1
15769 1
15770 1
15771 1
15772 2
15773 5
15774 2
15775 2
15776 1
15777 1
15778 5
15779 2
15780 6
15781 2
15782 2
15783 2
15784 1
15785 2
15786 2
15788 2
15789 2
15790 3
15793 5
15794 1
15795 1
15797 3
15798 2
15799 2
15800 1
15801 2
15802 3
15803 2
15804 3
15805 3
15806 2
15807 2
15808 2
15809 5
15810 1
15811 3
15812 4
15813 1
15814 2
15815 2
15816 1
15817 4
15818 1
15819 1
15820 1
15821 2
15822 1
15824 2
15825 2
15826 4
15827 2
15829 2
15830 4
15831 3
15832 3
15833 5
15834 1
15835 1
15836 2
15838 1
15839 1
15841 7
15842 2
15843 3
15845 1
15846 3
15847 1
15848 3
15850 2
15851 3
15852 1
15853 4
15854 1
15855 1
15856 2
15857 3
15858 1
15860 2
15861 1
15862 1
15863 2
15865 2
15866 2
15867 3
15868 3
15869 1
15870 2
15872 2
15873 1
15874 1
15875 2
15876 1
15877 2
15878 1
15880 2
15881 1
15882 2
15884 2
15885 2
15887 1
15888 1
15889 2
15890 1
15891 1
15892 2
15893 3
15894 4
15895 2
15897 3
15898 3
15899 2
15900 2
15901 1
15902 1
15903 2
15904 1
15906 1
15907 2
15908 1
15909 3
15910 1
15913 2
15914 2
15915 1
15917 2
15918 2
15919 3
15920 1
15921 4
15923 2
15924 2
15925 3
15926 1
15927 1
15928 1
15929 2
15930 3
15931 2
15932 1
15934 1
15935 3
15936 1
15937 1
15938 2
15939 2
15940 1
15941 1
15944 2
15945 1
15946 1
15947 1
15948 1
15949 2
15950 2
15951 2
15952 5
15953 1
15954 3
15955 2
15957 2
15959 3
15960 2
15961 2
15962 3
15963 1
15964 2
15967 2
15968 2
15969 1
15970 2
15971 2
15972 2
15975 2
15976 3
15977 3
15978 1
15979 1
15980 2
15981 4
15982 2
15986 3
15987 2
15988 3
15989 2
15990 1
15991 2
15992 2
15994 1
15995 1
15996 2
15997 4
15998 1
15999 2
16002 2
16003 2
16004 1
16005 2
16006 3
16007 4
16008 2
16009 1
16010 1
16011 1
16012 2
16014 1
16015 1
16016 3
16017 2
16018 1
16019 1
16020 4
16021 1
16023 1
16024 1
16025 2
16027 3
16028 3
16029 4
16030 2
16031 2
16032 2
16033 1
16035 3
16036 2
16037 1
16039 2
16040 1
16041 1
16044 2
16045 2
16048 2
16049 4
16053 1
16056 6
16057 2
16058 3
16059 1
16060 2
16063 1
16064 4
16065 1
16066 1
16067 3
16069 1
16071 2
16072 4
16073 3
16075 2
16076 3
16077 1
16078 1
16080 2
16081 2
16082 3
16085 2
16088 2
16089 3
16090 1
16092 1
16093 2
16096 5
16097 1
16098 1
16100 1
16101 2
16102 1
16103 1
16104 1
16105 1
16108 2
16109 1
16110 1
16111 1
16112 1
16113 1
16116 2
16117 2
16118 2
16119 1
16120 1
16121 1
16123 1
16124 3
16125 2
16126 1
16127 1
16128 2
16132 1
16133 2
16134 1
16135 1
16136 1
16137 2
16140 1
16142 2
16143 1
16144 3
16145 1
16149 2
16150 3
16152 1
16155 1
16157 2
16159 1
16162 1
16163 1
16164 1
16166 3
16168 1
16169 3
16170 1
16171 1
16173 1
16174 1
16176 5
16177 2
16178 1
16179 3
16180 1
16181 1
16184 2
16186 3
16189 2
16190 1
16192 2
16193 1
16194 1
16195 3
16197 1
16198 1
16199 1
16202 1
16203 1
16205 2
16206 2
16207 2
16208 1
16210 2
16212 1
16215 1
16217 1
16218 2
16219 2
16220 2
16222 1
16224 2
16225 1
16227 4
16229 2
16230 1
16231 2
16234 2
16236 1
16237 1
16238 1
16239 4
16240 1
16242 2
16243 1
16244 4
16245 1
16246 2
16247 1
16248 1
16249 2
16251 1
16253 1
16254 5
16255 1
16256 1
16257 1
16258 2
16260 2
16261 2
16264 1
16266 2
16267 1
16268 1
16270 1
16271 2
16272 2
16273 1
16274 1
16275 4
16276 1
16279 1
16280 2
16281 2
16283 3
16284 1
16285 3
16286 3
16288 1
16290 1
16292 2
16293 1
16294 1
16295 3
16297 2
16299 1
16300 1
16301 1
16303 1
16304 2
16305 1
16307 3
16310 1
16311 3
16312 3
16314 1
16315 1
16316 1
16317 1
16318 2
16319 1
16321 1
16322 4
16323 1
16326 2
16327 1
16330 1
16331 1
16332 2
16333 1
16336 2
16337 1
16338 1
16339 1
16340 2
16341 2
16343 1
16344 2
16345 1
16347 1
16348 3
16349 2
16351 1
16352 2
16354 1
16355 1
16356 1
16358 1
16359 2
16363 1
16364 2
16365 1
16366 1
16367 2
16368 2
16372 3
16373 2
16374 1
16376 1
16379 3
16380 2
16381 2
16383 3
16387 1
16388 2
16389 2
16390 1
16393 2
16394 1
16395 1
16397 1
16398 1
16399 1
16402 1
16403 1
16404 1
16405 3
16406 1
16409 2
16410 1
16412 1
16413 1
16415 1
16416 2
16417 1
16418 2
16419 1
16420 3
16421 2
16424 1
16425 1
16427 2
16430 1
16431 3
16434 3
16436 2
16440 1
16441 1
16442 4
16444 2
16445 1
16448 1
16449 3
16450 2
16451 1
16452 1
16453 1
16456 1
16457 2
16458 3
16461 1
16462 1
16463 1
16465 2
16466 1
16467 1
16468 1
16471 3
16472 1
16473 2
16477 2
16480 1
16481 1
16482 3
16483 1
16484 1
16485 1
16486 2
16487 2
16488 1
16489 3
16490 1
16492 1
16494 1
16495 2
16497 1
16499 1
16501 1
16502 2
16507 2
16508 1
16509 5
16510 2
16511 1
16513 1
16514 1
16516 1
16517 1
16519 2
16521 3
16522 1
16523 1
16525 1
16530 1
16531 1
16533 1
16534 2
16535 1
16538 3
16540 2
16541 3
16545 1
16546 2
16548 1
16550 4
16553 1
16555 1
16559 1
16560 1
16562 3
16563 1
16566 1
16567 1
16569 1
16570 3
16571 1
16572 1
16573 1
16575 2
16576 1
16577 4
16579 2
16585 2
16587 1
16591 1
16595 1
16596 1
16598 1
16599 1
16601 1
16602 1
16603 1
16605 1
16606 1
16608 2
16609 1
16612 1
16613 1
16614 1
16616 1
16617 1
16618 2
16619 1
16627 1
16630 2
16631 1
16632 1
16635 1
16637 2
16638 1
16640 2
16644 2
16645 1
16646 1
16647 2
16648 1
16649 1
16650 1
16653 2
16655 1
16657 2
16658 1
16659 1
16661 1
16664 2
16666 2
16667 1
16669 1
16670 1
16671 1
16673 2
16674 1
16676 1
16680 2
16681 2
16684 1
16685 2
16686 1
16687 1
16689 1
16693 1
16697 1
16698 2
16699 1
16704 1
16705 3
16708 2
16710 1
16712 3
16713 3
16714 3
16716 1
16717 2
16718 1
16719 1
16721 1
16723 1
16725 1
16726 1
16731 1
16732 1
16734 3
16735 1
16736 2
16737 1
16738 1
16741 1
16742 1
16744 1
16745 2
16746 1
16749 2
16750 2
16753 1
16754 2
16758 2
16760 2
16764 1
16765 3
16766 2
16767 1
16768 1
16774 3
16775 1
16776 1
16778 1
16780 2
16781 1
16783 1
16785 1
16786 1
16787 1
16790 1
16796 2
16797 1
16798 1
16799 1
16800 1
16801 1
16802 2
16805 1
16806 1
16808 1
16810 1
16813 1
16815 1
16817 1
16818 2
16820 1
16821 1
16822 2
16825 1
16827 1
16828 2
16830 1
16832 1
16833 1
16834 1
16835 1
16840 2
16842 1
16847 1
16848 1
16849 1
16851 1
16854 1
16855 1
16857 1
16862 1
16863 1
16866 1
16867 1
16869 1
16871 1
16875 1
16878 1
16880 1
16881 1
16883 1
16885 1
16886 1
16895 3
16896 1
16899 1
16900 1
16902 2
16903 1
16905 1
16907 1
16908 1
16909 1
16910 2
16912 1
16913 1
16916 1
16917 1
16920 1
16921 1
16922 1
16923 1
16924 2
16927 1
16931 1
16932 2
16934 1
16935 1
16936 2
16939 3
16942 1
16948 1
16949 2
16950 1
16952 1
16953 3
16959 2
16960 1
16961 1
16963 4
16964 1
16967 1
16968 1
16971 1
16973 1
16974 1
16977 1
16978 1
16979 1
16980 1
16981 1
16982 2
16988 1
16989 2
16990 1
16996 1
16997 1
16999 1
17000 2
17004 2
17005 1
17008 1
17009 1
17011 1
17015 1
17017 1
17019 1
17021 2
17022 1
17027 1
17028 1
17029 1
17036 1
17043 1
17050 2
17051 1
17054 1
17057 2
17058 1
17059 1
17061 1
17065 1
17072 1
17077 2
17083 2
17086 1
17087 1
17090 2
17098 2
17099 1
17100 1
17106 1
17108 1
17109 1
17112 1
17114 1
17118 1
17122 2
17123 1
17125 1
17126 1
17127 2
17128 1
17132 1
17138 1
17143 2
17150 1
17151 2
17154 1
17155 1
17158 1
17160 1
17161 1
17162 1
17163 1
17166 1
17167 1
17175 1
17178 1
17179 1
17186 1
17187 3
17191 1
17194 2
17199 1
17200 1
17211 1
17212 1
17216 1
17218 3
17219 1
17226 2
17228 2
17240 1
17241 1
17247 1
17248 1
17254 1
17255 3
17257 1
17282 1
17286 1
17290 1
17296 1
17298 1
17308 1
17309 1
17313 1
17315 1
17322 2
17323 1
17325 1
17335 1
17336 1
17339 1
17345 2
17349 1
17351 1
17353 1
17355 1
17358 1
17365 1
17366 1
17367 1
17373 1
17375 1
17376 1
17377 2
17381 1
17382 1
17387 1
17390 3
17391 2
17392 1
17394 1
17395 1
17397 1
17399 1
17401 1
17403 1
17406 1
17409 1
17410 1
17413 1
17414 1
17416 1
17417 1
17419 1
17421 2
17422 1
17424 1
17428 1
17438 1
17441 1
17442 1
17443 3
17449 1
17453 1
17454 1
17458 2
17463 1
17473 1
17474 1
17478 1
17481 1
17483 1
17485 1
17486 1
17490 1
17495 1
17496 1
17503 1
17510 2
17512 1
17518 1
17519 1
17522 1
17527 1
17541 1
17544 1
17547 1
17551 2
17556 1
17558 1
17559 1
17564 2
17573 2
17577 1
17580 3
17588 2
17590 2
17591 1
17595 1
17600 1
17602 1
17609 1
17612 1
17617 1
17619 1
17620 1
17627 1
17638 1
17641 2
17645 1
17652 1
17656 1
17658 1
17660 1
17668 2
17677 1
17699 1
17706 1
17728 1
17755 1
17764 1
17768 1
17778 1
17784 1
17800 1
17803 1
17810 1
17816 1
17819 1
17829 1
17832 1
17835 1
17839 1
17841 1
17850 1
17856 1
17867 1
17872 1
17882 1
17896 2
17904 1
17911 1
17923 1
17933 1
17954 1
17960 1
17964 1
17976 1
17986 1
17991 1
18001 1
18022 1
18023 1
18031 1
18032 1
18033 1
18044 1
18051 1
18054 1
18055 1
18058 1
18059 1
18065 1
18069 1
18084 1
18094 1
18095 1
18099 2
18119 1
18126 1
18127 1
18151 1
18159 1
18163 1
18168 1
18188 1
18197 1
18200 1
18229 2
18236 1
18242 1
18258 1
18268 1
18297 1
18309 1
18324 1
18346 1
18491 1
18497 1
18513 1
18523 1
18528 1
18545 1
18552 1
18560 1
18574 1
18589 1
18601 1
18632 1
18642 1
18700 1
18710 1
18736 1
18804 1
18965 1
18987 1
19002 1
19169 1
19201 1
19230 1
19643 1
End
