NMec = 97746
T = 19
P = 1
Profits not ignored
Valid tasks:                                                            12976
Solution time = 2.479e-04
Task data
    6  13   519 0
   23  31   929 -1
   25  38  1968 0
   34 147  9643 -1
   40  51   971 -1
   44  55  1931 0
   56  64  1189 0
   56  78  1884 -1
   75  76   571 0
   78  88  1261 0
   91 109  4403 0
  107 114  1429 -1
  108 116   577 -1
  125 140  1955 -1
  130 131   394 0
  132 144  3161 0
  151 168  2918 0
  158 166   914 -1
  163 173  1345 -1
Best profit: 18315
All profits:
0 1
394 1
519 1
571 1
577 1
913 1
914 1
929 1
965 1
971 2
1090 1
1096 1
1148 1
1189 1
1261 1
1308 1
1323 1
1345 1
1365 1
1429 1
1433 1
1448 1
1484 1
1485 1
1490 2
1491 1
1500 1
1506 1
1542 2
1548 1
1583 1
1655 1
1667 1
1708 1
1739 1
1760 1
1766 1
1780 1
1823 1
1827 1
1832 1
1838 1
1842 1
1843 1
1864 1
1879 1
1884 2
1885 2
1894 1
1900 2
1916 1
1922 1
1931 1
1936 1
1942 1
1948 1
1955 1
1968 1
2000 1
2004 1
2010 1
2019 1
2025 1
2061 2
2062 1
2067 1
2077 1
2102 1
2103 1
2118 1
2119 1
2154 1
2160 2
2174 1
2175 1
2190 1
2226 1
2232 2
2237 1
2258 1
2274 1
2278 1
2279 2
2285 1
2294 1
2310 1
2316 2
2325 1
2337 1
2342 1
2343 1
2351 1
2357 1
2358 1
2362 2
2394 1
2398 1
2400 1
2403 1
2404 2
2409 1
2413 1
2414 1
2419 2
2420 1
2435 1
2441 1
2450 2
2455 1
2456 2
2461 2
2462 1
2471 2
2474 1
2477 1
2487 1
2493 1
2497 1
2502 1
2508 1
2512 1
2513 1
2519 1
2526 1
2532 1
2534 1
2539 1
2545 1
2554 1
2569 1
2581 1
2584 1
2596 1
2606 1
2618 1
2622 1
2626 1
2637 1
2638 1
2668 1
2673 1
2674 1
2679 2
2680 1
2689 1
2690 1
2694 1
2695 1
2709 1
2710 1
2731 2
2737 2
2745 1
2746 1
2751 2
2752 2
2756 1
2761 1
2767 1
2774 1
2793 1
2794 1
2797 1
2798 2
2803 2
2808 1
2809 1
2813 2
2814 2
2829 1
2835 2
2844 2
2845 2
2850 1
2851 1
2855 2
2856 2
2860 1
2862 1
2865 1
2869 1
2871 1
2877 1
2881 1
2882 1
2884 1
2887 2
2893 1
2896 1
2902 1
2913 1
2914 1
2918 1
2919 1
2926 1
2928 2
2929 1
2933 2
2939 3
2969 1
2971 1
2975 2
2980 1
2981 1
2990 2
2991 1
2996 1
3000 1
3012 2
3016 1
3021 2
3027 2
3031 1
3032 2
3033 1
3045 1
3048 1
3051 1
3053 1
3058 1
3064 1
3068 1
3073 1
3074 2
3079 1
3083 1
3084 1
3088 1
3089 2
3103 2
3104 1
3105 1
3111 1
3116 1
3120 1
3125 2
3131 1
3137 1
3140 1
3144 1
3145 1
3146 2
3155 1
3157 1
3161 3
3168 1
3177 1
3183 1
3187 1
3189 1
3192 2
3193 1
3197 1
3199 1
3203 1
3207 1
3208 2
3209 1
3214 1
3216 1
3229 3
3239 2
3245 2
3249 1
3250 2
3251 1
3254 1
3256 2
3261 1
3265 1
3266 1
3271 2
3272 1
3276 2
3280 1
3281 1
3286 1
3287 1
3293 1
3300 1
3308 2
3312 1
3313 3
3314 1
3317 1
3322 2
3323 2
3327 1
3328 1
3329 1
3332 1
3333 3
3338 1
3345 1
3360 1
3363 1
3364 3
3365 1
3369 1
3370 1
3374 2
3375 2
3379 2
3380 1
3384 2
3385 2
3388 1
3390 2
3391 1
3397 1
3401 1
3403 1
3406 2
3412 1
3415 2
3416 1
3421 3
3422 2
3426 1
3427 1
3431 1
3432 1
3433 1
3437 2
3440 1
3442 1
3445 1
3446 1
3447 1
3448 1
3452 1
3453 1
3455 1
3458 2
3459 1
3461 1
3463 1
3464 1
3468 1
3473 1
3483 1
3489 1
3490 1
3495 1
3497 1
3498 1
3499 1
3503 1
3505 2
3510 3
3514 1
3516 1
3519 1
3531 1
3532 1
3535 1
3540 2
3546 1
3547 1
3551 2
3552 1
3555 2
3567 1
3571 1
3577 2
3583 1
3586 1
3587 1
3589 1
3593 2
3598 2
3602 1
3603 2
3604 1
3608 2
3609 1
3619 1
3622 1
3623 3
3624 1
3630 1
3635 1
3639 2
3644 1
3645 2
3650 1
3651 1
3655 1
3659 1
3660 2
3661 1
3663 1
3665 2
3666 2
3670 1
3674 1
3675 1
3676 1
3680 3
3681 1
3682 1
3687 1
3691 1
3696 1
3697 1
3702 2
3703 1
3707 2
3708 2
3711 2
3715 1
3716 1
3717 2
3721 1
3722 1
3723 2
3726 1
3727 2
3728 1
3732 3
3734 1
3735 1
3738 2
3739 1
3745 1
3748 2
3754 2
3758 3
3763 1
3764 2
3768 1
3769 3
3770 1
3773 2
3774 2
3779 1
3780 1
3784 2
3785 2
3787 1
3791 2
3793 1
3795 3
3798 1
3800 2
3806 3
3810 1
3815 2
3816 3
3819 1
3822 1
3825 1
3826 1
3827 2
3831 2
3832 2
3833 1
3839 1
3840 1
3842 2
3843 1
3847 3
3848 1
3852 2
3853 3
3855 1
3857 2
3858 1
3864 1
3871 1
3877 1
3879 2
3883 2
3884 2
3885 1
3886 1
3889 2
3890 1
3894 1
3898 1
3899 3
3900 1
3903 1
3904 3
3909 1
3910 2
3916 1
3923 1
3926 1
3929 1
3931 1
3934 1
3935 2
3940 2
3941 4
3945 1
3946 1
3950 2
3951 1
3955 1
3956 2
3959 1
3961 1
3962 1
3963 1
3965 1
3968 1
3971 1
3972 1
3974 1
3978 1
3980 1
3982 1
3983 2
3987 1
3992 3
3993 1
3997 1
3998 2
4002 1
4003 2
4008 2
4013 1
4014 1
4016 1
4017 2
4018 1
4022 1
4024 2
4029 2
4030 1
4032 1
4033 1
4034 2
4035 2
4039 1
4040 1
4045 1
4049 1
4051 1
4054 2
4055 1
4058 1
4059 1
4060 1
4066 2
4069 1
4070 1
4071 1
4073 1
4074 3
4075 3
4076 2
4082 1
4085 1
4087 1
4090 2
4091 1
4096 2
4097 1
4102 1
4103 1
4105 1
4106 2
4107 1
4108 1
4111 1
4112 1
4115 1
4117 2
4118 1
4121 2
4122 2
4123 1
4126 2
4128 3
4130 1
4132 3
4138 1
4139 1
4142 2
4143 1
4145 1
4148 2
4154 1
4157 1
4158 2
4160 1
4163 2
4164 2
4168 1
4170 1
4174 1
4175 1
4178 1
4179 3
4180 2
4185 2
4187 1
4189 2
4190 1
4194 2
4200 5
4201 1
4205 1
4209 1
4210 2
4216 2
4221 1
4222 2
4226 2
4227 2
4229 1
4232 1
4234 1
4236 2
4237 2
4240 1
4241 2
4242 3
4243 1
4246 2
4247 3
4251 3
4252 1
4253 1
4257 2
4258 1
4264 1
4268 1
4271 1
4273 3
4274 2
4277 1
4278 1
4279 1
4282 1
4283 1
4284 3
4288 3
4289 1
4292 2
4293 4
4294 2
4298 2
4303 2
4304 2
4305 1
4306 1
4309 2
4310 1
4311 1
4312 1
4313 1
4314 1
4316 1
4317 1
4319 1
4325 3
4329 2
4334 2
4335 5
4340 1
4341 1
4344 2
4345 2
4346 1
4347 1
4350 4
4351 1
4355 1
4356 1
4357 1
4358 1
4359 1
4361 1
4362 2
4364 1
4366 4
4368 1
4369 1
4371 1
4372 4
4374 1
4375 1
4376 1
4377 2
4381 1
4386 1
4387 1
4390 1
4392 2
4393 1
4396 1
4397 1
4398 1
4402 2
4403 2
4404 1
4405 2
4408 2
4409 1
4411 1
4416 1
4417 1
4418 4
4419 1
4422 1
4423 1
4424 4
4426 1
4428 2
4429 3
4430 1
4432 1
4434 2
4442 1
4443 1
4445 1
4448 2
4450 2
4454 1
4457 1
4460 4
4461 2
4463 1
4465 2
4466 1
4469 3
4470 2
4474 1
4475 1
4476 2
4481 2
4482 1
4484 1
4487 1
4489 1
4490 1
4494 1
4497 1
4500 3
4501 1
4502 2
4503 1
4506 3
4511 2
4512 3
4515 1
4516 1
4517 2
4518 1
4522 3
4526 1
4527 2
4532 1
4533 1
4534 1
4536 1
4537 2
4542 1
4548 1
4549 2
4551 1
4552 1
4553 2
4554 2
4558 1
4559 1
4561 1
4564 1
4568 1
4569 2
4573 3
4574 4
4575 1
4577 1
4579 1
4580 1
4584 1
4585 1
4586 1
4588 1
4590 3
4592 1
4593 1
4594 5
4595 2
4599 1
4601 1
4604 1
4605 1
4606 2
4609 1
4610 1
4611 2
4616 2
4620 1
4621 2
4622 1
4625 2
4626 3
4629 1
4630 1
4631 2
4634 1
4635 1
4636 2
4637 2
4640 2
4641 1
4642 1
4644 1
4645 3
4646 3
4647 2
4648 1
4649 1
4650 1
4651 3
4652 2
4653 1
4658 3
4661 1
4662 2
4664 1
4667 3
4668 2
4673 1
4674 1
4676 1
4677 2
4678 3
4679 1
4682 2
4683 3
4684 1
4686 1
4687 2
4688 1
4692 2
4694 1
4697 1
4698 4
4699 3
4701 1
4703 3
4705 3
4706 1
4707 1
4708 1
4709 2
4710 1
4713 1
4714 1
4716 1
4719 4
4720 1
4722 1
4724 2
4725 1
4728 1
4729 4
4734 1
4735 2
4739 1
4740 1
4741 2
4742 1
4744 3
4745 1
4746 1
4748 1
4750 1
4751 1
4753 1
4755 1
4756 3
4758 1
4760 3
4761 1
4762 2
4764 1
4765 1
4766 5
4768 1
4769 1
4771 3
4775 1
4776 1
4777 2
4782 1
4786 1
4787 2
4790 1
4792 1
4793 3
4797 2
4798 1
4800 2
4802 2
4803 3
4806 1
4808 2
4810 1
4811 1
4812 4
4813 3
4814 1
4815 1
4816 1
4817 1
4818 4
4823 3
4824 2
4828 3
4830 1
4832 1
4835 1
4837 1
4842 1
4844 2
4845 1
4848 2
4849 1
4850 1
4854 3
4855 3
4859 2
4860 2
4861 1
4863 1
4864 3
4865 1
4866 1
4869 4
4870 3
4873 1
4874 1
4875 1
4876 1
4880 1
4881 1
4882 1
4883 1
4884 1
4885 1
4886 1
4887 1
4888 1
4891 1
4892 1
4894 2
4896 2
4897 1
4900 3
4905 1
4906 3
4911 2
4912 3
4916 1
4918 1
4921 4
4922 2
4924 1
4926 1
4927 3
4928 1
4930 1
4931 1
4934 1
4935 1
4936 1
4937 2
4939 1
4941 1
4943 6
4945 1
4946 1
4947 2
4948 2
4949 1
4951 1
4952 1
4953 2
4958 1
4962 1
4963 2
4964 1
4967 1
4968 2
4969 2
4974 2
4976 2
4979 2
4980 3
4982 2
4984 4
4985 1
4987 1
4988 3
4989 3
4993 1
4995 4
4999 2
5000 2
5001 1
5003 2
5004 1
5005 3
5006 1
5008 1
5011 1
5013 1
5014 1
5015 1
5016 1
5019 3
5020 2
5021 1
5022 1
5025 3
5029 1
5031 2
5032 1
5034 2
5035 1
5036 3
5037 2
5040 2
5041 1
5042 3
5044 1
5045 2
5046 4
5047 2
5052 3
5053 1
5055 1
5056 2
5059 1
5060 1
5061 3
5066 1
5067 1
5068 2
5071 3
5072 1
5073 2
5074 1
5075 1
5077 4
5078 2
5079 1
5080 1
5083 2
5086 1
5088 3
5089 1
5092 5
5093 4
5094 1
5097 1
5099 3
5101 1
5103 2
5104 1
5105 1
5108 3
5109 2
5112 1
5113 2
5114 3
5116 1
5118 2
5119 1
5120 1
5123 1
5124 1
5125 1
5129 3
5130 2
5132 1
5135 1
5136 1
5138 2
5139 1
5140 2
5144 2
5145 3
5146 1
5147 1
5148 1
5150 3
5151 2
5154 1
5155 1
5156 2
5157 1
5160 4
5161 3
5163 1
5164 1
5165 4
5167 1
5169 1
5170 1
5171 4
5172 1
5176 1
5177 2
5180 1
5181 1
5182 1
5184 2
5186 1
5187 3
5192 1
5193 1
5196 2
5197 5
5198 1
5200 1
5202 4
5203 2
5205 1
5206 2
5207 2
5208 1
5211 2
5212 1
5213 1
5216 1
5217 4
5218 2
5219 1
5220 1
5221 1
5222 3
5223 2
5224 4
5226 1
5227 1
5228 1
5229 2
5231 1
5233 1
5235 1
5238 1
5239 2
5241 1
5243 2
5244 4
5245 1
5248 3
5249 1
5253 1
5254 3
5255 2
5258 2
5259 1
5260 1
5261 1
5263 4
5264 4
5268 2
5269 3
5272 1
5274 1
5275 2
5276 4
5277 1
5278 1
5279 2
5280 2
5281 2
5282 1
5283 1
5284 1
5285 3
5286 1
5287 1
5288 1
5290 2
5291 1
5293 1
5294 1
5295 3
5296 2
5300 2
5301 2
5305 1
5306 3
5310 1
5312 2
5313 1
5315 3
5316 2
5317 1
5318 1
5319 3
5321 5
5325 1
5327 2
5328 2
5329 1
5330 1
5331 2
5332 3
5333 2
5334 2
5335 2
5336 1
5337 6
5340 1
5342 2
5343 3
5345 1
5346 2
5347 1
5348 1
5351 1
5352 2
5353 1
5356 1
5357 1
5358 1
5361 1
5363 1
5364 2
5367 1
5368 3
5369 1
5371 1
5373 1
5374 4
5376 1
5377 2
5378 1
5379 4
5380 1
5383 3
5384 1
5386 1
5387 2
5388 1
5389 6
5390 1
5392 2
5393 2
5394 1
5395 2
5398 1
5399 1
5400 2
5401 1
5403 1
5405 2
5408 1
5411 1
5413 1
5414 1
5415 1
5416 1
5418 1
5419 3
5420 1
5421 1
5425 2
5426 2
5429 1
5430 2
5431 3
5432 2
5435 1
5436 2
5437 1
5439 1
5440 4
5441 3
5444 1
5445 1
5446 3
5447 1
5450 2
5453 1
5455 1
5457 1
5458 1
5460 1
5462 2
5463 3
5465 2
5466 1
5467 1
5468 1
5471 4
5472 1
5473 2
5477 4
5478 1
5482 3
5483 3
5486 1
5487 3
5488 1
5490 1
5493 2
5495 1
5498 3
5499 1
5500 1
5501 1
5502 3
5503 2
5504 2
5505 1
5506 1
5507 1
5508 3
5512 1
5514 3
5518 2
5519 2
5520 1
5522 1
5523 3
5524 3
5525 1
5529 1
5530 1
5532 1
5533 1
5534 2
5535 2
5536 1
5539 2
5540 2
5544 2
5545 3
5548 1
5550 2
5551 2
5553 2
5554 3
5555 5
5556 1
5557 1
5558 1
5559 3
5561 4
5563 1
5564 2
5565 3
5566 3
5570 1
5571 2
5572 1
5574 2
5575 1
5576 1
5577 1
5578 1
5579 1
5580 2
5581 1
5582 1
5585 1
5586 1
5587 2
5590 2
5591 3
5592 3
5593 1
5594 1
5596 4
5597 3
5598 1
5600 1
5602 2
5605 1
5606 2
5607 3
5608 2
5611 4
5612 2
5613 4
5615 1
5616 2
5617 3
5618 3
5619 1
5620 1
5621 1
5622 2
5623 3
5627 3
5629 2
5630 1
5631 1
5632 2
5633 3
5634 1
5635 1
5636 1
5637 2
5638 4
5639 2
5642 1
5646 1
5648 4
5649 2
5650 1
5651 1
5652 1
5654 2
5655 2
5657 2
5658 4
5659 1
5663 4
5664 2
5665 2
5666 1
5669 4
5670 5
5672 1
5673 1
5674 1
5675 2
5676 2
5678 1
5679 5
5680 2
5682 1
5683 1
5684 1
5685 4
5687 1
5689 4
5690 2
5691 1
5693 1
5695 4
5700 3
5701 1
5703 2
5704 1
5706 3
5707 1
5709 1
5711 2
5712 1
5713 1
5715 3
5716 2
5717 1
5718 1
5719 1
5721 3
5722 4
5724 2
5725 1
5726 4
5727 2
5729 1
5730 1
5731 4
5732 1
5735 1
5736 1
5737 5
5738 1
5739 1
5740 1
5742 3
5743 1
5745 1
5746 1
5747 1
5748 2
5750 2
5755 1
5757 1
5758 2
5761 2
5762 2
5763 4
5764 2
5767 1
5768 2
5770 1
5771 1
5773 5
5774 4
5777 2
5778 2
5779 2
5782 1
5783 6
5784 1
5787 3
5788 3
5789 1
5794 2
5795 5
5797 1
5798 2
5799 2
5800 1
5801 1
5802 2
5803 1
5805 1
5807 1
5808 2
5810 2
5812 1
5814 3
5815 2
5819 2
5820 2
5821 1
5825 2
5826 2
5829 2
5831 1
5832 1
5834 4
5835 4
5836 1
5837 1
5838 1
5839 1
5840 5
5841 2
5844 1
5845 1
5846 1
5847 4
5849 1
5850 1
5851 4
5852 1
5853 2
5854 2
5855 2
5856 3
5857 4
5859 1
5860 1
5862 2
5863 1
5864 1
5865 2
5866 1
5867 2
5870 1
5871 3
5872 4
5876 1
5877 2
5881 1
5883 1
5886 1
5887 3
5888 1
5889 1
5890 2
5892 3
5893 1
5894 2
5895 1
5896 3
5898 5
5899 2
5902 1
5903 3
5905 2
5906 2
5907 1
5908 4
5909 2
5911 2
5912 2
5913 3
5914 3
5917 2
5918 2
5919 2
5922 1
5923 2
5924 1
5927 1
5928 2
5929 2
5930 1
5931 1
5933 1
5934 1
5935 2
5937 1
5938 1
5939 3
5940 1
5944 1
5945 4
5947 1
5948 2
5949 2
5950 1
5951 3
5953 1
5954 1
5955 3
5958 2
5959 2
5960 4
5961 1
5963 2
5964 2
5965 1
5966 4
5969 2
5970 1
5971 2
5974 2
5975 2
5976 2
5979 1
5981 1
5982 3
5984 1
5985 2
5986 2
5987 1
5989 2
5990 4
5991 1
5992 2
5995 1
5996 3
5997 2
6000 1
6001 2
6002 4
6003 2
6004 1
6005 2
6006 4
6007 4
6009 1
6011 1
6012 1
6013 1
6016 2
6017 4
6019 1
6021 5
6023 4
6024 1
6026 2
6027 2
6028 1
6030 1
6031 1
6032 1
6033 1
6034 2
6037 2
6038 2
6042 3
6043 3
6044 2
6048 4
6049 2
6050 1
6051 1
6052 1
6053 2
6054 3
6055 1
6057 1
6058 3
6059 3
6061 2
6062 1
6063 3
6064 3
6067 1
6069 2
6070 1
6071 1
6072 1
6073 4
6074 3
6075 3
6076 2
6077 1
6078 1
6079 5
6080 1
6083 2
6085 2
6089 4
6090 1
6091 1
6093 1
6094 2
6095 1
6096 1
6098 1
6100 4
6101 1
6103 1
6105 1
6106 2
6107 2
6109 1
6110 3
6111 3
6113 1
6115 2
6116 4
6119 1
6120 1
6121 2
6122 1
6125 4
6126 2
6127 2
6128 1
6130 2
6131 4
6132 5
6134 2
6135 2
6136 3
6137 1
6138 1
6140 1
6141 1
6142 3
6143 1
6145 1
6147 1
6148 2
6149 1
6151 2
6152 1
6153 2
6155 3
6156 1
6157 4
6158 3
6160 1
6161 1
6163 1
6165 1
6167 2
6168 5
6169 1
6171 1
6172 1
6173 5
6174 1
6177 6
6178 1
6179 1
6182 4
6183 2
6184 2
6187 1
6188 3
6189 4
6190 1
6191 1
6192 2
6193 2
6194 2
6195 3
6197 2
6198 2
6200 1
6201 1
6202 1
6204 5
6205 1
6206 1
6207 1
6208 3
6209 2
6210 1
6212 1
6214 3
6215 1
6219 3
6223 2
6224 1
6225 2
6226 2
6228 1
6229 4
6230 1
6231 2
6232 1
6234 2
6235 5
6236 1
6237 1
6239 2
6240 3
6241 5
6242 1
6243 2
6244 2
6245 4
6246 2
6247 2
6248 2
6249 2
6250 5
6251 1
6252 1
6256 6
6257 1
6258 1
6259 1
6260 2
6261 1
6262 1
6264 2
6265 1
6266 6
6267 1
6269 1
6271 1
6272 2
6274 1
6275 1
6277 2
6278 1
6280 2
6281 3
6282 2
6283 2
6284 1
6286 2
6287 2
6288 2
6289 1
6290 2
6292 4
6293 4
6295 1
6296 1
6297 6
6298 3
6300 1
6301 2
6302 4
6303 5
6305 1
6306 2
6307 3
6308 4
6313 1
6314 2
6315 1
6316 2
6317 1
6318 1
6319 1
6321 3
6322 2
6323 1
6325 1
6326 1
6327 3
6329 3
6332 1
6333 2
6334 4
6335 1
6336 1
6338 1
6339 4
6340 2
6344 1
6345 2
6347 1
6348 2
6349 2
6350 3
6353 3
6354 4
6355 2
6358 3
6359 2
6360 6
6363 1
6364 2
6365 1
6366 2
6368 1
6369 2
6370 2
6371 1
6372 1
6373 3
6374 1
6375 1
6376 4
6379 4
6381 1
6382 1
6384 1
6385 2
6386 1
6389 1
6390 3
6391 4
6392 2
6396 2
6397 2
6400 3
6401 1
6405 2
6406 3
6407 1
6408 1
6409 1
6410 1
6411 3
6412 2
6413 2
6415 3
6416 2
6417 3
6418 3
6420 1
6421 1
6422 3
6424 1
6425 1
6426 1
6427 1
6428 4
6430 1
6431 2
6432 3
6433 3
6434 2
6436 1
6437 4
6438 1
6441 1
6442 3
6443 2
6444 1
6447 2
6448 3
6449 1
6450 1
6453 1
6454 2
6457 1
6458 4
6461 1
6463 1
6464 3
6465 3
6466 1
6467 2
6468 1
6469 4
6470 1
6471 1
6472 1
6473 3
6474 3
6475 1
6477 1
6478 1
6479 2
6480 2
6482 2
6483 3
6484 3
6485 4
6488 2
6489 2
6490 3
6492 1
6493 1
6494 3
6495 1
6499 1
6500 2
6501 1
6502 1
6504 3
6505 3
6506 3
6507 1
6508 2
6509 1
6510 1
6514 1
6515 1
6516 3
6517 1
6519 1
6520 1
6521 5
6522 3
6523 1
6524 2
6525 4
6526 5
6529 2
6530 2
6531 1
6532 1
6535 3
6536 2
6537 4
6540 3
6541 3
6542 3
6543 1
6545 3
6546 2
6547 2
6549 1
6550 1
6551 2
6552 2
6553 2
6556 2
6557 2
6558 2
6560 1
6561 2
6562 4
6563 3
6566 2
6567 4
6568 2
6569 1
6571 1
6572 1
6573 3
6574 1
6575 1
6576 3
6577 4
6578 4
6579 2
6580 2
6581 2
6582 3
6583 2
6584 2
6586 1
6587 1
6588 1
6589 4
6590 1
6592 3
6593 3
6594 4
6595 1
6597 1
6598 6
6599 1
6601 1
6602 1
6603 2
6604 1
6607 1
6608 4
6609 2
6613 3
6614 2
6615 1
6617 1
6618 1
6619 3
6620 2
6621 1
6622 1
6624 1
6625 3
6626 3
6628 1
6629 5
6630 2
6632 2
6633 1
6634 3
6635 4
6636 1
6638 2
6639 2
6640 3
6641 2
6644 3
6645 1
6646 3
6647 2
6649 1
6650 6
6651 2
6652 1
6653 3
6654 2
6655 1
6656 3
6659 1
6660 4
6661 1
6662 1
6664 1
6666 5
6669 1
6671 3
6672 2
6673 1
6674 2
6675 2
6676 1
6677 4
6678 1
6679 2
6680 2
6681 2
6682 2
6684 1
6686 1
6687 5
6690 1
6691 3
6692 4
6693 3
6696 3
6697 5
6698 1
6699 1
6701 3
6702 4
6703 1
6705 1
6706 1
6707 1
6708 3
6709 2
6711 2
6712 2
6713 2
6714 2
6716 2
6717 1
6718 1
6719 2
6721 2
6723 1
6724 4
6726 2
6728 4
6729 1
6731 1
6732 3
6733 2
6734 3
6737 1
6738 2
6739 1
6742 1
6743 3
6744 3
6745 2
6747 1
6748 5
6749 1
6750 2
6754 6
6755 1
6757 1
6758 2
6759 2
6760 2
6761 2
6763 3
6764 2
6765 3
6766 3
6767 1
6768 2
6769 3
6770 3
6771 1
6773 1
6775 2
6776 1
6778 2
6779 2
6780 1
6781 1
6783 1
6784 3
6785 5
6786 2
6790 1
6791 2
6794 1
6795 1
6796 1
6797 2
6800 4
6801 2
6802 1
6803 1
6804 1
6805 2
6806 4
6807 2
6809 1
6810 1
6811 1
6812 4
6813 1
6814 1
6815 1
6816 6
6817 3
6818 2
6819 2
6820 2
6821 3
6822 6
6823 1
6824 1
6825 2
6826 2
6827 6
6828 2
6831 1
6833 1
6834 1
6835 2
6836 1
6837 3
6838 1
6840 1
6841 3
6842 2
6843 2
6844 1
6846 1
6847 1
6848 2
6849 1
6851 1
6852 3
6853 3
6854 1
6855 1
6857 1
6858 5
6859 4
6861 1
6863 2
6864 1
6865 1
6866 1
6867 2
6868 5
6869 4
6872 2
6873 2
6874 7
6876 1
6877 3
6878 3
6879 4
6880 1
6882 1
6883 1
6884 3
6886 1
6887 1
6888 2
6889 2
6890 1
6892 2
6893 2
6894 1
6895 2
6896 1
6898 4
6899 2
6900 4
6901 1
6902 1
6903 1
6904 1
6905 1
6906 1
6907 1
6908 1
6909 2
6910 3
6911 4
6913 1
6915 4
6916 3
6918 1
6919 4
6920 2
6924 2
6925 2
6926 2
6929 2
6930 3
6931 5
6934 3
6935 4
6936 1
6937 3
6939 1
6940 2
6941 1
6942 1
6944 2
6945 2
6946 2
6947 3
6950 4
6951 1
6952 4
6953 2
6956 5
6957 2
6960 1
6961 3
6962 2
6963 2
6966 1
6967 5
6968 1
6971 1
6972 2
6973 2
6974 1
6976 3
6977 5
6978 1
6980 1
6983 4
6984 3
6986 2
6987 4
6988 4
6990 2
6991 2
6992 5
6993 2
6994 1
6997 2
6999 1
7001 1
7002 2
7003 3
7004 2
7005 1
7007 1
7008 5
7009 3
7010 1
7011 1
7013 2
7014 3
7015 1
7018 2
7019 2
7020 2
7021 1
7023 2
7024 2
7025 3
7026 1
7028 1
7029 3
7032 1
7033 1
7034 2
7035 3
7036 2
7038 1
7039 2
7040 5
7041 1
7042 1
7043 2
7044 4
7045 3
7046 3
7048 2
7049 2
7050 3
7051 1
7054 1
7055 1
7056 4
7059 2
7060 6
7061 2
7062 1
7063 2
7064 1
7065 3
7066 1
7067 1
7069 2
7070 1
7071 4
7075 2
7076 2
7077 3
7078 1
7079 1
7080 1
7081 2
7082 2
7084 1
7085 2
7086 1
7087 4
7088 1
7090 1
7091 1
7092 4
7093 1
7094 1
7095 2
7096 4
7097 3
7098 2
7100 2
7101 3
7102 4
7103 2
7105 1
7106 3
7107 1
7108 5
7111 3
7112 4
7113 2
7114 1
7115 2
7116 2
7117 2
7118 5
7120 1
7122 2
7123 1
7124 2
7126 1
7127 2
7128 3
7129 1
7132 3
7133 3
7134 2
7137 2
7139 3
7140 1
7143 1
7144 3
7145 1
7147 1
7148 4
7149 2
7150 2
7151 1
7152 3
7153 4
7154 2
7155 4
7157 2
7158 3
7159 3
7160 4
7163 1
7164 5
7165 2
7166 2
7168 1
7169 4
7170 1
7171 1
7172 2
7173 1
7174 3
7175 3
7178 2
7179 5
7184 1
7185 4
7186 1
7188 1
7189 1
7190 2
7191 3
7192 2
7194 2
7195 3
7196 3
7197 1
7198 1
7199 3
7200 4
7201 3
7202 1
7203 1
7206 4
7207 2
7209 2
7210 4
7211 3
7212 6
7215 2
7216 7
7217 2
7218 1
7219 1
7220 1
7221 4
7222 1
7223 1
7224 2
7226 1
7227 4
7228 1
7230 3
7231 4
7232 3
7235 1
7236 3
7237 5
7238 1
7240 2
7243 5
7244 1
7245 1
7246 2
7247 3
7248 4
7250 3
7251 3
7252 3
7253 3
7256 2
7257 2
7258 4
7261 1
7262 3
7263 5
7264 3
7265 1
7266 1
7267 3
7268 8
7269 1
7272 2
7273 3
7274 2
7276 2
7278 2
7279 2
7280 2
7282 4
7283 3
7284 2
7285 2
7286 1
7287 4
7288 1
7289 5
7290 1
7292 2
7293 1
7294 1
7295 2
7296 1
7297 1
7298 2
7299 3
7300 1
7303 3
7304 2
7305 4
7308 1
7309 2
7310 3
7311 1
7314 2
7315 1
7316 1
7318 1
7319 4
7320 3
7321 2
7323 2
7324 3
7325 3
7329 3
7331 3
7332 2
7334 3
7335 2
7336 5
7337 2
7338 1
7339 2
7340 3
7341 3
7342 2
7344 3
7345 1
7346 3
7347 3
7349 1
7350 3
7351 1
7355 3
7356 2
7357 1
7360 1
7361 6
7362 2
7366 2
7368 3
7370 1
7371 3
7372 2
7375 1
7376 1
7377 3
7378 3
7380 1
7381 1
7382 1
7383 2
7384 1
7386 1
7387 5
7388 3
7389 1
7392 1
7393 6
7394 2
7395 1
7396 2
7397 2
7398 3
7399 2
7401 1
7402 2
7403 4
7404 2
7405 1
7407 2
7408 4
7412 3
7413 2
7414 2
7415 1
7417 1
7418 5
7419 3
7420 1
7421 2
7424 2
7425 1
7426 1
7428 1
7429 4
7430 3
7431 1
7432 1
7433 2
7434 4
7435 4
7436 2
7437 1
7438 3
7439 2
7440 2
7443 1
7444 1
7445 6
7448 1
7449 3
7450 4
7451 1
7453 2
7454 4
7455 4
7456 2
7459 2
7460 1
7461 1
7463 1
7464 2
7465 2
7466 2
7467 1
7469 2
7470 2
7471 3
7472 2
7473 1
7475 2
7476 2
7477 2
7479 1
7480 2
7481 1
7482 2
7484 1
7485 1
7486 6
7487 2
7489 1
7490 4
7491 3
7492 3
7493 1
7495 3
7496 5
7497 2
7500 1
7501 1
7502 4
7503 1
7504 1
7505 3
7506 4
7507 2
7508 4
7509 1
7510 2
7511 4
7512 3
7516 2
7517 1
7518 3
7521 2
7522 3
7523 4
7524 1
7527 6
7528 3
7529 2
7532 2
7533 4
7534 1
7537 2
7538 3
7539 2
7542 2
7543 1
7544 3
7545 1
7547 3
7548 3
7549 3
7551 1
7552 1
7553 3
7554 4
7555 1
7557 1
7558 4
7559 2
7560 2
7561 2
7562 2
7563 5
7564 4
7565 3
7567 1
7568 4
7569 3
7570 1
7574 1
7576 1
7578 1
7579 5
7580 3
7581 1
7582 2
7584 3
7585 4
7586 2
7588 2
7589 3
7590 4
7591 1
7594 2
7595 5
7596 2
7597 2
7600 2
7601 2
7603 1
7604 2
7605 1
7606 5
7607 1
7609 2
7610 4
7611 4
7613 1
7614 1
7615 2
7616 2
7617 2
7619 2
7620 3
7621 5
7622 2
7623 1
7624 1
7625 2
7626 3
7627 2
7630 3
7631 4
7632 3
7633 1
7634 3
7635 1
7636 1
7637 6
7638 1
7640 3
7642 4
7643 2
7646 2
7647 2
7648 2
7650 1
7651 1
7652 3
7653 3
7656 1
7657 2
7658 3
7661 3
7662 3
7663 2
7664 1
7666 1
7667 2
7668 3
7669 2
7671 2
7672 3
7673 4
7674 3
7676 2
7677 4
7678 2
7679 6
7680 1
7681 1
7682 1
7683 5
7684 1
7685 1
7686 2
7687 1
7688 2
7689 3
7692 3
7693 3
7694 2
7695 3
7697 1
7698 3
7699 1
7703 3
7704 2
7705 3
7708 1
7709 1
7710 3
7711 1
7713 1
7714 3
7715 3
7716 1
7718 3
7719 3
7720 2
7721 1
7725 2
7726 5
7728 2
7729 4
7730 5
7731 3
7732 1
7733 1
7734 3
7735 5
7736 4
7738 2
7740 1
7741 4
7742 1
7743 1
7745 2
7746 2
7747 1
7749 2
7750 4
7751 3
7755 5
7756 4
7760 1
7762 3
7763 2
7765 3
7766 3
7767 5
7768 1
7769 2
7770 1
7771 1
7772 3
7775 1
7776 1
7777 4
7778 2
7780 1
7781 2
7782 6
7783 3
7784 1
7786 2
7787 9
7788 3
7790 1
7791 2
7792 3
7793 2
7795 1
7796 1
7797 2
7798 3
7799 1
7801 3
7802 4
7803 2
7804 1
7805 1
7806 3
7807 2
7808 4
7809 2
7811 1
7812 2
7813 1
7814 3
7815 1
7817 2
7818 4
7819 4
7821 1
7822 1
7823 3
7824 3
7825 1
7827 3
7828 2
7829 6
7830 2
7833 1
7834 3
7835 1
7836 1
7837 1
7838 3
7839 7
7840 3
7842 2
7843 3
7844 4
7845 3
7848 3
7849 2
7850 1
7851 1
7853 3
7854 1
7855 3
7856 1
7857 1
7858 4
7859 4
7860 4
7861 2
7862 1
7863 2
7864 3
7866 5
7867 1
7868 1
7869 3
7870 2
7871 2
7874 2
7875 1
7876 2
7880 5
7881 2
7882 1
7885 2
7886 3
7887 2
7889 1
7890 4
7891 2
7892 1
7894 2
7895 2
7896 2
7897 1
7898 1
7900 4
7901 2
7902 4
7903 1
7905 2
7906 3
7907 3
7908 2
7911 1
7912 2
7913 4
7915 2
7916 2
7917 5
7918 1
7920 1
7921 6
7922 2
7923 3
7926 2
7927 5
7931 1
7932 4
7933 1
7934 1
7936 1
7937 4
7938 4
7939 1
7940 1
7943 3
7947 2
7948 3
7949 1
7950 1
7952 3
7953 1
7954 5
7955 2
7957 2
7958 5
7959 2
7962 1
7963 2
7964 4
7965 1
7969 2
7970 2
7972 1
7973 4
7974 5
7975 2
7978 1
7979 5
7980 1
7984 3
7985 3
7986 1
7989 6
7990 1
7991 3
7992 2
7993 1
7995 1
7996 2
7998 1
7999 1
8000 1
8001 1
8002 1
8003 1
8004 2
8005 4
8006 4
8007 1
8008 1
8009 3
8010 3
8011 3
8014 1
8015 3
8016 4
8017 1
8019 1
8020 2
8021 3
8022 2
8023 1
8024 2
8025 3
8026 5
8027 4
8029 1
8030 4
8031 5
8034 1
8036 1
8037 3
8038 1
8040 1
8041 2
8042 3
8043 1
8044 1
8046 2
8047 4
8048 2
8051 1
8052 1
8053 1
8056 2
8057 3
8058 2
8061 4
8062 2
8063 4
8064 1
8065 1
8066 3
8067 3
8068 3
8071 1
8072 2
8073 6
8074 1
8075 1
8076 1
8077 3
8078 2
8079 4
8080 1
8081 1
8082 5
8083 5
8084 1
8086 1
8087 3
8088 3
8089 3
8092 1
8093 1
8094 1
8095 2
8098 3
8099 3
8100 2
8102 1
8103 2
8104 6
8105 1
8108 4
8109 2
8110 3
8113 2
8114 4
8115 2
8116 1
8118 1
8119 2
8120 4
8123 3
8124 3
8125 2
8126 2
8128 2
8129 5
8130 4
8131 2
8132 1
8133 1
8134 1
8135 6
8136 2
8138 2
8139 3
8140 3
8141 3
8142 1
8145 5
8146 1
8147 1
8149 1
8150 5
8151 2
8153 1
8155 1
8156 4
8157 2
8159 3
8160 2
8161 5
8162 3
8163 1
8165 1
8166 4
8167 2
8169 1
8171 2
8172 6
8175 1
8176 4
8177 3
8179 1
8180 3
8181 5
8182 2
8183 1
8186 3
8187 4
8190 2
8191 1
8192 3
8193 1
8194 1
8195 2
8196 3
8197 5
8198 5
8199 2
8200 1
8201 3
8202 2
8203 5
8205 2
8207 3
8208 5
8211 4
8212 1
8213 5
8214 3
8217 3
8218 3
8219 1
8221 1
8222 2
8223 2
8224 3
8227 1
8228 4
8229 2
8232 2
8233 3
8234 4
8235 2
8237 1
8238 4
8239 5
8240 1
8242 1
8243 1
8244 1
8245 3
8246 1
8247 2
8248 3
8249 4
8250 4
8251 2
8252 3
8253 5
8254 4
8255 3
8256 2
8257 1
8258 3
8260 6
8263 2
8264 2
8265 2
8266 2
8269 5
8270 3
8271 1
8274 3
8275 3
8276 1
8279 2
8280 1
8281 2
8282 1
8284 2
8285 2
8286 3
8287 2
8289 3
8290 3
8291 2
8292 1
8294 1
8295 2
8296 1
8297 4
8299 1
8300 1
8301 5
8302 3
8303 1
8304 2
8305 3
8306 3
8307 7
8309 1
8310 1
8311 3
8312 2
8315 2
8316 1
8317 2
8318 2
8321 6
8322 3
8326 4
8327 1
8328 2
8331 2
8332 4
8333 1
8336 1
8337 3
8338 4
8339 1
8340 1
8342 1
8343 2
8344 1
8346 2
8347 2
8348 4
8349 2
8353 4
8354 1
8355 1
8357 2
8358 7
8359 3
8361 1
8362 1
8363 5
8364 4
8367 2
8368 3
8369 1
8372 1
8373 3
8374 2
8375 1
8376 1
8377 2
8378 4
8379 3
8380 2
8381 1
8383 3
8384 1
8385 5
8386 1
8388 2
8389 3
8390 3
8394 1
8395 2
8396 2
8398 1
8400 5
8401 2
8404 2
8405 6
8406 2
8409 3
8410 2
8411 2
8413 2
8414 1
8415 3
8416 4
8417 1
8419 5
8420 4
8421 3
8422 1
8424 2
8425 3
8426 2
8427 1
8430 2
8431 1
8432 3
8433 1
8434 1
8435 3
8436 3
8437 6
8439 1
8440 4
8441 1
8442 3
8443 1
8445 1
8446 3
8447 2
8451 3
8452 3
8453 1
8455 1
8456 3
8457 6
8458 1
8460 1
8461 3
8462 4
8466 1
8467 3
8468 2
8469 1
8471 3
8472 3
8473 4
8474 2
8475 1
8476 3
8477 5
8478 3
8479 2
8481 1
8482 3
8484 2
8488 3
8489 3
8492 5
8493 4
8494 3
8497 1
8498 7
8499 1
8503 2
8504 4
8505 1
8507 1
8508 4
8509 4
8510 2
8511 1
8512 1
8513 2
8514 2
8517 1
8518 3
8519 1
8520 1
8521 1
8523 2
8524 4
8525 6
8526 1
8528 1
8529 6
8530 2
8531 1
8533 2
8534 3
8535 4
8536 1
8539 2
8540 4
8541 2
8544 5
8545 4
8546 1
8547 1
8548 2
8549 2
8550 6
8551 2
8553 1
8555 1
8556 3
8557 3
8560 2
8561 4
8562 1
8563 1
8564 1
8566 5
8567 1
8569 1
8570 1
8571 1
8572 1
8575 1
8576 2
8577 2
8580 2
8581 5
8582 3
8583 1
8584 1
8585 1
8586 2
8587 2
8588 1
8590 3
8591 2
8592 5
8593 4
8594 1
8595 1
8596 1
8597 5
8598 2
8600 1
8601 4
8602 5
8603 3
8605 1
8606 1
8607 4
8608 4
8610 1
8611 2
8612 1
8613 2
8614 1
8617 1
8618 3
8619 1
8621 2
8622 1
8623 2
8624 3
8627 2
8628 2
8629 3
8632 4
8633 2
8634 3
8636 1
8637 1
8638 2
8639 4
8640 1
8642 2
8643 3
8644 5
8645 2
8647 1
8648 4
8649 4
8650 3
8652 1
8653 1
8654 4
8655 2
8657 2
8658 1
8659 3
8660 2
8661 1
8663 2
8664 2
8665 2
8666 2
8669 5
8673 1
8674 2
8675 3
8676 1
8679 5
8680 2
8681 4
8682 1
8684 1
8685 4
8686 2
8687 1
8688 1
8689 1
8690 1
8691 5
8692 1
8694 2
8695 3
8696 5
8697 3
8698 1
8700 4
8701 5
8705 2
8706 5
8709 2
8710 1
8711 2
8712 3
8713 1
8715 3
8716 7
8717 2
8718 2
8720 2
8721 2
8722 4
8725 1
8726 2
8727 3
8728 1
8730 1
8732 4
8733 2
8734 1
8736 1
8737 3
8738 3
8740 1
8743 3
8746 1
8747 5
8748 3
8750 1
8751 1
8752 6
8753 5
8754 1
8756 1
8757 3
8758 6
8759 1
8761 1
8762 1
8763 1
8765 2
8766 1
8767 2
8768 4
8769 6
8770 1
8771 2
8772 5
8773 4
8774 5
8775 2
8777 3
8778 2
8779 4
8780 1
8782 2
8783 1
8784 4
8785 1
8788 4
8789 3
8790 4
8793 1
8794 3
8795 2
8798 2
8799 4
8800 3
8803 1
8804 1
8805 3
8806 1
8808 3
8809 4
8810 3
8811 2
8813 1
8814 2
8815 1
8816 3
8817 1
8818 1
8819 2
8820 2
8821 4
8822 1
8823 3
8824 4
8825 2
8826 5
8827 2
8829 5
8830 3
8831 7
8834 1
8835 1
8836 2
8837 4
8840 5
8841 3
8842 1
8845 2
8846 5
8847 1
8850 4
8851 3
8852 1
8855 1
8856 3
8857 2
8858 1
8860 1
8861 1
8862 2
8863 1
8865 2
8866 3
8867 2
8868 4
8869 1
8871 1
8872 4
8873 3
8874 1
8875 1
8876 2
8877 2
8878 4
8881 2
8882 3
8883 4
8884 1
8886 1
8887 4
8888 2
8892 6
8893 2
8897 2
8898 5
8899 2
8902 1
8903 4
8904 2
8905 1
8907 1
8908 3
8909 3
8914 1
8915 2
8917 1
8918 2
8919 4
8920 1
8922 1
8923 2
8924 4
8925 4
8929 3
8930 1
8932 1
8934 5
8935 5
8938 2
8939 4
8940 3
8941 1
8944 5
8945 3
8949 2
8950 1
8951 2
8952 1
8954 1
8955 3
8956 7
8959 1
8960 2
8961 2
8962 1
8964 1
8965 1
8966 2
8967 1
8971 4
8975 3
8976 5
8977 3
8979 1
8980 3
8981 3
8982 1
8986 2
8987 4
8988 1
8990 3
8991 4
8992 2
8993 2
8994 2
8995 2
8996 3
8997 6
8998 2
9001 3
9002 2
9003 1
9007 2
9008 5
9011 3
9012 3
9013 1
9014 1
9016 1
9017 3
9018 4
9021 1
9023 4
9024 2
9026 1
9027 1
9028 5
9029 1
9031 1
9032 3
9033 6
9037 3
9038 2
9039 2
9042 2
9043 4
9044 3
9045 1
9046 1
9047 2
9048 5
9049 4
9050 2
9052 2
9053 3
9054 1
9055 2
9058 1
9059 3
9060 3
9063 4
9064 3
9065 1
9066 1
9067 1
9069 5
9070 3
9073 1
9074 1
9075 4
9076 2
9079 3
9080 4
9081 2
9083 2
9084 1
9085 2
9086 1
9088 1
9089 3
9090 4
9091 3
9092 1
9095 4
9096 2
9100 6
9101 3
9102 2
9104 1
9105 3
9106 4
9107 1
9109 2
9110 4
9111 2
9112 4
9115 2
9116 3
9117 1
9118 1
9119 2
9120 1
9121 5
9122 4
9123 1
9124 1
9125 1
9126 2
9127 6
9128 1
9129 1
9130 1
9131 1
9132 5
9137 3
9140 1
9141 2
9142 2
9143 3
9146 1
9147 6
9148 1
9151 2
9152 2
9153 3
9154 1
9155 1
9156 1
9157 2
9158 2
9159 2
9161 3
9162 3
9163 7
9164 2
9167 4
9168 6
9169 3
9170 1
9171 2
9172 1
9174 4
9176 1
9177 1
9178 5
9179 2
9180 1
9181 1
9182 3
9184 4
9185 1
9187 1
9188 2
9189 1
9192 1
9193 2
9194 1
9195 2
9198 4
9199 3
9200 1
9203 3
9204 2
9205 4
9206 1
9207 1
9208 1
9209 2
9210 3
9211 3
9213 4
9214 2
9215 6
9216 4
9218 2
9219 4
9220 5
9221 2
9223 1
9224 1
9225 3
9226 2
9229 1
9230 2
9231 3
9232 1
9234 4
9235 3
9236 3
9237 1
9240 6
9241 1
9244 1
9245 1
9246 2
9247 1
9250 4
9251 1
9252 3
9253 1
9254 1
9256 1
9257 3
9258 1
9260 1
9261 1
9262 3
9263 1
9265 2
9266 3
9267 6
9268 3
9269 1
9271 4
9272 5
9275 1
9276 2
9277 4
9278 2
9281 1
9282 2
9283 1
9284 1
9286 3
9287 4
9288 3
9289 2
9291 3
9292 6
9293 4
9297 3
9298 1
9299 3
9302 1
9303 4
9304 1
9308 2
9309 4
9314 2
9317 1
9318 4
9319 4
9323 2
9324 4
9327 2
9328 2
9329 6
9330 1
9333 2
9334 4
9335 1
9336 2
9338 3
9339 1
9340 3
9342 1
9343 2
9344 3
9345 2
9346 2
9348 4
9349 3
9350 6
9351 1
9354 1
9355 2
9356 4
9359 1
9360 2
9361 3
9365 6
9366 2
9369 3
9370 1
9371 3
9375 2
9376 3
9379 2
9380 1
9381 1
9382 1
9384 2
9385 2
9386 2
9387 4
9388 1
9390 3
9391 3
9392 5
9393 1
9394 1
9395 1
9396 3
9397 3
9400 3
9401 2
9402 6
9403 2
9406 4
9407 2
9408 3
9411 4
9412 1
9413 1
9416 1
9417 7
9418 2
9421 2
9422 4
9423 2
9424 1
9427 4
9428 3
9432 1
9433 2
9435 1
9436 1
9437 2
9438 2
9439 4
9440 1
9441 1
9442 3
9443 3
9444 3
9445 2
9447 1
9448 3
9449 2
9452 1
9453 3
9454 4
9455 1
9458 7
9459 5
9460 1
9462 1
9463 5
9464 6
9468 1
9469 4
9470 1
9473 1
9474 3
9475 3
9476 2
9478 2
9479 1
9480 2
9481 1
9483 1
9484 1
9485 1
9486 2
9489 1
9490 3
9491 1
9493 1
9494 3
9495 6
9496 5
9499 1
9500 5
9501 2
9504 1
9506 2
9507 1
9509 1
9510 3
9511 5
9512 1
9513 1
9515 4
9516 5
9517 2
9519 1
9520 2
9521 7
9526 2
9527 3
9531 2
9532 2
9533 1
9535 1
9536 1
9537 4
9540 1
9541 1
9542 2
9543 1
9546 1
9547 2
9548 2
9550 2
9551 1
9552 6
9553 3
9556 1
9557 2
9558 3
9561 2
9562 3
9563 4
9564 2
9565 2
9566 1
9567 1
9568 5
9569 1
9571 1
9572 2
9573 2
9574 2
9578 2
9579 3
9582 1
9583 2
9587 2
9588 1
9589 4
9592 2
9593 1
9594 2
9595 2
9598 2
9599 3
9600 3
9602 1
9603 2
9604 2
9605 2
9608 4
9609 3
9610 4
9611 1
9614 3
9615 2
9617 1
9619 3
9620 3
9621 1
9623 1
9624 3
9625 3
9626 3
9629 3
9630 2
9631 1
9632 1
9634 4
9636 1
9637 1
9638 1
9640 3
9641 3
9642 1
9643 1
9644 2
9645 1
9646 6
9647 2
9649 1
9650 2
9651 4
9652 1
9656 1
9657 2
9660 2
9661 5
9662 2
9663 1
9665 1
9666 6
9667 3
9668 1
9671 2
9672 2
9673 1
9675 1
9676 2
9677 3
9678 2
9680 2
9681 4
9682 5
9683 4
9686 2
9687 5
9688 2
9689 1
9690 1
9691 1
9693 3
9694 1
9696 2
9697 2
9698 7
9700 1
9701 1
9702 1
9703 4
9704 1
9706 1
9708 2
9712 1
9713 2
9714 2
9717 1
9718 6
9719 1
9722 3
9723 4
9724 4
9728 2
9729 2
9730 3
9732 3
9733 3
9734 4
9735 3
9736 1
9737 3
9738 3
9739 4
9740 5
9742 1
9743 1
9745 4
9748 1
9749 1
9750 5
9751 1
9753 2
9754 2
9755 4
9758 1
9759 5
9760 3
9764 1
9765 1
9769 4
9770 2
9771 2
9773 1
9774 1
9775 1
9776 2
9777 1
9779 3
9780 1
9781 2
9782 2
9784 2
9785 1
9786 6
9787 5
9789 2
9790 3
9791 3
9792 2
9794 1
9795 3
9796 4
9797 4
9800 2
9801 3
9802 3
9805 2
9806 2
9807 3
9808 2
9810 1
9811 6
9812 2
9813 1
9816 2
9817 3
9818 2
9821 3
9822 2
9823 2
9825 1
9827 3
9828 1
9829 1
9831 1
9832 1
9833 4
9834 1
9837 2
9838 4
9839 2
9842 3
9843 3
9844 1
9846 1
9847 2
9848 5
9849 1
9852 3
9853 4
9854 2
9855 1
9857 1
9858 4
9859 1
9860 1
9862 2
9863 6
9864 1
9868 4
9869 3
9870 3
9874 3
9875 3
9876 1
9879 1
9880 3
9884 1
9885 6
9889 4
9890 3
9893 1
9894 2
9895 4
9898 1
9900 1
9901 1
9904 3
9905 5
9906 2
9909 2
9910 2
9911 3
9915 4
9916 1
9919 1
9920 1
9921 3
9922 2
9925 1
9926 3
9927 4
9931 2
9932 1
9935 1
9936 3
9937 2
9940 2
9941 1
9942 2
9946 3
9947 4
9948 1
9951 1
9952 2
9954 1
9955 1
9956 1
9957 4
9958 5
9959 1
9961 4
9962 4
9963 1
9964 2
9966 1
9967 2
9968 2
9971 1
9973 3
9974 2
9977 5
9978 4
9979 2
9981 1
9982 2
9983 5
9984 1
9988 4
9989 2
9992 1
9993 2
9994 3
9995 2
9997 1
9998 1
9999 2
10000 1
10003 1
10004 2
10005 1
10006 1
10008 1
10009 2
10010 3
10012 1
10013 3
10014 4
10015 2
10016 1
10018 2
10019 5
10020 4
10023 1
10026 2
10029 4
10030 6
10031 1
10033 2
10034 3
10035 7
10036 2
10038 1
10039 2
10040 5
10041 2
10045 2
10047 1
10049 1
10050 1
10051 3
10052 1
10054 1
10055 1
10056 1
10057 1
10060 2
10061 5
10062 2
10063 1
10065 1
10066 2
10067 2
10069 1
10070 1
10071 4
10072 5
10075 1
10076 2
10077 3
10078 1
10081 3
10082 5
10083 1
10084 1
10085 1
10086 2
10087 3
10088 2
10090 2
10091 1
10092 7
10097 2
10098 4
10102 1
10103 1
10106 2
10107 1
10108 3
10111 1
10112 1
10113 2
10114 2
10117 2
10118 4
10119 1
10121 1
10122 1
10123 2
10124 3
10127 3
10128 2
10129 4
10130 2
10132 1
10133 2
10134 6
10135 1
10136 1
10138 1
10139 3
10140 1
10142 2
10144 3
10145 3
10148 2
10149 3
10151 1
10153 3
10154 1
10158 1
10160 1
10162 1
10163 2
10164 1
10165 3
10166 3
10168 1
10169 3
10170 2
10171 2
10173 1
10174 1
10176 4
10179 2
10180 3
10181 5
10182 1
10183 1
10184 1
10185 2
10186 6
10187 1
10190 3
10191 2
10194 1
10195 1
10196 3
10197 2
10200 4
10201 4
10202 2
10203 1
10205 3
10206 2
10207 2
10210 2
10211 2
10212 1
10213 1
10215 1
10217 7
10218 1
10220 1
10221 3
10222 2
10223 1
10226 1
10227 1
10228 2
10232 4
10236 1
10237 4
10238 4
10239 1
10241 1
10242 4
10243 2
10247 2
10248 3
10249 2
10252 4
10253 3
10254 3
10255 1
10256 1
10257 3
10258 4
10259 3
10260 1
10262 2
10263 1
10264 2
10268 1
10269 6
10270 1
10273 3
10274 2
10275 1
10277 1
10279 6
10284 1
10285 1
10288 1
10289 4
10290 1
10293 2
10294 3
10295 2
10298 2
10300 2
10301 1
10304 1
10305 2
10306 3
10307 1
10308 3
10309 2
10310 2
10311 4
10313 1
10314 1
10315 1
10316 5
10319 1
10320 1
10321 5
10325 3
10326 2
10327 1
10330 3
10331 3
10332 1
10335 1
10336 3
10340 2
10342 3
10344 1
10346 2
10347 1
10348 1
10350 3
10351 2
10352 4
10353 2
10356 2
10357 2
10358 2
10361 3
10362 2
10363 3
10366 2
10367 3
10368 4
10371 3
10372 3
10373 5
10377 5
10378 2
10379 1
10381 1
10382 4
10383 1
10384 1
10387 3
10388 4
10389 2
10392 2
10393 3
10394 1
10395 1
10398 2
10399 1
10400 1
10402 1
10403 1
10404 6
10405 2
10407 1
10408 4
10409 3
10410 2
10412 1
10413 2
10414 3
10415 1
10419 3
10420 1
10423 4
10424 6
10425 2
10429 7
10430 2
10433 1
10434 2
10435 2
10439 2
10440 2
10441 3
10445 2
10446 3
10447 2
10450 2
10451 1
10454 1
10455 2
10456 4
10457 1
10460 3
10461 1
10464 2
10465 2
10466 5
10467 1
10471 3
10472 2
10475 2
10476 4
10477 2
10478 1
10479 1
10480 2
10481 4
10482 3
10486 2
10492 4
10493 2
10497 4
10498 2
10501 1
10502 2
10503 2
10506 1
10507 1
10508 3
10512 2
10513 2
10516 1
10517 1
10518 2
10519 1
10522 2
10523 2
10524 1
10525 1
10528 3
10529 4
10532 2
10533 2
10534 1
10535 1
10537 2
10538 2
10539 3
10545 1
10548 2
10549 2
10550 2
10552 2
10553 1
10554 5
10555 2
10557 1
10558 3
10559 1
10560 4
10563 1
10564 1
10565 1
10566 1
10568 1
10570 2
10571 2
10572 1
10575 2
10576 1
10579 1
10580 5
10581 2
10582 1
10584 1
10585 2
10589 1
10590 3
10591 3
10592 1
10594 2
10595 1
10596 2
10597 3
10600 2
10601 2
10604 2
10605 2
10606 3
10607 2
10609 1
10610 2
10611 5
10612 2
10616 1
10617 3
10621 1
10622 2
10626 1
10627 2
10628 1
10631 1
10632 3
10633 1
10634 1
10636 1
10637 3
10638 1
10640 1
10642 2
10643 3
10646 1
10647 4
10648 4
10649 2
10651 2
10652 3
10653 6
10654 2
10656 1
10658 2
10659 1
10661 2
10663 4
10664 1
10665 1
10667 1
10668 2
10669 4
10672 1
10673 2
10677 1
10678 1
10679 2
10683 3
10684 3
10685 2
10688 1
10689 4
10690 1
10692 1
10693 2
10695 2
10696 1
10698 1
10699 1
10700 7
10701 1
10702 1
10703 1
10704 1
10705 6
10706 2
10708 1
10709 1
10710 4
10713 1
10715 3
10716 1
10719 3
10720 3
10721 2
10722 1
10724 4
10725 2
10726 2
10729 2
10730 2
10736 2
10737 3
10739 2
10740 2
10741 2
10742 2
10745 1
10747 3
10751 2
10752 2
10754 1
10755 1
10756 3
10757 5
10758 2
10760 1
10761 3
10762 3
10766 1
10767 4
10768 1
10771 4
10772 3
10773 1
10776 4
10777 3
10778 2
10779 1
10781 2
10782 3
10784 1
10787 1
10788 2
10789 1
10792 3
10793 3
10794 1
10797 1
10798 4
10799 2
10803 3
10804 2
10807 1
10808 2
10809 2
10812 1
10813 4
10814 3
10818 3
10819 2
10823 4
10825 1
10826 1
10827 1
10828 1
10829 2
10830 2
10831 1
10833 1
10834 2
10835 4
10836 1
10839 1
10840 5
10841 2
10844 2
10845 1
10846 1
10850 4
10854 1
10855 1
10856 2
10860 2
10861 2
10864 1
10865 2
10866 3
10869 2
10870 1
10871 2
10872 2
10875 1
10876 2
10877 1
10880 1
10881 1
10882 2
10885 1
10886 2
10887 6
10890 1
10891 3
10892 3
10893 1
10895 1
10896 1
10897 3
10902 3
10903 1
10906 1
10907 3
10908 1
10911 2
10912 1
10913 1
10917 1
10919 1
10921 1
10922 2
10923 3
10924 3
10926 1
10927 2
10928 3
10929 3
10932 2
10933 1
10934 1
10938 2
10939 2
10942 2
10943 4
10944 3
10948 6
10949 4
10952 1
10953 1
10954 2
10958 1
10959 2
10960 2
10963 1
10964 1
10965 3
10966 2
10969 1
10970 1
10974 1
10975 3
10976 2
10978 1
10979 4
10980 1
10981 1
10983 2
10984 2
10985 3
10986 1
10988 1
10990 4
10991 3
10994 2
10995 3
10996 1
10997 1
10998 1
11000 5
11001 5
11004 1
11005 1
11006 2
11011 3
11012 2
11016 2
11017 1
11018 1
11020 1
11021 3
11022 2
11023 1
11025 1
11027 2
11028 1
11031 2
11032 2
11035 2
11036 1
11037 3
11038 1
11041 1
11042 2
11043 2
11046 1
11047 3
11048 3
11049 1
11050 1
11051 1
11052 2
11053 3
11056 2
11057 2
11058 2
11059 1
11062 1
11063 3
11068 2
11069 3
11072 1
11073 2
11074 4
11076 1
11077 2
11078 3
11079 2
11082 2
11083 1
11084 2
11087 1
11089 1
11090 2
11091 1
11093 1
11094 4
11095 1
11099 3
11100 3
11102 1
11104 2
11105 1
11108 1
11109 2
11110 1
11111 1
11113 1
11115 2
11116 2
11119 1
11120 1
11121 1
11123 1
11124 2
11125 2
11126 1
11129 3
11131 4
11134 1
11135 1
11136 3
11137 1
11141 2
11146 4
11147 1
11150 2
11151 2
11152 2
11153 1
11156 1
11157 1
11160 1
11161 2
11162 1
11163 1
11165 1
11166 2
11167 3
11168 1
11170 1
11171 3
11172 2
11173 2
11175 1
11176 1
11177 1
11178 1
11181 2
11182 2
11183 1
11184 1
11187 3
11188 4
11192 1
11197 1
11198 3
11199 1
11202 2
11203 2
11207 1
11208 4
11209 1
11212 1
11213 1
11215 1
11217 1
11218 2
11219 4
11220 2
11222 3
11223 2
11224 4
11225 3
11227 1
11229 3
11230 1
11233 1
11234 3
11235 1
11236 1
11238 1
11239 3
11240 3
11243 1
11244 3
11245 1
11249 1
11250 2
11254 1
11255 2
11256 2
11258 1
11260 3
11261 2
11264 1
11266 1
11267 1
11271 5
11273 1
11275 2
11276 3
11277 2
11279 2
11280 1
11281 5
11286 1
11287 2
11290 2
11291 4
11292 2
11295 2
11296 4
11297 2
11300 1
11301 2
11302 1
11303 1
11306 1
11308 1
11310 1
11311 1
11312 2
11313 1
11316 1
11318 3
11321 1
11322 3
11323 4
11324 1
11327 1
11328 2
11331 1
11332 2
11333 5
11337 4
11338 2
11342 3
11343 1
11347 2
11348 3
11350 1
11352 1
11353 2
11354 1
11355 2
11358 2
11359 3
11360 3
11363 1
11364 2
11369 3
11370 2
11373 1
11374 2
11375 3
11379 4
11380 1
11383 1
11384 2
11385 3
11389 3
11390 2
11391 1
11393 1
11394 3
11395 3
11396 1
11400 3
11405 1
11406 4
11407 2
11410 2
11411 3
11412 2
11414 1
11416 2
11417 2
11421 3
11425 1
11426 2
11427 2
11431 2
11432 2
11435 1
11436 1
11437 1
11441 1
11442 3
11443 2
11446 2
11447 3
11448 2
11449 1
11451 2
11452 1
11453 1
11458 3
11462 4
11463 4
11464 1
11466 2
11468 6
11472 1
11478 1
11479 2
11482 1
11483 1
11484 1
11486 1
11487 1
11489 1
11493 1
11494 1
11495 1
11497 1
11498 1
11499 3
11500 2
11503 1
11504 1
11505 1
11507 1
11508 1
11509 1
11510 2
11513 1
11514 3
11515 1
11518 2
11519 3
11520 3
11521 1
11523 1
11525 2
11530 1
11531 3
11535 1
11536 1
11537 1
11540 2
11541 1
11542 1
11546 1
11547 1
11550 1
11551 1
11554 1
11555 2
11556 2
11557 2
11561 3
11562 2
11565 1
11566 1
11567 3
11568 1
11569 1
11571 1
11572 3
11575 1
11576 1
11577 3
11578 1
11581 1
11582 3
11587 1
11588 1
11591 1
11592 3
11593 3
11594 1
11597 2
11598 2
11601 1
11602 1
11603 2
11606 1
11608 1
11609 1
11612 2
11613 4
11614 2
11618 3
11619 3
11621 1
11622 1
11623 1
11624 1
11627 1
11628 1
11629 3
11630 1
11633 2
11634 2
11635 1
11636 1
11638 1
11639 2
11640 2
11643 2
11644 1
11645 2
11648 1
11649 2
11650 2
11653 3
11654 1
11655 3
11656 1
11660 1
11661 1
11665 4
11666 2
11668 1
11669 1
11670 3
11671 4
11675 1
11679 1
11681 1
11682 1
11684 1
11685 2
11686 4
11687 1
11690 4
11691 2
11692 2
11695 2
11697 1
11700 2
11702 2
11706 2
11707 2
11708 2
11712 1
11717 3
11718 3
11721 1
11722 2
11726 2
11727 3
11728 1
11732 2
11736 1
11737 1
11738 1
11739 2
11741 2
11742 4
11743 2
11744 2
11747 2
11749 2
11752 2
11753 2
11754 2
11755 1
11758 3
11759 1
11763 2
11764 4
11768 1
11769 3
11773 2
11774 2
11778 1
11779 2
11783 2
11786 1
11790 3
11791 1
11793 1
11794 1
11795 1
11796 1
11798 1
11799 1
11800 3
11801 2
11805 2
11806 2
11810 4
11811 3
11815 3
11816 2
11820 1
11821 2
11824 1
11826 1
11827 1
11829 1
11831 1
11832 1
11836 1
11837 1
11840 1
11841 1
11842 4
11843 2
11846 1
11847 1
11848 1
11850 1
11852 4
11853 1
11856 1
11857 3
11858 2
11862 3
11866 1
11867 2
11873 2
11874 1
11877 1
11878 1
11879 1
11882 1
11883 1
11889 3
11892 1
11893 2
11894 2
11895 1
11898 2
11899 2
11903 1
11904 2
11908 4
11909 2
11912 1
11913 3
11914 2
11915 1
11917 1
11919 3
11925 2
11926 3
11929 1
11930 4
11931 1
11935 1
11936 2
11940 1
11941 1
11944 1
11945 2
11946 1
11950 3
11951 2
11954 1
11955 1
11956 1
11960 1
11961 4
11962 1
11964 1
11965 2
11966 4
11967 1
11968 1
11971 3
11972 1
11977 1
11978 1
11981 2
11982 4
11983 1
11985 2
11987 3
11988 2
11991 1
11992 2
11997 1
11998 3
12002 1
12003 1
12005 1
12006 1
12007 2
12008 1
12012 1
12013 2
12016 1
12017 1
12018 2
12019 1
12020 1
12022 1
12023 2
12024 1
12027 1
12029 3
12030 1
12033 3
12034 3
12037 3
12039 3
12040 1
12043 1
12045 1
12049 1
12050 2
12053 1
12054 1
12060 2
12064 2
12065 3
12066 1
12070 1
12074 1
12075 1
12076 2
12079 2
12080 2
12081 1
12084 1
12085 1
12086 3
12089 2
12091 1
12092 1
12095 1
12096 2
12097 1
12101 2
12102 2
12106 1
12111 1
12112 2
12113 1
12116 1
12117 2
12121 2
12122 1
12127 1
12128 1
12131 2
12132 2
12133 2
12136 1
12137 2
12138 3
12141 2
12144 1
12148 3
12149 1
12152 2
12153 1
12154 1
12155 1
12158 4
12159 1
12163 1
12164 1
12168 2
12169 1
12172 2
12173 1
12180 1
12183 1
12184 3
12185 3
12187 1
12189 3
12190 3
12193 1
12194 1
12200 2
12204 3
12205 2
12206 1
12207 1
12209 2
12210 4
12211 1
12214 1
12215 1
12221 2
12224 1
12226 2
12227 2
12231 1
12236 2
12237 3
12239 1
12240 1
12241 2
12242 3
12245 1
12246 1
12247 1
12251 2
12252 2
12256 2
12257 1
12258 1
12261 4
12262 3
12263 2
12266 2
12268 1
12271 1
12272 1
12273 2
12277 1
12278 1
12279 1
12283 4
12284 1
12288 2
12289 1
12292 1
12293 3
12297 2
12298 1
12302 1
12303 1
12308 2
12310 2
12312 1
12313 1
12314 1
12315 1
12318 2
12320 3
12323 1
12324 3
12329 2
12330 3
12331 1
12334 1
12335 4
12339 2
12340 2
12343 1
12345 1
12350 1
12354 1
12355 1
12360 2
12361 1
12362 1
12365 1
12366 2
12367 1
12370 1
12371 1
12372 2
12376 4
12377 3
12381 2
12382 2
12387 2
12392 3
12395 1
12396 1
12397 1
12402 1
12407 1
12408 1
12409 1
12411 1
12412 1
12413 2
12414 2
12418 2
12419 1
12422 1
12423 2
12424 1
12427 1
12428 4
12429 1
12432 1
12433 3
12434 1
12436 1
12437 1
12439 2
12444 1
12445 1
12447 1
12449 1
12450 1
12459 1
12460 3
12464 2
12468 1
12469 1
12470 2
12474 1
12479 1
12480 2
12481 1
12483 1
12484 1
12485 3
12486 1
12490 2
12491 1
12495 1
12497 2
12501 2
12505 1
12507 2
12511 2
12516 1
12517 1
12521 1
12522 2
12526 3
12527 1
12532 3
12535 1
12536 1
12537 1
12538 1
12539 1
12542 2
12543 1
12548 2
12549 1
12552 2
12553 3
12556 1
12558 2
12561 1
12562 1
12563 1
12564 1
12569 1
12572 1
12578 1
12579 2
12582 1
12583 2
12584 3
12585 1
12589 1
12594 1
12596 1
12598 2
12599 1
12600 3
12601 1
12603 1
12604 2
12605 1
12606 1
12608 2
12611 1
12614 1
12615 1
12616 2
12620 2
12621 2
12624 1
12625 1
12631 3
12635 2
12636 2
12637 1
12640 1
12641 1
12642 1
12646 1
12647 1
12650 2
12651 2
12652 2
12655 3
12656 2
12657 4
12660 1
12661 1
12663 1
12667 1
12668 2
12672 3
12673 1
12677 2
12678 2
12682 2
12687 1
12688 1
12692 2
12693 1
12697 1
12702 2
12703 1
12704 2
12707 2
12708 1
12709 2
12710 1
12712 1
12714 1
12719 1
12723 1
12724 4
12725 2
12726 1
12729 4
12734 2
12743 1
12756 1
12758 1
12760 2
12761 4
12766 1
12770 1
12771 3
12775 2
12776 1
12780 1
12781 4
12782 1
12786 1
12791 1
12792 1
12797 1
12798 1
12802 1
12803 2
12807 2
12808 2
12812 2
12813 1
12816 1
12818 2
12822 3
12823 1
12827 2
12828 1
12829 1
12833 2
12834 1
12837 1
12839 1
12842 1
12843 1
12844 1
12849 2
12850 1
12854 3
12855 1
12858 1
12859 3
12863 1
12864 1
12873 1
12874 1
12875 1
12879 3
12884 1
12885 1
12889 1
12891 2
12895 2
12896 2
12897 1
12901 3
12906 2
12910 1
12911 1
12914 1
12915 1
12916 1
12921 2
12926 1
12928 1
12931 2
12932 2
12933 1
12936 1
12937 1
12938 1
12942 1
12943 1
12947 4
12948 2
12951 1
12952 2
12953 2
12956 1
12958 3
12963 1
12966 1
12967 1
12969 1
12978 1
12979 2
12980 1
12983 1
12984 1
12987 1
12989 1
12990 1
12993 2
12994 2
12999 1
13000 2
13003 1
13004 2
13005 2
13008 1
13010 2
13013 1
13014 1
13016 1
13021 1
13024 1
13025 1
13030 1
13031 1
13035 2
13036 1
13037 1
13039 1
13041 1
13045 1
13046 2
13051 2
13052 1
13055 1
13056 1
13057 1
13060 1
13062 2
13066 2
13072 2
13076 1
13080 1
13082 1
13087 1
13088 1
13091 1
13092 1
13097 1
13098 1
13101 1
13103 1
13104 2
13108 1
13109 1
13113 1
13115 1
13118 3
13119 3
13120 1
13123 1
13125 1
13128 1
13135 1
13143 1
13150 2
13153 1
13154 1
13155 3
13156 1
13160 1
13161 1
13165 1
13167 1
13169 1
13170 2
13171 2
13174 2
13175 2
13176 1
13177 1
13180 1
13186 1
13187 2
13191 3
13192 1
13197 2
13201 1
13202 2
13206 1
13211 1
13212 2
13213 1
13216 1
13221 1
13222 3
13223 2
13226 3
13227 1
13228 2
13229 1
13232 1
13233 1
13239 1
13243 5
13244 1
13248 1
13249 2
13253 3
13259 1
13268 2
13278 1
13279 1
13280 1
13281 1
13285 1
13290 3
13291 2
13295 4
13300 2
13301 1
13305 1
13310 1
13322 1
13325 1
13326 2
13327 2
13332 1
13337 3
13341 2
13342 3
13347 4
13352 2
13362 1
13363 1
13373 1
13374 2
13378 3
13379 1
13382 1
13383 1
13389 1
13393 2
13394 1
13397 1
13398 1
13399 2
13404 1
13410 1
13415 2
13416 1
13420 1
13421 1
13424 1
13429 1
13430 1
13431 1
13434 1
13440 1
13445 1
13446 1
13450 2
13451 1
13455 1
13466 1
13467 2
13468 1
13472 2
13476 1
13477 1
13482 1
13486 2
13490 1
13492 1
13498 1
13499 1
13503 3
13509 1
13512 1
13513 2
13518 1
13519 1
13522 1
13523 1
13524 2
13527 1
13529 2
13532 1
13540 1
13544 1
13549 1
13550 1
13554 1
13555 1
13556 1
13558 1
13561 1
13564 1
13565 2
13566 1
13571 3
13574 1
13576 1
13579 1
13581 2
13584 1
13585 2
13591 1
13595 1
13596 1
13601 1
13602 1
13606 1
13607 1
13608 1
13610 1
13611 1
13616 1
13617 2
13621 1
13622 1
13623 2
13626 1
13627 1
13628 1
13633 1
13637 3
13638 1
13639 1
13643 2
13647 1
13653 2
13657 1
13663 1
13670 1
13672 1
13674 2
13675 1
13679 1
13680 1
13684 1
13685 1
13686 1
13689 3
13690 1
13694 2
13695 1
13696 1
13711 1
13721 3
13731 2
13732 2
13736 1
13741 4
13742 1
13745 1
13746 1
13751 1
13758 1
13762 1
13768 2
13772 2
13773 1
13778 1
13783 1
13787 2
13788 1
13793 1
13797 1
13800 1
13804 1
13809 2
13810 2
13814 3
13815 1
13820 1
13824 1
13830 1
13839 1
13844 1
13845 1
13846 1
13856 1
13857 1
13861 5
13862 1
13866 3
13867 1
13871 1
13881 1
13893 1
13896 1
13897 2
13898 2
13903 1
13908 1
13912 1
13913 2
13916 1
13918 3
13923 2
13934 1
13940 1
13943 1
13949 1
13950 1
13953 1
13960 1
13964 1
13965 2
13968 1
13970 1
13975 1
13986 1
13987 1
13992 1
13995 2
13996 1
13997 1
14002 1
14005 1
14009 1
14011 1
14017 1
14020 1
14022 2
14032 1
14033 1
14037 1
14043 1
14047 2
14048 1
14052 1
14064 1
14068 1
14069 1
14074 1
14080 1
14083 1
14084 1
14085 1
14090 2
14095 1
14099 1
14103 1
14105 1
14115 1
14120 1
14121 1
14126 2
14127 1
14135 1
14136 1
14137 1
14140 1
14142 1
14145 1
14152 1
14156 1
14157 1
14158 1
14162 2
14172 2
14173 1
14176 1
14182 2
14189 1
14192 1
14193 1
14194 1
14197 1
14198 1
14199 1
14203 1
14204 1
14208 2
14209 1
14210 1
14213 1
14214 2
14219 1
14224 1
14228 1
14230 1
14240 1
14241 1
14245 1
14250 1
14251 2
14255 3
14260 1
14261 2
14265 2
14266 1
14282 1
14292 2
14297 2
14298 1
14302 1
14307 3
14312 1
14334 2
14343 1
14349 1
14358 1
14359 1
14364 1
14376 1
14380 3
14381 2
14386 2
14391 1
14415 1
14416 1
14417 1
14422 1
14428 1
14432 3
14436 1
14437 1
14438 1
14442 1
14463 1
14474 1
14479 1
14484 2
14487 1
14489 1
14494 1
14511 1
14514 1
14515 1
14516 1
14521 1
14531 2
14536 1
14539 1
14551 1
14552 1
14556 1
14566 2
14567 1
14568 1
14571 1
14583 1
14586 1
14587 1
14588 1
14593 1
14603 2
14604 1
14608 1
14610 1
14613 1
14618 1
14623 1
14624 1
14635 1
14639 1
14640 1
14645 1
14655 1
14656 1
14660 1
14661 1
14665 1
14676 1
14682 1
14691 1
14692 3
14701 1
14711 1
14716 1
14728 2
14729 1
14733 1
14738 1
14743 1
14747 1
14753 1
14760 1
14764 1
14770 1
14774 2
14775 1
14780 2
14784 1
14785 1
14790 1
14801 1
14811 1
14816 2
14817 1
14822 1
14826 3
14827 1
14832 2
14853 1
14863 1
14868 1
14869 1
14878 2
14883 1
14900 2
14905 1
14910 1
14925 1
14935 1
14947 1
14951 1
14952 1
14955 1
14957 1
14962 1
14982 1
14993 1
14997 1
15003 1
15004 1
15007 1
15034 1
15050 2
15055 1
15059 1
15076 1
15086 2
15087 1
15102 1
15105 1
15122 2
15123 1
15127 1
15129 1
15132 1
15142 1
15154 1
15157 1
15158 1
15159 1
15174 2
15179 1
15181 1
15184 2
15195 1
15201 1
15210 1
15211 2
15221 1
15226 2
15236 1
15247 1
15253 1
15257 1
15258 1
15263 1
15272 1
15294 2
15305 1
15309 1
15341 1
15345 1
15346 2
15351 2
15382 1
15387 1
15388 1
15397 1
15398 1
15403 1
15419 1
15434 1
15444 1
15454 1
15471 2
15481 1
15496 1
15516 1
15523 1
15526 1
15553 1
15568 1
15570 1
15575 1
15578 1
15595 1
15605 1
15620 1
15621 1
15625 1
15642 1
15647 1
15652 1
15676 1
15693 1
15699 1
15700 1
15703 1
15740 1
15745 2
15755 1
15772 1
15776 1
15777 1
15782 1
15792 2
15797 1
15813 1
15824 1
15828 1
15829 1
15865 2
15871 1
15917 1
15922 1
15953 1
15964 1
15990 1
16015 1
16036 1
16087 1
16089 1
16094 1
16139 1
16141 1
16144 1
16161 1
16166 1
16171 1
16186 1
16196 1
16213 1
16218 1
16223 1
16265 2
16311 2
16316 1
16347 1
16348 1
16363 1
16384 1
16390 1
16442 1
16483 1
16535 1
16555 1
16607 1
16659 1
16660 1
16705 1
16715 1
16732 1
16742 1
16757 1
16784 2
16831 1
16836 1
16882 1
16961 1
17054 1
17126 1
17178 1
17225 1
17276 1
17350 1
17355 1
17402 1
17744 1
17796 1
17921 1
18315 1
End
