NMec = 97746
T = 20
P = 1
Profits not ignored
Valid tasks:                                                             2775
Solution time = 7.661e-05
Task data
    9  18  1047 -1
   11  21  1931 -1
   11  35  4210 0
   12  29  3159 -1
   13  28  2173 -1
   15  38  2838 -1
   23 184 22059 -1
   41  44  1042 0
   61  74  2508 -1
   62 129 13923 0
   72  88  3026 -1
   75  99  2844 -1
   80 105  6286 -1
   93 106  2999 -1
  134 137   387 -1
  137 158  2924 0
  145 155  1199 -1
  146 152   639 -1
  150 158  1235 -1
  180 195  4066 0
Best profit: 26165
All profits:
0 1
387 1
639 1
1026 1
1042 1
1047 1
1199 1
1235 1
1429 1
1434 1
1586 1
1622 1
1681 1
1686 1
1931 1
2068 1
2073 1
2089 1
2173 1
2241 1
2246 1
2277 1
2282 1
2318 1
2476 1
2508 1
2560 1
2570 1
2628 1
2633 1
2664 1
2669 1
2728 1
2812 1
2838 1
2844 1
2895 1
2924 1
2957 1
2973 1
2999 1
3026 1
3115 1
3130 1
3147 1
3159 1
3166 1
3199 1
3215 1
3225 1
3231 1
3288 1
3324 1
3360 1
3372 1
3386 1
3408 1
3413 1
3477 1
3483 1
3517 1
3534 1
3546 1
3550 1
3553 1
3555 1
3602 1
3612 1
3638 1
3665 1
3675 1
3707 1
3711 1
3743 1
3759 1
3795 1
3798 1
3854 1
3864 1
3870 1
3880 1
3886 1
3891 1
3937 1
3942 1
3966 1
3971 1
3999 1
4025 1
4037 1
4041 1
4043 1
4046 1
4052 1
4066 1
4068 1
4073 2
4079 1
4094 1
4130 1
4172 1
4185 1
4189 1
4194 1
4198 1
4201 1
4208 1
4210 1
4225 1
4234 1
4241 1
4261 1
4267 1
4273 1
4278 1
4358 1
4394 1
4414 1
4424 1
4428 1
4430 1
4433 1
4439 1
4450 1
4453 1
4455 1
4460 2
4466 1
4519 1
4525 1
4530 1
4559 1
4576 1
4581 1
4585 1
4588 1
4595 1
4597 2
4612 1
4621 1
4648 1
4680 1
4681 1
4685 1
4705 1
4707 1
4712 1
4745 1
4749 1
4754 1
4775 1
4781 1
4785 1
4790 1
4801 1
4826 1
4837 1
4840 1
4849 1
4855 1
4906 1
4912 1
4917 1
4930 1
4933 1
4957 1
4984 1
5013 1
5017 1
5067 1
5068 1
5072 1
5078 1
5079 1
5085 1
5088 1
5090 1
5092 1
5094 1
5097 1
5099 1
5108 1
5113 1
5115 2
5121 1
5126 1
5136 1
5141 1
5162 1
5172 2
5177 1
5199 1
5227 1
5236 2
5240 1
5245 1
5252 1
5265 1
5267 1
5272 1
5276 1
5281 1
5301 1
5303 1
5308 1
5317 1
5320 2
5344 1
5346 1
5352 1
5400 1
5404 1
5409 1
5414 1
5432 1
5436 1
5445 1
5465 1
5466 1
5472 1
5475 1
5477 1
5481 1
5495 1
5500 1
5502 2
5507 1
5508 1
5513 1
5559 1
5569 1
5572 1
5586 1
5596 1
5623 1
5627 1
5632 1
5638 1
5639 1
5652 1
5654 1
5656 1
5659 1
5663 1
5667 1
5668 1
5674 1
5682 1
5688 1
5690 1
5695 1
5707 1
5723 1
5727 1
5733 1
5739 1
5747 1
5752 1
5754 1
5762 1
5768 1
5787 1
5796 2
5801 1
5811 1
5817 1
5823 1
5832 2
5837 1
5838 1
5864 1
5868 1
5880 1
5891 1
5894 1
5897 1
5916 1
5923 1
5950 1
5956 1
5959 1
5972 1
5974 1
5983 1
5985 1
5991 1
5997 1
5999 1
6003 1
6010 1
6025 2
6043 1
6054 1
6059 1
6061 1
6069 1
6083 1
6110 1
6114 1
6120 1
6129 1
6132 1
6134 1
6139 2
6141 1
6146 1
6155 1
6156 1
6158 1
6165 1
6168 1
6183 1
6185 1
6192 1
6198 1
6204 1
6214 1
6216 1
6219 1
6224 1
6225 1
6239 1
6241 1
6251 1
6252 1
6267 1
6278 1
6286 1
6287 1
6303 1
6306 1
6307 1
6312 1
6314 1
6321 1
6323 1
6343 1
6348 1
6350 1
6359 1
6361 1
6362 1
6371 1
6372 1
6378 1
6384 1
6386 1
6388 1
6390 1
6394 1
6397 1
6398 1
6399 1
6407 1
6412 1
6434 1
6446 1
6451 1
6456 1
6474 1
6476 1
6479 1
6487 1
6503 1
6507 1
6516 1
6519 1
6533 1
6542 1
6543 1
6545 2
6549 1
6551 1
6552 1
6554 1
6555 1
6572 1
6574 1
6579 1
6581 1
6587 1
6601 1
6603 1
6611 1
6626 1
6628 1
6636 1
6638 1
6639 1
6642 1
6664 1
6673 1
6674 1
6680 1
6693 1
6694 1
6698 1
6699 1
6701 1
6706 1
6708 1
6709 1
6710 1
6716 1
6718 1
6724 1
6730 1
6735 1
6737 1
6742 1
6749 1
6758 1
6775 1
6781 1
6785 1
6786 1
6794 2
6797 1
6804 1
6810 1
6815 1
6821 1
6824 1
6838 1
6843 1
6853 1
6863 1
6866 1
6874 1
6878 1
6879 1
6880 1
6881 1
6890 1
6902 1
6904 1
6906 1
6910 1
6917 1
6922 1
6925 1
6932 1
6936 1
6938 1
6941 1
6958 1
6961 1
6965 1
6968 1
6970 1
6974 1
6990 1
6992 1
6997 1
6998 1
7016 1
7023 1
7025 1
7027 1
7029 1
7033 1
7036 1
7038 1
7039 1
7045 1
7051 1
7052 1
7054 1
7063 1
7065 1
7067 2
7072 2
7085 1
7092 1
7093 1
7096 1
7099 1
7103 1
7105 1
7111 1
7125 1
7129 1
7134 1
7171 1
7181 1
7184 1
7188 1
7193 1
7196 1
7198 1
7200 1
7202 1
7207 1
7209 1
7211 1
7213 1
7224 1
7225 1
7227 1
7232 1
7234 1
7236 1
7238 1
7240 1
7253 1
7258 1
7260 1
7265 1
7266 1
7267 1
7268 1
7281 1
7283 1
7289 1
7291 1
7293 1
7294 1
7297 1
7304 1
7309 1
7312 1
7328 1
7333 1
7345 1
7348 1
7354 1
7357 2
7363 2
7384 1
7390 1
7393 1
7403 1
7413 1
7414 1
7420 2
7423 1
7425 1
7426 1
7432 1
7438 2
7439 1
7440 1
7441 2
7449 1
7450 1
7452 1
7454 1
7459 2
7474 1
7476 1
7479 1
7485 1
7486 1
7518 1
7521 2
7525 1
7543 1
7545 1
7549 1
7558 1
7575 1
7580 1
7583 1
7585 1
7587 2
7589 1
7593 1
7594 1
7596 2
7598 1
7600 1
7605 1
7611 1
7612 1
7614 1
7616 1
7619 1
7621 2
7623 2
7625 1
7629 1
7634 1
7645 1
7647 1
7668 1
7670 1
7678 1
7680 1
7681 1
7684 1
7693 1
7699 1
7704 1
7706 1
7711 1
7715 1
7720 1
7731 1
7735 1
7741 1
7744 2
7748 1
7750 1
7753 1
7760 1
7771 1
7773 1
7777 1
7780 1
7784 1
7789 1
7800 1
7807 1
7809 1
7825 2
7827 1
7828 1
7836 1
7839 1
7848 1
7854 1
7857 1
7861 1
7863 1
7864 1
7866 1
7872 1
7875 1
7881 1
7905 1
7908 2
7912 1
7917 1
7920 1
7922 1
7923 1
7930 1
7932 1
7936 1
7941 1
7944 1
7946 1
7952 1
7953 1
7956 1
7957 1
7959 1
7967 1
7972 1
7974 1
7980 1
7983 1
7985 1
8003 1
8008 1
8010 1
8012 1
8016 1
8021 1
8032 1
8037 1
8039 1
8065 1
8067 1
8071 1
8077 1
8078 1
8080 2
8091 1
8093 1
8096 2
8098 1
8103 1
8105 1
8107 1
8109 1
8112 1
8114 2
8118 1
8123 1
8134 1
8135 1
8139 2
8140 1
8141 1
8145 1
8147 1
8160 1
8164 1
8171 1
8176 2
8190 1
8196 1
8198 1
8217 1
8226 1
8235 2
8238 1
8244 1
8251 2
8253 2
8255 1
8260 1
8262 1
8264 1
8266 1
8267 1
8270 1
8271 1
8274 1
8276 2
8278 1
8280 1
8289 1
8291 1
8295 1
8300 1
8302 1
8304 1
8307 2
8309 1
8310 1
8319 1
8325 1
8327 1
8331 1
8333 1
8339 1
8340 1
8343 1
8344 1
8345 1
8346 1
8354 1
8359 1
8375 1
8399 2
8405 1
8408 1
8424 1
8426 1
8431 1
8435 2
8444 1
8459 1
8460 1
8462 1
8464 1
8465 1
8467 1
8471 1
8480 2
8482 1
8483 1
8490 1
8492 1
8494 1
8496 1
8499 1
8501 2
8505 1
8511 1
8516 1
8518 1
8521 1
8526 2
8527 1
8528 1
8532 2
8551 1
8563 1
8567 1
8568 1
8577 1
8585 2
8591 2
8595 1
8596 1
8604 1
8606 1
8622 1
8625 1
8631 1
8637 1
8638 1
8640 2
8642 1
8647 2
8651 1
8653 1
8654 1
8658 1
8661 1
8663 2
8665 1
8666 1
8667 1
8673 1
8676 2
8678 1
8687 1
8689 1
8694 1
8706 1
8712 1
8714 1
8722 1
8724 1
8732 1
8735 1
8741 1
8746 1
8747 1
8751 1
8753 1
8760 1
8761 1
8762 1
8773 1
8778 1
8786 2
8788 1
8794 1
8795 2
8811 1
8813 1
8815 1
8820 1
8822 2
8829 1
8831 2
8837 1
8841 1
8846 1
8847 1
8849 1
8851 1
8856 2
8858 1
8863 1
8867 2
8869 1
8879 1
8890 1
8892 1
8896 1
8898 1
8903 1
8905 1
8906 1
8914 1
8915 2
8917 1
8919 1
8921 1
8923 1
8927 1
8949 1
8950 1
8954 1
8955 1
8959 1
8964 1
8972 1
8978 1
8982 1
8983 2
8984 1
8995 1
8996 1
8998 1
8999 1
9014 1
9023 1
9024 1
9027 1
9050 1
9053 1
9060 1
9063 1
9079 1
9082 1
9083 1
9098 1
9109 2
9111 1
9119 1
9122 1
9124 1
9133 1
9134 1
9138 2
9140 1
9144 1
9145 1
9147 1
9150 1
9151 1
9154 1
9155 1
9156 1
9160 1
9163 1
9165 2
9181 3
9182 1
9184 1
9187 1
9191 1
9192 1
9202 1
9206 1
9207 1
9210 1
9216 1
9218 1
9224 1
9228 1
9232 1
9238 2
9240 1
9243 2
9250 1
9259 1
9265 1
9266 1
9277 1
9293 1
9295 1
9302 3
9304 1
9305 1
9306 1
9311 1
9312 1
9313 1
9318 2
9323 1
9331 1
9333 1
9338 1
9342 1
9346 1
9347 1
9349 1
9351 1
9361 1
9369 1
9371 1
9374 1
9382 1
9383 1
9385 1
9386 2
9387 1
9389 1
9397 1
9401 1
9410 1
9412 1
9416 1
9418 1
9425 1
9433 2
9445 1
9450 1
9452 1
9466 1
9470 1
9473 1
9475 1
9477 1
9478 1
9480 1
9485 1
9486 1
9498 1
9501 1
9502 2
9506 1
9511 2
9513 1
9524 1
9531 1
9532 1
9537 1
9538 1
9541 1
9542 1
9543 1
9544 1
9547 1
9553 1
9560 1
9562 1
9568 2
9571 1
9573 1
9574 2
9578 1
9579 1
9580 1
9593 1
9610 1
9619 1
9625 1
9627 1
9633 1
9635 1
9637 1
9638 1
9642 1
9646 1
9648 1
9652 1
9658 1
9662 1
9679 1
9682 1
9689 1
9692 1
9693 1
9694 1
9698 1
9700 1
9704 1
9705 1
9708 1
9710 1
9715 1
9717 1
9718 1
9720 1
9722 1
9725 1
9729 1
9733 1
9734 1
9736 1
9740 1
9746 1
9748 2
9756 1
9761 1
9763 1
9766 1
9773 1
9774 1
9776 1
9784 1
9789 1
9793 1
9799 1
9802 1
9803 2
9805 1
9812 1
9820 3
9823 1
9828 1
9830 1
9832 1
9834 1
9836 1
9837 1
9839 1
9841 1
9853 1
9862 2
9864 1
9865 1
9867 1
9871 1
9873 1
9877 1
9879 1
9883 1
9888 1
9889 2
9898 3
9900 1
9901 1
9903 1
9904 1
9905 1
9911 1
9921 1
9930 1
9931 1
9934 1
9940 1
9946 1
9947 1
9949 1
9957 2
9960 1
9961 1
9963 1
9967 1
9969 1
9978 1
9982 1
9989 1
9991 1
9993 1
9996 1
9997 1
10016 1
10022 1
10024 1
10025 1
10026 1
10029 1
10038 1
10040 1
10045 1
10049 1
10051 1
10057 1
10062 1
10065 1
10066 1
10069 1
10076 1
10081 1
10084 1
10091 2
10095 1
10097 1
10098 1
10102 1
10104 1
10109 1
10120 1
10124 1
10125 1
10127 1
10133 2
10135 1
10140 1
10149 1
10150 1
10151 1
10153 1
10160 1
10166 1
10176 1
10180 1
10186 1
10189 1
10192 1
10195 1
10197 1
10198 1
10201 1
10205 1
10207 2
10210 1
10212 1
10222 1
10223 1
10224 1
10226 1
10228 1
10231 1
10233 1
10234 1
10235 1
10249 1
10251 1
10252 2
10257 1
10258 2
10264 1
10266 1
10270 1
10280 1
10282 1
10285 2
10288 1
10290 1
10291 1
10292 1
10307 1
10308 1
10317 1
10318 1
10323 1
10333 1
10344 2
10347 1
10352 1
10353 1
10356 1
10359 1
10362 1
10365 1
10369 1
10372 1
10380 2
10383 1
10387 1
10389 1
10413 1
10416 2
10419 1
10425 1
10427 1
10428 1
10431 1
10437 1
10438 1
10439 1
10444 1
10449 2
10452 1
10454 1
10456 1
10458 1
10460 1
10463 1
10464 1
10465 1
10467 1
10471 1
10473 1
10475 2
10478 1
10480 1
10485 1
10487 1
10494 1
10496 1
10500 1
10512 1
10517 1
10520 1
10522 1
10527 1
10540 1
10542 1
10544 1
10545 1
10553 2
10569 1
10573 1
10579 1
10582 1
10584 1
10585 1
10586 1
10588 1
10599 1
10604 2
10609 1
10611 2
10613 1
10615 1
10617 1
10618 1
10620 2
10621 1
10622 2
10638 1
10644 1
10645 1
10647 1
10653 1
10667 1
10669 1
10677 1
10680 1
10684 1
10694 1
10700 1
10704 1
10705 1
10708 1
10710 1
10725 1
10730 1
10734 1
10736 1
10739 1
10740 1
10743 1
10746 2
10752 1
10759 2
10761 1
10764 1
10767 1
10770 1
10772 1
10774 1
10775 1
10776 1
10782 1
10784 1
10788 1
10790 1
10797 1
10803 1
10805 1
10806 1
10808 1
10815 1
10818 1
10824 1
10826 1
10841 1
10845 1
10847 1
10851 1
10852 1
10854 1
10860 1
10862 2
10863 1
10865 1
10867 1
10870 1
10874 2
10876 1
10880 1
10881 2
10883 2
10887 1
10890 1
10904 1
10907 1
10909 1
10916 1
10919 1
10929 1
10931 1
10932 1
10940 1
10943 1
10945 1
10946 1
10947 1
10952 1
10956 1
10967 1
10968 1
10972 1
10973 1
10983 1
10988 1
10991 2
10998 1
11002 1
11004 1
11007 1
11009 1
11020 1
11024 1
11031 2
11034 1
11035 1
11036 1
11038 1
11040 2
11058 1
11063 1
11064 1
11067 1
11071 1
11076 1
11082 1
11087 1
11091 1
11093 1
11095 1
11099 1
11102 1
11104 2
11111 1
11112 1
11114 1
11117 1
11118 1
11120 1
11122 1
11123 1
11126 1
11129 1
11133 2
11135 1
11138 2
11139 1
11140 1
11141 1
11146 1
11148 1
11151 1
11159 1
11162 1
11165 1
11169 1
11171 1
11175 2
11177 1
11184 1
11191 1
11192 1
11195 1
11200 1
11202 1
11237 1
11243 1
11249 1
11250 1
11252 1
11254 1
11259 1
11261 1
11264 1
11266 1
11268 1
11269 1
11270 1
11273 1
11275 1
11277 2
11290 1
11293 1
11294 1
11299 1
11300 1
11302 1
11303 1
11304 1
11306 1
11319 1
11324 1
11326 1
11330 1
11332 1
11333 1
11334 1
11339 1
11349 1
11354 1
11355 1
11359 1
11360 1
11364 1
11365 1
11370 1
11375 1
11378 1
11383 1
11394 1
11398 1
11399 1
11401 1
11404 1
11411 1
11414 1
11422 1
11423 2
11425 1
11427 1
11429 2
11434 1
11435 1
11450 1
11458 1
11459 1
11461 1
11463 1
11469 1
11470 1
11479 1
11480 1
11486 2
11489 1
11491 3
11498 1
11504 1
11505 1
11506 1
11507 2
11513 1
11515 1
11516 1
11520 1
11522 2
11525 2
11527 1
11538 1
11542 1
11551 1
11552 1
11584 1
11587 2
11590 1
11591 1
11606 1
11611 1
11624 1
11630 1
11632 1
11641 1
11646 2
11651 1
11653 2
11655 1
11659 1
11660 1
11662 2
11664 2
11671 1
11677 1
11680 1
11686 1
11687 1
11689 2
11691 1
11695 2
11700 1
11711 1
11713 1
11718 1
11722 1
11731 1
11736 1
11746 1
11747 1
11750 1
11751 1
11752 1
11759 1
11765 1
11767 1
11772 1
11777 1
11781 1
11785 1
11786 1
11787 1
11788 1
11801 1
11803 1
11810 2
11812 1
11814 1
11816 1
11819 1
11821 1
11826 1
11837 1
11839 1
11846 1
11848 1
11850 1
11855 1
11857 1
11866 1
11873 1
11891 1
11893 1
11894 1
11902 1
11905 1
11909 1
11914 1
11916 1
11920 1
11922 1
11923 1
11924 1
11925 1
11929 1
11932 1
11938 1
11941 1
11947 1
11953 1
11958 1
11960 1
11971 1
11974 2
11978 1
11983 1
11988 1
11989 1
11993 1
11994 1
11998 1
12007 1
12009 1
12010 1
12019 2
12022 1
12025 1
12033 1
12038 1
12040 1
12046 1
12048 1
12049 1
12051 1
12073 1
12076 1
12078 1
12082 3
12087 1
12105 1
12108 1
12109 1
12118 2
12133 1
12137 1
12143 1
12144 1
12146 2
12154 1
12156 1
12159 1
12162 2
12164 2
12166 1
12171 1
12177 1
12180 2
12183 1
12189 1
12190 1
12201 1
12202 1
12206 1
12207 1
12213 1
12226 1
12230 1
12237 1
12242 2
12256 1
12264 1
12271 1
12283 1
12292 1
12301 2
12303 1
12310 1
12311 2
12317 1
12319 2
12328 1
12332 1
12336 1
12337 1
12340 1
12342 1
12344 1
12345 1
12346 1
12347 1
12355 1
12361 1
12368 1
12369 1
12370 1
12373 1
12375 1
12376 1
12381 1
12385 1
12391 1
12396 1
12397 1
12406 2
12409 1
12411 1
12412 1
12420 1
12425 2
12441 1
12465 2
12469 1
12471 1
12474 1
12476 1
12477 1
12486 1
12492 1
12497 1
12501 2
12505 1
12510 1
12512 1
12525 1
12528 1
12530 1
12531 1
12533 1
12537 1
12546 1
12548 1
12549 1
12553 1
12558 1
12564 1
12567 2
12577 1
12584 1
12589 1
12592 1
12593 1
12594 1
12598 1
12617 1
12629 1
12632 1
12633 1
12634 1
12641 1
12643 1
12648 1
12651 1
12657 1
12658 1
12661 1
12670 1
12672 1
12674 1
12688 1
12697 1
12703 1
12704 1
12706 2
12713 1
12719 1
12724 1
12731 1
12732 1
12733 1
12737 1
12739 1
12742 2
12755 1
12760 2
12765 1
12772 1
12773 1
12778 1
12788 1
12790 1
12793 1
12798 1
12801 1
12807 1
12819 1
12826 1
12827 1
12828 1
12829 1
12831 1
12852 2
12854 1
12860 1
12861 2
12863 1
12867 1
12879 1
12888 2
12895 1
12897 2
12899 1
12903 1
12912 1
12915 1
12922 1
12924 1
12929 1
12933 1
12935 1
12945 1
12956 1
12962 1
12964 1
12966 1
12971 1
12979 1
12980 1
12981 1
12983 1
12985 1
12989 1
12993 1
12995 1
13002 1
13004 1
13015 1
13016 1
13020 1
13021 1
13025 1
13030 1
13035 1
13048 1
13049 1
13050 1
13061 2
13064 1
13080 1
13090 2
13093 1
13119 1
13124 1
13126 1
13129 1
13148 1
13150 1
13152 1
13159 1
13160 1
13164 1
13175 2
13177 1
13185 1
13188 2
13190 1
13204 1
13206 1
13208 1
13213 1
13216 1
13218 1
13221 1
13231 1
13244 1
13247 1
13248 1
13250 1
13254 1
13257 1
13272 1
13276 1
13282 1
13284 1
13290 1
13298 1
13306 1
13309 1
13313 1
13316 1
13325 1
13332 1
13343 1
13353 1
13361 1
13368 1
13370 1
13371 1
13378 1
13379 1
13382 1
13384 1
13389 2
13391 1
13397 1
13411 1
13412 1
13415 1
13417 1
13420 1
13427 1
13437 1
13448 1
13451 1
13453 1
13455 1
13463 1
13467 1
13482 1
13491 1
13499 2
13511 1
13516 1
13518 1
13528 1
13539 2
13543 1
13544 1
13551 1
13552 1
13567 1
13568 1
13572 1
13575 1
13577 1
13579 1
13590 1
13595 1
13603 1
13608 1
13610 1
13619 1
13626 1
13628 1
13631 1
13634 1
13637 1
13640 1
13643 1
13644 1
13646 1
13649 1
13659 1
13676 1
13683 1
13685 1
13693 1
13699 1
13700 1
13703 1
13708 1
13712 1
13714 1
13724 1
13745 1
13748 1
13758 1
13760 1
13766 1
13774 1
13776 1
13781 1
13783 1
13784 1
13802 1
13807 1
13812 1
13814 1
13829 1
13832 1
13840 1
13842 1
13850 1
13868 1
13869 2
13873 1
13878 1
13886 2
13889 1
13891 1
13896 1
13898 1
13902 1
13903 1
13905 1
13907 1
13909 1
13923 1
13930 1
13931 1
13937 1
13939 1
13945 1
13954 1
13955 1
13964 1
13966 1
13967 1
13971 1
13977 1
13987 1
13997 1
14006 1
14013 1
14015 1
14021 1
14023 1
14027 1
14030 1
14033 1
14035 1
14044 1
14046 1
14057 1
14059 1
14062 1
14063 1
14090 1
14092 1
14095 1
14111 1
14128 1
14132 1
14147 1
14150 1
14161 1
14163 1
14164 1
14168 1
14170 1
14190 1
14194 1
14199 2
14201 1
14203 1
14206 1
14216 1
14217 1
14219 1
14226 1
14230 1
14232 1
14239 1
14255 1
14258 1
14260 1
14263 1
14267 1
14273 1
14276 1
14289 1
14292 1
14294 1
14296 1
14299 1
14301 1
14310 1
14318 2
14323 1
14324 1
14332 1
14351 1
14354 1
14358 1
14374 1
14389 1
14410 1
14413 1
14422 1
14425 1
14428 1
14431 1
14433 1
14446 1
14449 1
14462 1
14479 1
14482 1
14485 1
14497 1
14505 1
14515 2
14524 1
14533 1
14537 1
14541 2
14546 1
14551 1
14553 1
14556 1
14560 1
14562 2
14581 1
14586 1
14590 1
14593 1
14610 1
14617 1
14619 1
14626 1
14645 1
14650 1
14652 1
14654 1
14670 2
14679 1
14685 1
14686 1
14688 2
14691 1
14710 1
14746 1
14750 1
14766 1
14776 1
14791 1
14800 1
14802 1
14809 1
14812 1
14818 1
14825 1
14827 1
14836 1
14854 1
14863 1
14871 1
14872 1
14877 1
14884 1
14892 1
14911 1
14920 1
14928 2
14931 1
14933 2
14940 2
14946 1
14947 1
14949 3
14965 1
14970 1
14973 1
14982 1
14997 1
15009 1
15018 1
15033 1
15039 1
15057 1
15072 1
15075 1
15086 1
15097 1
15101 1
15104 1
15106 1
15122 1
15133 1
15137 1
15142 1
15153 1
15158 1
15170 1
15178 1
15180 1
15188 1
15189 1
15192 1
15201 1
15205 1
15206 1
15207 1
15212 1
15214 1
15241 2
15245 1
15250 1
15258 1
15268 1
15281 1
15309 1
15315 1
15318 1
15327 1
15335 1
15336 1
15343 1
15352 1
15357 1
15360 1
15365 1
15369 1
15396 1
15405 1
15420 1
15430 1
15431 1
15449 1
15464 1
15467 1
15470 1
15488 1
15491 1
15493 1
15500 1
15501 1
15509 1
15524 1
15527 1
15529 1
15536 1
15545 1
15557 2
15579 1
15588 2
15593 1
15598 1
15604 2
15609 1
15632 1
15656 1
15668 1
15672 1
15696 1
15698 1
15712 1
15730 1
15752 1
15761 1
15784 1
15788 1
15797 1
15817 1
15818 1
15833 1
15851 1
15853 1
15854 2
15869 1
15878 1
15887 1
15905 1
15914 1
15919 1
15923 1
15928 1
15975 1
15982 1
15988 1
15990 1
15991 2
15996 1
16012 1
16019 1
16024 1
16026 1
16059 1
16060 1
16075 1
16085 1
16096 1
16114 1
16139 1
16148 2
16164 1
16169 1
16174 1
16175 1
16184 2
16200 1
16205 1
16220 1
16222 1
16230 1
16232 1
16241 1
16243 1
16249 1
16256 1
16268 1
16292 1
16337 1
16369 1
16377 2
16399 1
16406 1
16411 1
16413 1
16435 1
16447 1
16462 1
16472 1
16483 1
16491 1
16493 1
16535 1
16542 1
16543 1
16551 1
16552 1
16556 1
16571 1
16578 1
16587 1
16592 1
16619 1
16630 1
16651 1
16655 1
16658 1
16698 1
16707 1
16714 1
16724 1
16735 1
16740 1
16761 1
16803 1
16826 1
16831 1
16839 1
16847 1
16859 1
16880 1
16895 1
16896 1
16897 1
16929 1
16933 1
16965 1
16970 1
17032 1
17038 1
17045 1
17053 1
17061 1
17068 1
17070 1
17082 1
17089 1
17101 1
17122 1
17127 1
17138 1
17148 1
17156 1
17190 1
17211 1
17216 1
17218 1
17225 1
17226 1
17247 1
17254 1
17274 1
17283 1
17284 1
17295 1
17310 1
17320 1
17331 1
17379 1
17400 1
17419 1
17440 1
17448 1
17455 1
17457 1
17469 1
17476 1
17477 1
17486 1
17525 1
17535 1
17594 1
17598 1
17605 1
17634 1
17641 1
17661 1
17682 1
17697 1
17700 1
17709 1
17715 1
17718 1
17721 1
17749 1
17766 1
17777 1
17787 1
17803 1
17873 1
17889 1
17894 1
17922 1
17939 1
17957 1
17960 1
17975 1
17989 1
17996 1
18087 1
18095 1
18096 1
18108 1
18112 1
18124 1
18131 1
18133 1
18164 1
18190 1
18260 1
18267 1
18269 1
18281 1
18296 1
18305 1
18317 1
18326 1
18337 1
18347 1
18362 1
18373 1
18376 1
18383 1
18442 1
18482 1
18499 1
18511 1
18518 1
18520 1
18528 1
18622 1
18628 1
18647 1
18656 1
18668 1
18683 1
18692 1
18704 1
18724 1
18751 1
18757 1
18760 1
18763 1
18772 1
18778 1
18829 1
18936 1
18943 1
18999 1
19002 1
19015 1
19020 1
19031 1
19036 1
19038 1
19138 1
19150 1
19159 1
19175 1
19188 1
19224 1
19311 1
19323 1
19332 1
19347 1
19359 1
19368 1
19389 1
19418 1
19423 1
19425 1
19562 1
19575 1
19611 1
19664 1
19670 1
19675 1
19685 1
19698 1
19710 1
19719 1
19734 1
19746 1
19755 1
19814 1
19820 1
19920 1
19985 1
19994 1
20006 1
20057 1
20062 2
20078 1
20162 1
20201 1
20230 1
20235 1
20266 1
20271 1
20307 1
20374 1
20410 1
20465 1
20549 1
20559 1
20617 1
20622 1
20653 1
20658 1
20717 1
20727 1
20761 1
20797 1
20801 1
20827 1
20913 1
20946 1
20962 1
21036 1
21048 1
21057 1
21104 1
21119 1
21148 1
21155 1
21188 1
21204 1
21214 1
21277 1
21313 1
21349 1
21361 1
21397 1
21466 1
21506 1
21535 1
21542 1
21591 1
21601 1
21664 1
21700 1
21748 1
21784 1
21787 1
21843 1
21853 1
21869 1
21955 1
21960 1
21988 1
22026 1
22059 1
22062 1
22099 1
22161 1
22174 1
22190 1
22197 1
22199 1
22230 1
22256 1
22347 1
22383 1
22403 1
22413 1
22439 1
22449 1
22508 1
22548 1
22577 1
22584 1
22586 1
22734 1
22770 1
22790 1
22826 1
22829 1
22838 1
22844 1
22895 1
23002 1
23068 1
23086 1
23104 1
23106 1
23216 1
23225 1
23241 1
23389 1
23398 1
23425 1
23434 1
23455 1
23491 1
23628 1
23751 1
23776 1
23785 1
23812 1
23821 1
23880 1
23886 1
23990 1
24072 1
24128 1
24267 1
24440 1
24476 1
24793 1
24827 1
24863 1
25114 1
25123 1
26165 1
End
