NMec = 97746
T = 22
P = 1
Profits not ignored
Valid tasks:                                                             7716
Solution time = 1.885e-04
Task data
    0  16  3754 0
    4 180 34754 -1
    5   8   380 -1
   12 174 16445 -1
   15 106  7791 -1
   24  37  1879 -1
   29  41  1579 -1
   33 181 33210 0
   35  40  1019 -1
   36  99  4843 -1
   58  75  2572 -1
   62  66   643 -1
   89  97   967 -1
  107 114   995 -1
  109 118  2034 -1
  117 126   891 -1
  127 141  4037 -1
  131 156  5469 -1
  138 149  1379 -1
  141 148  1421 -1
  179 195  3341 -1
  196 206  1147 0
Best profit: 38111
All profits:
0 1
380 1
643 1
891 1
967 1
995 1
1019 1
1023 1
1147 1
1271 1
1347 1
1375 1
1379 1
1399 1
1421 1
1527 1
1534 1
1579 1
1610 1
1638 1
1662 1
1759 1
1790 1
1801 1
1858 1
1879 1
1886 1
1910 1
1914 1
1959 1
1962 1
1986 1
1990 1
2014 1
2018 1
2022 1
2034 1
2038 1
2042 1
2064 1
2114 1
2142 1
2166 1
2170 1
2222 1
2238 1
2259 1
2266 1
2270 1
2290 1
2312 1
2342 1
2346 1
2366 1
2374 1
2388 1
2394 1
2398 1
2402 1
2414 1
2416 1
2418 1
2440 1
2444 1
2470 1
2494 1
2501 1
2522 2
2526 1
2529 1
2546 2
2553 1
2568 1
2572 1
2574 1
2602 1
2605 1
2629 1
2650 1
2657 1
2677 1
2681 1
2692 1
2726 2
2754 1
2757 1
2768 1
2770 1
2778 1
2785 1
2796 1
2809 1
2820 1
2846 1
2850 1
2853 1
2874 1
2877 1
2881 1
2902 1
2905 1
2906 1
2909 1
2913 1
2926 1
2933 1
2948 1
2952 1
2954 1
2955 1
2958 1
2981 1
2985 1
2989 1
3000 1
3001 1
3005 1
3009 1
3017 1
3026 1
3031 1
3033 1
3037 1
3041 1
3053 1
3057 2
3059 1
3061 1
3083 1
3106 1
3109 1
3113 1
3133 1
3137 1
3150 1
3161 1
3165 1
3169 1
3181 1
3189 2
3211 1
3217 1
3226 1
3233 1
3237 1
3254 1
3257 1
3258 1
3265 1
3279 1
3285 1
3289 1
3293 1
3300 1
3307 1
3331 1
3335 1
3338 1
3341 2
3361 1
3365 1
3369 2
3380 1
3381 1
3383 1
3385 1
3393 1
3397 1
3406 1
3407 1
3411 1
3413 3
3417 1
3421 1
3433 1
3435 1
3437 2
3439 1
3455 1
3459 1
3463 2
3465 1
3489 2
3493 2
3496 1
3513 1
3517 1
3520 1
3521 1
3535 1
3539 1
3541 2
3545 1
3548 1
3549 1
3561 1
3563 1
3567 1
3569 1
3587 1
3591 2
3597 1
3601 1
3613 1
3617 2
3624 1
3638 1
3643 1
3644 1
3645 1
3648 1
3659 1
3669 2
3676 1
3680 1
3687 1
3693 1
3696 1
3700 1
3711 1
3719 1
3721 3
3737 1
3745 1
3749 1
3752 1
3754 1
3763 1
3765 1
3773 1
3776 1
3787 1
3793 2
3797 1
3804 1
3815 1
3817 1
3824 1
3835 1
3839 1
3841 1
3843 1
3845 1
3849 1
3869 1
3872 1
3873 1
3876 1
3880 1
3891 1
3897 1
3900 1
3901 2
3908 1
3913 1
3915 1
3917 1
3919 1
3921 1
3922 1
3925 2
3928 1
3932 1
3943 2
3947 1
3950 1
3951 1
3953 1
3967 2
3971 1
3974 1
3981 1
3984 2
3993 3
3995 1
3997 1
4000 1
4004 1
4008 1
4020 1
4021 1
4023 1
4024 2
4026 1
4028 1
4036 1
4037 1
4049 1
4050 1
4052 1
4056 2
4060 1
4073 1
4076 1
4078 1
4080 2
4098 1
4099 1
4101 1
4102 1
4105 1
4108 1
4117 1
4128 1
4132 1
4136 1
4145 1
4147 1
4148 1
4149 1
4151 1
4156 1
4164 1
4178 1
4184 2
4188 1
4191 1
4200 1
4204 1
4206 1
4221 1
4225 1
4229 1
4230 1
4232 2
4252 1
4253 1
4256 2
4260 2
4267 1
4271 1
4274 1
4281 1
4284 1
4288 1
4293 1
4295 1
4297 1
4298 1
4302 1
4305 1
4308 1
4312 1
4323 1
4326 1
4330 1
4331 1
4333 1
4336 2
4347 1
4354 1
4360 2
4364 3
4373 2
4375 1
4380 3
4384 1
4388 1
4397 1
4400 1
4401 1
4402 1
4404 1
4405 1
4406 1
4408 1
4412 1
4416 1
4417 1
4422 1
4426 1
4430 2
4432 3
4436 2
4440 1
4447 1
4451 1
4454 1
4458 2
4460 1
4474 1
4478 2
4482 2
4484 1
4485 1
4488 3
4492 1
4508 1
4512 1
4515 1
4516 1
4527 1
4528 1
4529 1
4530 1
4531 1
4534 2
4540 1
4544 1
4554 1
4556 1
4558 2
4560 2
4564 1
4568 2
4571 1
4580 2
4582 1
4584 1
4586 2
4596 1
4602 1
4605 1
4606 1
4610 3
4612 3
4633 1
4636 3
4638 1
4640 1
4643 1
4645 1
4647 1
4654 1
4663 1
4664 2
4667 1
4675 1
4678 1
4680 1
4686 1
4688 2
4695 1
4706 1
4714 1
4716 2
4720 1
4721 1
4732 1
4738 1
4740 2
4744 1
4748 1
4749 1
4760 3
4762 1
4764 1
4771 1
4773 1
4782 1
4785 1
4788 1
4790 1
4791 1
4792 2
4802 1
4806 1
4810 1
4812 2
4816 2
4827 1
4831 1
4834 2
4838 1
4842 1
4843 2
4844 1
4854 1
4858 2
4862 1
4864 1
4868 3
4872 1
4875 2
4880 1
4884 2
4886 1
4892 1
4895 1
4896 1
4899 1
4901 1
4910 2
4912 1
4914 2
4917 1
4918 1
4920 3
4927 1
4928 1
4934 1
4936 1
4938 2
4940 2
4941 1
4946 1
4948 1
4951 1
4960 2
4962 2
4964 1
4966 1
4969 1
4970 1
4976 1
4979 1
4982 1
4986 1
4988 2
4990 2
4992 2
4996 1
5003 2
5004 1
5012 1
5016 1
5018 1
5019 1
5023 2
5027 1
5032 1
5034 1
5038 1
5042 1
5043 1
5044 1
5045 1
5047 1
5048 1
5055 1
5056 1
5060 2
5065 1
5066 1
5068 1
5069 1
5072 1
5075 3
5079 1
5090 1
5094 1
5097 1
5098 1
5100 2
5112 1
5114 1
5116 1
5117 1
5118 2
5121 1
5128 1
5131 2
5133 1
5140 2
5142 2
5144 1
5146 1
5151 1
5155 1
5158 1
5167 1
5170 1
5171 1
5172 1
5173 1
5175 1
5183 1
5184 1
5186 1
5196 1
5197 1
5199 1
5203 1
5214 1
5220 2
5222 1
5223 3
5224 1
5225 1
5227 2
5238 1
5245 1
5248 1
5251 2
5255 3
5260 1
5262 1
5264 2
5266 1
5276 1
5279 1
5288 1
5290 1
5292 2
5293 1
5296 1
5297 1
5298 2
5300 2
5303 1
5307 1
5308 1
5318 1
5321 1
5326 1
5327 1
5331 2
5333 1
5334 1
5338 1
5340 1
5342 2
5349 1
5350 1
5355 1
5359 1
5363 1
5364 1
5368 2
5372 2
5375 2
5376 1
5379 2
5383 2
5384 1
5392 2
5399 2
5400 1
5403 3
5405 1
5407 1
5412 1
5414 2
5416 1
5418 2
5421 1
5422 1
5425 2
5428 1
5431 1
5435 1
5436 1
5440 1
5441 1
5442 1
5445 2
5446 1
5449 2
5452 1
5455 3
5459 2
5469 1
5470 1
5473 1
5477 2
5478 1
5480 1
5483 1
5487 1
5494 1
5496 1
5497 1
5498 1
5501 2
5507 2
5511 2
5520 1
5522 1
5523 1
5524 1
5526 1
5527 2
5529 1
5530 1
5535 1
5538 1
5544 1
5547 1
5549 1
5553 2
5555 1
5563 3
5564 1
5566 1
5569 1
5571 1
5572 1
5573 1
5577 2
5579 3
5583 1
5598 1
5600 2
5603 1
5605 3
5607 2
5611 1
5612 1
5616 1
5621 1
5625 2
5629 1
5631 3
5633 1
5635 2
5639 1
5640 1
5642 1
5647 1
5653 1
5662 1
5664 1
5672 1
5673 1
5675 1
5676 1
5677 1
5678 1
5681 2
5683 1
5687 1
5699 1
5703 1
5705 1
5707 1
5711 1
5714 1
5715 2
5716 1
5718 1
5722 1
5727 1
5729 1
5733 1
5734 1
5735 1
5739 1
5740 1
5743 2
5752 1
5753 1
5755 2
5757 2
5759 3
5768 1
5776 1
5779 1
5780 1
5781 1
5783 2
5785 2
5787 1
5788 1
5792 1
5794 1
5798 1
5801 2
5805 1
5809 1
5810 1
5811 3
5818 1
5821 1
5822 1
5825 1
5826 1
5827 1
5829 2
5830 1
5835 1
5837 1
5838 1
5839 1
5842 1
5849 1
5851 1
5853 2
5857 1
5861 1
5863 3
5867 2
5868 1
5870 1
5872 1
5879 2
5881 1
5887 3
5894 2
5895 1
5896 1
5903 2
5905 1
5907 2
5909 2
5910 1
5913 2
5915 1
5916 1
5920 1
5923 1
5929 1
5933 1
5935 2
5936 1
5937 1
5939 1
5943 2
5946 1
5947 1
5949 1
5951 1
5952 1
5953 1
5955 1
5957 1
5959 3
5963 1
5965 1
5970 1
5976 1
5977 1
5978 1
5979 1
5981 1
5985 3
5989 1
5990 1
5991 2
5996 1
5998 1
5999 1
6001 2
6005 2
6007 1
6009 2
6011 1
6015 2
6018 1
6019 1
6022 2
6023 1
6024 1
6027 3
6031 1
6033 2
6037 1
6042 2
6043 1
6046 1
6051 1
6055 1
6057 2
6061 2
6064 1
6065 1
6066 1
6067 3
6071 1
6074 1
6075 1
6079 1
6083 1
6084 1
6085 2
6088 1
6093 1
6095 2
6098 1
6100 1
6107 2
6109 2
6111 2
6112 1
6113 2
6114 1
6116 1
6117 1
6119 1
6123 1
6126 1
6128 1
6133 1
6135 1
6137 2
6139 2
6142 1
6150 2
6151 1
6152 1
6153 1
6159 1
6161 1
6165 1
6167 1
6170 2
6179 1
6181 2
6185 1
6187 1
6189 2
6190 1
6191 2
6192 1
6194 2
6203 1
6207 1
6209 1
6210 1
6212 1
6215 1
6217 1
6218 2
6222 4
6224 1
6231 1
6233 1
6241 1
6243 2
6246 1
6247 1
6250 1
6252 1
6254 1
6255 1
6259 4
6263 1
6264 2
6265 1
6267 1
6274 2
6275 1
6276 1
6280 1
6283 2
6285 1
6289 1
6291 1
6293 3
6295 1
6296 2
6299 1
6300 1
6301 1
6303 1
6305 1
6307 1
6309 1
6315 1
6316 1
6317 1
6319 1
6322 2
6326 2
6327 1
6328 1
6330 1
6333 1
6335 1
6337 1
6339 1
6341 1
6342 1
6343 1
6345 1
6346 1
6350 1
6357 1
6358 1
6359 2
6360 1
6361 1
6365 1
6367 2
6369 1
6370 2
6371 1
6372 1
6374 1
6378 1
6379 1
6381 1
6382 1
6383 1
6385 1
6387 1
6389 1
6394 1
6395 1
6398 3
6400 1
6402 2
6403 1
6407 2
6409 1
6411 2
6413 2
6417 1
6421 1
6422 1
6423 1
6424 1
6426 1
6431 2
6435 1
6436 1
6437 1
6439 1
6440 1
6444 2
6445 1
6447 2
6450 1
6451 1
6454 3
6455 1
6463 1
6464 2
6465 1
6468 1
6473 1
6474 1
6478 1
6480 1
6481 1
6485 1
6487 1
6488 1
6489 2
6491 2
6492 1
6493 1
6496 2
6497 2
6502 1
6506 1
6507 1
6510 1
6511 1
6515 1
6519 1
6522 2
6524 1
6525 1
6530 3
6531 1
6533 1
6538 1
6539 3
6546 1
6550 1
6552 1
6558 1
6559 2
6561 1
6563 1
6565 2
6566 1
6567 2
6569 1
6572 2
6574 1
6578 1
6583 2
6588 1
6590 1
6592 2
6593 1
6595 1
6596 1
6598 1
6599 1
6600 1
6602 4
6606 2
6607 1
6609 1
6611 1
6616 1
6620 1
6624 1
6626 1
6628 1
6630 1
6631 1
6634 2
6639 2
6641 1
6642 1
6643 1
6644 3
6645 1
6648 2
6659 1
6666 1
6667 1
6670 1
6671 1
6672 1
6673 1
6676 2
6677 1
6679 1
6681 1
6682 1
6685 1
6689 1
6694 1
6700 1
6702 1
6706 1
6709 1
6710 3
6712 1
6713 1
6714 1
6717 1
6718 1
6719 1
6720 1
6721 2
6722 1
6724 1
6726 1
6729 1
6734 1
6735 1
6738 1
6740 1
6743 1
6747 2
6748 1
6750 1
6752 2
6754 5
6755 1
6758 1
6759 1
6762 1
6763 2
6771 1
6772 1
6774 1
6776 1
6778 3
6780 2
6782 1
6785 1
6787 1
6789 1
6793 1
6794 1
6795 1
6796 2
6797 1
6800 1
6801 1
6804 3
6806 1
6807 2
6811 1
6813 1
6816 1
6819 1
6820 1
6822 1
6824 2
6825 1
6828 1
6830 2
6834 3
6837 2
6839 1
6843 1
6844 1
6846 2
6854 1
6856 1
6858 1
6861 2
6862 1
6863 1
6865 1
6867 2
6868 1
6869 1
6870 1
6876 2
6877 2
6880 1
6881 1
6882 2
6883 1
6886 1
6887 2
6889 1
6890 2
6898 1
6902 3
6904 1
6905 1
6906 1
6908 1
6910 1
6911 1
6914 1
6915 1
6918 1
6919 1
6923 1
6926 1
6928 1
6932 3
6934 1
6935 1
6938 1
6939 1
6942 2
6943 1
6944 1
6945 1
6946 1
6947 1
6948 1
6952 2
6954 1
6956 1
6958 3
6963 1
6965 2
6968 1
6970 1
6971 1
6972 1
6973 1
6974 1
6976 2
6977 1
6979 1
6982 1
6984 2
6985 2
6986 2
6989 2
6991 2
6994 1
6996 1
6998 1
7000 2
7003 1
7004 3
7008 1
7010 3
7012 1
7014 1
7017 1
7018 1
7019 2
7021 1
7022 1
7024 1
7026 1
7028 2
7033 1
7034 1
7037 1
7038 1
7041 2
7042 1
7043 1
7046 2
7048 1
7050 2
7052 2
7054 1
7056 1
7057 1
7060 2
7061 1
7062 2
7063 1
7070 1
7074 1
7078 1
7079 1
7080 1
7082 1
7083 1
7084 1
7085 1
7086 1
7090 3
7093 1
7094 2
7095 2
7098 1
7099 1
7100 1
7101 1
7102 1
7104 1
7106 2
7107 1
7109 1
7112 1
7113 1
7114 1
7117 1
7119 1
7123 1
7124 1
7126 1
7128 1
7131 1
7132 2
7134 3
7137 1
7138 1
7143 2
7145 1
7146 1
7147 1
7148 1
7150 1
7152 2
7154 1
7155 1
7156 2
7158 1
7161 1
7162 1
7165 1
7167 2
7170 1
7171 1
7174 2
7176 2
7177 1
7180 1
7182 1
7184 3
7186 1
7187 1
7189 2
7190 1
7191 1
7198 1
7202 1
7204 1
7205 1
7208 1
7209 1
7210 1
7213 2
7214 1
7217 3
7218 1
7219 2
7221 1
7226 3
7231 1
7232 1
7236 1
7238 1
7241 1
7242 2
7243 1
7247 2
7249 1
7250 2
7254 2
7256 1
7257 1
7258 2
7259 2
7260 2
7261 1
7262 1
7263 2
7266 2
7269 1
7270 1
7271 1
7273 1
7274 1
7275 1
7278 1
7282 1
7284 2
7286 1
7288 1
7289 1
7291 2
7292 1
7293 1
7294 2
7295 1
7299 1
7300 1
7302 1
7304 1
7308 2
7312 2
7314 1
7315 1
7317 1
7321 1
7322 2
7324 1
7325 1
7327 1
7328 1
7332 2
7334 3
7336 2
7338 2
7341 2
7345 2
7348 1
7349 1
7354 1
7355 2
7356 1
7357 1
7361 1
7362 1
7364 2
7365 3
7367 2
7369 2
7371 1
7374 1
7377 1
7378 3
7379 1
7380 1
7383 1
7384 2
7388 2
7390 2
7391 1
7393 1
7397 3
7398 2
7399 1
7401 1
7402 1
7406 3
7411 1
7414 1
7416 1
7417 1
7418 1
7419 1
7421 3
7422 1
7423 1
7426 1
7428 1
7430 3
7431 1
7432 1
7439 1
7440 2
7442 1
7443 2
7446 1
7447 1
7448 1
7449 1
7450 3
7452 1
7454 1
7455 1
7456 1
7458 2
7459 1
7462 1
7463 1
7464 1
7469 1
7470 1
7473 2
7474 2
7475 1
7477 1
7482 1
7483 1
7484 1
7486 2
7487 1
7488 1
7489 1
7490 1
7491 1
7492 3
7493 1
7497 1
7500 1
7502 1
7503 1
7504 1
7505 1
7506 2
7507 1
7511 1
7512 1
7519 2
7525 2
7526 2
7528 1
7529 1
7530 2
7532 2
7533 1
7534 2
7535 1
7536 1
7541 1
7545 1
7547 1
7550 1
7554 2
7557 1
7558 1
7560 1
7562 1
7564 2
7566 1
7568 1
7569 1
7570 1
7571 1
7573 1
7576 1
7578 3
7583 1
7585 1
7591 1
7593 1
7594 1
7595 1
7597 3
7598 1
7601 3
7603 1
7604 1
7606 2
7608 1
7610 1
7611 2
7612 1
7615 1
7622 1
7625 1
7626 1
7628 1
7629 1
7632 1
7634 3
7635 1
7636 1
7638 2
7639 3
7640 1
7643 2
7644 1
7645 1
7646 1
7650 1
7653 1
7654 1
7655 1
7661 1
7662 1
7664 1
7667 2
7671 2
7672 2
7674 1
7676 1
7677 1
7679 1
7680 1
7681 1
7684 1
7685 1
7686 2
7688 2
7691 1
7695 1
7697 1
7701 1
7704 1
7705 3
7706 1
7707 2
7712 1
7713 1
7714 3
7716 2
7721 4
7725 1
7728 2
7729 1
7730 2
7733 1
7735 1
7737 1
7738 2
7739 1
7741 1
7742 1
7743 1
7745 1
7746 1
7747 3
7749 4
7753 1
7754 1
7756 1
7757 1
7758 3
7759 1
7762 1
7763 1
7767 1
7768 1
7771 2
7773 3
7774 2
7775 1
7777 2
7778 1
7780 1
7781 1
7786 2
7788 1
7789 1
7790 1
7791 4
7792 2
7795 1
7796 1
7799 2
7801 1
7802 1
7804 1
7806 1
7810 2
7811 1
7813 1
7814 1
7815 1
7819 2
7823 3
7825 1
7826 1
7828 1
7829 2
7830 1
7832 2
7833 1
7834 2
7835 1
7836 1
7838 1
7841 1
7849 1
7852 1
7853 1
7854 1
7856 2
7857 1
7859 1
7861 1
7862 1
7863 1
7864 2
7865 1
7868 2
7869 1
7870 1
7871 1
7872 2
7875 2
7876 1
7878 1
7880 1
7881 1
7882 2
7883 1
7885 1
7887 1
7890 1
7895 1
7897 1
7899 2
7901 4
7902 1
7903 1
7905 2
7906 2
7909 3
7910 1
7912 1
7913 1
7914 1
7918 1
7921 2
7923 1
7925 1
7927 2
7932 1
7934 1
7937 2
7938 1
7939 1
7940 1
7942 1
7943 2
7944 2
7945 1
7946 1
7947 1
7948 1
7950 1
7951 4
7953 2
7954 2
7956 1
7958 1
7960 1
7963 1
7965 1
7970 1
7971 2
7972 1
7974 1
7975 1
7977 3
7979 2
7981 2
7984 3
7986 4
7988 1
7990 1
7991 2
7993 1
7995 1
7998 1
8003 1
8004 1
8005 2
8007 1
8008 2
8010 2
8012 1
8013 1
8014 2
8015 2
8016 1
8017 1
8019 1
8021 2
8022 1
8023 1
8024 2
8027 1
8028 1
8029 1
8030 2
8034 1
8036 1
8037 1
8038 1
8041 2
8043 1
8045 1
8047 1
8049 2
8052 2
8055 1
8057 2
8058 1
8061 2
8062 1
8065 1
8066 1
8068 1
8071 1
8073 1
8074 1
8079 2
8080 1
8081 1
8085 1
8086 1
8089 2
8090 2
8091 1
8093 1
8094 1
8096 1
8098 1
8099 1
8101 3
8105 1
8108 1
8110 2
8112 1
8113 1
8114 2
8117 2
8118 1
8119 1
8121 1
8123 1
8126 2
8129 2
8131 1
8132 1
8133 2
8134 2
8136 1
8138 3
8141 1
8143 1
8145 1
8146 1
8147 1
8150 2
8151 3
8153 2
8154 1
8156 1
8157 2
8159 1
8162 1
8165 1
8166 1
8168 1
8169 1
8171 2
8172 2
8175 2
8176 1
8179 1
8180 1
8182 1
8183 1
8184 3
8185 2
8186 2
8188 1
8190 1
8193 2
8195 2
8199 2
8201 1
8203 2
8205 2
8208 1
8209 2
8212 1
8213 1
8214 1
8216 1
8221 3
8225 2
8226 1
8227 1
8228 1
8232 1
8233 1
8236 2
8237 2
8238 1
8239 1
8240 1
8241 1
8242 2
8244 1
8245 1
8246 1
8248 1
8251 2
8253 1
8254 1
8255 2
8256 2
8258 2
8259 1
8260 1
8261 2
8266 1
8268 1
8269 2
8275 1
8277 1
8278 1
8279 2
8281 3
8282 1
8284 1
8286 1
8287 1
8288 2
8289 2
8290 1
8293 1
8294 1
8297 1
8298 1
8299 1
8301 2
8302 1
8303 2
8305 1
8307 1
8308 1
8310 2
8311 1
8312 1
8314 2
8315 1
8317 1
8319 1
8322 2
8323 2
8324 1
8327 1
8329 2
8330 1
8331 3
8333 2
8334 2
8336 1
8337 1
8338 1
8340 1
8343 1
8344 1
8345 1
8346 1
8350 2
8351 1
8352 1
8353 1
8355 1
8356 1
8357 1
8359 1
8360 2
8364 5
8366 2
8368 1
8371 1
8373 3
8374 1
8375 1
8378 1
8379 1
8383 3
8384 1
8385 1
8386 1
8388 1
8389 1
8390 1
8392 1
8393 1
8394 1
8395 1
8396 1
8397 3
8401 3
8402 1
8404 1
8406 2
8407 1
8409 1
8410 2
8413 1
8416 3
8417 3
8418 1
8420 1
8421 2
8423 1
8425 2
8429 1
8431 1
8434 1
8435 1
8437 1
8438 2
8439 1
8440 1
8441 2
8442 1
8445 1
8449 1
8450 1
8451 1
8453 1
8454 1
8455 1
8457 1
8458 1
8459 3
8462 1
8467 1
8468 1
8469 3
8470 1
8471 1
8472 1
8474 2
8478 1
8479 1
8481 2
8483 1
8485 1
8486 1
8487 1
8488 2
8492 2
8495 2
8496 1
8497 1
8499 1
8501 1
8502 2
8506 1
8508 1
8511 1
8512 1
8513 1
8514 2
8516 1
8519 1
8521 2
8522 1
8524 1
8525 3
8526 2
8527 1
8530 2
8531 3
8535 1
8537 1
8538 1
8544 2
8545 2
8546 1
8552 1
8555 1
8561 1
8563 2
8564 3
8565 2
8566 1
8568 2
8570 1
8571 1
8573 2
8575 1
8577 1
8578 1
8579 1
8582 1
8586 1
8588 1
8589 1
8592 1
8593 1
8595 1
8596 3
8597 3
8598 1
8599 1
8601 2
8602 1
8603 1
8605 3
8606 1
8607 1
8612 1
8617 3
8619 1
8620 1
8621 1
8622 1
8623 1
8629 2
8630 1
8631 1
8633 2
8634 3
8636 1
8637 1
8638 3
8639 3
8640 2
8641 1
8643 1
8647 1
8648 1
8649 2
8650 2
8653 1
8658 2
8659 1
8662 1
8664 1
8666 1
8667 1
8671 1
8672 2
8673 2
8674 2
8675 1
8677 1
8678 1
8679 2
8680 1
8681 3
8682 3
8683 3
8686 1
8690 1
8691 1
8692 1
8695 2
8700 2
8701 1
8702 1
8704 1
8705 1
8709 2
8711 1
8713 2
8714 1
8716 2
8717 1
8720 1
8723 3
8724 2
8725 3
8726 1
8732 1
8733 2
8740 2
8741 1
8742 2
8744 4
8746 1
8748 1
8750 1
8751 1
8753 3
8754 1
8755 2
8757 2
8758 1
8759 2
8762 1
8763 2
8766 3
8769 2
8772 1
8773 1
8775 1
8776 1
8777 2
8781 3
8782 1
8783 1
8786 5
8787 1
8788 1
8790 2
8792 1
8793 1
8796 3
8797 2
8799 1
8800 2
8802 1
8805 1
8808 1
8809 1
8810 2
8811 1
8814 2
8818 2
8819 2
8821 1
8823 1
8825 1
8826 1
8828 2
8829 2
8830 1
8831 2
8833 1
8835 2
8837 1
8838 2
8839 1
8842 2
8844 1
8847 1
8848 1
8849 1
8850 1
8851 1
8852 2
8854 2
8861 1
8863 2
8864 1
8865 1
8867 1
8868 4
8870 2
8871 2
8872 1
8873 1
8875 3
8876 1
8877 1
8879 1
8880 2
8882 2
8885 2
8888 1
8890 1
8894 3
8896 2
8898 1
8899 1
8900 1
8901 1
8902 1
8904 2
8905 2
8906 2
8907 1
8909 1
8910 1
8911 1
8912 2
8913 1
8914 1
8915 1
8917 1
8918 2
8920 2
8921 2
8924 1
8927 1
8932 2
8934 1
8937 1
8938 2
8939 2
8940 1
8941 1
8943 1
8944 1
8946 3
8948 1
8949 1
8951 2
8953 2
8957 3
8958 2
8962 2
8965 1
8966 2
8970 2
8972 2
8973 1
8974 2
8975 1
8976 2
8977 2
8979 2
8980 1
8981 3
8982 1
8983 1
8985 1
8986 1
8988 1
8989 1
8997 1
8999 1
9001 1
9003 2
9005 2
9008 1
9009 1
9010 2
9011 1
9012 1
9013 1
9014 1
9016 2
9017 2
9018 1
9019 2
9022 2
9023 1
9025 1
9027 1
9029 1
9030 1
9036 1
9038 1
9040 1
9044 1
9046 2
9047 1
9050 1
9052 2
9053 2
9055 1
9056 2
9057 1
9059 1
9060 2
9061 1
9062 1
9063 2
9066 1
9068 1
9074 1
9075 1
9079 1
9080 1
9081 2
9082 1
9084 2
9085 1
9086 1
9088 1
9091 1
9092 1
9093 2
9094 1
9096 2
9097 1
9098 1
9100 2
9103 1
9105 2
9109 1
9112 2
9113 1
9117 2
9118 1
9120 1
9121 1
9124 2
9126 2
9128 1
9129 2
9131 1
9133 3
9135 1
9138 1
9139 1
9142 2
9145 1
9146 1
9149 1
9150 1
9151 1
9152 2
9153 1
9154 1
9155 2
9157 2
9159 1
9160 1
9162 2
9163 1
9165 1
9166 2
9167 1
9168 2
9169 1
9170 3
9171 1
9172 1
9175 1
9177 1
9178 1
9179 2
9180 1
9183 1
9185 1
9188 2
9190 2
9192 1
9194 2
9195 1
9196 1
9198 1
9199 1
9200 1
9202 1
9203 1
9204 2
9206 1
9208 2
9209 1
9211 1
9212 1
9213 2
9215 1
9218 1
9220 2
9221 1
9222 1
9223 1
9227 1
9228 1
9231 1
9234 1
9235 1
9236 1
9237 1
9241 1
9243 1
9244 2
9245 1
9246 1
9248 2
9250 1
9251 1
9253 1
9254 1
9255 2
9257 2
9260 3
9261 2
9262 1
9264 2
9270 1
9273 1
9274 1
9276 2
9277 2
9278 1
9280 1
9281 2
9283 1
9284 2
9285 1
9286 1
9288 1
9290 1
9292 2
9293 2
9294 1
9296 1
9297 2
9298 1
9300 3
9301 1
9303 1
9304 1
9306 1
9307 1
9309 1
9310 1
9312 1
9314 1
9317 2
9318 2
9319 2
9320 1
9322 1
9323 1
9325 1
9326 4
9327 1
9329 1
9330 1
9331 2
9332 1
9333 2
9335 1
9337 1
9338 1
9340 1
9341 1
9342 2
9345 1
9346 2
9348 1
9350 3
9352 2
9356 2
9359 2
9360 1
9361 1
9363 1
9364 1
9365 1
9366 1
9368 4
9369 1
9370 1
9372 1
9374 1
9375 1
9378 1
9379 2
9382 1
9383 3
9384 1
9385 1
9386 1
9387 1
9388 1
9389 1
9390 1
9391 1
9392 2
9393 1
9396 1
9397 1
9398 2
9401 1
9402 2
9403 1
9405 2
9406 1
9407 1
9408 1
9412 2
9415 1
9416 3
9420 1
9424 1
9425 1
9426 2
9429 2
9431 1
9433 1
9434 1
9435 2
9436 2
9440 2
9441 1
9445 1
9448 2
9450 1
9452 1
9453 2
9454 2
9455 2
9457 2
9458 1
9459 2
9462 3
9464 1
9466 1
9469 3
9473 1
9474 1
9476 1
9477 1
9478 1
9480 2
9481 1
9483 2
9486 1
9487 1
9488 1
9489 1
9490 1
9491 1
9492 2
9493 3
9494 1
9497 2
9498 1
9500 1
9506 1
9507 1
9508 1
9511 3
9513 1
9514 1
9518 1
9520 1
9521 1
9522 2
9525 1
9526 1
9530 3
9531 1
9532 1
9533 1
9535 2
9539 1
9540 1
9541 1
9542 1
9544 1
9545 1
9548 1
9549 2
9550 2
9551 1
9553 1
9555 1
9558 1
9559 1
9560 1
9563 5
9564 2
9565 2
9568 1
9570 1
9572 2
9574 1
9577 1
9581 1
9582 1
9583 1
9584 3
9586 1
9590 1
9591 1
9592 3
9593 1
9596 1
9597 1
9600 4
9601 1
9604 1
9605 3
9606 1
9607 1
9610 1
9614 2
9615 2
9616 2
9617 3
9620 1
9621 1
9624 2
9625 1
9626 2
9632 1
9633 2
9634 2
9635 2
9637 1
9640 1
9641 1
9642 2
9644 2
9646 1
9648 2
9649 1
9650 1
9653 2
9656 1
9657 2
9658 1
9659 1
9660 1
9662 1
9663 1
9666 1
9667 2
9668 2
9669 2
9670 1
9672 1
9673 1
9674 1
9676 1
9677 3
9678 2
9680 1
9684 1
9686 1
9689 1
9690 2
9691 1
9693 1
9698 1
9699 1
9700 2
9701 2
9702 1
9706 1
9708 1
9709 1
9710 1
9711 2
9712 1
9713 1
9715 1
9717 1
9718 1
9719 1
9720 2
9721 1
9722 1
9724 1
9725 1
9726 1
9728 1
9729 1
9730 1
9731 1
9733 1
9735 1
9736 1
9739 2
9740 1
9742 1
9743 2
9744 2
9745 1
9748 3
9750 1
9752 2
9753 1
9754 2
9755 1
9758 1
9759 2
9761 1
9762 2
9763 2
9764 2
9766 1
9767 1
9769 1
9770 1
9771 1
9772 2
9776 2
9777 2
9778 1
9780 1
9781 3
9783 1
9785 3
9786 1
9787 1
9788 1
9790 1
9791 1
9792 2
9795 2
9796 2
9797 1
9800 1
9804 1
9805 4
9806 1
9809 1
9811 1
9814 1
9818 1
9819 1
9820 1
9821 2
9822 1
9825 3
9826 1
9828 2
9829 3
9830 3
9832 1
9833 2
9834 1
9835 1
9837 2
9838 3
9839 1
9842 3
9847 2
9848 1
9849 2
9852 1
9856 1
9860 1
9861 1
9863 3
9865 2
9866 3
9867 1
9869 1
9870 2
9871 2
9872 2
9873 1
9874 1
9875 1
9877 1
9879 1
9880 3
9887 1
9889 1
9891 1
9893 1
9894 1
9899 1
9900 2
9901 2
9902 1
9904 2
9905 1
9906 2
9907 2
9908 1
9910 2
9913 3
9916 1
9920 1
9924 3
9927 1
9929 2
9931 1
9933 4
9934 1
9935 1
9937 1
9939 1
9940 1
9941 1
9943 5
9944 1
9946 1
9947 1
9948 1
9950 1
9951 1
9952 2
9953 1
9957 3
9965 1
9966 1
9969 1
9970 1
9972 2
9975 1
9976 3
9977 1
9978 1
9980 2
9983 1
9984 2
9985 3
9986 1
9989 1
9990 1
9994 1
9996 1
9997 1
10000 2
10003 1
10007 1
10008 1
10011 1
10012 1
10013 2
10014 1
10015 1
10017 2
10018 3
10019 1
10020 1
10022 2
10025 1
10026 1
10027 2
10029 1
10030 1
10033 1
10035 1
10041 1
10042 1
10045 1
10046 2
10047 1
10048 1
10049 2
10050 1
10051 1
10053 2
10054 1
10055 3
10057 1
10058 2
10059 2
10060 1
10061 2
10062 1
10063 1
10064 1
10070 1
10074 1
10075 1
10076 1
10079 2
10081 2
10084 1
10087 1
10088 1
10091 2
10093 1
10095 2
10096 1
10098 1
10100 2
10103 1
10104 2
10105 2
10109 1
10112 2
10113 1
10114 1
10119 1
10120 1
10121 2
10122 1
10123 1
10124 1
10126 1
10128 1
10130 1
10132 1
10133 1
10134 1
10135 1
10136 2
10137 1
10138 1
10142 1
10144 1
10145 1
10148 2
10150 2
10151 1
10152 2
10154 1
10155 1
10157 2
10160 1
10161 1
10163 2
10164 1
10165 3
10166 1
10167 1
10169 1
10170 1
10175 2
10178 1
10180 1
10183 1
10184 1
10185 2
10187 2
10190 1
10193 1
10194 1
10197 1
10198 1
10201 1
10202 1
10204 1
10205 1
10206 1
10207 2
10208 3
10209 2
10210 2
10211 1
10213 1
10217 2
10218 3
10222 2
10224 1
10226 1
10227 1
10228 2
10229 2
10231 1
10235 1
10239 2
10240 1
10242 1
10243 3
10246 1
10247 1
10250 1
10251 1
10252 2
10255 2
10256 1
10257 1
10259 2
10260 2
10261 1
10264 1
10267 1
10273 1
10275 1
10276 2
10279 2
10280 1
10281 1
10283 1
10284 1
10285 1
10286 1
10287 1
10288 1
10289 1
10292 1
10293 3
10296 1
10297 1
10299 1
10300 2
10302 1
10304 1
10306 1
10307 1
10309 1
10311 1
10312 3
10313 3
10314 1
10315 1
10317 3
10318 1
10319 1
10320 1
10321 1
10323 1
10325 1
10326 2
10327 1
10330 2
10331 1
10332 2
10333 1
10335 1
10337 2
10339 1
10341 1
10342 1
10344 2
10345 3
10346 2
10347 1
10349 2
10350 1
10351 1
10353 2
10355 1
10356 1
10358 1
10359 2
10360 3
10363 2
10364 1
10365 2
10367 1
10369 1
10370 1
10374 2
10378 1
10379 1
10381 1
10382 1
10383 2
10384 1
10387 2
10388 1
10389 1
10391 2
10393 1
10395 1
10396 1
10397 1
10398 2
10400 1
10401 1
10402 2
10404 1
10405 1
10407 3
10409 1
10411 1
10415 1
10420 2
10421 1
10423 1
10424 2
10425 1
10426 2
10429 1
10430 1
10431 3
10433 1
10435 3
10436 1
10439 1
10440 1
10441 2
10442 1
10443 1
10444 1
10447 1
10448 2
10450 2
10453 1
10454 3
10455 1
10457 1
10459 1
10460 1
10461 1
10464 2
10465 1
10467 1
10468 1
10472 2
10473 3
10474 1
10475 2
10478 1
10481 1
10483 2
10484 2
10485 1
10487 1
10488 2
10489 1
10491 1
10492 1
10493 2
10495 1
10496 1
10497 1
10502 1
10503 1
10506 1
10508 3
10511 2
10512 2
10513 1
10515 2
10516 1
10517 3
10518 1
10522 1
10525 2
10526 2
10528 1
10529 1
10530 3
10532 1
10535 1
10536 1
10537 1
10539 1
10543 1
10544 2
10545 2
10546 1
10548 1
10549 1
10550 2
10551 1
10554 1
10558 3
10559 2
10560 2
10561 1
10563 1
10567 3
10572 1
10576 1
10577 1
10578 1
10579 1
10581 1
10582 1
10584 1
10587 3
10588 2
10591 2
10593 1
10595 1
10598 1
10599 1
10600 4
10601 1
10602 3
10604 1
10606 1
10609 2
10610 1
10611 1
10612 1
10615 2
10616 1
10619 1
10620 1
10621 1
10623 1
10624 1
10627 1
10629 1
10630 2
10631 1
10632 1
10633 1
10634 1
10635 2
10636 2
10637 1
10639 1
10640 2
10641 1
10643 1
10644 1
10645 1
10652 1
10653 1
10655 1
10656 1
10658 1
10660 1
10661 1
10662 1
10663 1
10665 2
10668 2
10669 1
10673 2
10677 1
10679 1
10682 2
10686 2
10688 1
10689 1
10692 3
10695 1
10696 4
10697 2
10698 2
10702 1
10705 1
10706 2
10707 1
10708 1
10710 3
10712 2
10715 1
10719 2
10720 1
10721 1
10724 2
10725 2
10726 1
10728 1
10729 3
10730 1
10731 2
10733 1
10737 1
10738 2
10739 4
10740 1
10743 1
10747 3
10748 1
10752 2
10754 2
10757 3
10758 2
10759 1
10761 1
10762 2
10763 1
10764 2
10766 1
10767 2
10769 1
10771 3
10772 2
10773 2
10780 1
10781 1
10784 1
10787 1
10788 1
10789 1
10791 3
10792 1
10793 1
10795 2
10796 2
10797 1
10799 1
10800 3
10802 1
10803 1
10804 2
10805 1
10806 1
10809 1
10811 2
10814 2
10815 2
10816 1
10817 1
10823 1
10824 3
10825 1
10827 1
10828 1
10830 1
10832 1
10833 3
10834 1
10836 1
10837 2
10838 1
10841 1
10843 1
10844 3
10845 1
10847 2
10848 2
10852 1
10853 1
10856 1
10860 2
10861 2
10866 1
10867 3
10868 1
10869 1
10871 2
10872 1
10873 1
10874 1
10875 2
10876 1
10877 1
10878 1
10880 1
10885 1
10886 1
10887 1
10891 2
10894 1
10895 2
10898 1
10899 1
10900 1
10901 1
10902 2
10904 1
10905 2
10906 2
10908 1
10909 3
10910 2
10914 1
10915 1
10917 1
10918 2
10919 3
10924 3
10926 1
10928 1
10932 1
10936 1
10938 2
10939 2
10942 1
10943 1
10944 1
10945 1
10946 1
10947 2
10951 1
10952 3
10967 2
10969 1
10971 1
10972 2
10973 1
10975 2
10976 1
10979 1
10980 3
10981 1
10982 1
10984 1
10985 2
10986 1
10989 1
10991 1
10992 1
10995 2
10996 2
11002 1
11003 1
11008 2
11009 1
11010 1
11012 2
11013 4
11014 1
11016 1
11017 1
11020 1
11021 1
11022 3
11024 1
11025 1
11026 1
11027 2
11029 1
11032 1
11038 1
11041 2
11042 1
11045 1
11046 2
11047 1
11048 3
11053 1
11054 2
11055 1
11056 1
11057 1
11058 1
11062 1
11067 1
11069 2
11071 2
11072 1
11074 2
11076 2
11078 1
11079 1
11080 1
11081 1
11086 1
11087 1
11088 2
11090 3
11094 1
11095 1
11097 1
11098 2
11099 2
11100 2
11102 1
11103 1
11104 1
11109 2
11115 2
11116 1
11117 1
11119 1
11121 1
11123 1
11127 2
11130 1
11131 2
11132 4
11133 2
11137 2
11142 1
11143 1
11145 1
11146 1
11147 2
11150 1
11151 2
11152 1
11154 1
11155 1
11160 2
11164 1
11165 1
11169 1
11170 1
11171 1
11172 1
11173 2
11174 1
11175 2
11176 1
11177 1
11179 1
11180 1
11182 1
11184 1
11185 1
11189 2
11191 1
11193 2
11195 1
11196 1
11197 1
11200 1
11202 3
11203 2
11204 4
11205 2
11206 2
11208 1
11209 2
11210 1
11212 1
11213 1
11217 1
11219 1
11221 2
11222 1
11223 2
11224 2
11228 2
11231 1
11237 1
11238 1
11242 2
11243 1
11244 1
11246 3
11247 2
11250 2
11251 1
11252 1
11254 2
11255 1
11256 1
11257 1
11259 1
11261 1
11267 1
11273 1
11274 1
11275 1
11278 1
11279 2
11280 2
11281 1
11283 1
11284 1
11285 2
11286 1
11287 1
11288 1
11289 1
11291 1
11292 1
11294 1
11295 3
11297 2
11298 2
11299 1
11301 1
11304 1
11306 1
11307 1
11308 1
11311 2
11312 3
11313 1
11314 1
11316 1
11318 1
11320 1
11322 2
11325 2
11326 1
11327 3
11330 1
11331 1
11332 3
11334 1
11337 1
11339 2
11341 1
11344 1
11345 1
11348 2
11349 1
11351 2
11352 1
11353 1
11354 2
11355 3
11356 2
11358 2
11360 1
11362 1
11363 1
11364 2
11365 3
11369 2
11371 2
11372 1
11375 1
11376 1
11378 1
11379 1
11382 3
11384 1
11386 2
11389 1
11390 2
11393 2
11397 1
11398 2
11399 1
11402 4
11404 2
11406 1
11407 1
11408 1
11409 1
11412 1
11415 2
11420 1
11421 2
11422 1
11426 2
11427 1
11428 1
11430 1
11431 1
11432 1
11434 1
11435 2
11436 1
11437 1
11439 2
11440 2
11442 1
11445 1
11447 1
11449 1
11451 2
11454 2
11455 1
11458 2
11459 2
11460 2
11462 1
11467 2
11468 1
11470 2
11474 1
11475 2
11477 1
11478 3
11479 3
11480 1
11482 1
11484 2
11486 1
11487 2
11489 1
11491 3
11492 2
11493 2
11495 1
11496 1
11497 1
11500 1
11503 2
11506 2
11507 1
11510 2
11511 1
11512 4
11513 1
11517 1
11521 2
11523 1
11525 1
11526 1
11527 2
11528 1
11529 1
11530 1
11531 1
11534 2
11536 1
11542 1
11543 1
11544 1
11545 1
11546 2
11549 1
11552 1
11553 1
11554 1
11555 1
11556 1
11562 2
11567 2
11569 2
11573 2
11576 1
11577 2
11578 1
11579 1
11580 1
11582 3
11583 2
11584 1
11585 1
11586 1
11587 1
11588 2
11589 1
11595 2
11597 3
11599 1
11601 2
11602 1
11607 1
11610 1
11615 1
11618 1
11619 2
11622 2
11625 1
11626 1
11627 1
11628 1
11629 2
11630 3
11631 1
11632 1
11634 1
11635 1
11638 1
11639 1
11640 1
11643 1
11649 1
11651 1
11653 1
11654 1
11655 3
11656 1
11658 1
11659 1
11660 2
11663 3
11664 2
11665 1
11669 1
11671 1
11672 1
11675 2
11677 2
11679 1
11681 1
11684 1
11687 2
11691 3
11692 2
11693 2
11696 1
11697 2
11698 1
11701 1
11704 1
11705 4
11707 2
11708 1
11712 1
11714 2
11715 1
11719 1
11721 1
11724 3
11725 1
11726 1
11728 1
11729 1
11731 1
11733 1
11734 3
11735 1
11736 1
11738 2
11740 1
11742 1
11743 1
11745 2
11747 2
11749 1
11751 1
11752 1
11757 1
11758 3
11759 1
11762 3
11764 1
11766 2
11767 1
11768 1
11769 1
11770 1
11771 1
11775 1
11776 2
11778 3
11779 1
11781 1
11782 1
11783 1
11784 1
11786 1
11790 1
11791 2
11792 1
11795 2
11797 1
11799 1
11800 1
11803 1
11806 1
11808 1
11809 1
11810 2
11811 2
11812 2
11815 2
11819 1
11820 1
11827 1
11828 2
11829 2
11833 2
11836 2
11838 1
11839 2
11842 1
11843 3
11845 1
11847 1
11852 1
11853 1
11855 1
11858 1
11860 1
11862 3
11863 1
11866 2
11867 2
11869 1
11871 3
11872 3
11873 1
11875 1
11876 2
11880 1
11882 1
11885 1
11886 3
11887 1
11893 1
11895 1
11899 1
11900 1
11901 1
11904 3
11905 2
11906 1
11909 1
11911 1
11912 1
11913 2
11914 2
11916 1
11918 1
11919 2
11923 1
11929 1
11934 1
11936 1
11937 1
11938 3
11939 2
11940 1
11942 2
11943 1
11946 1
11947 2
11949 1
11953 1
11954 1
11958 3
11960 1
11962 2
11963 1
11964 1
11970 1
11971 1
11975 3
11977 2
11979 2
11980 2
11981 2
11984 1
11988 1
11990 1
11991 4
11993 1
11994 1
11999 2
12005 1
12007 1
12008 2
12010 1
12012 1
12013 1
12014 3
12015 1
12018 1
12019 1
12020 1
12021 1
12022 2
12023 3
12024 1
12027 1
12032 1
12033 1
12034 2
12036 2
12038 1
12041 3
12042 1
12043 1
12045 1
12047 1
12049 1
12051 1
12052 2
12053 1
12055 1
12056 1
12057 1
12061 2
12062 1
12064 3
12065 2
12066 2
12067 1
12069 1
12071 1
12073 1
12076 1
12083 2
12085 1
12087 1
12091 1
12092 1
12093 1
12094 2
12095 1
12097 1
12098 1
12099 1
12100 1
12104 1
12107 1
12110 1
12114 2
12116 1
12118 2
12122 2
12127 4
12128 1
12129 1
12133 1
12137 2
12138 2
12139 1
12140 1
12142 1
12143 1
12146 1
12149 1
12150 1
12151 1
12155 2
12156 1
12158 1
12160 2
12164 1
12166 1
12167 1
12169 2
12170 2
12171 2
12172 2
12174 1
12176 1
12179 2
12185 1
12186 1
12188 2
12189 1
12190 1
12191 1
12192 1
12193 1
12195 2
12198 1
12199 1
12203 1
12204 2
12205 1
12208 1
12209 2
12211 1
12212 1
12213 1
12214 1
12216 3
12218 1
12219 1
12221 3
12223 3
12224 1
12226 1
12228 1
12235 1
12237 1
12239 1
12240 1
12241 2
12242 2
12243 1
12245 1
12246 1
12247 2
12249 2
12250 1
12252 1
12253 1
12256 2
12258 1
12262 3
12268 1
12273 3
12275 2
12276 1
12278 1
12279 2
12280 2
12281 1
12284 1
12285 1
12289 1
12290 1
12292 2
12293 2
12294 1
12298 2
12299 2
12303 1
12306 2
12311 1
12314 1
12315 1
12316 1
12317 1
12318 2
12320 2
12322 2
12323 1
12325 1
12326 1
12327 2
12330 1
12331 1
12332 1
12334 1
12336 2
12338 2
12340 1
12342 1
12344 1
12346 2
12347 1
12349 2
12350 2
12351 4
12352 1
12353 2
12356 1
12357 1
12358 1
12359 1
12360 1
12364 1
12366 1
12368 1
12370 1
12371 3
12375 1
12377 2
12379 1
12384 1
12387 1
12388 1
12391 1
12393 3
12394 2
12397 2
12401 3
12402 1
12403 2
12404 2
12407 1
12412 1
12414 1
12420 1
12421 2
12422 1
12423 1
12425 1
12426 1
12427 2
12429 1
12432 1
12433 1
12434 2
12435 1
12437 2
12438 1
12440 1
12441 2
12442 1
12444 1
12445 1
12446 2
12453 2
12454 3
12455 1
12458 2
12459 1
12465 1
12467 1
12470 1
12472 1
12473 2
12474 2
12477 1
12479 3
12486 2
12488 1
12490 1
12494 1
12495 1
12496 2
12498 2
12501 1
12503 1
12505 1
12506 1
12507 2
12509 1
12510 1
12511 1
12513 1
12516 1
12518 1
12519 1
12520 1
12523 1
12524 1
12526 1
12529 3
12531 1
12536 1
12537 1
12540 1
12541 1
12544 1
12545 1
12547 1
12549 2
12551 1
12552 1
12553 1
12554 1
12556 1
12559 1
12562 2
12564 1
12568 2
12569 1
12572 1
12575 1
12578 1
12582 2
12583 1
12584 1
12585 1
12586 1
12589 1
12592 1
12594 1
12596 2
12598 1
12601 3
12602 1
12603 1
12605 1
12614 1
12617 1
12618 1
12621 2
12622 2
12624 1
12625 3
12626 1
12627 2
12631 1
12633 1
12634 3
12636 2
12638 2
12642 1
12644 1
12648 1
12650 1
12651 1
12653 2
12655 1
12658 1
12659 2
12660 2
12664 1
12666 1
12667 1
12668 1
12670 1
12671 1
12672 1
12674 2
12675 1
12676 1
12679 1
12682 1
12686 2
12688 1
12691 1
12693 2
12700 2
12702 1
12703 1
12707 1
12709 1
12710 1
12711 1
12712 1
12716 2
12719 2
12720 2
12723 1
12724 2
12726 2
12727 1
12729 2
12730 2
12731 2
12732 1
12733 1
12734 1
12735 1
12738 1
12740 1
12742 1
12743 1
12744 1
12746 1
12753 1
12757 2
12762 1
12764 1
12765 1
12766 1
12770 1
12771 1
12772 1
12773 2
12774 1
12776 2
12777 1
12779 1
12781 2
12786 1
12790 1
12794 1
12796 1
12798 1
12800 2
12801 1
12803 3
12807 2
12810 3
12814 2
12818 1
12822 1
12823 1
12824 1
12827 1
12828 1
12829 1
12830 1
12831 1
12833 2
12834 3
12836 1
12838 2
12839 1
12840 1
12847 1
12848 1
12851 1
12852 1
12853 1
12854 1
12855 1
12859 1
12862 1
12866 2
12867 1
12868 1
12871 2
12872 1
12876 1
12880 1
12881 1
12882 1
12883 1
12886 1
12890 2
12891 1
12892 1
12896 1
12899 1
12901 1
12904 2
12905 2
12906 1
12909 2
12911 1
12913 1
12914 1
12916 1
12918 1
12919 1
12921 1
12922 1
12923 1
12924 1
12925 3
12927 1
12931 1
12932 1
12933 3
12937 1
12938 1
12942 2
12944 1
12946 1
12948 1
12951 1
12953 1
12955 2
12956 1
12957 1
12958 3
12960 1
12961 1
12966 1
12967 1
12974 2
12975 2
12976 2
12981 1
12983 1
12985 1
12988 1
12989 1
12990 1
12994 2
12998 1
12999 1
13000 1
13001 1
13003 1
13005 1
13007 1
13008 1
13009 2
13010 1
13011 1
13013 1
13014 2
13016 1
13018 4
13019 1
13027 1
13029 1
13030 1
13031 2
13032 1
13033 1
13034 1
13040 1
13042 1
13046 1
13047 1
13050 1
13051 1
13054 1
13056 1
13058 1
13059 1
13060 2
13061 1
13062 1
13064 1
13066 1
13070 1
13072 1
13074 1
13076 1
13080 1
13081 1
13083 1
13084 1
13085 1
13086 1
13089 2
13094 1
13095 1
13096 1
13099 1
13100 2
13101 1
13102 1
13103 1
13104 1
13105 1
13107 1
13109 1
13110 1
13111 1
13112 1
13117 1
13118 1
13122 3
13124 1
13126 1
13128 1
13131 1
13132 1
13133 2
13136 1
13137 1
13138 1
13140 1
13141 1
13146 2
13152 1
13153 1
13157 1
13159 1
13160 1
13161 1
13162 1
13166 4
13169 1
13170 2
13171 1
13174 1
13176 1
13179 1
13180 1
13181 1
13183 3
13188 2
13190 2
13194 1
13199 1
13202 1
13203 1
13204 2
13206 1
13207 2
13208 2
13209 1
13210 1
13211 2
13212 1
13213 1
13214 1
13216 3
13218 1
13223 1
13230 1
13234 1
13235 1
13237 1
13240 2
13242 2
13243 1
13244 1
13245 1
13246 1
13247 1
13248 1
13251 1
13254 1
13257 1
13260 1
13261 1
13265 1
13268 2
13270 1
13274 2
13275 1
13276 1
13280 1
13281 1
13284 2
13285 1
13287 1
13292 1
13293 1
13294 1
13298 2
13301 1
13303 1
13305 1
13307 1
13311 1
13313 1
13314 1
13317 3
13318 2
13319 1
13325 1
13326 1
13331 2
13333 1
13335 1
13337 1
13338 1
13341 1
13344 2
13345 1
13346 1
13351 1
13354 2
13355 1
13356 1
13358 1
13359 2
13360 1
13361 1
13363 1
13364 1
13366 1
13368 3
13370 2
13371 1
13374 2
13383 1
13386 1
13387 2
13388 1
13389 2
13390 2
13394 1
13396 3
13398 1
13399 1
13400 1
13402 1
13404 1
13405 1
13407 1
13409 1
13415 1
13416 2
13420 3
13422 2
13423 1
13428 1
13432 2
13439 1
13440 1
13441 1
13444 1
13446 2
13450 1
13453 2
13455 1
13461 1
13462 1
13463 1
13465 1
13472 1
13473 1
13474 2
13477 1
13479 1
13481 1
13483 1
13485 1
13491 2
13492 1
13493 2
13494 1
13496 2
13498 1
13504 1
13505 1
13506 1
13508 1
13511 1
13516 1
13518 1
13524 2
13525 1
13526 1
13531 1
13534 1
13535 1
13539 1
13542 1
13544 1
13546 1
13548 2
13549 1
13550 1
13551 1
13554 1
13558 1
13559 2
13563 1
13567 1
13568 1
13570 2
13576 1
13580 1
13581 1
13583 1
13584 2
13587 1
13588 1
13591 1
13592 1
13593 1
13596 1
13598 1
13600 1
13601 2
13602 1
13603 1
13617 1
13620 3
13622 1
13626 1
13629 1
13631 1
13633 1
13634 1
13637 1
13640 1
13641 2
13643 1
13648 1
13653 3
13654 2
13655 1
13658 1
13660 1
13661 1
13662 1
13667 1
13670 1
13671 1
13672 1
13674 2
13678 1
13681 1
13683 1
13685 1
13687 2
13688 1
13690 1
13691 1
13694 1
13697 1
13699 1
13700 1
13701 1
13704 1
13705 2
13706 1
13707 1
13711 1
13714 1
13715 1
13719 1
13722 1
13724 1
13725 1
13729 1
13732 1
13737 1
13738 1
13739 1
13741 1
13743 1
13746 1
13748 3
13750 1
13757 1
13761 1
13765 1
13767 1
13768 1
13770 1
13771 1
13772 1
13774 2
13776 1
13779 1
13781 2
13782 1
13783 1
13785 1
13789 1
13791 1
13795 2
13796 1
13798 1
13800 2
13802 1
13803 1
13805 1
13807 1
13809 2
13813 1
13814 1
13815 1
13816 1
13818 1
13822 1
13824 2
13826 1
13828 1
13829 2
13833 2
13835 1
13847 1
13849 1
13852 1
13853 1
13854 1
13857 1
13858 2
13859 1
13862 1
13863 1
13866 2
13867 2
13870 1
13871 1
13873 1
13876 1
13877 1
13878 1
13885 2
13886 2
13887 1
13889 1
13890 1
13891 1
13892 1
13899 1
13900 1
13902 1
13904 2
13909 1
13911 1
13917 1
13918 1
13919 1
13920 2
13922 1
13923 1
13928 3
13934 1
13937 1
13941 2
13943 2
13947 1
13950 2
13951 1
13955 1
13956 1
13961 2
13962 1
13965 1
13970 2
13971 1
13972 1
13974 1
13976 2
13977 1
13978 1
13980 2
13981 1
13983 1
13985 1
13993 1
13994 1
13997 1
14000 1
14001 1
14002 1
14006 1
14009 1
14013 1
14014 1
14023 1
14027 1
14029 1
14033 3
14037 2
14038 1
14039 1
14043 1
14047 1
14048 1
14051 2
14053 1
14056 1
14065 1
14066 2
14067 1
14068 1
14069 1
14070 1
14071 1
14072 1
14074 1
14078 1
14079 1
14080 2
14084 1
14089 1
14093 1
14094 1
14095 2
14098 2
14099 2
14100 1
14102 1
14103 2
14105 1
14107 2
14108 1
14113 1
14114 1
14121 1
14128 2
14133 1
14135 1
14136 1
14137 1
14141 2
14143 1
14145 1
14147 1
14148 1
14150 1
14151 1
14152 1
14155 1
14158 1
14161 1
14165 2
14171 1
14174 1
14177 1
14178 2
14179 1
14185 2
14189 1
14197 1
14201 1
14202 2
14204 1
14207 1
14208 1
14209 1
14211 1
14213 1
14219 1
14221 1
14226 1
14227 1
14228 1
14232 1
14235 2
14241 1
14242 2
14243 2
14245 1
14246 1
14247 2
14249 1
14250 2
14251 1
14255 2
14256 1
14259 2
14265 3
14269 1
14276 1
14279 1
14280 2
14283 1
14284 1
14287 1
14293 1
14298 1
14300 1
14308 1
14312 1
14313 3
14321 1
14323 1
14326 1
14330 1
14333 1
14336 1
14337 1
14341 1
14349 1
14350 2
14351 1
14353 1
14354 3
14355 1
14356 1
14357 1
14363 3
14365 1
14369 1
14382 2
14383 2
14384 1
14387 2
14389 1
14390 1
14395 1
14397 1
14399 1
14407 1
14408 1
14413 1
14415 2
14417 1
14422 1
14427 1
14428 1
14435 1
14439 2
14441 1
14443 1
14445 1
14446 1
14448 1
14450 2
14458 1
14461 1
14464 1
14472 1
14474 1
14478 2
14483 1
14487 1
14488 1
14491 2
14501 2
14506 1
14511 2
14513 1
14515 1
14520 1
14521 2
14525 1
14526 1
14530 2
14531 1
14532 1
14534 1
14537 1
14543 2
14544 1
14545 3
14547 1
14549 1
14550 1
14551 1
14553 1
14554 1
14562 1
14563 2
14565 2
14569 1
14578 1
14579 1
14587 2
14591 1
14593 1
14595 1
14597 1
14598 2
14602 1
14608 1
14615 1
14620 1
14621 1
14626 1
14628 1
14629 1
14635 2
14636 1
14638 1
14639 2
14641 1
14648 2
14649 1
14652 1
14653 1
14655 1
14659 1
14663 1
14667 1
14668 1
14669 1
14671 1
14672 2
14673 1
14678 1
14680 1
14682 1
14686 1
14689 1
14693 1
14695 1
14696 1
14699 1
14700 1
14701 1
14705 1
14706 1
14710 1
14713 1
14717 1
14723 1
14727 1
14730 1
14738 1
14739 1
14743 2
14745 2
14746 1
14749 1
14750 1
14756 1
14762 1
14763 1
14767 2
14769 1
14776 3
14777 1
14778 1
14780 1
14781 1
14783 1
14786 1
14787 1
14788 1
14795 2
14796 1
14800 2
14801 1
14802 1
14808 1
14809 1
14811 1
14815 1
14819 3
14821 2
14825 2
14828 2
14830 1
14832 1
14834 2
14837 1
14844 1
14847 1
14848 1
14851 1
14852 2
14853 2
14854 1
14861 1
14862 1
14869 1
14871 1
14884 1
14885 1
14886 1
14887 1
14893 1
14895 1
14897 1
14904 1
14908 1
14910 1
14914 1
14917 1
14918 1
14923 2
14924 1
14925 1
14926 1
14928 1
14929 2
14936 1
14938 1
14942 1
14943 2
14947 1
14950 1
14956 2
14957 1
14959 1
14960 1
14963 1
14967 1
14969 1
14971 2
14973 1
14975 1
14976 1
14995 1
14996 1
14999 1
15000 1
15001 1
15004 1
15005 1
15009 1
15010 1
15018 1
15028 1
15032 1
15033 2
15034 1
15038 1
15039 1
15045 1
15046 1
15049 1
15051 1
15061 1
15062 1
15065 1
15066 1
15067 1
15069 1
15070 1
15075 2
15081 1
15086 1
15088 1
15090 1
15093 1
15095 1
15098 1
15102 1
15103 1
15108 1
15109 1
15110 1
15112 1
15117 2
15119 2
15123 1
15125 1
15132 1
15136 1
15138 1
15140 1
15144 1
15146 1
15147 1
15152 1
15153 1
15156 1
15169 2
15174 1
15180 2
15184 1
15186 1
15193 1
15194 1
15199 1
15203 1
15210 1
15212 1
15213 1
15214 1
15216 1
15217 1
15221 1
15223 1
15227 1
15232 1
15236 1
15240 1
15241 2
15242 1
15243 1
15245 2
15246 2
15247 1
15250 1
15254 2
15260 2
15275 1
15280 1
15283 1
15288 1
15290 1
15294 1
15295 1
15298 1
15299 1
15303 1
15316 1
15318 1
15321 1
15332 2
15334 1
15336 1
15349 2
15351 2
15355 1
15373 1
15375 2
15379 1
15382 2
15388 1
15389 1
15390 1
15392 1
15393 1
15394 1
15397 1
15402 3
15403 1
15406 1
15408 1
15410 1
15412 2
15417 1
15423 1
15434 1
15438 1
15441 1
15445 1
15455 1
15459 1
15468 1
15469 1
15478 1
15480 1
15483 1
15488 1
15496 1
15497 1
15499 1
15501 1
15510 1
15512 1
15516 1
15520 1
15526 1
15527 1
15529 1
15530 2
15532 1
15539 1
15540 1
15544 1
15545 1
15546 1
15549 1
15560 2
15562 1
15564 1
15565 1
15569 1
15582 1
15583 1
15586 1
15590 2
15593 1
15597 1
15603 1
15614 1
15616 1
15617 1
15621 1
15626 1
15630 1
15634 2
15636 1
15647 1
15658 1
15666 1
15667 2
15668 1
15672 1
15673 1
15674 1
15675 1
15677 2
15678 1
15679 1
15687 1
15688 1
15690 1
15691 1
15692 2
15694 1
15697 1
15700 1
15708 1
15712 3
15716 1
15718 1
15725 1
15734 2
15738 1
15742 1
15744 1
15745 2
15753 1
15755 1
15762 1
15768 1
15775 1
15776 1
15778 1
15781 1
15782 3
15783 1
15786 1
15788 1
15795 3
15796 1
15799 1
15806 1
15814 2
15815 2
15816 1
15818 1
15819 1
15820 2
15827 1
15829 1
15846 1
15847 1
15848 1
15860 1
15864 1
15870 1
15890 1
15892 1
15893 1
15903 1
15909 1
15910 1
15919 1
15923 2
15924 1
15926 1
15930 1
15933 1
15942 1
15943 1
15952 1
15958 1
15962 2
15966 2
15968 1
15972 1
15975 2
15977 2
15994 1
15995 1
16000 1
16001 1
16012 1
16016 1
16027 1
16029 1
16034 1
16044 1
16053 1
16057 1
16060 2
16065 1
16067 1
16070 1
16071 1
16072 1
16076 1
16081 1
16084 1
16090 1
16100 1
16103 1
16104 1
16105 1
16106 1
16107 1
16112 1
16114 2
16120 1
16131 1
16142 1
16148 1
16151 1
16155 1
16164 1
16174 1
16175 1
16177 1
16181 1
16188 1
16192 1
16194 1
16207 1
16208 2
16209 1
16212 1
16213 1
16227 1
16233 1
16240 1
16242 1
16250 1
16255 1
16257 1
16260 1
16262 1
16264 1
16266 1
16278 1
16283 1
16285 1
16293 1
16294 1
16299 1
16301 1
16316 2
16329 1
16340 1
16342 1
16346 1
16350 1
16355 1
16357 1
16359 1
16368 1
16370 1
16374 1
16375 1
16379 1
16387 1
16388 1
16390 1
16392 1
16401 1
16405 1
16407 1
16430 1
16436 1
16440 1
16441 1
16442 1
16445 1
16450 1
16463 1
16474 1
16477 1
16481 1
16483 1
16494 1
16498 1
16507 1
16522 1
16527 1
16535 1
16540 1
16544 1
16549 1
16550 1
16555 1
16557 2
16564 1
16578 1
16581 1
16584 1
16585 1
16588 1
16601 1
16609 1
16616 1
16625 1
16642 1
16644 1
16646 1
16655 1
16659 1
16667 1
16672 1
16673 1
16674 1
16675 1
16679 1
16685 1
16686 1
16687 1
16692 1
16696 1
16705 1
16707 1
16709 1
16711 1
16712 1
16715 1
16730 1
16737 1
16748 1
16750 1
16757 1
16761 1
16763 1
16764 1
16773 1
16781 1
16783 1
16794 1
16813 1
16814 1
16815 1
16820 1
16821 1
16822 1
16824 1
16825 1
16834 1
16835 1
16837 1
16855 1
16859 1
16865 1
16866 1
16885 1
16900 1
16925 1
16928 1
16929 1
16942 1
16944 1
16961 1
16962 1
16967 1
16970 1
16972 1
16981 1
16994 1
16996 1
17011 1
17015 1
17022 1
17046 1
17048 1
17055 1
17066 1
17073 1
17079 1
17098 1
17099 1
17109 1
17115 1
17120 1
17122 2
17124 1
17141 1
17144 1
17148 1
17150 1
17159 1
17169 1
17170 1
17174 1
17176 1
17200 1
17203 1
17207 2
17214 1
17227 1
17228 1
17231 1
17245 1
17247 1
17250 1
17252 1
17259 1
17261 1
17278 1
17296 1
17302 1
17311 1
17317 1
17321 1
17324 1
17335 1
17341 1
17354 1
17355 1
17374 1
17397 1
17407 2
17409 1
17425 1
17435 1
17441 1
17444 1
17448 1
17469 1
17476 1
17489 1
17492 1
17502 1
17522 1
17545 1
17552 1
17576 1
17583 2
17587 1
17592 1
17596 1
17606 1
17617 1
17621 1
17624 1
17639 1
17641 1
17654 1
17674 1
17682 1
17691 1
17697 1
17704 1
17710 1
17724 1
17725 1
17728 1
17731 1
17748 1
17756 1
17787 1
17789 1
17791 1
17802 1
17819 1
17822 1
17832 1
17852 1
17861 1
17862 1
17872 1
17895 1
17904 1
17906 1
17939 1
17967 1
17972 1
17976 1
17982 1
17989 1
18009 1
18010 1
18013 2
18041 1
18087 1
18091 1
18117 2
18119 1
18128 1
18136 1
18137 1
18141 1
18143 1
18162 1
18169 1
18189 1
18193 1
18195 1
18202 1
18226 1
18245 1
18267 1
18269 1
18284 1
18288 1
18291 1
18297 1
18298 1
18316 1
18317 1
18350 1
18374 1
18392 1
18402 1
18436 1
18443 1
18464 1
18487 1
18554 1
18573 1
18582 1
18584 1
18588 1
18591 1
18601 1
18616 1
18635 1
18639 1
18677 1
18692 1
18723 1
18730 1
18743 1
18749 1
18753 1
18764 1
18786 1
18829 1
18857 1
18867 1
18871 1
18873 1
18901 1
18934 1
18977 1
19008 2
19015 1
19019 1
19049 1
19053 1
19086 1
19123 1
19129 1
19136 1
19156 2
19157 1
19160 1
19188 1
19234 1
19264 1
19283 1
19284 1
19293 1
19336 1
19431 1
19441 1
19445 1
19549 1
19568 1
19583 1
19634 1
19716 1
19720 1
19731 1
19748 1
19782 1
19786 1
19824 1
19868 1
19896 1
20014 1
20016 1
20020 1
20048 1
20124 1
20155 1
20162 1
20166 1
20196 1
20303 1
20440 1
20588 1
20715 1
20863 1
20933 1
21015 1
21163 1
21313 1
33210 1
33590 1
34357 1
34737 1
34754 1
35901 1
36964 1
38111 1
End
