NMec = 97746
T = 23
P = 1
Profits not ignored
Valid tasks:                                                            30984
Solution time = 4.975e-04
Task data
    2  12  2616 0
   10  23  1596 -1
   14  39  4715 -1
   17  38  5718 -1
   19  42  3394 -1
   25 208 34180 0
   46  50   688 -1
   46 215 14602 -1
   78  81   356 -1
   91  94   435 -1
   93 102  1252 -1
   95 113  2786 -1
  103 110  2286 -1
  110 132  3497 -1
  127 133  1806 -1
  127 140  1301 -1
  139 151  1399 -1
  151 166  1068 -1
  155 199  6754 -1
  158 175  1518 -1
  168 172   539 -1
  191 205  2317 -1
  216 220   779 0
Best profit: 37575
All profits:
0 1
356 1
435 1
539 1
688 1
779 1
791 1
895 1
974 1
1044 1
1068 1
1123 1
1135 1
1214 1
1227 1
1252 1
1301 1
1318 1
1330 1
1399 1
1424 1
1467 1
1479 1
1503 1
1518 1
1570 1
1583 1
1596 1
1607 1
1608 1
1657 1
1662 1
1674 1
1736 1
1753 1
1755 1
1756 1
1791 1
1806 1
1823 1
1834 1
1840 1
1847 1
1859 1
1874 1
1902 1
1938 1
1940 1
1952 1
1953 1
1963 1
1989 1
2006 1
2018 1
2031 2
2042 1
2080 1
2087 1
2092 1
2109 1
2112 1
2135 1
2147 1
2162 1
2178 1
2190 1
2191 1
2196 1
2203 1
2206 1
2241 1
2258 1
2275 1
2282 1
2284 1
2286 1
2294 1
2295 1
2296 1
2297 1
2309 1
2317 1
2320 1
2345 2
2362 1
2369 1
2373 1
2375 1
2386 1
2387 2
2398 1
2424 1
2436 1
2441 1
2443 1
2479 1
2491 1
2494 1
2515 1
2522 1
2528 1
2534 1
2535 1
2547 1
2553 1
2562 1
2570 2
2585 1
2597 1
2613 1
2616 1
2619 1
2626 1
2631 1
2638 1
2640 1
2641 1
2642 1
2651 2
2653 1
2664 1
2673 1
2676 1
2701 1
2717 1
2719 2
2721 1
2725 1
2729 1
2730 1
2731 1
2732 1
2742 1
2752 1
2768 1
2770 1
2780 2
2786 1
2797 1
2804 1
2810 1
2819 1
2821 1
2823 1
2825 1
2835 1
2848 1
2850 1
2856 1
2859 1
2866 1
2871 1
2874 1
2878 1
2884 1
2891 1
2897 1
2908 1
2909 1
2914 1
2917 1
2926 2
2929 1
2941 1
2963 1
2969 1
2970 1
2972 1
2974 1
2975 1
2982 1
2985 1
2995 1
2997 1
3005 1
3007 1
3008 1
3020 2
3033 1
3051 1
3054 1
3057 1
3058 1
3061 1
3063 1
3065 1
3073 1
3074 1
3075 2
3077 1
3086 1
3088 1
3092 1
3096 1
3099 2
3108 1
3114 1
3124 2
3126 1
3136 1
3142 1
3148 1
3152 1
3155 1
3160 1
3166 1
3175 1
3177 1
3179 1
3181 1
3190 1
3203 2
3204 1
3205 1
3212 1
3215 1
3221 1
3222 1
3230 1
3241 1
3253 1
3254 1
3258 2
3260 1
3264 1
3270 1
3273 2
3285 1
3291 1
3301 1
3304 1
3307 1
3309 1
3319 1
3324 1
3325 1
3326 1
3330 1
3332 2
3339 1
3341 1
3343 1
3349 1
3351 1
3352 2
3354 1
3361 1
3364 1
3376 1
3385 1
3387 1
3389 1
3394 1
3395 1
3402 1
3405 1
3407 1
3409 1
3410 1
3413 2
3414 1
3417 1
3419 1
3420 1
3421 1
3430 3
3436 1
3440 1
3443 1
3448 1
3452 1
3455 2
3458 1
3468 1
3470 1
3474 1
3480 1
3492 1
3497 1
3498 1
3500 1
3504 1
3507 1
3508 1
3509 1
3511 1
3513 1
3531 1
3534 1
3536 1
3538 1
3544 1
3546 1
3547 1
3549 2
3559 3
3561 1
3562 1
3565 1
3569 1
3577 1
3583 1
3585 1
3587 1
3590 1
3596 1
3597 2
3598 1
3602 1
3604 1
3605 1
3610 1
3614 2
3616 1
3618 1
3621 1
3627 1
3629 1
3635 1
3638 2
3640 1
3647 1
3653 1
3657 1
3660 1
3663 1
3665 1
3676 1
3680 1
3681 1
3683 1
3684 1
3685 1
3687 1
3688 2
3695 1
3696 1
3699 1
3705 1
3708 3
3710 1
3716 1
3739 1
3741 1
3742 1
3743 1
3744 1
3746 1
3750 1
3751 1
3753 1
3758 1
3759 1
3760 1
3761 1
3765 1
3769 1
3774 1
3776 1
3780 1
3784 1
3786 2
3787 2
3789 1
3792 1
3796 1
3799 1
3802 1
3804 1
3812 1
3814 1
3820 1
3824 1
3829 1
3830 2
3835 1
3836 1
3837 2
3840 1
3843 1
3848 2
3853 1
3854 2
3856 1
3863 1
3865 1
3868 1
3869 1
3871 2
3878 2
3882 1
3887 1
3890 1
3891 1
3892 1
3893 3
3894 1
3900 1
3903 1
3905 2
3909 1
3913 1
3915 1
3916 1
3917 1
3918 1
3921 1
3924 1
3925 1
3932 1
3933 1
3934 1
3939 1
3941 2
3942 1
3943 1
3946 1
3948 1
3952 1
3953 1
3954 1
3958 1
3960 1
3961 1
3965 1
3969 2
3974 1
3977 1
3979 1
3982 1
3983 1
3984 1
3991 1
3994 2
3996 1
3997 1
4000 1
4009 1
4012 1
4013 1
4015 1
4020 2
4022 1
4031 1
4032 1
4033 1
4036 1
4037 1
4039 2
4040 2
4041 1
4042 1
4043 1
4052 1
4053 1
4064 1
4070 1
4071 1
4072 1
4073 1
4075 1
4077 1
4082 1
4083 1
4087 1
4088 1
4090 1
4092 1
4095 1
4098 1
4100 1
4101 1
4102 1
4103 1
4104 1
4108 1
4109 1
4111 1
4115 1
4116 1
4118 2
4119 1
4120 1
4122 1
4123 1
4124 1
4126 2
4130 1
4131 2
4133 1
4134 1
4136 1
4140 1
4143 2
4145 1
4149 1
4151 1
4157 1
4158 1
4160 2
4164 1
4166 1
4168 1
4169 1
4173 1
4176 1
4179 1
4181 1
4185 3
4186 1
4188 1
4191 1
4192 2
4193 2
4196 1
4199 1
4204 1
4209 1
4210 1
4215 1
4219 1
4222 1
4223 1
4224 2
4226 1
4227 2
4234 2
4237 2
4238 1
4239 1
4247 3
4249 3
4253 1
4255 1
4257 1
4265 1
4269 1
4270 1
4271 1
4272 1
4273 1
4275 1
4276 1
4278 1
4280 1
4285 1
4286 1
4288 1
4289 2
4290 1
4292 1
4297 1
4298 1
4304 2
4306 1
4309 1
4313 1
4315 1
4317 2
4321 1
4323 1
4325 2
4326 2
4328 3
4335 1
4338 1
4340 1
4341 1
4348 2
4352 1
4353 1
4356 1
4359 1
4364 1
4366 2
4368 2
4369 2
4371 1
4372 1
4373 1
4375 1
4376 4
4378 1
4382 1
4384 1
4387 1
4389 1
4392 1
4393 2
4395 1
4396 1
4397 1
4398 1
4400 2
4404 1
4407 1
4409 1
4415 1
4417 1
4419 1
4421 1
4422 1
4426 1
4427 1
4429 1
4431 1
4432 1
4433 1
4438 1
4439 1
4443 1
4444 1
4446 1
4447 1
4448 2
4450 1
4452 1
4455 1
4456 1
4457 2
4459 1
4460 1
4462 2
4463 1
4464 2
4467 1
4470 1
4471 1
4474 2
4475 1
4476 1
4477 1
4478 1
4479 1
4480 1
4482 2
4487 2
4489 1
4490 1
4492 1
4495 1
4504 1
4505 1
4507 1
4508 1
4513 2
4516 1
4517 1
4518 1
4520 1
4522 2
4523 2
4525 3
4527 1
4529 1
4535 1
4536 1
4537 1
4538 1
4539 1
4541 2
4542 1
4544 1
4548 1
4554 1
4556 1
4558 1
4559 2
4561 1
4565 2
4566 1
4568 1
4569 1
4570 1
4571 1
4575 1
4576 1
4578 1
4579 1
4580 1
4581 2
4582 1
4583 1
4592 2
4593 2
4595 1
4599 1
4601 1
4603 3
4604 1
4605 1
4606 1
4608 1
4609 1
4611 1
4612 1
4613 1
4614 1
4616 1
4620 2
4621 1
4622 1
4626 2
4627 2
4629 1
4631 2
4632 1
4633 1
4634 1
4637 1
4641 1
4642 1
4645 1
4646 1
4647 1
4648 1
4650 1
4653 1
4654 1
4655 1
4657 2
4658 1
4659 1
4660 1
4661 1
4662 2
4665 2
4669 1
4670 1
4671 1
4672 2
4673 2
4679 1
4682 2
4684 3
4686 1
4688 2
4690 1
4692 1
4695 2
4696 1
4697 1
4703 2
4704 2
4708 1
4710 1
4711 1
4712 1
4715 2
4720 2
4721 1
4722 2
4723 1
4724 3
4725 1
4727 1
4728 1
4729 1
4731 1
4732 2
4738 1
4739 1
4740 1
4741 1
4744 1
4748 1
4749 2
4753 1
4756 2
4758 1
4759 1
4760 1
4763 1
4765 1
4771 1
4773 1
4775 2
4776 1
4777 1
4778 1
4780 1
4786 1
4788 1
4791 1
4792 1
4793 1
4794 1
4796 1
4799 1
4801 2
4803 1
4804 1
4806 1
4807 1
4808 2
4810 1
4811 2
4812 1
4813 1
4814 2
4815 1
4817 1
4818 2
4819 2
4820 1
4821 1
4822 1
4826 1
4827 1
4828 1
4832 1
4833 1
4837 1
4839 2
4845 1
4848 2
4850 2
4851 1
4852 1
4854 1
4856 2
4857 2
4860 1
4861 1
4864 1
4866 1
4867 1
4869 2
4870 1
4871 1
4873 2
4874 1
4878 1
4879 2
4880 1
4881 2
4883 1
4887 2
4891 1
4892 1
4894 1
4895 1
4896 1
4897 2
4898 2
4899 1
4902 2
4903 1
4905 3
4910 1
4911 1
4912 3
4913 1
4914 1
4915 2
4917 1
4920 1
4921 2
4922 1
4924 1
4925 1
4926 1
4927 1
4928 1
4930 1
4932 1
4933 1
4935 1
4936 2
4937 3
4939 3
4943 1
4948 4
4950 1
4955 1
4957 1
4958 2
4959 1
4960 1
4961 2
4962 1
4964 3
4968 2
4970 1
4972 1
4976 2
4977 2
4978 1
4981 1
4982 1
4983 1
4985 2
4987 1
4989 2
4992 1
4993 1
4996 1
5000 1
5001 2
5002 2
5003 2
5005 2
5006 1
5009 2
5010 1
5011 1
5013 2
5014 1
5015 2
5016 2
5017 1
5018 2
5021 1
5026 2
5027 1
5028 2
5034 1
5036 2
5038 1
5040 1
5042 1
5044 2
5046 1
5047 1
5048 1
5049 1
5051 2
5052 1
5054 2
5056 2
5057 1
5059 2
5061 1
5064 2
5066 2
5067 1
5068 2
5070 1
5071 1
5076 1
5077 1
5079 1
5080 2
5081 1
5083 2
5085 1
5087 1
5088 2
5090 1
5093 1
5095 2
5096 1
5097 2
5100 1
5103 2
5104 2
5105 3
5107 2
5109 1
5110 1
5114 1
5115 1
5121 2
5127 1
5130 1
5131 3
5132 1
5134 1
5136 2
5138 2
5140 1
5142 2
5143 1
5144 1
5145 3
5147 2
5148 1
5149 1
5150 3
5151 1
5152 2
5155 3
5157 2
5158 2
5159 2
5160 1
5161 1
5163 1
5164 1
5165 1
5166 1
5167 1
5169 1
5170 2
5171 1
5172 1
5173 1
5175 1
5176 1
5177 1
5178 1
5179 1
5183 2
5184 1
5185 1
5186 1
5188 1
5191 1
5192 1
5193 2
5194 2
5195 2
5200 2
5201 3
5203 1
5204 1
5206 2
5208 1
5210 2
5211 1
5212 2
5213 2
5214 1
5215 1
5217 2
5222 1
5223 1
5225 2
5226 2
5227 2
5228 1
5229 2
5231 1
5234 3
5235 1
5236 3
5241 1
5242 1
5243 2
5246 1
5247 1
5249 2
5250 1
5252 1
5253 3
5254 2
5255 1
5256 1
5257 1
5258 2
5259 1
5261 3
5264 1
5267 2
5268 2
5269 1
5271 1
5276 1
5277 1
5280 2
5281 1
5283 2
5284 1
5286 1
5287 1
5288 1
5289 1
5291 2
5292 3
5293 1
5294 1
5295 2
5296 1
5299 1
5301 1
5302 1
5304 3
5306 2
5308 1
5312 1
5314 3
5315 1
5317 1
5319 1
5320 2
5321 1
5324 1
5325 1
5331 1
5332 1
5333 2
5334 1
5335 1
5337 3
5338 1
5340 2
5341 1
5342 1
5343 1
5344 2
5345 1
5346 1
5347 2
5348 2
5349 1
5350 1
5352 1
5353 1
5355 2
5356 2
5357 2
5358 1
5359 1
5360 1
5361 2
5365 1
5368 1
5371 3
5372 2
5374 2
5375 1
5376 1
5378 2
5380 1
5382 2
5383 3
5384 1
5385 2
5386 1
5390 1
5391 1
5392 2
5394 1
5396 2
5399 2
5400 2
5402 1
5403 2
5405 2
5408 1
5409 1
5410 3
5411 1
5412 3
5413 1
5416 2
5417 1
5420 3
5422 1
5424 1
5425 1
5426 1
5427 1
5431 1
5432 1
5433 1
5434 1
5435 2
5436 2
5437 3
5438 1
5439 1
5441 3
5443 1
5444 4
5446 1
5449 1
5450 2
5451 1
5452 1
5453 1
5459 2
5460 1
5461 2
5463 2
5465 2
5466 1
5467 1
5469 1
5472 1
5474 2
5475 1
5476 1
5477 1
5481 1
5482 1
5483 1
5486 1
5487 2
5489 3
5490 2
5491 1
5492 1
5494 3
5496 1
5498 1
5499 1
5500 1
5501 3
5502 1
5503 3
5505 1
5506 2
5507 2
5508 1
5511 2
5514 2
5515 2
5516 2
5517 1
5518 1
5520 2
5521 1
5522 1
5524 1
5525 1
5527 1
5528 3
5532 1
5533 1
5535 1
5538 3
5539 3
5540 1
5541 1
5542 1
5544 2
5545 1
5547 1
5548 1
5549 1
5550 2
5554 1
5556 2
5557 2
5558 1
5559 2
5565 1
5566 2
5567 1
5570 1
5571 2
5572 1
5573 1
5575 2
5577 1
5579 1
5580 1
5581 1
5582 1
5583 1
5584 2
5585 2
5586 1
5587 2
5590 6
5591 1
5592 2
5593 3
5595 1
5596 1
5597 1
5598 1
5600 1
5601 1
5602 1
5605 3
5606 1
5607 1
5608 1
5609 2
5610 2
5612 1
5613 1
5616 1
5618 3
5620 1
5621 1
5623 1
5624 2
5625 1
5626 1
5627 3
5629 2
5632 1
5635 2
5636 5
5637 1
5638 2
5639 1
5641 1
5642 1
5643 1
5644 1
5646 1
5647 1
5648 1
5649 3
5650 1
5652 2
5656 1
5657 1
5658 1
5660 3
5662 1
5664 1
5666 1
5667 1
5668 1
5669 3
5670 2
5671 2
5673 2
5674 1
5675 2
5676 1
5677 2
5680 1
5681 2
5683 1
5684 2
5687 1
5688 3
5689 3
5690 2
5691 3
5693 2
5694 2
5696 2
5697 1
5698 1
5699 3
5700 3
5702 1
5703 4
5704 2
5705 1
5706 2
5708 1
5709 1
5711 3
5712 2
5714 2
5715 2
5716 3
5718 2
5719 1
5722 3
5724 1
5726 1
5727 3
5729 1
5730 2
5731 1
5732 1
5734 2
5736 1
5737 1
5738 1
5739 3
5740 2
5741 2
5742 1
5744 1
5747 3
5749 1
5752 1
5753 1
5754 1
5755 2
5756 4
5758 1
5759 1
5760 1
5761 1
5763 1
5764 2
5765 2
5766 1
5767 2
5768 2
5771 1
5772 2
5775 3
5776 1
5778 1
5779 1
5780 1
5781 3
5783 2
5784 1
5785 1
5787 1
5788 2
5789 1
5790 1
5791 3
5792 3
5793 3
5794 2
5795 1
5797 2
5800 2
5806 4
5809 1
5814 1
5815 1
5817 2
5818 1
5819 2
5820 1
5821 2
5822 1
5823 1
5824 1
5825 1
5826 1
5828 1
5830 3
5831 1
5832 1
5833 2
5835 3
5837 2
5838 2
5840 1
5843 2
5845 4
5846 2
5847 2
5848 1
5849 1
5850 1
5851 1
5853 1
5855 1
5857 1
5858 1
5859 2
5860 1
5861 1
5863 1
5864 1
5866 2
5867 1
5869 1
5870 2
5871 1
5872 2
5873 1
5874 2
5876 4
5878 1
5879 1
5880 1
5881 1
5882 3
5883 3
5884 3
5885 1
5888 2
5889 2
5891 1
5894 3
5895 1
5896 1
5900 4
5901 1
5902 1
5904 1
5905 1
5907 2
5909 1
5910 2
5913 2
5914 2
5915 2
5916 1
5917 1
5919 1
5921 2
5922 4
5923 1
5924 4
5925 1
5926 1
5927 1
5928 1
5929 2
5931 2
5933 1
5934 1
5935 1
5936 1
5937 2
5938 3
5939 1
5940 2
5941 2
5942 2
5943 1
5944 1
5946 3
5947 1
5948 1
5949 3
5951 1
5952 1
5955 3
5956 1
5957 2
5959 1
5961 1
5962 1
5963 1
5964 2
5965 1
5966 1
5967 1
5968 1
5969 1
5970 2
5971 1
5972 2
5973 1
5974 3
5975 1
5976 1
5977 1
5979 1
5980 3
5981 1
5982 2
5983 2
5985 2
5988 1
5989 2
5991 3
5992 3
5993 1
5994 3
5996 1
5997 1
5998 1
6000 1
6001 1
6002 2
6004 1
6005 3
6007 1
6008 1
6010 1
6012 1
6013 2
6015 1
6016 3
6019 1
6020 1
6021 1
6022 1
6023 1
6025 5
6026 1
6027 1
6028 2
6029 3
6030 2
6031 1
6032 3
6033 2
6035 1
6036 2
6037 1
6039 1
6040 3
6043 2
6044 3
6045 4
6046 2
6047 2
6050 1
6053 2
6055 2
6056 2
6059 4
6060 2
6061 1
6062 1
6063 1
6064 1
6066 1
6067 3
6068 1
6070 3
6071 2
6072 2
6073 2
6074 3
6075 1
6076 1
6077 1
6078 3
6082 1
6083 1
6084 1
6085 1
6086 1
6087 1
6088 1
6090 1
6091 1
6093 2
6095 2
6096 1
6097 1
6098 1
6100 1
6103 2
6104 2
6105 1
6106 1
6108 1
6109 1
6110 3
6111 1
6112 2
6113 2
6114 1
6115 1
6116 2
6118 1
6119 3
6120 1
6121 3
6122 1
6123 5
6124 2
6125 1
6126 2
6127 1
6129 3
6131 3
6132 2
6134 3
6135 2
6136 1
6137 2
6138 3
6139 1
6140 1
6141 1
6144 1
6146 1
6147 2
6148 2
6149 1
6150 1
6151 1
6153 2
6154 3
6155 1
6157 3
6160 1
6161 1
6162 3
6163 1
6164 3
6165 3
6170 1
6171 2
6172 1
6173 2
6174 2
6175 3
6176 1
6177 2
6178 2
6179 2
6180 2
6181 1
6182 2
6185 1
6186 1
6188 3
6189 2
6190 1
6191 4
6193 1
6194 1
6195 2
6196 1
6198 1
6199 5
6201 1
6202 2
6203 2
6204 1
6205 1
6206 1
6207 1
6208 1
6209 1
6210 3
6211 1
6212 1
6213 3
6214 2
6215 1
6216 4
6218 1
6219 1
6220 2
6221 1
6222 3
6223 2
6225 1
6226 3
6227 3
6228 2
6229 3
6230 1
6232 2
6233 2
6234 1
6235 1
6237 2
6238 3
6239 2
6240 1
6241 1
6244 2
6245 1
6247 1
6249 1
6250 1
6251 2
6253 2
6254 2
6255 2
6256 3
6257 1
6258 2
6259 1
6260 2
6261 2
6263 2
6265 2
6266 1
6267 1
6268 3
6269 3
6270 2
6271 1
6272 1
6273 1
6275 1
6277 1
6278 4
6279 1
6280 4
6281 1
6282 2
6283 1
6284 1
6285 2
6286 2
6290 1
6293 3
6294 3
6295 2
6296 1
6297 1
6298 2
6299 1
6300 1
6301 2
6302 1
6303 2
6304 1
6306 2
6307 1
6311 4
6312 1
6313 1
6314 1
6315 1
6317 3
6318 2
6319 2
6320 3
6322 1
6323 3
6324 2
6325 1
6326 3
6327 1
6328 1
6329 2
6330 1
6331 1
6332 2
6335 2
6336 1
6337 2
6338 1
6339 1
6345 4
6347 1
6348 2
6349 1
6350 2
6352 1
6353 1
6354 1
6355 1
6356 3
6357 4
6358 2
6359 1
6360 2
6361 1
6362 1
6363 2
6364 1
6366 1
6368 1
6369 4
6371 2
6372 2
6374 1
6375 2
6376 3
6377 2
6379 1
6381 2
6382 1
6384 3
6385 1
6386 1
6387 2
6388 4
6389 2
6391 2
6392 2
6394 1
6396 2
6397 1
6399 3
6400 2
6401 2
6402 2
6403 1
6404 3
6405 2
6406 2
6407 1
6408 1
6409 2
6410 2
6411 1
6412 2
6414 2
6415 3
6416 1
6417 3
6418 1
6419 1
6420 2
6421 1
6422 1
6423 2
6424 1
6426 2
6427 1
6428 2
6429 2
6430 1
6432 1
6433 1
6435 3
6436 1
6437 1
6439 2
6440 1
6441 1
6443 3
6444 2
6445 1
6446 3
6447 1
6448 3
6449 1
6450 1
6451 4
6452 3
6453 3
6454 1
6455 2
6456 1
6459 1
6460 2
6462 2
6463 2
6464 2
6465 1
6466 3
6467 3
6468 2
6469 3
6470 2
6471 2
6472 1
6473 1
6474 1
6475 2
6476 1
6477 3
6478 2
6479 4
6480 1
6481 1
6482 4
6483 1
6485 3
6486 2
6487 1
6488 2
6490 3
6491 1
6492 1
6493 1
6494 5
6495 1
6496 1
6497 1
6498 1
6501 2
6502 3
6503 1
6504 1
6505 2
6506 1
6508 1
6509 5
6510 3
6511 1
6513 3
6516 1
6517 1
6518 2
6519 1
6520 3
6521 3
6523 2
6525 1
6526 1
6527 1
6528 2
6530 2
6531 1
6532 1
6533 3
6534 1
6535 3
6536 1
6537 1
6538 1
6539 1
6540 1
6541 2
6542 1
6543 1
6544 4
6545 1
6546 2
6547 1
6548 1
6549 2
6551 2
6554 4
6555 4
6556 1
6557 1
6558 3
6559 1
6560 2
6562 2
6564 4
6566 3
6568 1
6569 2
6570 3
6571 3
6572 4
6573 1
6574 1
6575 1
6576 1
6577 1
6578 1
6579 1
6582 1
6583 2
6584 2
6585 3
6588 2
6589 2
6590 1
6592 2
6593 2
6595 2
6596 2
6597 1
6598 1
6599 2
6600 1
6601 1
6602 1
6603 1
6605 1
6606 2
6607 2
6609 3
6610 2
6611 3
6612 3
6613 2
6614 3
6615 2
6616 2
6617 2
6621 2
6622 1
6623 2
6624 3
6625 2
6626 3
6627 1
6628 1
6629 1
6630 1
6632 1
6634 4
6635 1
6636 1
6638 2
6639 1
6640 1
6642 2
6643 2
6645 3
6647 1
6648 1
6649 3
6650 1
6651 1
6652 3
6653 1
6654 2
6655 3
6656 1
6657 3
6658 3
6659 1
6660 1
6661 1
6662 4
6663 2
6664 1
6667 2
6668 2
6669 1
6670 2
6673 3
6674 1
6675 2
6676 2
6677 1
6678 1
6679 4
6680 1
6681 1
6682 1
6683 2
6684 1
6685 2
6686 4
6687 2
6688 1
6689 1
6690 1
6691 1
6692 2
6693 5
6695 2
6698 1
6699 1
6700 1
6701 5
6703 4
6704 4
6705 1
6706 1
6708 1
6709 1
6710 2
6711 1
6712 2
6713 3
6714 1
6715 1
6716 1
6717 4
6718 3
6719 3
6720 2
6721 1
6724 2
6725 2
6726 1
6727 2
6728 2
6730 1
6731 1
6732 3
6733 3
6734 2
6735 1
6736 2
6737 1
6738 3
6739 1
6740 1
6741 2
6742 2
6743 3
6744 2
6745 1
6746 2
6747 2
6748 3
6749 2
6750 1
6751 1
6752 1
6753 1
6754 3
6755 4
6756 2
6757 1
6758 1
6759 1
6760 3
6761 2
6762 2
6763 1
6764 2
6765 2
6766 2
6767 2
6768 2
6770 3
6771 1
6772 1
6773 3
6774 2
6776 3
6777 1
6779 2
6780 2
6781 1
6782 1
6783 2
6784 2
6785 1
6786 1
6787 1
6788 1
6789 1
6790 1
6791 3
6792 1
6793 1
6794 1
6795 4
6797 1
6798 2
6799 4
6800 1
6801 3
6802 3
6803 1
6804 4
6806 2
6807 5
6808 4
6809 4
6811 4
6812 1
6814 1
6815 1
6817 1
6818 1
6819 3
6820 1
6821 2
6822 3
6823 3
6824 4
6825 1
6826 2
6827 1
6829 1
6830 1
6832 2
6833 1
6834 2
6835 1
6836 1
6838 2
6839 2
6840 2
6841 1
6842 5
6843 1
6844 1
6845 2
6846 2
6848 1
6849 3
6850 2
6851 1
6852 3
6853 3
6854 1
6855 2
6856 1
6857 2
6858 2
6859 1
6860 1
6861 2
6862 3
6863 1
6864 1
6865 3
6867 1
6868 1
6869 1
6871 1
6873 1
6874 2
6876 3
6877 1
6878 1
6879 2
6881 1
6882 2
6883 1
6884 2
6885 1
6886 3
6887 3
6888 1
6889 3
6890 1
6891 3
6892 1
6893 2
6894 1
6895 1
6896 1
6897 2
6898 3
6899 1
6900 2
6901 3
6902 4
6903 1
6904 2
6905 3
6906 1
6907 1
6908 2
6909 1
6910 4
6911 2
6912 1
6913 2
6914 2
6915 1
6916 2
6917 3
6918 1
6920 4
6921 2
6922 1
6923 1
6925 2
6926 1
6927 4
6928 1
6929 1
6932 2
6933 2
6936 1
6937 2
6938 1
6939 2
6940 3
6941 2
6942 1
6943 4
6944 5
6945 1
6946 1
6948 3
6949 2
6950 1
6951 4
6952 2
6953 2
6954 1
6955 3
6956 4
6957 2
6958 2
6959 2
6962 1
6963 1
6964 1
6965 2
6967 3
6968 2
6969 1
6970 4
6971 2
6972 2
6973 1
6974 3
6975 1
6976 1
6977 2
6978 3
6979 1
6981 3
6982 4
6983 1
6984 2
6985 1
6986 1
6987 1
6988 1
6989 3
6990 5
6991 3
6992 3
6994 1
6995 2
6997 1
6998 1
6999 3
7000 1
7001 5
7003 1
7004 1
7005 4
7006 3
7007 2
7008 4
7009 3
7010 2
7011 2
7012 4
7013 2
7014 2
7015 1
7016 2
7017 1
7018 2
7019 2
7020 2
7023 2
7024 1
7025 1
7026 1
7027 1
7028 1
7029 1
7030 1
7031 1
7032 2
7033 3
7034 2
7035 4
7036 1
7037 2
7038 1
7039 2
7040 3
7041 3
7042 3
7043 2
7044 2
7045 2
7046 3
7047 1
7048 3
7049 3
7051 1
7054 1
7055 1
7056 2
7057 4
7059 4
7060 3
7061 2
7062 1
7063 1
7064 2
7065 1
7066 2
7072 2
7073 4
7074 2
7075 2
7076 2
7077 2
7078 1
7079 1
7080 2
7081 1
7082 2
7083 1
7084 2
7085 1
7087 2
7088 2
7089 2
7090 3
7092 3
7093 3
7094 2
7095 1
7096 1
7097 3
7098 3
7099 3
7100 1
7101 1
7102 4
7103 2
7104 2
7105 3
7107 1
7108 2
7109 1
7110 4
7111 4
7112 2
7113 1
7114 2
7116 1
7117 1
7118 2
7120 1
7121 1
7123 2
7124 3
7125 1
7126 1
7127 2
7128 1
7129 1
7130 1
7131 2
7132 2
7133 1
7134 3
7135 4
7136 5
7137 1
7138 3
7139 4
7140 2
7141 2
7142 1
7143 3
7144 1
7145 2
7146 1
7147 1
7150 2
7151 2
7152 1
7153 2
7154 5
7155 4
7156 2
7157 2
7158 2
7159 1
7160 1
7161 1
7162 2
7163 2
7164 1
7165 3
7166 1
7167 4
7170 2
7171 1
7173 3
7174 3
7175 2
7177 2
7178 3
7179 1
7180 3
7181 2
7182 1
7183 3
7184 2
7185 1
7186 3
7188 2
7189 3
7190 2
7191 3
7192 2
7193 1
7194 1
7195 1
7196 2
7197 3
7198 4
7199 1
7200 1
7201 3
7202 1
7203 1
7205 3
7206 2
7208 4
7209 3
7211 2
7212 1
7213 1
7214 3
7215 2
7216 2
7218 3
7219 2
7220 1
7221 2
7222 4
7223 2
7224 2
7225 3
7227 1
7228 1
7229 3
7230 4
7231 1
7232 4
7233 1
7234 4
7236 3
7237 3
7238 2
7239 1
7240 1
7241 1
7242 5
7243 5
7244 2
7245 2
7246 1
7247 3
7248 3
7249 3
7250 2
7252 1
7253 2
7254 3
7256 4
7257 2
7258 3
7259 1
7260 1
7261 1
7262 2
7263 1
7264 2
7265 4
7266 1
7267 2
7268 1
7269 1
7271 3
7272 1
7273 4
7275 2
7276 1
7277 2
7278 2
7279 1
7280 1
7281 5
7282 1
7283 2
7284 2
7285 1
7287 3
7288 4
7289 2
7290 1
7292 1
7293 2
7294 2
7295 3
7296 2
7297 1
7298 1
7299 6
7300 4
7301 1
7302 3
7303 1
7304 2
7305 1
7306 2
7307 2
7309 3
7311 3
7312 4
7313 2
7314 1
7315 1
7317 1
7318 2
7319 2
7320 2
7321 1
7322 3
7323 2
7324 1
7325 1
7326 5
7327 2
7328 3
7330 3
7331 2
7332 2
7333 3
7334 3
7335 1
7336 1
7337 4
7338 2
7339 1
7340 4
7341 1
7342 1
7343 3
7344 1
7345 4
7346 2
7347 2
7348 2
7350 2
7351 2
7352 1
7353 1
7354 1
7355 2
7356 2
7357 3
7361 2
7362 2
7363 3
7364 1
7365 3
7366 2
7367 1
7368 3
7369 1
7371 4
7372 1
7373 2
7374 3
7375 4
7376 1
7378 2
7379 1
7380 1
7381 3
7383 2
7384 1
7385 2
7386 1
7387 2
7388 3
7389 3
7390 3
7391 5
7392 2
7393 2
7394 2
7396 3
7397 2
7398 1
7400 3
7401 1
7402 3
7403 1
7404 1
7405 2
7406 1
7407 3
7408 1
7409 1
7410 1
7412 2
7413 4
7414 1
7415 1
7416 2
7417 2
7418 1
7419 1
7420 2
7421 2
7422 3
7424 3
7425 1
7426 2
7427 2
7428 2
7429 2
7430 3
7431 3
7432 2
7433 2
7434 3
7435 2
7436 4
7437 2
7438 1
7439 1
7440 1
7441 2
7442 3
7443 3
7444 4
7445 1
7446 1
7447 2
7448 3
7449 2
7451 1
7452 1
7453 1
7454 2
7455 4
7456 2
7457 1
7458 3
7459 1
7460 1
7461 2
7462 3
7464 4
7465 3
7466 4
7467 3
7468 2
7469 1
7470 2
7471 2
7472 4
7473 2
7474 3
7475 2
7476 2
7477 2
7478 2
7479 3
7480 3
7481 2
7482 2
7483 4
7485 1
7486 2
7487 4
7488 1
7489 3
7490 3
7491 2
7492 4
7494 3
7495 5
7496 4
7497 3
7498 1
7499 2
7500 1
7501 2
7502 1
7503 3
7506 2
7507 1
7508 1
7509 5
7510 4
7511 4
7512 5
7513 1
7514 2
7515 1
7516 1
7517 3
7518 3
7519 1
7520 5
7521 3
7522 3
7523 2
7524 1
7525 1
7526 1
7527 3
7528 3
7529 2
7530 4
7531 1
7532 1
7533 3
7534 5
7535 1
7536 2
7537 3
7539 3
7540 3
7541 1
7542 2
7543 2
7544 2
7545 4
7546 2
7547 2
7548 1
7549 1
7550 2
7551 2
7552 2
7553 5
7554 2
7555 2
7557 1
7558 2
7559 2
7561 1
7562 3
7563 1
7564 3
7565 2
7566 2
7567 1
7569 2
7570 4
7571 3
7572 2
7573 2
7574 4
7575 1
7576 1
7577 3
7578 5
7579 3
7580 3
7581 4
7582 1
7584 2
7585 3
7586 4
7587 2
7588 2
7589 2
7590 4
7592 3
7593 4
7594 1
7596 1
7597 1
7598 4
7599 2
7600 3
7601 2
7603 1
7604 2
7605 3
7606 1
7608 2
7609 2
7610 1
7611 1
7612 4
7613 1
7615 2
7616 1
7617 1
7618 3
7619 1
7620 2
7621 5
7623 3
7624 2
7625 1
7626 1
7627 2
7628 4
7629 1
7631 5
7632 3
7633 1
7634 2
7636 3
7637 3
7638 2
7639 2
7640 2
7641 4
7643 4
7644 3
7646 1
7647 1
7648 1
7649 1
7650 2
7651 2
7652 1
7653 1
7654 1
7655 4
7656 2
7657 2
7658 3
7659 2
7660 2
7661 2
7662 2
7663 2
7664 2
7665 4
7666 3
7667 2
7668 1
7669 3
7670 3
7671 1
7672 4
7673 2
7674 2
7675 1
7676 1
7677 2
7678 4
7679 1
7680 3
7681 1
7682 4
7683 3
7684 3
7685 1
7686 1
7687 1
7688 2
7689 4
7690 1
7691 2
7692 1
7693 3
7694 1
7695 2
7696 3
7697 3
7698 2
7699 3
7700 4
7701 2
7702 2
7703 2
7704 1
7706 5
7707 1
7708 1
7711 2
7712 1
7713 2
7716 2
7717 2
7718 1
7719 4
7720 3
7721 2
7722 5
7723 4
7724 1
7725 2
7727 4
7728 2
7729 3
7730 5
7731 3
7734 5
7735 2
7736 1
7737 4
7739 1
7741 1
7742 1
7743 1
7744 4
7745 1
7746 2
7747 4
7748 2
7749 3
7750 2
7751 1
7752 3
7753 3
7754 3
7755 1
7756 1
7758 2
7760 3
7761 6
7762 1
7763 4
7764 1
7765 1
7766 3
7767 3
7768 2
7769 5
7770 2
7771 2
7772 2
7773 2
7774 1
7775 3
7776 3
7777 1
7778 3
7780 4
7781 1
7782 2
7783 2
7784 1
7785 1
7786 4
7787 5
7788 3
7789 2
7790 2
7791 3
7792 4
7793 2
7794 1
7795 2
7797 1
7798 5
7799 2
7800 3
7801 2
7802 1
7803 2
7804 2
7805 1
7806 3
7807 3
7808 1
7810 3
7811 3
7812 2
7813 1
7814 2
7816 2
7817 1
7818 3
7819 2
7820 4
7821 2
7822 4
7823 4
7824 3
7825 2
7826 2
7827 3
7828 3
7829 1
7830 1
7831 3
7832 2
7833 3
7834 2
7835 3
7836 1
7837 1
7838 2
7839 3
7841 3
7842 4
7843 3
7844 2
7845 4
7850 3
7851 4
7852 3
7853 2
7854 1
7855 2
7856 2
7857 3
7858 2
7859 2
7861 2
7862 2
7863 3
7865 5
7866 3
7867 3
7868 3
7869 2
7870 2
7871 3
7872 2
7873 2
7874 3
7875 1
7876 6
7877 3
7878 2
7879 2
7880 2
7881 2
7882 1
7883 3
7884 3
7886 2
7887 1
7888 1
7889 4
7890 4
7891 2
7892 1
7893 2
7894 1
7896 4
7897 1
7899 2
7900 1
7901 2
7902 3
7903 1
7904 2
7905 1
7906 1
7907 4
7908 2
7909 4
7910 5
7911 1
7912 2
7913 3
7914 3
7915 2
7916 1
7917 3
7918 3
7919 2
7920 2
7921 2
7922 6
7923 1
7924 3
7925 2
7926 2
7927 3
7928 1
7929 2
7930 5
7931 1
7932 2
7933 3
7934 1
7935 5
7936 4
7937 3
7938 1
7940 1
7941 3
7942 2
7943 1
7944 5
7945 1
7946 3
7947 1
7948 1
7949 2
7950 1
7952 4
7953 6
7954 1
7955 3
7956 3
7957 1
7959 4
7960 2
7961 2
7962 1
7963 3
7964 1
7965 2
7966 1
7967 1
7968 2
7969 4
7970 3
7971 3
7972 1
7973 2
7974 2
7975 3
7976 3
7977 4
7978 1
7979 2
7980 2
7981 1
7982 1
7983 1
7984 4
7985 1
7986 2
7987 6
7988 4
7989 1
7990 3
7991 1
7992 3
7993 2
7994 3
7995 2
7997 5
7998 1
7999 2
8000 5
8001 3
8003 1
8004 3
8005 3
8006 4
8007 2
8008 4
8009 1
8010 2
8011 3
8012 2
8013 4
8014 4
8015 4
8016 5
8017 3
8018 1
8019 3
8020 5
8021 4
8022 5
8023 1
8024 1
8025 4
8026 4
8027 3
8028 5
8029 1
8031 2
8032 2
8033 4
8034 1
8035 4
8036 2
8038 2
8039 5
8040 2
8041 2
8042 2
8043 1
8044 2
8045 2
8046 1
8047 2
8049 2
8050 2
8051 4
8052 1
8053 4
8054 3
8055 2
8056 4
8057 2
8058 3
8059 4
8060 2
8061 3
8062 3
8063 3
8066 4
8067 2
8069 3
8071 1
8072 2
8073 4
8074 2
8075 3
8076 3
8077 1
8078 6
8079 3
8080 2
8081 3
8082 2
8083 1
8084 3
8085 2
8086 2
8087 1
8088 1
8090 5
8091 3
8092 3
8093 1
8095 1
8096 1
8097 2
8098 3
8100 4
8101 3
8102 1
8103 1
8104 3
8105 5
8106 1
8107 2
8108 2
8109 4
8110 4
8111 2
8112 1
8114 1
8115 1
8116 3
8117 5
8118 3
8119 4
8120 1
8121 1
8122 2
8123 5
8124 3
8125 2
8126 2
8127 1
8128 2
8129 2
8130 1
8131 3
8132 4
8133 1
8134 3
8135 2
8136 3
8137 1
8138 1
8139 1
8140 1
8141 1
8142 2
8143 4
8144 3
8145 2
8147 2
8148 1
8149 1
8150 3
8151 1
8152 3
8153 3
8154 6
8155 3
8156 1
8157 2
8158 1
8159 2
8160 3
8161 1
8162 4
8163 3
8164 2
8165 1
8166 3
8167 3
8168 2
8169 2
8170 3
8172 1
8173 1
8174 2
8175 3
8176 2
8177 1
8178 1
8179 2
8180 2
8181 1
8182 3
8183 2
8184 1
8185 1
8186 2
8187 3
8188 2
8189 3
8190 1
8191 3
8192 1
8193 1
8194 1
8195 2
8197 4
8198 3
8199 3
8200 5
8201 4
8202 2
8203 1
8204 1
8205 2
8206 5
8207 3
8208 5
8209 3
8210 2
8211 3
8212 3
8213 3
8214 1
8215 2
8216 1
8217 3
8218 2
8219 2
8221 5
8222 6
8223 4
8224 2
8225 1
8226 3
8227 3
8228 2
8230 3
8232 1
8233 4
8234 2
8235 2
8236 1
8237 1
8238 1
8239 3
8240 2
8241 5
8242 3
8243 3
8244 1
8245 4
8246 3
8247 1
8249 1
8250 2
8251 3
8252 4
8253 3
8254 3
8255 2
8256 1
8257 3
8258 4
8259 3
8260 3
8261 3
8262 2
8263 2
8264 2
8265 3
8266 5
8267 1
8268 3
8269 3
8270 1
8271 2
8272 2
8273 3
8274 4
8275 2
8276 3
8277 2
8278 4
8279 1
8280 4
8281 2
8282 2
8283 2
8284 1
8285 2
8286 3
8287 2
8288 5
8289 3
8290 2
8291 4
8292 4
8293 3
8296 2
8297 3
8298 2
8299 3
8300 5
8301 1
8302 3
8303 2
8304 2
8305 3
8306 4
8307 2
8308 4
8309 5
8310 1
8311 5
8312 3
8313 2
8314 1
8315 5
8316 3
8318 1
8319 6
8320 1
8321 2
8322 2
8324 3
8325 3
8326 3
8327 2
8329 3
8330 2
8331 5
8332 3
8333 4
8334 2
8336 3
8337 2
8338 1
8339 2
8340 1
8341 1
8342 4
8343 3
8344 2
8345 2
8346 3
8347 2
8348 1
8349 4
8350 5
8351 1
8352 2
8353 4
8354 2
8355 3
8356 4
8357 4
8358 2
8359 1
8360 5
8361 3
8362 5
8363 2
8364 3
8365 1
8366 2
8367 1
8368 2
8369 3
8370 5
8371 4
8372 5
8373 1
8375 1
8376 4
8377 3
8378 2
8379 3
8380 1
8381 2
8382 1
8383 4
8384 3
8386 1
8387 3
8388 2
8389 2
8390 3
8391 5
8394 5
8395 4
8396 2
8397 2
8398 1
8399 3
8400 2
8401 1
8402 2
8403 1
8404 1
8405 3
8406 1
8407 5
8408 2
8409 4
8410 5
8411 3
8412 3
8413 2
8414 1
8415 4
8416 1
8417 3
8418 2
8419 2
8420 1
8421 1
8422 6
8423 2
8425 3
8427 3
8428 1
8429 2
8430 3
8431 1
8432 3
8433 2
8434 3
8435 3
8436 2
8437 2
8438 3
8439 2
8440 5
8441 3
8442 1
8443 3
8444 1
8445 2
8446 4
8447 1
8448 5
8449 3
8450 2
8451 5
8452 2
8453 2
8454 3
8455 4
8456 2
8457 4
8458 2
8459 2
8460 3
8461 5
8462 2
8463 2
8464 1
8465 2
8466 2
8467 1
8468 2
8470 2
8471 2
8472 1
8473 1
8474 6
8475 5
8476 3
8477 2
8478 1
8479 3
8480 3
8481 3
8482 3
8483 1
8484 2
8485 3
8486 2
8488 3
8489 3
8490 3
8491 3
8492 3
8493 1
8494 2
8495 3
8496 2
8497 2
8498 6
8499 6
8500 2
8501 3
8502 1
8504 4
8505 1
8506 2
8507 2
8508 4
8509 4
8510 4
8511 2
8512 1
8513 3
8515 3
8516 5
8518 1
8519 3
8520 2
8521 1
8522 2
8523 5
8524 1
8525 3
8526 3
8527 1
8529 2
8530 4
8531 3
8532 2
8533 4
8535 1
8536 1
8537 2
8538 3
8539 6
8540 4
8541 1
8542 3
8543 3
8544 4
8545 5
8546 4
8547 3
8548 1
8549 2
8550 3
8551 3
8552 2
8553 5
8554 6
8555 4
8556 3
8557 2
8558 3
8559 1
8560 2
8561 3
8562 2
8563 3
8564 4
8565 3
8566 3
8567 1
8568 3
8569 2
8570 2
8571 4
8572 3
8573 2
8574 3
8577 5
8578 5
8579 3
8580 3
8582 2
8583 2
8584 3
8585 3
8586 4
8587 1
8588 2
8589 4
8590 2
8591 1
8592 2
8593 1
8595 4
8596 2
8597 6
8598 3
8599 2
8600 2
8601 3
8602 4
8603 1
8604 1
8605 3
8606 1
8607 4
8608 3
8609 3
8610 5
8611 2
8612 2
8613 2
8614 2
8615 3
8616 1
8617 2
8618 3
8619 1
8620 4
8621 3
8622 1
8623 4
8624 3
8626 1
8627 1
8628 2
8629 3
8630 3
8631 1
8632 4
8633 1
8634 2
8635 4
8636 4
8637 3
8638 1
8639 2
8640 4
8641 4
8642 2
8643 3
8644 5
8645 1
8646 3
8647 4
8648 4
8649 3
8650 1
8651 1
8652 3
8653 2
8654 1
8655 3
8656 3
8657 2
8658 3
8659 2
8660 1
8661 4
8662 5
8663 3
8664 1
8665 2
8666 1
8667 2
8668 2
8669 2
8670 1
8671 1
8672 2
8673 2
8674 3
8675 5
8676 1
8677 2
8678 2
8679 1
8680 3
8681 2
8682 2
8683 2
8684 1
8685 3
8686 4
8687 3
8688 5
8689 4
8690 1
8691 1
8692 5
8693 4
8694 3
8695 2
8696 2
8698 3
8699 2
8700 2
8701 4
8702 2
8703 3
8704 2
8705 3
8706 4
8707 1
8708 4
8709 4
8710 2
8711 3
8712 1
8713 3
8714 4
8715 3
8716 3
8717 1
8718 2
8719 2
8720 1
8721 3
8722 2
8723 4
8724 1
8725 3
8726 5
8727 5
8728 3
8729 2
8730 2
8731 4
8732 3
8733 1
8734 3
8735 3
8737 3
8738 4
8739 5
8740 3
8741 2
8742 3
8743 3
8744 1
8745 2
8746 4
8747 3
8748 2
8749 3
8750 5
8751 3
8752 2
8753 1
8754 4
8755 3
8756 2
8757 3
8758 1
8760 1
8761 3
8762 2
8763 4
8764 2
8765 4
8766 4
8767 2
8768 4
8769 5
8770 2
8771 2
8772 4
8773 2
8774 2
8775 1
8776 3
8777 1
8778 3
8779 4
8780 4
8781 2
8782 1
8783 3
8784 3
8785 4
8786 4
8787 3
8788 4
8789 3
8790 3
8791 3
8792 3
8793 4
8794 1
8795 4
8796 5
8797 2
8798 2
8799 5
8801 3
8802 3
8803 2
8804 4
8805 4
8806 4
8807 6
8808 1
8809 1
8810 3
8811 6
8812 2
8813 1
8814 5
8815 3
8816 2
8817 3
8818 5
8819 2
8820 1
8821 3
8822 2
8823 1
8824 1
8825 1
8826 4
8827 1
8828 2
8829 3
8830 5
8831 4
8832 4
8833 2
8834 3
8835 4
8836 1
8837 4
8838 4
8839 1
8840 4
8841 5
8842 4
8843 1
8844 3
8845 4
8846 2
8847 2
8848 2
8849 1
8850 3
8851 2
8852 3
8853 1
8854 5
8855 4
8856 1
8857 2
8858 1
8859 1
8860 4
8861 2
8862 1
8863 3
8864 1
8865 2
8866 3
8869 3
8870 3
8871 3
8872 3
8873 1
8874 1
8875 5
8876 2
8877 2
8878 2
8879 4
8880 1
8881 3
8882 1
8883 3
8884 2
8885 2
8886 3
8887 2
8888 4
8889 4
8890 1
8891 1
8892 1
8893 2
8894 4
8895 5
8896 4
8897 2
8898 1
8899 2
8900 4
8901 4
8902 4
8903 2
8905 3
8906 2
8907 3
8908 3
8909 5
8910 6
8911 4
8912 2
8913 2
8914 3
8915 1
8916 3
8917 2
8918 3
8919 2
8920 1
8921 2
8922 3
8923 1
8924 1
8925 1
8926 2
8927 3
8928 3
8929 3
8930 3
8931 2
8932 3
8933 6
8934 4
8935 1
8936 1
8938 2
8939 5
8940 3
8941 4
8942 4
8943 2
8944 3
8945 2
8946 2
8947 1
8948 3
8949 2
8951 3
8952 2
8953 3
8954 2
8955 1
8956 1
8957 1
8958 1
8959 2
8960 2
8961 4
8962 1
8963 1
8964 4
8965 2
8966 4
8967 1
8968 2
8969 3
8970 2
8971 3
8972 4
8973 3
8974 2
8975 2
8976 4
8977 2
8978 3
8979 6
8980 4
8981 2
8982 1
8984 4
8985 5
8986 2
8987 3
8988 2
8989 2
8990 4
8991 5
8992 3
8993 3
8994 1
8995 3
8996 5
8997 2
8998 2
8999 3
9000 4
9001 3
9002 1
9003 6
9004 6
9005 2
9006 1
9007 3
9008 1
9009 3
9010 1
9012 4
9013 1
9014 2
9015 2
9017 3
9018 5
9019 4
9020 5
9021 5
9022 2
9023 1
9024 3
9025 2
9027 2
9028 2
9029 2
9030 6
9031 2
9032 2
9033 2
9034 2
9035 3
9036 3
9037 3
9038 5
9039 1
9040 5
9041 2
9042 4
9043 5
9044 4
9045 3
9046 1
9047 1
9048 3
9049 2
9050 5
9051 2
9052 2
9053 1
9054 4
9055 4
9056 2
9057 3
9058 3
9059 4
9060 3
9061 2
9062 3
9063 2
9064 4
9065 4
9066 2
9067 3
9068 3
9069 3
9070 3
9071 6
9072 4
9073 1
9074 1
9075 2
9076 1
9077 2
9078 2
9079 5
9081 4
9082 4
9083 5
9084 4
9085 4
9086 2
9087 6
9088 4
9089 1
9090 4
9091 2
9093 6
9094 5
9095 3
9096 1
9097 4
9098 4
9099 3
9100 3
9101 2
9102 3
9103 3
9104 2
9105 4
9106 2
9107 3
9108 3
9109 2
9110 6
9111 1
9112 3
9113 3
9115 3
9116 2
9117 1
9118 5
9119 3
9120 2
9121 4
9122 2
9123 2
9124 4
9125 5
9126 3
9127 1
9128 6
9129 3
9131 3
9132 2
9133 2
9134 4
9135 3
9136 5
9137 2
9138 3
9139 4
9140 3
9141 6
9142 2
9143 4
9144 2
9145 1
9146 4
9147 1
9148 4
9149 5
9150 1
9151 2
9152 1
9153 1
9154 1
9155 3
9157 2
9158 4
9159 3
9160 2
9161 2
9162 6
9163 4
9165 3
9166 4
9167 2
9168 1
9169 3
9170 4
9171 2
9172 4
9173 4
9174 4
9175 1
9176 1
9177 3
9178 4
9179 4
9180 1
9181 1
9182 2
9184 2
9185 4
9186 6
9187 5
9188 4
9189 2
9190 2
9191 4
9192 3
9193 2
9194 2
9196 3
9197 4
9198 2
9199 1
9200 4
9201 4
9202 1
9203 2
9204 3
9205 1
9206 3
9207 2
9208 3
9209 1
9210 2
9211 4
9212 1
9213 2
9214 2
9215 3
9217 1
9218 4
9219 4
9220 1
9221 2
9222 4
9223 1
9224 2
9225 4
9226 3
9227 5
9228 3
9229 2
9230 3
9231 5
9232 2
9233 3
9234 5
9235 2
9236 1
9237 5
9238 3
9239 3
9240 4
9241 3
9242 5
9243 1
9244 4
9245 1
9246 1
9248 1
9249 3
9250 4
9251 2
9252 1
9253 4
9254 2
9255 1
9256 4
9257 4
9258 2
9259 2
9260 3
9261 4
9262 3
9263 2
9264 3
9265 4
9266 2
9267 3
9268 5
9269 4
9270 4
9271 2
9272 3
9273 4
9274 5
9275 1
9276 5
9277 6
9278 4
9279 2
9280 2
9282 1
9283 4
9284 3
9285 3
9286 2
9287 3
9288 3
9289 4
9290 3
9291 3
9293 1
9294 3
9295 6
9296 2
9297 1
9298 5
9299 2
9300 1
9301 4
9302 3
9303 1
9304 2
9305 2
9306 1
9307 5
9308 5
9309 4
9310 1
9311 2
9312 2
9314 2
9315 3
9316 3
9317 3
9318 5
9319 1
9320 4
9321 3
9322 3
9323 4
9324 3
9325 4
9326 5
9327 3
9328 5
9329 4
9330 2
9331 2
9332 5
9333 3
9334 5
9335 6
9336 3
9337 3
9339 2
9340 5
9341 3
9342 3
9343 3
9344 1
9345 2
9346 3
9347 3
9348 2
9349 4
9350 3
9351 4
9352 4
9353 2
9354 1
9355 1
9356 3
9357 4
9358 1
9359 4
9360 4
9361 2
9362 3
9363 4
9364 2
9365 3
9366 1
9367 2
9368 2
9369 1
9370 4
9371 3
9372 1
9373 2
9374 5
9375 3
9376 6
9377 4
9378 2
9379 2
9380 4
9381 3
9383 3
9384 2
9385 1
9386 4
9387 2
9388 3
9389 3
9390 2
9391 2
9392 2
9393 1
9394 4
9395 1
9396 5
9397 2
9398 3
9399 6
9400 1
9401 2
9402 3
9403 2
9404 2
9405 3
9406 3
9407 2
9409 1
9410 4
9411 4
9412 1
9413 3
9414 5
9415 4
9416 3
9417 2
9418 4
9419 6
9420 3
9421 2
9422 3
9423 3
9424 3
9425 4
9426 5
9427 5
9428 4
9429 2
9430 2
9431 3
9433 1
9434 3
9435 2
9436 1
9437 3
9438 3
9439 4
9440 5
9441 3
9442 2
9443 2
9444 3
9445 1
9446 1
9447 1
9449 3
9450 2
9451 2
9452 3
9453 6
9454 3
9455 3
9456 4
9457 3
9458 3
9459 2
9460 4
9461 3
9462 2
9463 1
9464 5
9465 3
9466 2
9467 2
9468 3
9469 2
9470 2
9471 6
9472 4
9473 3
9474 4
9475 4
9476 1
9477 4
9478 5
9479 3
9480 3
9481 2
9482 1
9483 2
9484 3
9485 1
9487 4
9489 4
9490 5
9491 2
9492 3
9493 1
9494 3
9495 4
9496 1
9497 3
9498 3
9499 2
9500 3
9501 1
9502 4
9503 3
9504 4
9505 4
9506 4
9507 3
9508 2
9509 4
9510 2
9511 1
9513 1
9514 4
9515 2
9516 3
9517 4
9518 7
9519 3
9520 2
9521 2
9522 6
9523 5
9524 1
9525 5
9526 3
9527 1
9528 5
9529 6
9530 3
9531 1
9532 3
9533 3
9534 3
9535 4
9536 2
9537 1
9538 2
9539 1
9540 4
9541 2
9542 7
9543 5
9544 2
9545 1
9547 3
9548 6
9549 2
9550 1
9551 4
9553 4
9554 4
9555 1
9556 2
9557 3
9558 2
9559 6
9560 4
9561 2
9562 1
9563 3
9564 4
9565 4
9566 5
9567 6
9568 1
9569 3
9570 2
9571 4
9572 4
9573 2
9574 4
9575 4
9576 1
9577 1
9578 1
9579 2
9580 2
9581 5
9582 2
9583 3
9584 3
9585 3
9586 4
9587 2
9588 4
9589 3
9590 5
9591 1
9592 1
9593 7
9594 4
9595 2
9596 3
9597 4
9598 5
9599 2
9600 3
9601 2
9602 2
9604 4
9605 5
9606 4
9607 4
9608 3
9609 2
9610 3
9611 3
9612 3
9613 4
9614 3
9615 2
9616 5
9617 4
9618 3
9619 2
9620 6
9621 4
9622 3
9623 3
9624 3
9625 3
9626 4
9627 3
9628 4
9629 4
9630 2
9631 2
9632 4
9633 4
9634 2
9635 2
9636 2
9638 1
9639 4
9640 2
9641 2
9642 3
9643 3
9644 1
9645 2
9647 2
9648 3
9649 3
9650 3
9651 5
9652 3
9653 1
9654 6
9655 1
9656 1
9657 7
9658 2
9659 2
9660 4
9661 3
9662 3
9663 6
9664 4
9665 2
9666 1
9667 3
9668 2
9669 1
9670 2
9671 2
9672 4
9673 5
9674 4
9675 1
9676 3
9677 3
9678 2
9679 5
9680 3
9681 1
9682 4
9683 3
9684 2
9685 1
9686 1
9687 3
9688 5
9689 3
9690 2
9691 5
9692 6
9693 2
9695 4
9696 2
9697 4
9698 3
9700 3
9702 2
9703 1
9704 3
9705 4
9706 4
9707 4
9708 5
9709 3
9710 1
9711 3
9712 3
9713 3
9714 1
9715 3
9716 1
9717 2
9718 7
9719 3
9720 4
9721 2
9723 3
9724 2
9725 2
9726 5
9727 2
9728 4
9729 1
9730 7
9731 3
9732 2
9733 4
9734 1
9735 1
9736 2
9737 1
9738 1
9739 2
9740 2
9741 2
9742 4
9743 4
9744 2
9745 2
9746 2
9747 3
9748 3
9749 3
9750 5
9751 6
9752 4
9753 4
9754 4
9755 2
9756 2
9757 3
9758 4
9759 5
9760 4
9761 6
9762 1
9763 3
9764 1
9766 1
9767 2
9768 1
9769 5
9770 4
9771 4
9772 4
9773 2
9774 3
9775 5
9776 3
9777 1
9778 3
9779 2
9780 1
9781 6
9782 7
9783 6
9785 2
9786 2
9787 2
9788 2
9789 3
9790 4
9791 2
9792 1
9793 2
9794 3
9795 5
9796 6
9797 3
9798 5
9799 3
9800 3
9801 1
9802 2
9803 2
9804 2
9805 3
9806 5
9807 3
9808 4
9809 5
9810 3
9811 3
9812 5
9813 4
9814 4
9815 1
9816 4
9817 3
9818 2
9819 4
9820 6
9821 3
9822 4
9823 3
9824 2
9825 2
9826 4
9827 3
9828 2
9829 6
9830 2
9831 4
9832 1
9833 4
9834 5
9835 1
9836 3
9837 6
9838 3
9839 3
9840 3
9841 2
9842 1
9843 2
9844 3
9845 4
9846 5
9847 4
9848 2
9849 3
9850 4
9851 5
9852 2
9853 3
9854 4
9856 2
9857 4
9858 3
9859 4
9860 6
9861 3
9862 3
9863 3
9864 3
9865 3
9866 3
9867 4
9869 1
9870 3
9871 2
9872 5
9873 4
9874 5
9875 3
9876 4
9878 5
9879 6
9880 2
9881 4
9882 3
9884 4
9885 3
9886 3
9887 3
9888 5
9889 3
9890 2
9891 3
9892 1
9893 1
9894 3
9895 2
9896 5
9897 4
9898 5
9899 4
9900 1
9901 1
9902 1
9903 7
9904 4
9905 1
9906 3
9907 5
9909 4
9910 6
9911 1
9912 1
9913 2
9914 2
9915 5
9916 3
9917 3
9918 2
9919 2
9920 2
9921 3
9922 5
9923 2
9924 1
9925 5
9926 1
9927 3
9928 4
9929 3
9930 2
9931 1
9932 2
9933 1
9934 1
9935 2
9936 1
9937 4
9938 4
9939 1
9940 3
9941 5
9942 5
9943 1
9944 5
9945 5
9946 1
9948 3
9949 5
9950 4
9951 4
9952 3
9953 4
9954 1
9955 2
9956 3
9957 5
9958 6
9959 1
9960 4
9961 3
9962 2
9963 2
9964 5
9965 4
9966 3
9967 3
9968 2
9969 1
9970 3
9971 3
9972 4
9973 3
9975 3
9976 4
9977 2
9978 2
9979 5
9980 1
9981 1
9982 4
9983 4
9984 3
9985 1
9986 3
9987 3
9988 1
9989 4
9990 2
9991 2
9992 1
9993 1
9994 3
9995 4
9996 2
9997 3
9998 2
9999 3
10000 3
10001 3
10002 1
10003 3
10004 4
10005 2
10006 5
10007 5
10008 4
10009 3
10010 5
10011 1
10012 1
10013 4
10014 4
10015 2
10016 6
10017 3
10018 2
10019 3
10020 3
10021 3
10022 3
10023 7
10024 1
10025 1
10027 2
10028 5
10029 5
10030 2
10032 2
10033 1
10034 2
10035 4
10036 4
10037 2
10038 2
10039 5
10040 4
10041 3
10042 1
10043 4
10044 3
10045 2
10046 4
10047 5
10048 6
10049 2
10050 2
10051 5
10052 4
10053 3
10054 1
10055 3
10056 3
10057 1
10058 4
10059 3
10060 2
10061 4
10062 3
10063 4
10064 5
10065 2
10066 2
10067 3
10068 3
10069 2
10070 3
10071 2
10072 2
10073 2
10074 5
10075 2
10076 2
10077 4
10078 2
10079 1
10080 4
10081 3
10082 2
10083 2
10084 5
10085 1
10086 10
10087 6
10088 2
10089 4
10090 3
10091 2
10092 3
10093 5
10094 2
10095 2
10096 1
10097 3
10098 4
10099 4
10100 2
10101 1
10102 3
10103 4
10104 5
10105 5
10106 5
10107 5
10108 3
10109 3
10110 3
10111 5
10112 4
10113 4
10114 5
10115 4
10116 2
10117 4
10118 3
10119 3
10120 2
10122 2
10123 1
10124 2
10125 6
10126 2
10127 6
10128 4
10129 2
10130 3
10131 2
10132 3
10133 2
10134 1
10135 2
10136 3
10137 5
10138 4
10139 5
10140 3
10141 4
10142 3
10143 3
10144 3
10145 2
10146 2
10147 1
10148 3
10149 4
10150 4
10151 2
10152 5
10153 4
10154 3
10155 3
10156 5
10157 1
10158 3
10159 5
10160 3
10161 4
10162 4
10163 2
10164 2
10165 3
10166 4
10167 3
10168 6
10169 2
10170 4
10171 1
10173 1
10174 3
10175 6
10176 3
10177 3
10178 5
10179 2
10180 3
10181 2
10182 5
10183 2
10184 3
10185 3
10186 2
10187 2
10188 2
10189 5
10190 2
10191 2
10192 4
10193 6
10194 3
10195 5
10196 4
10197 4
10198 3
10200 3
10201 2
10202 4
10203 4
10204 2
10205 5
10206 5
10207 4
10208 3
10209 2
10210 3
10211 2
10212 1
10213 6
10214 1
10215 2
10216 5
10217 3
10218 3
10219 1
10220 2
10221 2
10222 2
10223 3
10225 1
10226 3
10227 2
10228 4
10229 2
10230 5
10231 5
10232 3
10233 2
10234 4
10235 2
10236 4
10237 3
10238 2
10239 5
10240 3
10241 3
10242 2
10243 5
10244 4
10245 2
10246 1
10247 5
10248 2
10249 3
10250 2
10251 2
10252 4
10253 6
10254 6
10255 4
10256 3
10257 4
10258 2
10259 6
10260 3
10261 2
10262 2
10263 2
10264 1
10265 2
10266 2
10267 1
10268 2
10269 4
10270 2
10272 3
10273 3
10274 4
10275 1
10276 4
10277 3
10278 2
10279 2
10280 3
10281 7
10282 4
10283 3
10285 2
10286 5
10287 4
10288 3
10289 1
10290 3
10291 1
10292 4
10293 3
10294 5
10295 3
10296 4
10297 4
10298 3
10299 4
10300 3
10301 5
10302 4
10303 1
10304 4
10305 5
10306 3
10307 4
10308 4
10309 2
10310 3
10311 4
10312 2
10313 4
10314 6
10315 1
10316 3
10317 4
10318 1
10319 3
10320 3
10321 7
10322 3
10323 1
10324 2
10325 2
10326 1
10327 4
10328 2
10329 2
10330 2
10331 4
10332 3
10333 3
10335 3
10336 3
10337 2
10338 8
10339 6
10340 2
10341 2
10342 5
10343 3
10344 5
10345 8
10346 3
10347 1
10348 1
10349 3
10350 4
10351 7
10352 4
10353 3
10355 2
10356 3
10357 2
10358 2
10359 5
10360 3
10361 1
10362 3
10363 2
10364 4
10365 3
10366 3
10367 3
10368 3
10369 1
10370 5
10371 3
10372 4
10373 2
10375 4
10376 6
10377 5
10378 4
10379 5
10380 3
10381 1
10383 7
10384 4
10385 4
10386 5
10388 2
10389 1
10390 4
10391 3
10392 4
10393 2
10394 3
10395 5
10396 4
10397 3
10398 1
10399 4
10400 2
10401 2
10402 4
10403 6
10404 3
10405 2
10406 4
10407 5
10408 5
10409 2
10410 1
10411 3
10412 1
10413 1
10414 6
10415 3
10416 1
10417 3
10418 5
10419 2
10420 2
10421 5
10422 3
10423 1
10424 2
10426 3
10427 2
10428 2
10429 3
10430 4
10431 2
10432 1
10433 3
10434 3
10435 3
10436 5
10437 4
10438 3
10439 6
10440 4
10441 4
10442 8
10443 4
10444 1
10445 3
10446 3
10447 2
10448 3
10449 7
10450 2
10451 3
10452 1
10453 2
10454 1
10455 3
10456 2
10457 3
10458 4
10459 3
10460 4
10461 3
10462 3
10464 1
10466 1
10467 6
10468 2
10469 3
10470 5
10471 6
10472 1
10473 2
10474 3
10475 1
10476 3
10477 2
10478 2
10479 2
10480 1
10481 4
10482 1
10483 6
10484 4
10485 2
10486 4
10487 4
10488 1
10489 1
10490 3
10491 2
10492 4
10493 5
10494 4
10495 1
10496 4
10497 4
10498 3
10499 5
10500 3
10502 2
10503 1
10504 3
10505 4
10506 4
10507 3
10508 5
10509 6
10510 2
10511 1
10512 5
10514 3
10515 3
10516 1
10517 2
10518 1
10519 3
10520 2
10521 6
10522 2
10523 3
10524 4
10525 5
10526 5
10527 2
10528 4
10529 4
10530 4
10531 2
10532 6
10533 4
10534 3
10535 3
10536 3
10537 4
10538 6
10539 6
10540 7
10541 1
10542 1
10543 2
10544 1
10545 5
10546 3
10547 4
10548 5
10549 2
10550 3
10551 4
10552 4
10553 2
10554 2
10555 2
10557 2
10558 3
10559 3
10560 6
10561 4
10562 5
10563 2
10564 2
10566 3
10567 3
10568 4
10569 5
10570 2
10571 2
10572 3
10573 2
10574 5
10575 6
10576 2
10577 3
10578 4
10579 2
10581 1
10582 2
10583 3
10584 6
10585 6
10586 5
10587 4
10588 2
10589 4
10590 3
10591 8
10592 4
10593 3
10594 2
10595 5
10596 1
10597 5
10598 4
10599 6
10600 2
10601 1
10602 2
10603 3
10604 3
10605 5
10606 2
10607 2
10608 3
10609 5
10610 5
10611 2
10612 3
10613 5
10614 2
10615 2
10616 6
10617 4
10618 1
10619 3
10620 3
10621 2
10622 4
10623 4
10624 3
10625 4
10626 2
10627 2
10628 5
10629 4
10630 6
10631 2
10632 6
10633 4
10635 2
10636 8
10637 5
10638 6
10639 5
10640 1
10641 4
10642 4
10643 5
10644 1
10645 1
10646 4
10647 2
10648 6
10649 3
10650 4
10651 3
10652 3
10653 4
10654 3
10655 5
10656 3
10657 3
10658 4
10659 2
10660 2
10661 4
10663 3
10664 2
10665 1
10666 4
10667 5
10668 1
10669 3
10670 4
10671 2
10672 4
10673 3
10674 2
10675 6
10676 4
10677 5
10678 2
10679 2
10680 1
10681 2
10682 5
10683 4
10685 3
10686 4
10687 3
10688 5
10689 4
10690 1
10691 1
10692 2
10693 2
10694 6
10695 5
10696 4
10697 3
10698 3
10699 1
10700 5
10701 4
10702 1
10703 3
10704 2
10705 2
10706 2
10707 6
10708 3
10709 2
10710 1
10711 5
10712 2
10713 2
10714 3
10715 2
10716 5
10717 3
10718 2
10719 1
10720 4
10721 3
10722 2
10723 3
10724 4
10725 2
10726 4
10727 4
10728 3
10729 3
10730 1
10731 5
10732 5
10733 4
10734 6
10735 2
10736 4
10737 3
10738 2
10739 7
10740 3
10741 2
10742 3
10743 1
10744 3
10745 3
10746 3
10747 3
10748 2
10749 3
10750 3
10751 4
10752 3
10754 2
10755 3
10756 2
10757 1
10758 3
10759 4
10760 3
10761 2
10762 4
10763 2
10764 1
10765 4
10766 2
10767 2
10768 3
10769 3
10770 4
10771 1
10772 2
10773 1
10774 9
10775 4
10776 3
10777 5
10778 4
10779 4
10780 2
10781 2
10782 2
10783 2
10784 2
10785 4
10786 5
10787 3
10788 2
10789 1
10790 2
10791 4
10792 5
10793 4
10794 3
10795 4
10796 2
10797 3
10798 3
10799 4
10800 1
10801 5
10802 5
10803 2
10805 4
10806 3
10807 3
10808 3
10810 1
10811 2
10812 2
10813 5
10814 2
10815 6
10816 5
10817 2
10818 5
10819 1
10820 2
10821 4
10822 2
10823 4
10824 3
10825 7
10826 4
10827 5
10828 3
10829 2
10830 3
10831 2
10832 2
10833 2
10835 1
10836 3
10837 3
10838 5
10839 4
10840 5
10841 3
10842 4
10843 4
10844 4
10846 4
10847 2
10848 1
10849 8
10850 3
10851 1
10852 2
10853 3
10854 2
10855 3
10856 7
10857 2
10858 3
10859 2
10860 3
10861 1
10862 4
10863 7
10864 4
10865 5
10866 4
10867 3
10868 4
10869 4
10870 6
10871 4
10872 5
10873 2
10874 2
10875 3
10876 3
10877 8
10878 3
10879 2
10880 4
10881 5
10882 4
10883 4
10884 4
10885 4
10886 3
10887 1
10888 6
10889 3
10890 5
10891 4
10892 1
10893 4
10894 5
10895 4
10896 5
10897 2
10899 1
10900 1
10901 4
10902 2
10903 5
10904 5
10905 3
10906 7
10907 1
10908 3
10909 3
10910 1
10911 2
10912 2
10913 2
10914 5
10915 4
10916 5
10917 2
10918 4
10919 4
10920 2
10921 3
10922 5
10923 1
10924 4
10925 4
10926 3
10927 5
10928 4
10929 3
10930 2
10931 7
10932 2
10933 2
10934 3
10935 4
10936 1
10937 3
10938 2
10939 4
10940 5
10941 6
10942 4
10943 3
10944 4
10945 4
10946 2
10947 10
10948 1
10949 5
10950 1
10952 3
10953 4
10954 4
10955 3
10956 2
10957 1
10958 4
10959 1
10960 3
10961 4
10962 1
10963 3
10964 4
10965 4
10966 2
10967 2
10968 4
10969 4
10970 4
10971 4
10972 4
10973 3
10974 5
10975 5
10976 3
10977 1
10978 6
10979 3
10980 4
10981 1
10982 3
10983 2
10984 4
10985 5
10986 4
10987 3
10988 2
10989 2
10990 2
10991 1
10992 7
10993 3
10994 3
10995 4
10996 1
10997 3
10998 3
10999 4
11000 1
11001 3
11002 3
11003 2
11004 3
11005 4
11006 4
11007 3
11008 2
11009 6
11010 5
11011 2
11012 4
11013 4
11015 3
11016 2
11017 2
11018 2
11019 4
11020 2
11021 2
11022 2
11023 2
11024 2
11025 4
11026 6
11027 4
11028 4
11029 2
11030 3
11031 4
11032 7
11033 5
11034 3
11035 2
11037 2
11038 5
11039 4
11040 2
11041 3
11042 3
11043 4
11044 4
11045 2
11046 2
11047 4
11048 3
11049 2
11051 3
11052 3
11053 2
11054 3
11055 5
11056 4
11057 1
11058 2
11059 5
11060 5
11061 2
11062 4
11063 4
11064 4
11065 4
11066 6
11067 5
11068 3
11069 2
11070 2
11071 9
11072 5
11073 4
11074 5
11075 2
11076 3
11077 3
11078 4
11079 2
11080 1
11081 2
11082 4
11083 3
11084 4
11085 2
11086 2
11087 2
11088 1
11089 6
11090 6
11091 5
11092 4
11093 4
11094 2
11095 3
11096 5
11097 3
11098 1
11099 2
11100 4
11101 2
11102 2
11103 4
11104 4
11105 3
11106 4
11107 3
11108 2
11109 2
11110 4
11111 2
11112 2
11113 1
11114 5
11115 3
11116 2
11117 5
11118 5
11119 2
11120 4
11121 3
11122 2
11123 6
11124 6
11125 3
11126 1
11127 4
11128 4
11129 3
11130 6
11131 6
11132 5
11133 2
11134 3
11135 5
11136 3
11137 2
11138 6
11139 1
11140 1
11141 4
11142 2
11143 3
11144 1
11145 3
11146 4
11147 3
11148 4
11149 4
11150 2
11151 1
11152 3
11153 2
11154 2
11155 8
11156 2
11157 4
11158 6
11159 4
11160 1
11161 5
11162 5
11163 2
11164 2
11165 2
11166 2
11167 2
11168 4
11169 5
11170 2
11171 5
11172 3
11173 2
11174 3
11175 1
11176 2
11177 4
11178 2
11179 3
11180 4
11181 6
11182 5
11183 1
11184 2
11185 2
11186 3
11187 5
11188 2
11190 1
11192 4
11193 5
11194 6
11195 3
11196 3
11197 5
11198 2
11199 1
11200 7
11201 2
11202 3
11203 2
11204 2
11205 5
11207 1
11208 2
11209 5
11210 1
11211 4
11212 5
11213 4
11214 3
11215 1
11216 5
11217 3
11218 5
11219 4
11220 5
11221 4
11222 3
11223 2
11224 5
11225 6
11226 5
11227 5
11228 7
11229 2
11230 1
11231 2
11232 2
11233 4
11234 4
11235 3
11236 5
11237 3
11238 3
11239 4
11240 2
11242 2
11243 2
11244 1
11245 2
11246 5
11247 2
11248 2
11249 2
11250 5
11251 3
11252 2
11253 1
11255 2
11256 5
11257 3
11258 2
11259 5
11260 4
11261 2
11262 5
11263 4
11264 1
11265 4
11266 3
11268 2
11269 1
11270 4
11271 5
11272 4
11273 3
11274 2
11275 3
11276 3
11277 5
11278 5
11279 4
11280 1
11281 5
11282 1
11283 3
11284 3
11285 4
11286 2
11287 5
11288 2
11289 3
11290 3
11291 2
11292 1
11293 4
11294 1
11295 4
11296 2
11297 3
11298 4
11299 2
11300 4
11301 4
11302 4
11303 4
11304 4
11305 4
11306 2
11307 3
11308 7
11309 2
11310 4
11311 4
11312 2
11313 3
11314 2
11315 3
11316 5
11317 4
11318 3
11319 3
11320 4
11321 4
11322 2
11323 3
11324 8
11325 4
11326 5
11327 4
11328 2
11329 4
11330 4
11331 5
11332 1
11334 2
11335 1
11336 6
11337 2
11338 5
11339 2
11340 3
11341 7
11342 3
11343 3
11344 3
11345 3
11346 3
11347 5
11348 1
11349 4
11350 2
11351 2
11353 2
11354 7
11355 4
11356 2
11357 6
11358 2
11359 3
11360 4
11361 2
11362 5
11363 4
11364 5
11365 5
11366 2
11367 3
11368 2
11369 3
11370 4
11371 5
11372 3
11373 3
11374 5
11375 2
11376 3
11377 2
11378 4
11379 2
11380 1
11381 4
11382 4
11383 2
11384 4
11385 4
11386 3
11387 2
11388 8
11389 4
11390 2
11391 3
11392 2
11393 3
11394 1
11395 5
11396 3
11397 1
11398 3
11399 5
11400 4
11401 5
11402 5
11403 3
11404 4
11405 4
11406 3
11407 3
11408 5
11409 4
11410 4
11411 6
11412 4
11413 1
11414 4
11415 6
11416 4
11417 4
11418 4
11419 4
11420 6
11421 6
11422 7
11423 2
11424 3
11425 3
11426 4
11427 11
11428 2
11429 2
11430 4
11431 1
11432 3
11433 4
11434 5
11435 3
11437 2
11438 3
11439 2
11440 3
11442 2
11443 1
11444 2
11445 5
11446 2
11447 4
11448 5
11449 4
11450 3
11451 4
11452 3
11453 4
11454 3
11455 4
11456 3
11457 3
11458 4
11459 2
11460 5
11461 1
11462 5
11463 3
11464 3
11465 5
11466 3
11467 3
11468 1
11469 3
11470 3
11471 2
11472 2
11473 4
11474 4
11475 4
11476 4
11477 1
11478 2
11479 6
11480 4
11482 3
11483 3
11484 2
11485 3
11486 4
11487 2
11488 3
11489 4
11490 4
11491 4
11492 2
11493 2
11494 4
11495 3
11496 2
11497 3
11498 1
11499 2
11500 1
11501 3
11502 3
11503 6
11504 5
11505 4
11506 2
11507 1
11508 3
11509 5
11510 4
11511 6
11512 3
11513 6
11514 3
11515 2
11516 3
11517 5
11518 4
11519 2
11521 2
11522 1
11523 2
11524 7
11525 2
11526 5
11527 3
11528 4
11529 3
11530 2
11531 1
11532 4
11534 3
11535 3
11536 1
11537 4
11538 4
11539 3
11541 3
11542 2
11543 3
11544 4
11545 1
11546 2
11547 2
11548 6
11549 4
11550 3
11551 4
11552 1
11553 5
11554 4
11555 6
11556 4
11557 5
11558 5
11559 4
11560 4
11561 1
11562 1
11563 2
11564 4
11565 5
11566 2
11567 4
11568 3
11569 3
11570 4
11571 3
11572 2
11573 4
11574 3
11575 1
11576 5
11577 4
11578 3
11579 2
11580 4
11581 4
11582 3
11583 1
11584 4
11585 2
11586 1
11587 3
11588 3
11589 1
11590 1
11591 5
11592 4
11593 5
11594 9
11595 4
11596 3
11597 3
11598 1
11599 1
11600 6
11601 5
11602 6
11603 3
11604 4
11605 2
11606 4
11607 5
11608 2
11609 1
11610 1
11611 3
11612 5
11613 2
11614 2
11615 5
11616 3
11617 4
11618 3
11619 5
11620 4
11621 2
11622 3
11623 3
11624 1
11625 4
11626 1
11627 3
11628 7
11629 3
11630 1
11631 2
11632 5
11633 3
11634 2
11635 9
11636 1
11637 6
11638 2
11639 2
11640 3
11641 2
11642 5
11643 5
11644 2
11645 3
11646 4
11647 1
11648 3
11649 4
11650 2
11651 5
11652 5
11653 3
11654 3
11655 2
11656 7
11657 5
11658 5
11659 6
11660 4
11661 2
11662 3
11663 4
11664 4
11665 1
11666 7
11667 4
11668 1
11669 2
11670 3
11671 2
11672 4
11673 5
11674 3
11675 2
11676 2
11677 3
11678 1
11679 3
11680 6
11681 3
11682 4
11683 1
11684 3
11685 4
11686 2
11687 5
11688 3
11689 2
11690 1
11691 4
11692 4
11693 5
11694 4
11695 2
11696 2
11697 6
11698 4
11699 2
11700 5
11701 4
11702 2
11703 5
11704 4
11705 4
11706 3
11707 3
11709 4
11710 5
11711 1
11712 2
11713 6
11714 1
11715 4
11716 6
11718 4
11719 3
11720 6
11721 3
11722 2
11723 4
11724 2
11725 1
11726 5
11727 3
11728 3
11729 2
11730 4
11731 4
11732 2
11733 1
11734 3
11735 3
11736 2
11737 4
11739 2
11740 3
11741 3
11742 3
11743 6
11744 5
11745 1
11746 1
11747 4
11748 5
11749 2
11750 5
11751 4
11752 2
11753 1
11754 5
11755 4
11756 5
11757 6
11758 5
11759 6
11760 2
11761 4
11762 3
11763 3
11764 6
11765 3
11766 3
11767 1
11768 1
11769 1
11770 3
11771 5
11772 2
11773 2
11774 2
11775 2
11776 3
11777 7
11778 5
11779 3
11780 2
11781 6
11782 5
11783 2
11784 2
11785 3
11786 1
11787 1
11788 5
11789 4
11790 2
11791 4
11792 3
11793 1
11794 4
11795 5
11796 1
11797 1
11798 2
11799 1
11800 2
11801 2
11802 3
11803 2
11804 5
11805 4
11806 5
11807 5
11808 4
11809 2
11810 2
11811 5
11812 3
11813 4
11814 2
11815 2
11816 4
11817 2
11818 2
11819 3
11820 5
11821 5
11822 3
11823 4
11824 4
11825 2
11826 5
11827 2
11828 3
11829 2
11830 1
11831 3
11833 2
11834 5
11835 4
11836 2
11837 1
11838 3
11839 3
11840 4
11841 5
11842 5
11843 3
11844 2
11845 6
11846 6
11847 7
11849 5
11850 6
11851 4
11852 3
11853 4
11854 3
11855 2
11856 5
11857 3
11858 3
11859 5
11860 5
11861 3
11862 1
11864 1
11865 5
11866 3
11867 2
11868 4
11869 6
11870 4
11871 2
11872 4
11873 3
11874 2
11875 4
11876 3
11878 1
11879 2
11880 6
11881 2
11882 5
11883 5
11884 6
11885 4
11886 3
11887 1
11888 6
11889 4
11890 4
11891 3
11892 4
11893 7
11894 2
11895 2
11896 2
11897 3
11898 3
11899 4
11900 2
11901 3
11902 2
11903 4
11904 6
11905 2
11906 5
11907 4
11908 3
11909 3
11910 7
11911 7
11912 3
11913 4
11914 5
11915 4
11916 2
11917 5
11918 1
11919 1
11920 5
11921 3
11922 2
11923 5
11924 5
11925 4
11926 2
11927 4
11928 3
11929 1
11930 3
11931 4
11932 4
11933 2
11934 6
11935 2
11936 2
11937 6
11938 4
11939 3
11940 5
11941 1
11942 2
11943 3
11944 6
11945 3
11946 1
11947 5
11948 6
11949 5
11950 6
11951 4
11952 2
11953 3
11954 1
11955 2
11956 5
11957 4
11958 5
11959 5
11960 2
11961 1
11962 2
11963 2
11964 3
11965 3
11966 3
11967 3
11968 2
11969 4
11971 4
11972 3
11973 5
11974 4
11975 1
11976 4
11977 3
11978 3
11979 4
11980 3
11981 4
11982 1
11983 4
11984 4
11985 2
11986 2
11987 2
11988 5
11989 2
11990 6
11991 5
11992 2
11993 4
11994 3
11995 3
11996 6
11997 2
11998 3
11999 4
12000 1
12001 3
12002 1
12003 3
12004 6
12005 3
12006 3
12007 3
12008 4
12009 3
12010 2
12011 3
12012 7
12013 4
12014 5
12015 5
12016 1
12017 3
12018 1
12019 4
12021 4
12022 4
12023 1
12024 3
12026 4
12027 1
12028 3
12029 6
12030 2
12031 1
12032 3
12033 2
12034 2
12035 8
12036 2
12037 5
12038 4
12039 1
12040 2
12041 2
12042 6
12043 3
12044 4
12045 4
12046 1
12047 6
12048 2
12049 3
12050 6
12052 2
12053 3
12054 2
12055 5
12056 3
12057 3
12058 3
12059 3
12060 6
12061 1
12062 2
12063 3
12065 3
12066 3
12067 3
12068 4
12069 5
12070 1
12071 3
12072 3
12073 1
12074 5
12075 3
12076 5
12077 3
12078 3
12079 1
12080 6
12081 2
12082 1
12083 1
12084 2
12085 2
12086 4
12087 7
12088 3
12089 3
12090 2
12091 2
12092 3
12093 5
12094 2
12095 3
12096 4
12097 2
12098 5
12099 6
12100 4
12102 3
12103 5
12104 3
12105 3
12106 6
12107 4
12108 3
12109 2
12110 4
12111 3
12112 4
12113 3
12114 3
12115 8
12116 2
12117 3
12118 1
12119 3
12120 5
12121 1
12122 5
12123 5
12124 1
12125 3
12126 3
12127 3
12128 3
12130 2
12131 1
12132 3
12133 6
12134 3
12135 3
12136 5
12137 7
12138 5
12139 6
12140 2
12141 4
12142 2
12143 2
12144 5
12145 3
12146 3
12147 2
12148 5
12150 5
12151 5
12152 1
12153 4
12154 2
12155 1
12156 1
12157 6
12158 5
12159 3
12160 2
12161 4
12162 2
12163 5
12164 6
12165 1
12166 3
12167 5
12168 3
12169 2
12170 3
12171 3
12172 2
12173 3
12174 4
12175 2
12176 4
12177 5
12178 3
12179 4
12180 4
12181 4
12182 5
12183 4
12184 4
12185 3
12187 4
12188 2
12189 4
12190 5
12191 6
12192 2
12193 3
12195 4
12196 5
12197 5
12198 4
12199 3
12200 4
12201 6
12202 4
12203 5
12204 3
12205 6
12206 6
12207 2
12208 1
12209 4
12210 2
12211 2
12212 7
12213 2
12214 4
12215 2
12216 4
12217 2
12218 1
12220 5
12221 2
12222 2
12223 3
12224 4
12225 1
12226 5
12227 7
12228 3
12229 2
12230 2
12231 3
12232 3
12233 1
12234 2
12235 3
12236 6
12237 4
12238 3
12239 5
12240 2
12241 4
12242 4
12243 5
12244 4
12245 5
12246 3
12247 2
12248 6
12249 3
12250 1
12251 1
12252 3
12253 1
12254 2
12255 5
12256 1
12257 3
12258 4
12259 6
12260 1
12261 3
12262 3
12263 2
12264 3
12265 3
12266 4
12267 3
12268 5
12269 3
12270 4
12271 1
12272 1
12273 4
12274 2
12275 2
12276 4
12277 3
12279 5
12280 3
12281 5
12282 7
12283 3
12284 3
12285 1
12286 2
12287 3
12288 6
12289 5
12290 5
12292 2
12293 5
12294 2
12295 5
12296 5
12298 1
12299 3
12300 3
12301 2
12302 1
12303 5
12304 4
12305 4
12306 2
12307 4
12308 5
12309 1
12310 2
12311 5
12312 1
12313 4
12314 2
12315 2
12316 3
12318 2
12320 5
12321 3
12322 2
12323 4
12324 3
12325 4
12326 3
12327 5
12328 3
12329 2
12330 4
12331 3
12332 1
12333 4
12334 5
12335 1
12336 5
12337 2
12338 4
12339 5
12340 3
12341 3
12342 2
12343 4
12344 6
12345 4
12346 9
12347 4
12348 1
12349 3
12350 2
12351 2
12352 6
12353 2
12354 2
12355 3
12356 2
12357 2
12358 4
12359 2
12360 5
12361 2
12362 1
12363 4
12364 1
12365 4
12366 3
12367 6
12368 2
12369 3
12370 5
12372 5
12373 5
12374 2
12375 5
12376 4
12377 4
12378 1
12379 5
12380 5
12381 4
12382 1
12383 1
12384 3
12385 5
12386 2
12387 3
12388 3
12389 3
12390 4
12391 7
12392 4
12393 4
12394 3
12395 2
12396 1
12397 5
12398 6
12399 3
12400 1
12401 4
12403 4
12404 5
12405 2
12406 5
12407 1
12408 3
12409 1
12410 3
12411 7
12412 3
12413 1
12414 5
12415 3
12416 4
12417 1
12418 3
12419 4
12421 3
12422 4
12423 4
12424 4
12425 3
12426 2
12427 3
12428 5
12429 3
12430 5
12431 5
12432 3
12433 2
12434 4
12435 4
12436 7
12437 4
12438 3
12439 2
12440 1
12441 2
12442 7
12443 4
12444 4
12445 6
12446 3
12447 2
12448 1
12449 6
12450 2
12451 2
12452 5
12453 3
12454 6
12455 2
12456 5
12457 1
12458 3
12459 5
12460 3
12461 3
12462 3
12463 3
12464 2
12465 4
12466 3
12467 5
12468 2
12469 4
12470 6
12471 2
12472 3
12473 4
12474 1
12475 2
12476 6
12477 2
12478 4
12479 5
12480 1
12481 3
12482 4
12483 6
12484 2
12485 1
12486 2
12487 2
12488 5
12489 3
12490 2
12491 3
12492 7
12493 3
12494 6
12495 7
12496 1
12497 1
12498 3
12499 2
12500 2
12501 3
12502 3
12503 3
12504 3
12506 4
12507 2
12508 2
12509 5
12510 2
12511 1
12512 4
12513 6
12514 3
12515 4
12516 2
12517 2
12519 6
12520 3
12521 1
12522 6
12523 4
12524 1
12525 2
12526 4
12527 4
12528 1
12529 4
12530 5
12531 1
12532 2
12533 5
12534 4
12535 8
12537 6
12538 5
12539 3
12540 4
12541 2
12542 2
12543 4
12544 3
12545 3
12546 2
12547 5
12548 3
12549 2
12550 1
12551 2
12552 1
12553 3
12554 3
12555 1
12556 5
12557 5
12558 4
12559 1
12560 8
12561 4
12562 1
12563 1
12564 1
12565 2
12566 1
12567 4
12568 4
12570 2
12571 4
12572 5
12573 5
12574 4
12575 1
12576 6
12577 2
12578 1
12579 2
12580 5
12581 4
12582 3
12583 5
12584 2
12585 2
12586 3
12587 2
12589 2
12590 1
12591 5
12592 6
12593 2
12594 3
12595 3
12596 2
12597 2
12598 6
12599 7
12600 3
12601 1
12602 3
12603 4
12604 3
12605 3
12606 1
12607 2
12608 3
12609 1
12610 1
12611 5
12612 2
12613 3
12614 3
12615 4
12616 3
12617 2
12618 2
12619 6
12620 3
12621 2
12622 4
12623 3
12624 5
12625 6
12626 5
12627 2
12628 4
12630 3
12631 4
12632 4
12633 3
12635 4
12636 4
12637 6
12638 9
12639 4
12640 1
12641 2
12642 2
12643 2
12644 5
12645 6
12646 2
12647 1
12648 1
12649 1
12650 2
12651 3
12652 3
12653 1
12654 1
12655 6
12656 1
12657 2
12659 6
12660 1
12661 5
12662 8
12663 4
12664 4
12665 1
12666 3
12667 5
12668 5
12669 5
12670 3
12671 3
12672 4
12673 2
12674 2
12675 3
12676 5
12677 2
12678 4
12679 2
12680 4
12681 2
12682 4
12683 6
12684 3
12685 2
12686 3
12687 3
12688 1
12689 4
12690 4
12691 1
12692 5
12693 3
12694 4
12695 2
12696 5
12697 2
12699 3
12700 7
12701 4
12702 8
12703 5
12705 3
12706 2
12707 5
12708 2
12709 5
12710 3
12711 2
12712 3
12713 1
12714 4
12715 1
12716 5
12717 2
12718 2
12719 4
12720 4
12721 4
12722 3
12723 8
12724 2
12725 3
12726 4
12727 4
12728 5
12729 3
12730 4
12731 4
12732 4
12733 2
12734 2
12735 6
12736 3
12737 4
12738 3
12740 2
12741 3
12742 1
12743 6
12744 2
12745 4
12746 4
12747 3
12748 5
12750 1
12751 2
12753 6
12754 2
12755 4
12756 3
12757 4
12758 2
12759 4
12760 3
12761 3
12762 3
12763 2
12764 4
12765 2
12766 4
12767 2
12768 4
12769 2
12770 4
12771 1
12772 3
12773 3
12774 4
12775 6
12776 2
12777 2
12778 2
12779 2
12780 3
12781 3
12782 2
12783 2
12784 6
12785 2
12786 4
12787 3
12788 2
12790 4
12791 6
12792 3
12793 4
12794 4
12795 2
12796 2
12798 6
12799 2
12800 5
12801 3
12802 1
12803 2
12804 1
12805 5
12807 5
12808 4
12809 2
12810 5
12811 5
12812 3
12813 3
12814 4
12815 3
12816 5
12817 1
12818 2
12819 2
12820 2
12821 4
12822 3
12823 5
12824 3
12825 5
12826 8
12827 3
12828 2
12829 5
12831 1
12832 5
12833 2
12834 3
12836 2
12837 1
12838 5
12839 4
12841 2
12842 2
12843 2
12844 3
12845 4
12846 5
12847 5
12848 3
12849 5
12850 4
12851 3
12852 3
12853 2
12854 5
12855 3
12856 2
12857 3
12858 1
12859 6
12860 1
12861 2
12862 3
12863 3
12864 3
12865 5
12866 2
12867 3
12868 4
12869 6
12870 4
12871 4
12872 7
12873 1
12874 1
12875 6
12876 2
12877 6
12878 4
12879 3
12880 1
12881 2
12882 1
12883 4
12884 3
12885 4
12886 2
12888 2
12889 4
12890 4
12891 7
12892 4
12893 3
12894 4
12895 3
12896 2
12897 3
12898 2
12899 3
12900 1
12901 3
12902 7
12903 3
12904 3
12906 3
12907 2
12908 4
12909 3
12910 3
12911 2
12912 4
12913 2
12914 4
12915 6
12916 8
12917 2
12918 3
12919 2
12920 1
12921 3
12922 1
12923 6
12924 3
12925 1
12926 4
12927 5
12928 3
12929 5
12930 4
12931 2
12932 2
12933 5
12934 2
12935 1
12936 7
12937 6
12938 3
12939 1
12940 4
12941 2
12942 4
12943 3
12944 1
12945 3
12946 1
12947 6
12948 3
12949 2
12950 2
12951 2
12952 3
12953 3
12954 6
12955 4
12956 5
12957 2
12958 5
12959 3
12960 4
12961 5
12962 3
12963 1
12964 2
12965 3
12966 2
12967 6
12968 2
12969 4
12970 5
12971 2
12972 5
12973 1
12974 3
12975 6
12976 3
12977 1
12978 3
12979 1
12980 3
12981 4
12982 4
12983 4
12984 4
12986 2
12987 3
12988 3
12989 2
12991 6
12992 4
12993 7
12994 3
12995 3
12996 2
12997 1
12998 2
12999 7
13000 4
13001 2
13002 3
13003 2
13005 1
13006 5
13007 2
13008 2
13009 1
13010 2
13011 4
13012 2
13013 2
13014 2
13015 5
13016 2
13017 4
13018 6
13019 4
13020 2
13021 1
13022 5
13023 3
13024 6
13025 3
13026 3
13027 5
13028 1
13029 2
13030 2
13031 5
13032 2
13033 2
13034 7
13035 2
13036 2
13037 4
13038 4
13039 2
13040 4
13041 1
13042 2
13043 1
13044 2
13045 3
13046 3
13047 2
13048 4
13049 2
13050 3
13051 4
13052 2
13053 3
13054 2
13055 4
13056 4
13057 3
13058 6
13059 1
13060 3
13061 5
13062 3
13063 4
13064 2
13065 5
13066 2
13067 2
13068 3
13069 2
13071 1
13072 5
13073 2
13074 2
13075 3
13076 4
13077 4
13078 3
13079 3
13080 2
13081 1
13082 2
13083 5
13084 1
13085 2
13086 4
13087 5
13089 2
13090 1
13091 4
13092 4
13093 2
13094 3
13096 2
13097 1
13098 2
13099 7
13100 1
13101 3
13102 4
13103 4
13104 3
13105 1
13106 3
13107 2
13109 4
13110 3
13111 2
13112 4
13113 2
13114 3
13115 4
13116 3
13117 2
13118 4
13119 3
13120 3
13121 2
13122 5
13123 3
13124 5
13125 7
13126 3
13127 1
13128 2
13129 2
13130 6
13131 4
13132 2
13133 1
13135 3
13136 2
13137 6
13138 1
13139 2
13140 4
13141 2
13142 9
13143 1
13144 4
13145 3
13146 3
13147 3
13148 5
13149 3
13150 2
13151 2
13152 1
13153 3
13154 3
13155 7
13156 4
13157 1
13158 3
13159 1
13160 4
13161 4
13162 2
13163 5
13164 4
13166 7
13167 4
13168 2
13169 3
13170 5
13171 3
13172 2
13173 2
13174 2
13175 3
13176 5
13177 4
13178 2
13179 3
13180 7
13181 2
13182 5
13183 4
13184 3
13185 2
13186 2
13187 1
13188 2
13189 3
13190 5
13191 3
13192 2
13193 2
13194 7
13195 2
13196 1
13197 2
13198 2
13199 2
13200 4
13201 6
13202 3
13203 4
13204 1
13205 7
13206 3
13207 7
13208 3
13209 2
13210 5
13211 3
13212 2
13213 5
13214 4
13215 6
13216 1
13217 2
13218 2
13219 2
13220 3
13221 6
13222 3
13223 7
13224 1
13225 6
13226 4
13227 3
13228 6
13229 2
13230 3
13231 5
13232 3
13233 7
13234 1
13235 4
13236 2
13237 1
13238 3
13239 4
13240 3
13241 3
13242 1
13243 1
13244 4
13245 4
13246 6
13247 1
13248 7
13249 3
13250 1
13251 3
13252 1
13253 3
13254 2
13255 5
13257 3
13258 6
13259 3
13260 2
13261 4
13262 4
13263 2
13264 6
13265 2
13266 3
13267 1
13268 4
13269 3
13270 3
13271 7
13272 3
13273 3
13274 2
13275 3
13277 3
13279 4
13280 3
13281 1
13282 4
13283 2
13284 1
13285 3
13286 3
13287 4
13288 3
13289 3
13290 2
13291 4
13292 7
13293 2
13294 3
13295 2
13296 3
13297 1
13298 4
13299 3
13300 1
13301 3
13302 4
13303 4
13304 3
13305 2
13306 2
13307 3
13308 1
13309 3
13310 4
13311 3
13312 4
13313 3
13314 6
13315 2
13316 4
13317 2
13318 2
13319 3
13320 1
13321 2
13322 2
13323 5
13324 2
13325 4
13326 7
13327 4
13328 2
13329 2
13330 4
13331 1
13332 3
13333 3
13334 2
13335 1
13336 2
13337 1
13338 2
13339 4
13340 1
13341 1
13342 2
13343 3
13344 2
13345 2
13346 1
13347 5
13348 1
13349 6
13350 6
13351 4
13352 3
13353 1
13354 3
13355 6
13356 4
13357 1
13358 3
13359 3
13360 1
13361 3
13362 3
13363 3
13364 2
13365 1
13366 2
13368 3
13369 1
13370 4
13371 5
13372 2
13373 1
13374 1
13375 3
13376 3
13377 5
13378 5
13379 3
13380 3
13381 3
13382 2
13383 4
13384 3
13385 1
13386 1
13387 2
13388 4
13389 3
13390 8
13391 3
13392 2
13393 4
13394 4
13395 4
13396 2
13397 1
13398 3
13399 1
13400 3
13401 3
13402 3
13403 2
13404 4
13406 4
13407 5
13408 3
13409 4
13410 3
13411 4
13412 1
13413 3
13414 3
13415 3
13416 4
13417 6
13418 3
13419 2
13420 3
13421 4
13422 2
13423 3
13424 4
13425 1
13426 1
13428 3
13429 2
13431 5
13432 2
13433 3
13434 6
13435 1
13436 2
13437 2
13438 3
13439 2
13440 2
13441 8
13442 2
13443 3
13444 1
13445 3
13446 2
13447 3
13448 4
13449 4
13452 5
13453 1
13454 4
13455 6
13457 4
13458 5
13459 3
13460 3
13461 1
13462 6
13463 2
13464 1
13465 4
13466 3
13467 1
13468 2
13469 3
13470 3
13471 2
13472 7
13473 2
13474 2
13475 2
13476 2
13478 4
13479 8
13480 4
13481 5
13482 3
13483 1
13484 2
13485 3
13486 7
13487 4
13488 3
13489 2
13490 1
13491 2
13492 1
13493 5
13494 1
13495 4
13496 3
13497 4
13498 7
13499 4
13500 3
13501 3
13502 4
13503 1
13504 5
13505 3
13506 3
13507 2
13509 3
13510 4
13511 7
13512 1
13513 1
13514 5
13516 3
13517 4
13518 2
13519 3
13520 2
13521 2
13522 7
13524 3
13525 2
13526 5
13527 2
13528 1
13529 2
13530 3
13531 1
13532 4
13533 3
13534 2
13535 3
13536 5
13537 5
13538 4
13539 1
13540 3
13541 3
13542 4
13543 2
13544 1
13545 4
13546 2
13547 5
13549 4
13550 4
13551 3
13552 2
13553 3
13554 2
13555 4
13556 4
13557 5
13558 2
13559 3
13560 6
13561 3
13562 3
13563 7
13564 1
13565 4
13566 1
13567 1
13568 1
13569 3
13570 4
13571 3
13572 2
13573 1
13574 2
13575 1
13576 2
13577 5
13578 3
13579 5
13580 3
13581 1
13582 1
13583 3
13584 2
13585 2
13586 4
13587 4
13588 2
13589 4
13590 5
13591 3
13592 2
13594 4
13595 4
13596 3
13597 2
13598 3
13599 2
13600 2
13601 4
13602 5
13603 2
13604 5
13605 3
13606 2
13607 2
13608 1
13609 2
13610 2
13611 5
13613 1
13614 3
13615 3
13616 1
13617 5
13618 2
13619 2
13620 2
13621 3
13622 4
13623 1
13624 4
13625 6
13626 4
13627 3
13628 5
13629 3
13630 3
13631 3
13632 1
13633 3
13635 3
13636 2
13637 1
13638 2
13640 4
13641 4
13642 5
13643 4
13644 4
13645 4
13646 3
13647 4
13648 8
13649 3
13650 3
13651 3
13653 2
13654 3
13655 4
13656 2
13657 3
13658 6
13659 3
13660 4
13661 1
13662 4
13663 3
13664 2
13665 1
13666 2
13667 2
13668 2
13669 1
13670 5
13671 6
13672 1
13673 1
13674 2
13675 3
13676 4
13677 1
13678 3
13679 5
13680 2
13681 9
13682 4
13683 2
13684 2
13685 1
13686 5
13687 6
13688 5
13689 3
13690 3
13691 2
13692 1
13693 2
13694 5
13695 4
13697 1
13698 3
13699 2
13700 2
13701 1
13702 2
13703 2
13705 7
13706 5
13707 4
13708 4
13709 2
13710 5
13711 2
13712 6
13713 3
13714 1
13715 4
13716 2
13717 2
13718 2
13719 6
13720 2
13721 2
13722 2
13723 2
13724 3
13725 3
13726 5
13727 3
13728 1
13729 1
13730 2
13731 1
13732 2
13733 6
13734 3
13735 5
13736 3
13737 4
13738 4
13739 5
13740 5
13741 2
13743 3
13744 6
13745 4
13746 6
13747 1
13748 3
13749 4
13750 4
13751 6
13752 1
13753 1
13754 4
13755 2
13756 1
13757 3
13758 1
13759 1
13760 3
13761 2
13762 3
13763 1
13764 4
13765 4
13766 2
13768 2
13769 2
13770 3
13771 5
13772 3
13773 3
13774 3
13775 4
13776 1
13777 5
13778 2
13779 5
13780 2
13781 1
13782 1
13784 3
13785 1
13786 2
13787 4
13788 2
13789 3
13790 4
13791 2
13792 1
13793 2
13794 3
13795 1
13796 3
13797 6
13798 2
13799 1
13800 1
13801 2
13802 3
13803 3
13804 2
13805 2
13806 1
13808 5
13809 2
13810 5
13811 2
13812 1
13813 6
13814 4
13815 2
13816 3
13817 1
13818 4
13819 2
13820 1
13821 2
13823 1
13824 1
13825 5
13826 2
13827 4
13828 5
13829 3
13830 5
13832 2
13833 4
13834 3
13835 5
13836 4
13837 2
13838 1
13839 1
13840 2
13841 7
13842 3
13843 6
13844 4
13845 2
13846 1
13848 2
13849 3
13850 3
13851 4
13852 3
13853 2
13854 5
13855 4
13856 4
13858 3
13859 1
13861 3
13862 3
13863 1
13864 1
13865 2
13866 4
13867 2
13868 3
13870 3
13871 2
13872 4
13873 3
13874 2
13875 3
13876 1
13877 4
13878 5
13880 3
13881 4
13882 5
13883 1
13884 1
13885 1
13886 3
13887 2
13888 3
13889 2
13890 1
13891 2
13892 2
13893 8
13894 5
13895 3
13897 4
13898 2
13899 1
13900 2
13901 4
13902 2
13903 4
13904 2
13905 4
13906 1
13907 1
13908 2
13909 5
13910 1
13911 5
13912 1
13913 2
13914 3
13915 3
13916 5
13917 3
13918 5
13919 5
13920 2
13921 7
13922 1
13923 2
13924 4
13926 3
13927 3
13928 2
13929 3
13930 1
13931 1
13932 3
13933 3
13934 6
13935 1
13936 3
13937 3
13939 4
13940 3
13941 3
13942 4
13943 3
13944 1
13945 6
13946 5
13947 1
13948 1
13949 2
13950 1
13951 1
13952 6
13953 2
13954 5
13955 1
13956 2
13957 4
13958 2
13959 7
13960 3
13961 3
13962 2
13963 4
13965 4
13967 2
13968 1
13969 1
13970 4
13971 2
13972 3
13973 5
13974 2
13975 4
13976 3
13977 2
13978 4
13979 3
13980 5
13981 3
13982 2
13983 3
13984 6
13985 2
13986 4
13987 3
13988 1
13989 3
13990 4
13991 3
13992 2
13993 2
13994 4
13996 3
13997 3
13998 3
13999 2
14000 1
14001 5
14002 5
14003 2
14004 5
14005 4
14006 3
14007 3
14008 1
14009 3
14010 4
14011 4
14012 2
14013 2
14014 4
14015 3
14016 3
14017 3
14018 5
14019 1
14020 2
14021 3
14022 4
14023 2
14024 3
14025 2
14026 4
14027 5
14028 1
14029 2
14030 4
14032 4
14033 3
14034 3
14035 2
14036 2
14037 9
14038 3
14039 1
14040 4
14041 3
14042 4
14043 7
14044 3
14045 1
14046 1
14047 2
14048 1
14049 3
14050 5
14051 2
14054 4
14056 2
14057 1
14058 2
14059 1
14060 1
14061 4
14063 2
14064 4
14065 6
14066 4
14067 4
14068 4
14069 2
14071 5
14072 2
14074 3
14075 5
14076 3
14077 2
14078 4
14079 2
14080 5
14081 5
14082 4
14083 2
14085 3
14086 2
14088 2
14089 3
14090 2
14091 3
14092 2
14093 2
14094 5
14095 4
14096 3
14097 1
14098 1
14099 3
14100 2
14101 4
14102 3
14104 2
14105 6
14106 4
14107 2
14108 2
14109 3
14110 2
14111 3
14112 2
14113 2
14114 1
14116 1
14117 2
14118 1
14119 4
14120 3
14121 3
14122 3
14124 2
14125 3
14126 4
14127 3
14128 5
14129 5
14130 3
14131 2
14132 2
14133 4
14134 2
14135 3
14136 1
14137 2
14140 5
14142 4
14143 4
14144 2
14145 5
14146 2
14147 2
14148 3
14150 4
14151 2
14152 1
14153 2
14154 2
14155 2
14156 2
14157 2
14158 4
14159 3
14160 3
14161 1
14162 2
14163 2
14164 4
14165 1
14166 3
14167 5
14168 3
14169 5
14170 4
14171 3
14172 2
14173 5
14174 3
14175 4
14176 1
14177 1
14178 1
14179 2
14180 2
14181 3
14182 1
14183 4
14184 2
14185 4
14186 6
14187 3
14188 1
14189 5
14190 4
14192 4
14193 4
14194 2
14195 1
14196 2
14197 5
14198 2
14199 4
14200 2
14201 1
14202 1
14203 1
14204 2
14205 2
14206 2
14207 3
14208 3
14209 3
14210 8
14211 2
14212 4
14213 2
14214 2
14215 1
14216 3
14217 4
14218 4
14220 3
14221 2
14222 1
14223 2
14224 4
14225 3
14226 2
14227 2
14228 4
14229 2
14230 2
14231 3
14232 1
14233 4
14234 6
14235 1
14236 2
14237 6
14238 3
14239 2
14240 2
14241 4
14242 1
14243 3
14244 4
14245 2
14247 2
14248 5
14249 5
14250 3
14251 6
14253 2
14254 1
14255 2
14256 2
14257 3
14258 5
14259 2
14260 3
14261 3
14262 2
14263 1
14264 3
14265 6
14266 4
14267 2
14268 4
14269 1
14270 1
14271 3
14272 3
14273 3
14274 6
14275 4
14276 5
14277 3
14278 2
14279 3
14280 3
14281 1
14282 3
14283 3
14284 1
14285 2
14286 1
14288 2
14289 4
14290 6
14291 1
14293 3
14295 2
14296 3
14297 2
14298 3
14299 1
14300 2
14301 4
14302 2
14303 2
14304 1
14305 4
14306 1
14307 3
14308 4
14309 4
14310 3
14312 2
14313 4
14314 3
14315 5
14316 4
14317 2
14318 3
14319 3
14320 2
14321 4
14323 1
14324 1
14325 2
14326 2
14328 5
14329 4
14330 3
14331 3
14332 3
14333 3
14334 3
14335 3
14336 6
14337 1
14338 2
14339 4
14340 2
14341 4
14342 1
14343 3
14344 2
14345 1
14346 5
14347 2
14348 1
14349 1
14350 4
14352 1
14353 3
14354 2
14355 2
14356 1
14357 2
14358 3
14359 5
14361 2
14362 2
14363 1
14364 4
14365 1
14366 5
14367 3
14369 4
14370 2
14371 2
14372 4
14373 2
14374 6
14375 3
14376 1
14377 4
14378 3
14379 2
14380 3
14381 2
14382 4
14383 2
14384 1
14385 1
14386 3
14387 1
14388 2
14389 2
14390 1
14391 1
14392 2
14393 6
14394 2
14395 2
14396 2
14397 6
14398 4
14399 1
14400 2
14401 2
14403 2
14404 3
14405 2
14406 2
14407 3
14408 1
14409 2
14410 3
14411 1
14412 2
14413 2
14414 2
14415 1
14416 1
14417 1
14419 2
14420 3
14421 6
14422 4
14423 5
14424 4
14425 2
14426 1
14427 5
14428 3
14429 1
14430 1
14431 3
14432 3
14433 2
14434 4
14436 5
14437 6
14438 2
14439 4
14440 2
14441 3
14442 2
14443 3
14444 3
14445 3
14446 1
14447 1
14449 3
14450 4
14451 1
14452 2
14453 1
14454 1
14455 2
14456 3
14457 4
14458 4
14459 1
14460 4
14461 6
14462 3
14463 4
14464 1
14465 7
14466 2
14467 4
14468 3
14469 2
14470 1
14472 2
14473 1
14474 3
14475 5
14476 5
14477 2
14478 2
14481 3
14482 3
14483 1
14484 5
14485 4
14486 2
14487 2
14488 3
14489 3
14490 3
14491 3
14492 2
14493 1
14496 4
14497 1
14498 7
14499 3
14500 3
14501 4
14502 3
14503 2
14504 4
14505 2
14506 4
14507 2
14508 1
14509 2
14511 1
14512 2
14513 4
14514 5
14515 3
14516 2
14517 4
14518 2
14519 3
14520 4
14521 2
14522 4
14523 5
14524 4
14525 3
14526 4
14527 3
14528 2
14529 8
14530 2
14531 3
14532 1
14533 3
14534 2
14535 1
14536 3
14537 1
14538 1
14539 2
14540 3
14541 4
14542 1
14543 4
14544 5
14545 1
14546 2
14547 1
14548 2
14549 3
14550 3
14552 2
14553 3
14554 4
14555 2
14556 3
14558 2
14559 2
14560 3
14561 2
14562 1
14563 4
14564 2
14565 5
14566 4
14567 2
14568 2
14569 3
14570 2
14572 3
14573 2
14574 3
14575 2
14576 2
14579 1
14580 3
14581 4
14582 3
14583 1
14585 3
14587 3
14588 1
14589 3
14590 3
14591 1
14592 2
14593 5
14594 3
14595 1
14596 3
14597 4
14598 1
14599 2
14600 2
14601 1
14602 1
14603 1
14604 4
14605 4
14606 5
14607 4
14609 2
14610 2
14611 2
14612 5
14613 2
14614 3
14615 1
14616 1
14617 2
14618 1
14619 1
14620 5
14621 3
14622 6
14624 4
14625 3
14627 3
14628 4
14629 3
14630 4
14631 2
14632 4
14633 3
14634 1
14635 2
14637 2
14638 1
14640 3
14642 2
14644 2
14645 4
14646 2
14647 4
14648 2
14649 1
14650 2
14651 3
14652 2
14653 4
14654 1
14655 1
14656 2
14657 1
14658 2
14659 2
14660 5
14661 4
14662 2
14663 5
14664 2
14665 3
14666 3
14667 1
14668 1
14669 3
14670 2
14671 3
14672 5
14673 3
14674 3
14675 3
14676 3
14677 1
14678 1
14679 2
14681 2
14682 3
14683 1
14684 5
14685 1
14686 1
14687 2
14689 3
14690 6
14691 3
14692 3
14693 2
14694 3
14695 2
14696 3
14697 5
14698 3
14699 1
14700 2
14701 2
14702 2
14703 2
14704 2
14705 2
14706 2
14708 2
14709 4
14710 3
14711 2
14712 2
14713 3
14714 5
14715 4
14716 3
14717 1
14718 3
14720 3
14721 2
14722 4
14723 2
14724 1
14725 5
14726 1
14727 1
14728 4
14729 2
14730 3
14731 5
14732 1
14733 3
14735 2
14736 2
14738 5
14739 3
14740 2
14741 2
14742 3
14743 2
14744 3
14746 1
14747 1
14748 2
14749 4
14750 1
14751 3
14752 2
14753 7
14754 4
14755 3
14756 2
14757 2
14758 2
14759 2
14760 3
14762 3
14763 4
14764 1
14765 2
14766 3
14767 1
14768 4
14769 4
14770 2
14771 1
14773 6
14775 2
14776 3
14777 3
14778 3
14779 3
14780 5
14781 2
14782 3
14783 2
14784 3
14785 1
14787 2
14788 1
14789 4
14790 3
14792 2
14793 5
14794 2
14795 3
14796 2
14797 3
14798 1
14799 4
14800 4
14801 4
14803 2
14805 5
14806 3
14807 4
14808 3
14809 3
14811 3
14812 4
14813 2
14814 2
14815 1
14816 5
14817 3
14818 3
14819 4
14820 4
14821 5
14822 2
14823 3
14824 1
14825 1
14828 4
14829 1
14830 4
14831 1
14832 4
14833 3
14836 3
14837 1
14838 2
14839 2
14840 3
14842 2
14843 4
14844 5
14845 1
14846 3
14847 3
14848 1
14850 1
14851 3
14852 2
14853 2
14854 6
14855 3
14856 3
14857 4
14858 3
14859 5
14860 2
14861 4
14862 2
14863 1
14864 3
14867 1
14868 1
14869 2
14870 2
14871 3
14872 1
14873 3
14874 2
14875 3
14876 1
14877 3
14878 4
14879 1
14880 3
14881 2
14882 1
14883 1
14884 4
14885 5
14888 1
14889 2
14890 2
14891 1
14892 2
14893 1
14895 1
14896 3
14897 6
14898 5
14899 3
14900 4
14901 1
14903 1
14904 3
14905 3
14906 2
14908 2
14909 3
14910 2
14911 2
14912 3
14913 1
14914 1
14915 1
14916 2
14917 1
14918 1
14919 3
14920 1
14921 3
14922 4
14923 3
14924 3
14925 3
14926 2
14927 2
14928 2
14929 2
14930 1
14931 2
14932 2
14936 5
14937 3
14938 2
14939 2
14940 1
14941 3
14942 2
14943 4
14944 1
14945 2
14946 2
14948 3
14949 5
14950 2
14952 4
14953 2
14954 5
14955 2
14956 3
14957 2
14959 3
14960 3
14961 4
14962 6
14963 2
14964 3
14965 1
14966 3
14967 1
14968 6
14969 3
14970 1
14971 1
14972 1
14973 1
14976 5
14977 1
14978 3
14979 3
14981 2
14983 2
14984 2
14985 2
14986 3
14987 3
14988 4
14989 4
14990 2
14991 2
14992 3
14993 2
14994 1
14995 3
14996 4
14997 4
14998 1
15000 3
15001 2
15002 2
15003 4
15004 3
15005 2
15006 3
15007 4
15008 2
15009 4
15011 1
15012 1
15013 4
15014 2
15016 4
15017 3
15018 1
15019 4
15020 3
15021 2
15022 3
15023 1
15024 2
15025 2
15026 3
15027 4
15028 3
15029 5
15030 1
15031 3
15032 2
15033 1
15034 2
15035 2
15037 1
15038 2
15039 2
15040 3
15041 2
15042 1
15043 2
15044 4
15045 2
15046 4
15047 5
15049 1
15050 3
15051 1
15052 3
15053 3
15054 3
15055 2
15056 1
15057 3
15058 2
15059 2
15060 4
15061 3
15062 2
15064 1
15065 3
15066 1
15067 2
15068 2
15069 2
15070 6
15072 3
15074 2
15075 2
15077 3
15078 2
15079 2
15080 2
15081 3
15082 2
15083 2
15084 1
15085 6
15086 2
15087 2
15088 2
15089 2
15091 1
15092 3
15093 2
15094 3
15095 2
15096 2
15097 4
15098 4
15099 2
15100 2
15102 1
15104 2
15107 3
15108 3
15109 5
15110 3
15111 3
15112 3
15114 2
15115 2
15116 1
15117 1
15118 2
15119 2
15120 1
15122 4
15123 1
15124 4
15125 5
15126 1
15127 1
15128 1
15129 6
15131 2
15132 4
15133 3
15134 1
15135 2
15136 2
15137 2
15138 3
15139 1
15140 2
15143 3
15144 1
15145 4
15146 3
15148 2
15149 4
15150 2
15151 5
15153 5
15154 2
15155 2
15156 3
15157 2
15158 1
15159 1
15160 1
15161 3
15162 2
15163 5
15164 4
15165 2
15166 1
15167 1
15168 1
15169 1
15170 2
15171 1
15172 3
15173 1
15174 2
15175 2
15176 8
15177 2
15178 2
15179 1
15183 1
15184 2
15186 4
15187 2
15188 4
15189 4
15190 1
15191 1
15192 4
15193 2
15194 1
15195 2
15196 3
15198 1
15199 2
15200 4
15201 2
15202 3
15205 1
15206 1
15207 4
15208 3
15209 1
15210 3
15211 2
15212 3
15213 3
15214 4
15215 5
15216 3
15217 2
15218 1
15219 2
15220 2
15221 1
15222 1
15223 2
15224 2
15226 1
15227 2
15228 2
15229 2
15230 1
15231 2
15232 2
15233 1
15234 2
15235 3
15236 2
15237 1
15238 1
15240 6
15241 3
15242 2
15243 2
15244 4
15246 1
15247 2
15248 1
15249 1
15251 2
15252 1
15253 7
15254 6
15255 5
15257 2
15258 3
15260 3
15261 3
15262 1
15263 1
15264 1
15265 1
15266 1
15267 1
15268 2
15269 2
15270 1
15271 2
15273 1
15275 3
15277 5
15278 5
15279 4
15280 2
15281 2
15282 3
15283 2
15284 4
15285 4
15286 3
15288 2
15289 1
15292 5
15293 4
15294 2
15295 1
15296 2
15297 1
15298 2
15299 5
15300 2
15301 2
15302 2
15304 2
15305 4
15306 2
15308 6
15309 1
15310 5
15311 1
15312 4
15313 1
15315 3
15316 3
15317 4
15318 2
15319 2
15320 4
15322 2
15323 4
15324 2
15325 2
15326 1
15328 2
15332 3
15333 2
15334 2
15335 3
15336 2
15337 1
15338 1
15339 3
15340 2
15341 1
15342 3
15343 4
15344 4
15345 1
15346 2
15347 2
15348 4
15349 2
15350 1
15351 5
15352 1
15353 4
15354 1
15356 1
15357 2
15358 2
15359 3
15360 2
15361 4
15362 3
15363 3
15364 3
15367 1
15369 3
15370 2
15371 1
15372 3
15373 2
15374 1
15375 4
15376 1
15377 3
15378 4
15379 1
15380 2
15381 2
15382 2
15383 1
15384 3
15385 3
15386 2
15388 1
15389 3
15390 2
15391 2
15392 2
15395 1
15396 1
15397 2
15398 1
15399 1
15400 5
15401 4
15402 2
15403 3
15404 2
15406 3
15407 1
15408 1
15409 2
15410 2
15411 3
15412 1
15413 1
15414 1
15415 2
15416 3
15417 1
15418 1
15419 1
15421 2
15423 3
15424 1
15426 4
15427 3
15428 2
15429 2
15430 1
15431 3
15432 2
15433 1
15434 1
15435 1
15436 2
15437 2
15438 2
15439 4
15440 1
15441 6
15442 4
15443 2
15444 2
15445 1
15446 2
15448 4
15449 3
15450 1
15452 1
15453 3
15454 5
15455 1
15456 1
15457 1
15459 1
15460 1
15461 3
15462 1
15463 3
15464 3
15465 4
15466 3
15467 1
15468 4
15469 2
15470 3
15471 1
15472 1
15473 1
15475 1
15476 1
15477 3
15478 2
15479 4
15480 3
15481 3
15483 2
15484 2
15485 3
15487 2
15488 4
15489 2
15490 1
15491 3
15492 3
15493 6
15494 2
15495 3
15496 2
15497 1
15499 4
15500 2
15501 3
15502 1
15504 2
15505 2
15506 1
15507 5
15508 3
15509 3
15510 2
15511 1
15512 1
15514 1
15516 1
15517 3
15518 5
15519 2
15520 3
15522 2
15523 1
15524 1
15525 2
15526 2
15527 2
15528 2
15529 1
15530 3
15531 5
15532 8
15533 1
15534 2
15535 1
15537 1
15539 3
15541 1
15542 4
15543 2
15544 4
15545 3
15546 1
15547 5
15548 1
15549 3
15550 2
15552 5
15554 1
15555 2
15556 3
15557 3
15558 3
15559 1
15560 1
15561 3
15563 2
15564 2
15566 2
15567 1
15568 3
15570 2
15571 2
15572 5
15574 1
15575 1
15577 1
15578 3
15579 1
15580 1
15582 2
15583 1
15584 1
15585 5
15586 3
15587 2
15588 3
15589 1
15590 2
15591 2
15592 2
15594 1
15596 3
15597 3
15598 2
15599 3
15600 3
15603 1
15607 2
15609 5
15610 1
15611 4
15612 1
15613 1
15614 3
15615 2
15616 2
15617 1
15618 1
15619 2
15621 1
15622 1
15623 1
15624 2
15625 1
15626 1
15627 2
15628 1
15629 1
15630 2
15631 3
15633 4
15634 2
15635 2
15636 2
15637 2
15638 2
15639 2
15640 4
15641 2
15642 3
15643 2
15645 1
15647 2
15648 2
15649 3
15650 3
15651 2
15652 1
15654 3
15655 2
15656 4
15657 2
15658 1
15660 1
15661 1
15662 2
15663 1
15664 5
15666 2
15667 2
15668 1
15669 1
15671 1
15672 1
15673 2
15674 1
15675 3
15676 5
15677 2
15678 2
15679 3
15680 2
15684 2
15685 1
15688 3
15689 1
15690 1
15691 1
15692 2
15693 4
15694 1
15695 3
15696 1
15697 1
15698 1
15699 2
15700 1
15701 3
15702 2
15703 1
15704 1
15705 2
15707 5
15708 1
15709 1
15710 1
15712 1
15713 2
15714 2
15715 4
15716 1
15717 4
15718 2
15719 3
15720 3
15721 1
15722 1
15723 1
15727 2
15728 3
15729 1
15730 1
15731 2
15732 3
15733 2
15734 4
15735 3
15736 1
15738 2
15739 1
15740 3
15741 3
15742 2
15743 2
15744 1
15745 4
15746 2
15747 2
15748 2
15749 1
15752 1
15753 1
15755 3
15756 2
15757 2
15758 7
15760 2
15762 1
15763 1
15765 3
15766 3
15767 1
15769 2
15770 1
15771 4
15772 1
15773 2
15774 2
15775 1
15776 3
15777 2
15778 1
15779 3
15780 1
15781 2
15782 4
15783 3
15784 3
15785 3
15786 4
15787 1
15788 2
15790 1
15792 2
15793 1
15795 2
15796 5
15797 3
15798 2
15799 2
15800 2
15802 2
15803 1
15804 3
15805 2
15806 2
15807 1
15808 2
15809 2
15810 5
15811 2
15812 2
15813 1
15815 1
15817 3
15818 1
15819 2
15820 2
15821 4
15822 3
15823 4
15824 2
15825 2
15826 3
15827 1
15828 1
15829 1
15831 1
15833 3
15834 1
15835 4
15836 3
15837 1
15838 1
15839 4
15840 1
15841 3
15842 1
15843 2
15844 2
15845 2
15846 2
15847 3
15848 2
15849 5
15850 1
15851 2
15852 1
15853 1
15854 2
15855 1
15856 2
15857 2
15858 1
15859 1
15860 1
15861 1
15862 2
15863 2
15864 7
15866 1
15867 1
15871 1
15872 1
15873 2
15874 4
15875 2
15876 2
15877 3
15878 2
15879 1
15880 1
15881 2
15883 1
15884 2
15886 2
15887 4
15888 5
15889 1
15891 1
15893 1
15895 2
15896 1
15897 1
15898 1
15900 2
15901 2
15902 2
15903 5
15904 2
15905 1
15906 2
15907 1
15908 3
15910 1
15911 3
15912 3
15913 1
15914 2
15915 3
15916 2
15917 2
15918 1
15919 2
15922 1
15923 2
15924 1
15926 2
15927 1
15928 5
15930 2
15931 2
15932 1
15933 1
15934 2
15935 1
15938 1
15939 2
15941 4
15942 4
15943 4
15944 1
15945 2
15946 3
15948 2
15949 1
15952 1
15953 1
15954 2
15955 2
15957 2
15959 1
15962 1
15963 1
15965 5
15966 3
15967 4
15968 2
15969 2
15970 1
15971 2
15972 3
15973 1
15974 2
15975 2
15977 1
15979 2
15980 2
15981 1
15982 1
15984 2
15985 1
15986 2
15987 3
15991 2
15992 2
15993 5
15994 2
15995 4
15996 4
15998 2
15999 2
16000 2
16003 2
16004 2
16005 4
16006 2
16007 2
16008 1
16010 4
16011 2
16012 2
16013 1
16014 1
16016 1
16017 1
16019 1
16020 2
16022 3
16023 2
16024 1
16025 2
16027 1
16029 1
16030 2
16031 3
16032 6
16033 2
16034 2
16035 1
16036 3
16037 3
16039 1
16040 1
16041 1
16044 2
16047 2
16049 4
16050 2
16051 1
16052 1
16054 1
16056 2
16057 4
16058 2
16059 1
16060 1
16061 4
16062 2
16063 4
16064 2
16065 3
16068 2
16069 1
16070 1
16071 3
16072 2
16073 1
16074 3
16075 2
16076 1
16077 1
16078 3
16080 1
16083 1
16085 1
16086 1
16087 1
16088 4
16089 4
16090 1
16091 2
16094 3
16095 2
16096 3
16097 2
16099 2
16100 1
16101 3
16102 1
16103 3
16105 1
16111 3
16112 2
16113 2
16114 5
16115 2
16116 1
16119 1
16121 3
16122 2
16125 2
16126 2
16127 4
16129 2
16130 4
16132 3
16133 1
16134 1
16135 1
16136 2
16137 3
16138 2
16139 1
16140 3
16141 2
16142 6
16148 1
16149 1
16150 1
16151 1
16152 4
16153 3
16154 2
16156 2
16157 3
16158 1
16159 1
16160 1
16161 1
16162 1
16163 1
16164 1
16165 3
16166 2
16167 5
16168 2
16169 1
16171 1
16172 1
16173 1
16176 1
16177 1
16178 3
16179 5
16180 4
16181 2
16183 1
16185 1
16187 1
16189 2
16190 2
16191 2
16192 1
16193 1
16194 2
16195 3
16197 1
16198 2
16199 1
16201 1
16202 1
16203 1
16205 3
16206 3
16207 1
16208 1
16210 3
16211 1
16212 1
16213 1
16214 1
16215 2
16217 2
16218 4
16219 3
16220 6
16222 1
16223 1
16225 1
16227 2
16228 1
16231 1
16232 2
16233 3
16234 1
16235 2
16237 1
16238 2
16240 2
16241 1
16242 1
16243 3
16244 5
16245 2
16246 2
16247 2
16249 2
16252 1
16256 3
16257 1
16258 5
16259 2
16260 3
16261 2
16262 1
16263 2
16264 1
16266 1
16267 1
16269 1
16270 3
16271 4
16272 1
16273 1
16274 2
16275 2
16276 1
16277 1
16278 3
16279 1
16280 2
16282 3
16284 2
16286 1
16287 3
16288 1
16289 2
16291 1
16295 2
16296 2
16297 5
16298 1
16299 2
16301 1
16302 4
16303 1
16304 2
16305 1
16307 1
16308 2
16309 2
16310 3
16311 3
16313 2
16315 1
16318 2
16319 1
16321 3
16322 3
16323 4
16324 2
16325 2
16326 3
16327 2
16328 3
16329 2
16330 1
16331 2
16334 1
16335 4
16336 1
16337 1
16338 1
16339 2
16340 3
16341 1
16342 2
16343 2
16345 1
16346 1
16347 2
16349 3
16350 3
16351 4
16352 2
16353 1
16354 3
16356 2
16357 1
16360 2
16361 3
16362 1
16364 3
16365 2
16366 3
16367 3
16368 1
16371 2
16373 1
16376 1
16378 2
16380 1
16381 3
16385 1
16386 1
16387 1
16388 3
16389 2
16391 2
16392 1
16393 3
16395 3
16400 1
16402 1
16403 2
16404 2
16405 2
16406 3
16407 1
16408 1
16410 1
16412 2
16413 1
16415 1
16416 1
16417 3
16418 4
16419 1
16420 1
16421 2
16422 1
16424 1
16426 1
16427 1
16428 3
16429 1
16430 4
16431 2
16433 2
16434 2
16435 1
16436 1
16441 1
16442 1
16443 3
16444 2
16445 4
16446 3
16449 1
16450 1
16451 1
16452 2
16453 1
16454 1
16456 1
16457 3
16459 4
16464 1
16465 1
16466 1
16467 3
16468 2
16469 2
16470 2
16471 2
16472 4
16474 2
16477 1
16478 1
16480 1
16481 1
16482 1
16483 1
16484 3
16486 3
16487 1
16488 1
16491 1
16492 2
16493 2
16494 2
16495 1
16496 4
16497 3
16498 4
16499 1
16506 1
16507 1
16509 3
16510 4
16511 3
16513 3
16514 1
16517 1
16520 1
16521 3
16522 1
16523 4
16524 2
16525 1
16527 1
16528 1
16529 1
16531 1
16532 1
16533 1
16534 4
16535 4
16536 3
16537 4
16542 1
16544 1
16545 2
16546 1
16547 1
16549 1
16550 3
16551 1
16552 1
16555 1
16556 1
16557 1
16558 1
16559 1
16560 1
16561 4
16562 3
16563 1
16564 2
16565 2
16566 1
16567 1
16569 1
16571 1
16573 1
16574 3
16575 6
16576 3
16577 1
16579 1
16581 1
16583 1
16585 1
16588 3
16589 2
16590 2
16591 3
16592 1
16594 2
16595 1
16596 1
16597 1
16598 1
16599 3
16600 5
16601 2
16602 2
16603 2
16605 2
16606 1
16607 1
16612 2
16613 1
16614 4
16615 2
16616 1
16617 2
16618 1
16619 1
16620 1
16621 1
16622 2
16624 1
16625 1
16626 4
16627 3
16629 1
16630 1
16631 1
16632 1
16633 2
16634 2
16636 2
16638 2
16640 1
16642 2
16643 2
16645 2
16650 1
16652 2
16653 4
16654 1
16655 1
16656 1
16657 4
16658 2
16659 1
16660 2
16663 2
16664 1
16665 2
16666 1
16667 3
16670 2
16673 1
16674 1
16679 3
16680 1
16681 3
16682 2
16683 4
16684 2
16685 1
16687 1
16688 1
16690 1
16691 4
16692 1
16693 1
16694 2
16695 2
16696 4
16698 4
16701 1
16702 1
16705 2
16706 1
16707 2
16709 1
16710 4
16713 1
16717 1
16718 1
16720 3
16721 2
16722 2
16723 1
16724 2
16725 2
16727 2
16732 1
16736 1
16737 2
16738 1
16742 1
16744 3
16745 3
16746 1
16747 2
16748 3
16749 2
16750 1
16751 2
16752 1
16753 1
16756 1
16758 2
16759 2
16760 3
16761 3
16762 3
16763 2
16764 1
16766 1
16770 1
16772 1
16773 1
16774 4
16775 2
16777 2
16778 1
16779 1
16780 1
16782 2
16783 2
16784 4
16785 2
16786 2
16787 1
16789 5
16791 2
16799 3
16800 3
16801 3
16802 3
16803 1
16804 1
16805 1
16806 1
16808 1
16809 2
16810 2
16812 1
16813 3
16814 1
16815 3
16818 1
16820 1
16821 1
16822 1
16823 2
16824 2
16826 2
16827 1
16828 4
16830 3
16836 1
16837 1
16838 1
16839 1
16840 4
16841 2
16842 2
16843 1
16844 1
16845 1
16847 1
16848 1
16849 1
16850 3
16851 1
16852 2
16853 5
16854 1
16855 1
16856 1
16857 1
16865 2
16866 3
16867 4
16868 2
16871 1
16873 2
16876 1
16877 1
16878 2
16879 2
16880 2
16881 1
16882 2
16884 1
16887 1
16889 1
16890 2
16891 4
16892 2
16893 2
16894 1
16898 1
16900 1
16905 1
16906 4
16908 1
16911 1
16912 1
16913 1
16914 1
16915 1
16916 1
16917 2
16918 2
16920 1
16921 3
16922 1
16929 2
16930 2
16931 4
16932 2
16933 1
16934 1
16935 1
16936 1
16941 1
16944 3
16945 2
16946 5
16947 1
16948 1
16949 3
16951 2
16952 1
16955 1
16956 1
16957 3
16958 1
16959 3
16960 1
16962 1
16963 1
16966 1
16968 1
16969 2
16970 3
16971 1
16972 1
16977 3
16978 1
16980 1
16982 2
16983 1
16984 2
16985 2
16989 1
16990 2
16994 2
16996 3
16997 2
16998 3
16999 3
17001 1
17006 1
17007 1
17008 1
17010 1
17011 2
17012 1
17013 4
17014 2
17016 1
17017 1
17019 1
17020 1
17022 1
17023 3
17025 1
17026 2
17028 2
17029 1
17033 1
17035 3
17037 3
17038 1
17039 3
17040 3
17041 1
17042 1
17044 1
17047 1
17048 1
17049 1
17050 3
17052 2
17053 1
17054 2
17055 1
17056 1
17057 1
17059 3
17061 3
17063 1
17064 1
17065 1
17066 2
17068 1
17073 1
17074 1
17075 2
17076 2
17077 2
17079 1
17080 1
17081 3
17083 1
17087 1
17090 2
17092 5
17094 2
17097 1
17098 1
17100 2
17101 1
17102 1
17103 1
17104 3
17105 3
17106 4
17108 1
17109 1
17114 3
17115 1
17116 2
17117 2
17118 3
17119 2
17120 1
17121 1
17122 1
17124 1
17126 1
17128 1
17129 2
17130 3
17131 2
17133 4
17135 1
17136 1
17137 1
17138 1
17139 2
17140 3
17141 1
17142 1
17143 1
17144 2
17145 5
17147 1
17150 1
17155 2
17156 3
17157 3
17159 1
17160 3
17162 1
17164 1
17165 1
17166 1
17168 2
17169 1
17170 2
17171 1
17174 2
17175 1
17179 1
17180 1
17181 1
17182 1
17183 3
17184 3
17185 2
17186 1
17194 1
17195 1
17196 2
17197 2
17198 2
17201 1
17206 1
17207 1
17208 1
17209 4
17210 1
17212 1
17213 1
17218 1
17221 3
17222 3
17223 2
17224 2
17225 1
17227 1
17228 1
17229 1
17234 1
17235 1
17236 1
17237 1
17238 3
17240 1
17244 1
17245 1
17246 1
17247 4
17248 2
17249 2
17250 1
17252 1
17253 1
17261 1
17262 3
17263 3
17265 1
17266 1
17273 2
17274 2
17275 1
17276 3
17277 2
17278 2
17280 1
17283 1
17285 3
17286 2
17287 1
17288 2
17289 2
17290 2
17291 1
17292 1
17300 2
17301 1
17302 3
17303 1
17305 3
17306 1
17307 1
17308 1
17310 1
17311 1
17312 1
17313 3
17314 4
17315 2
17316 1
17321 1
17322 1
17324 1
17325 1
17326 3
17328 1
17329 1
17330 1
17333 1
17337 1
17338 2
17340 2
17341 2
17343 1
17345 2
17346 2
17350 1
17352 2
17353 3
17354 1
17355 2
17356 2
17358 1
17363 1
17364 1
17367 2
17368 1
17369 1
17370 2
17371 1
17373 1
17374 2
17376 1
17378 2
17379 3
17381 1
17382 1
17384 5
17386 1
17389 1
17391 1
17392 1
17393 1
17394 2
17395 2
17396 2
17397 1
17398 1
17405 1
17406 2
17409 2
17411 1
17412 1
17413 1
17415 3
17417 2
17419 1
17420 1
17421 2
17424 2
17431 2
17432 1
17433 2
17434 1
17435 1
17436 4
17437 1
17439 1
17443 1
17446 3
17448 4
17449 2
17450 1
17452 1
17453 1
17458 1
17460 3
17461 1
17462 4
17463 1
17467 1
17468 1
17470 3
17471 1
17472 2
17473 1
17474 2
17475 3
17477 3
17480 1
17485 1
17486 1
17487 1
17488 1
17489 2
17493 1
17494 1
17496 1
17499 2
17500 3
17501 3
17506 1
17511 1
17512 2
17513 3
17515 1
17516 2
17524 2
17525 1
17526 2
17527 1
17528 1
17529 1
17530 1
17531 1
17535 1
17537 1
17538 2
17539 3
17540 3
17541 4
17544 1
17552 1
17553 1
17554 1
17556 1
17559 2
17561 1
17564 2
17565 2
17566 1
17568 2
17570 1
17572 1
17577 2
17578 3
17579 4
17580 2
17581 1
17582 2
17584 1
17585 1
17592 2
17594 2
17600 1
17601 1
17602 2
17603 4
17605 2
17606 2
17608 1
17609 2
17610 1
17616 1
17617 2
17618 2
17619 3
17621 1
17622 1
17623 1
17624 1
17629 3
17630 1
17631 1
17632 3
17633 1
17634 1
17635 1
17636 1
17637 1
17639 1
17641 2
17642 1
17643 1
17644 1
17645 3
17646 1
17647 1
17648 1
17650 1
17656 1
17657 2
17658 1
17659 1
17660 3
17662 1
17663 1
17666 1
17667 1
17668 1
17669 1
17670 4
17672 1
17673 1
17677 1
17682 2
17684 1
17685 2
17686 1
17687 1
17693 1
17694 2
17695 1
17696 1
17697 1
17699 1
17701 4
17708 2
17709 2
17712 2
17713 1
17714 1
17723 2
17724 1
17725 2
17727 1
17728 3
17730 2
17734 1
17735 1
17738 2
17739 2
17740 3
17742 1
17745 1
17747 1
17748 1
17749 2
17750 1
17751 2
17752 1
17753 1
17756 1
17761 1
17762 1
17763 2
17765 2
17769 1
17770 1
17773 2
17775 1
17777 1
17778 2
17780 3
17785 1
17786 1
17787 1
17790 1
17791 1
17792 4
17793 1
17794 1
17802 2
17803 1
17804 1
17805 2
17807 1
17808 1
17809 1
17812 1
17814 1
17816 4
17817 1
17818 2
17819 1
17821 1
17823 1
17824 1
17826 1
17827 1
17828 1
17829 1
17830 1
17831 3
17832 1
17833 2
17838 1
17842 1
17843 2
17844 2
17845 1
17850 1
17852 1
17855 1
17856 3
17857 1
17858 1
17868 1
17869 3
17871 5
17873 1
17874 1
17876 1
17881 1
17882 1
17883 1
17884 2
17885 2
17894 1
17895 3
17896 1
17897 2
17900 1
17909 4
17912 1
17915 2
17916 1
17917 1
17920 1
17921 1
17922 1
17924 2
17926 1
17928 1
17933 1
17934 1
17935 4
17936 3
17938 2
17941 1
17948 2
17950 1
17954 1
17958 1
17959 2
17960 1
17961 1
17962 2
17963 2
17964 1
17965 1
17966 1
17972 1
17973 3
17974 2
17975 1
17977 1
17978 1
17979 2
17980 1
17985 1
17986 1
17988 1
17991 1
17993 1
17994 1
17996 1
17997 2
17999 1
18000 2
18001 2
18002 1
18004 1
18006 1
18013 1
18014 1
18016 3
18017 2
18019 1
18025 1
18026 3
18028 1
18029 1
18031 1
18038 1
18040 1
18041 2
18043 1
18044 2
18051 1
18052 1
18053 1
18055 1
18056 1
18057 2
18059 1
18062 2
18064 3
18065 2
18066 1
18069 2
18070 1
18072 1
18079 1
18080 1
18081 1
18082 1
18083 1
18084 3
18085 1
18090 1
18093 2
18094 1
18095 4
18097 1
18101 1
18103 1
18105 2
18107 2
18108 3
18109 2
18112 1
18117 1
18119 2
18121 1
18124 2
18125 1
18126 1
18129 1
18131 1
18134 2
18135 1
18136 2
18141 1
18142 1
18143 1
18146 1
18147 2
18148 2
18149 1
18150 1
18153 1
18158 2
18159 1
18160 2
18163 4
18165 1
18168 1
18172 2
18173 2
18174 2
18177 2
18187 2
18188 3
18194 1
18198 1
18199 1
18200 1
18201 3
18203 1
18205 1
18212 3
18213 1
18214 1
18225 1
18227 4
18228 1
18229 1
18230 1
18232 1
18239 1
18240 1
18241 1
18247 1
18251 2
18252 1
18253 1
18255 1
18256 1
18265 3
18266 1
18267 1
18270 2
18272 1
18273 1
18278 2
18279 1
18280 2
18289 1
18290 1
18291 3
18292 3
18293 1
18304 1
18305 1
18309 1
18310 1
18311 1
18316 1
18317 3
18318 1
18319 2
18320 1
18323 1
18329 2
18330 1
18331 1
18333 1
18334 1
18335 1
18338 1
18344 1
18348 2
18350 1
18351 1
18355 1
18356 2
18357 1
18358 2
18360 1
18361 2
18371 1
18373 2
18381 2
18382 3
18385 1
18387 1
18389 2
18395 1
18396 2
18397 2
18398 1
18400 2
18402 1
18411 1
18412 1
18413 1
18415 1
18416 1
18418 2
18420 2
18421 1
18422 1
18425 1
18426 1
18427 2
18428 1
18436 1
18438 1
18439 3
18441 1
18446 1
18449 2
18451 3
18453 1
18458 1
18461 2
18463 2
18464 2
18465 1
18466 1
18473 1
18474 1
18475 1
18479 1
18480 3
18491 2
18497 1
18502 1
18503 1
18504 4
18509 1
18514 1
18516 1
18518 1
18519 3
18528 1
18529 1
18530 2
18531 1
18532 1
18533 1
18542 1
18543 1
18544 3
18549 1
18557 2
18559 3
18561 1
18562 1
18564 1
18568 1
18569 1
18570 1
18573 1
18582 1
18583 2
18584 1
18585 1
18588 1
18595 3
18597 1
18603 1
18607 1
18608 1
18609 1
18610 1
18611 1
18612 2
18620 1
18621 1
18622 1
18623 1
18624 1
18626 3
18629 1
18634 1
18635 1
18636 2
18646 1
18647 2
18648 3
18649 1
18651 1
18653 1
18660 1
18661 1
18663 1
18665 1
18667 1
18673 2
18674 2
18675 1
18677 1
18679 1
18685 1
18688 3
18690 1
18694 1
18704 2
18705 2
18707 1
18712 1
18714 1
18716 1
18717 2
18727 1
18728 1
18737 1
18738 1
18741 1
18742 1
18745 2
18751 1
18752 3
18753 2
18754 1
18755 1
18757 1
18758 2
18769 1
18772 1
18773 2
18775 1
18776 1
18778 1
18781 1
18783 4
18795 3
18796 3
18805 1
18807 1
18814 1
18817 1
18819 1
18822 1
18823 1
18830 1
18831 1
18834 2
18835 2
18836 1
18841 1
18847 1
18848 1
18851 1
18853 1
18860 3
18861 1
18862 1
18865 1
18874 3
18876 1
18886 2
18887 2
18888 1
18893 1
18898 2
18900 2
18905 1
18912 2
18915 2
18918 1
18920 1
18924 1
18925 1
18926 1
18927 1
18929 1
18938 1
18939 3
18941 1
18943 1
18944 1
18951 3
18953 1
18956 1
18958 1
18963 1
18966 2
18967 1
18968 1
18976 1
18977 1
18980 3
18981 2
18982 1
18984 1
18991 1
18997 1
19004 1
19005 1
19007 1
19009 1
19019 1
19020 1
19022 1
19030 1
19031 1
19033 1
19034 1
19044 3
19046 1
19049 2
19059 1
19061 2
19068 1
19069 1
19070 1
19072 1
19083 1
19084 2
19086 1
19088 1
19090 1
19096 1
19098 1
19108 2
19109 1
19110 1
19111 1
19112 1
19113 1
19114 1
19127 2
19129 2
19134 1
19137 1
19139 3
19151 2
19152 3
19161 1
19168 1
19175 1
19177 1
19179 1
19180 1
19190 3
19191 1
19192 1
19197 1
19204 1
19206 1
19207 1
19208 1
19215 1
19216 1
19217 1
19218 1
19221 1
19230 3
19232 1
19237 1
19242 2
19243 1
19249 1
19254 1
19256 1
19258 1
19268 2
19270 1
19273 2
19276 1
19280 1
19281 1
19283 3
19295 2
19299 1
19300 1
19307 1
19308 1
19312 1
19314 2
19317 1
19321 1
19322 1
19323 1
19336 2
19337 2
19340 1
19341 1
19347 1
19353 1
19361 1
19362 1
19363 1
19364 1
19365 1
19374 1
19376 2
19378 2
19386 1
19390 1
19391 1
19393 1
19399 1
19400 1
19405 3
19415 1
19416 2
19425 1
19426 1
19428 1
19429 1
19430 1
19439 1
19440 1
19442 1
19443 1
19444 1
19446 1
19452 1
19454 1
19456 1
19461 1
19464 1
19466 1
19468 1
19469 1
19483 2
19484 2
19495 1
19507 3
19522 1
19524 1
19531 1
19533 1
19534 1
19536 1
19545 1
19546 1
19548 1
19552 1
19562 3
19564 1
19571 1
19574 1
19575 1
19576 1
19586 2
19593 1
19598 1
19600 2
19610 1
19612 1
19613 2
19614 1
19615 1
19626 1
19627 1
19629 2
19632 1
19639 3
19644 1
19651 1
19656 1
19664 1
19669 1
19670 1
19672 1
19677 2
19679 1
19680 1
19691 2
19697 1
19703 1
19708 2
19710 1
19718 1
19719 1
19720 1
19721 1
19722 1
19730 1
19732 1
19734 1
19737 1
19742 1
19747 1
19749 1
19755 1
19756 1
19760 2
19761 1
19772 2
19776 1
19784 1
19785 1
19786 1
19798 1
19799 2
19800 1
19801 1
19810 1
19812 1
19817 1
19825 1
19837 1
19840 2
19863 3
19865 1
19868 1
19878 2
19889 1
19890 1
19891 1
19896 1
19901 1
19903 1
19908 1
19918 2
19927 1
19930 2
19931 1
19932 1
19942 1
19954 1
19956 2
19959 1
19961 1
19966 1
19968 1
19969 3
19971 1
19983 1
19984 1
19987 1
19994 1
19995 1
20000 1
20009 1
20011 1
20025 2
20028 1
20033 1
20035 1
20036 1
20047 2
20052 2
20059 1
20062 1
20064 2
20066 1
20074 1
20076 1
20078 1
20079 1
20087 1
20093 2
20096 1
20104 1
20115 1
20116 2
20117 1
20132 1
20140 1
20142 1
20144 1
20154 1
20155 1
20156 1
20157 2
20172 1
20193 1
20195 3
20208 1
20219 1
20221 1
20222 1
20224 1
20233 2
20234 1
20240 1
20245 1
20247 1
20252 1
20259 1
20264 1
20283 1
20286 2
20298 1
20301 1
20303 1
20310 1
20315 1
20317 1
20320 1
20324 1
20325 1
20340 1
20343 1
20350 1
20355 1
20365 2
20367 1
20368 1
20379 2
20381 1
20389 1
20391 1
20394 1
20396 1
20408 2
20418 1
20419 1
20430 1
20432 2
20435 1
20443 1
20448 1
20449 1
20459 1
20460 1
20471 1
20473 1
20487 2
20489 1
20498 1
20500 1
20511 1
20513 1
20525 1
20528 1
20551 3
20564 1
20577 1
20578 1
20579 2
20589 2
20596 1
20612 1
20615 1
20616 1
20620 1
20642 2
20647 1
20654 1
20657 2
20659 1
20672 1
20675 1
20680 1
20682 1
20699 1
20706 1
20711 1
20713 1
20721 1
20724 1
20735 2
20740 1
20745 1
20747 1
20750 1
20752 1
20763 1
20764 1
20775 1
20788 1
20790 1
20803 1
20804 2
20815 1
20828 1
20843 2
20845 1
20855 1
20867 1
20881 1
20883 1
20894 1
20896 1
20921 1
20933 1
20935 2
20971 1
20972 1
20974 1
20998 1
21003 1
21012 2
21013 1
21014 1
21028 1
21031 1
21038 1
21043 1
21055 1
21062 1
21069 1
21077 1
21079 1
21082 1
21096 1
21099 1
21107 1
21119 1
21120 2
21146 1
21147 1
21159 1
21160 1
21175 1
21184 1
21198 1
21199 1
21211 2
21236 1
21239 1
21250 1
21252 1
21267 1
21277 1
21290 1
21304 1
21330 1
21358 1
21368 2
21370 1
21391 1
21394 1
21399 1
21433 1
21435 1
21438 1
21451 1
21463 1
21476 1
21478 1
21492 1
21503 1
21514 1
21516 1
21531 1
21543 1
21554 1
21555 1
21567 1
21582 1
21592 1
21607 1
21623 1
21646 1
21660 1
21700 1
21702 1
21714 1
21750 1
21767 1
21793 1
21807 1
21831 1
21834 1
21848 1
21858 1
21870 1
21872 1
21886 1
21899 2
21924 1
21933 1
21938 1
21963 1
21978 1
22015 1
22046 1
22056 1
22058 1
22123 1
22149 1
22187 1
22202 1
22214 1
22242 1
22255 1
22280 1
22293 1
22295 1
22334 1
22371 1
22402 1
22481 1
22519 1
22546 1
22558 1
22610 1
22649 1
22651 1
22703 1
22712 1
22837 1
22875 1
22902 1
22936 1
22966 1
22981 1
23059 1
23298 1
23337 1
23654 1
23715 1
34180 1
34959 1
35776 1
36555 1
36796 1
37575 1
End
