NMec = 97746
T = 24
P = 1
Profits not ignored
Valid tasks:                                                            19944
Solution time = 3.490e-04
Task data
    3  19  2268 -1
   10  18   993 0
   13  35  4388 -1
   14  33  1849 -1
   19 185 25134 0
   24  95 12992 -1
   40  53  1961 -1
   45  63  2395 -1
   47  69  2373 -1
   52  68  2142 -1
   56  60   656 -1
   64  75  1106 -1
   76  94  1400 -1
  118 132  2457 -1
  125 131   988 -1
  127 133   630 -1
  132 151  2855 -1
  145 166  1845 -1
  148 153   772 -1
  151 164  2025 -1
  187 193   865 -1
  188 199  1584 0
  203 220  1568 0
  205 214   762 -1
Best profit: 29279
All profits:
0 1
630 1
656 1
762 1
772 1
865 1
988 1
993 1
1106 1
1286 1
1392 1
1400 1
1402 1
1418 1
1428 1
1495 1
1521 1
1534 1
1568 1
1584 1
1623 1
1627 1
1637 1
1644 1
1649 1
1736 1
1750 1
1755 1
1760 1
1762 1
1765 1
1845 1
1849 1
1853 1
1858 1
1868 1
1878 1
1961 1
1971 1
1981 1
2025 1
2030 1
2048 1
2056 1
2058 1
2094 1
2099 1
2142 1
2151 1
2162 1
2164 1
2172 1
2190 1
2198 1
2214 1
2224 1
2240 1
2257 1
2265 1
2267 1
2268 1
2279 1
2283 1
2293 1
2340 1
2346 1
2356 1
2373 1
2385 1
2388 1
2392 1
2393 1
2395 2
2399 1
2406 1
2411 1
2416 1
2421 1
2433 1
2457 1
2475 1
2479 1
2488 1
2498 1
2501 1
2505 1
2506 1
2508 1
2509 1
2514 1
2522 1
2524 1
2527 1
2534 1
2556 1
2561 1
2572 1
2577 1
2591 1
2601 1
2607 1
2611 1
2615 1
2617 1
2620 1
2621 1
2625 1
2627 1
2630 1
2637 1
2640 1
2655 1
2674 1
2681 1
2686 1
2690 1
2710 1
2714 1
2723 1
2729 1
2733 2
2743 2
2750 1
2753 1
2755 1
2772 1
2787 1
2792 1
2802 1
2818 1
2820 1
2826 1
2828 1
2833 1
2837 1
2838 1
2846 1
2854 1
2855 1
2856 1
2861 1
2866 1
2870 1
2871 1
2890 1
2895 1
2898 1
2904 1
2913 1
2914 1
2921 1
2923 1
2924 1
2934 1
2949 1
2951 1
2954 1
2955 1
2959 1
2964 1
2968 1
2970 1
2976 1
2984 1
2986 1
2996 1
3002 1
3003 1
3007 1
3012 1
3013 1
3018 1
3023 1
3025 1
3027 1
3029 1
3030 1
3037 1
3040 1
3041 1
3044 1
3049 1
3051 1
3055 1
3063 1
3067 1
3087 1
3089 1
3113 1
3118 1
3130 1
3131 2
3133 1
3135 3
3136 1
3144 1
3145 1
3150 1
3152 1
3154 1
3155 1
3157 2
3160 1
3162 1
3164 1
3165 1
3167 1
3178 1
3183 1
3191 1
3205 1
3207 1
3212 1
3217 1
3219 1
3228 1
3229 1
3233 1
3237 1
3238 1
3241 1
3245 1
3247 1
3249 1
3250 1
3251 1
3253 1
3256 1
3257 1
3258 1
3260 2
3263 1
3267 1
3268 1
3270 1
3271 1
3276 1
3277 1
3278 1
3281 1
3286 1
3296 1
3304 1
3311 1
3320 1
3322 1
3328 1
3330 1
3333 1
3334 1
3339 1
3340 1
3344 2
3346 1
3349 1
3353 1
3361 2
3363 2
3366 2
3370 1
3371 1
3373 1
3374 1
3379 1
3381 1
3383 2
3385 1
3387 1
3388 1
3389 2
3392 1
3399 2
3409 1
3413 1
3417 2
3421 1
3425 1
3426 1
3429 1
3433 1
3443 1
3446 1
3448 1
3450 1
3452 1
3456 1
3458 1
3462 1
3468 1
3472 1
3476 1
3482 1
3486 1
3489 1
3491 1
3493 1
3494 2
3495 1
3499 1
3501 2
3502 1
3505 1
3511 1
3512 1
3515 1
3517 1
3520 1
3522 1
3527 1
3529 1
3534 1
3539 1
3542 1
3544 1
3545 1
3546 1
3549 1
3551 1
3554 1
3563 1
3564 1
3565 1
3581 1
3584 1
3585 1
3588 1
3590 1
3593 1
3594 1
3595 1
3598 2
3599 1
3600 1
3605 1
3607 1
3608 1
3609 2
3610 1
3611 1
3614 1
3615 1
3617 1
3618 1
3620 1
3624 1
3626 1
3628 1
3632 1
3633 1
3637 1
3640 1
3642 1
3648 1
3652 1
3657 1
3660 1
3662 1
3667 2
3668 1
3669 1
3670 1
3674 1
3676 1
3678 1
3679 1
3683 2
3685 1
3686 1
3693 1
3694 1
3696 1
3697 1
3698 1
3702 1
3703 1
3710 1
3711 1
3713 1
3716 1
3717 1
3719 1
3720 1
3721 2
3723 1
3726 3
3727 1
3731 1
3736 1
3740 1
3743 1
3746 1
3748 1
3756 1
3761 1
3763 1
3765 2
3769 1
3773 1
3774 1
3775 2
3779 1
3780 1
3782 1
3785 1
3787 2
3789 1
3792 1
3795 2
3797 1
3799 1
3802 1
3806 2
3808 1
3810 1
3811 1
3813 1
3814 1
3816 2
3819 1
3820 1
3821 1
3826 1
3829 1
3833 1
3835 1
3836 1
3839 1
3843 1
3847 1
3848 1
3849 1
3852 1
3857 1
3859 1
3861 1
3863 1
3868 1
3874 1
3875 2
3878 1
3879 1
3883 1
3885 1
3888 1
3890 1
3892 1
3893 2
3895 1
3897 2
3898 1
3901 1
3902 1
3905 2
3906 1
3907 3
3908 1
3909 1
3912 1
3914 1
3916 1
3922 1
3924 2
3926 1
3927 1
3929 1
3932 1
3934 1
3939 1
3941 1
3942 1
3943 1
3944 1
3952 1
3956 1
3957 1
3960 1
3961 2
3963 2
3969 1
3972 1
3976 1
3977 1
3978 1
3979 2
3984 1
3986 1
3987 1
3989 1
3990 1
3991 3
3995 2
3996 3
4000 4
4001 1
4004 1
4005 1
4006 1
4007 1
4009 1
4010 1
4011 1
4013 1
4015 1
4017 1
4018 2
4019 2
4020 1
4021 1
4022 2
4025 2
4027 1
4028 1
4029 1
4030 2
4032 1
4037 1
4039 1
4040 1
4041 1
4043 2
4047 1
4048 1
4055 2
4056 1
4059 1
4060 1
4063 1
4069 1
4073 2
4074 1
4076 1
4077 1
4081 1
4082 2
4084 1
4085 1
4089 1
4090 1
4092 1
4094 1
4102 2
4106 3
4108 1
4110 1
4111 1
4112 1
4113 1
4114 1
4116 1
4118 1
4119 1
4121 1
4123 3
4124 2
4125 1
4128 2
4129 1
4131 1
4132 1
4133 3
4135 1
4136 1
4138 1
4140 1
4142 1
4143 2
4145 2
4146 1
4147 1
4150 2
4151 1
4153 1
4155 2
4157 1
4159 1
4160 1
4161 1
4167 1
4169 1
4171 1
4172 1
4175 1
4176 1
4185 1
4187 1
4189 1
4191 1
4193 1
4195 2
4198 1
4201 1
4205 2
4212 1
4218 2
4219 1
4220 1
4221 1
4222 2
4223 1
4224 1
4226 2
4228 1
4229 1
4230 1
4231 1
4233 1
4237 2
4238 1
4239 2
4240 2
4241 1
4244 2
4246 1
4248 2
4249 1
4250 1
4251 1
4253 1
4254 2
4255 2
4256 2
4258 1
4261 1
4263 2
4264 1
4265 2
4266 1
4270 1
4271 1
4273 2
4274 1
4278 1
4282 2
4284 1
4289 1
4290 1
4293 1
4297 1
4298 1
4301 1
4302 1
4304 2
4306 2
4307 1
4308 1
4311 1
4313 2
4314 1
4315 1
4316 1
4317 1
4318 1
4321 1
4323 2
4324 2
4325 1
4326 1
4327 1
4333 1
4334 1
4335 1
4337 1
4339 1
4340 1
4343 1
4346 1
4347 1
4349 1
4350 1
4351 1
4353 1
4354 3
4355 1
4356 3
4357 1
4358 1
4359 2
4360 1
4362 1
4364 1
4366 2
4367 1
4369 1
4370 1
4371 2
4372 1
4373 1
4376 3
4377 2
4380 1
4382 2
4383 1
4386 1
4387 1
4388 1
4392 1
4394 1
4396 1
4398 1
4399 1
4401 1
4402 1
4403 1
4404 1
4405 1
4406 1
4407 1
4409 1
4410 2
4412 1
4413 1
4414 1
4417 2
4418 2
4419 1
4420 1
4421 1
4422 1
4423 1
4425 1
4428 1
4429 1
4430 1
4431 1
4432 1
4434 1
4436 2
4438 1
4439 2
4440 3
4441 1
4445 1
4446 1
4449 1
4450 2
4451 1
4455 2
4456 1
4458 2
4459 1
4460 1
4462 1
4463 1
4464 1
4465 1
4466 2
4467 1
4469 1
4470 1
4472 1
4474 1
4475 1
4476 1
4482 5
4483 1
4485 1
4487 1
4488 2
4489 3
4491 1
4492 1
4493 1
4494 1
4495 1
4498 2
4499 1
4504 2
4505 1
4508 1
4513 2
4515 1
4517 1
4518 1
4519 1
4522 1
4523 2
4525 1
4527 2
4530 2
4531 2
4532 1
4533 2
4534 1
4535 5
4537 2
4538 1
4539 2
4541 1
4544 1
4545 1
4549 1
4551 1
4552 1
4554 2
4556 1
4557 2
4559 2
4561 1
4562 1
4564 1
4567 1
4568 1
4571 1
4572 1
4574 1
4575 1
4576 1
4578 2
4580 1
4581 2
4582 2
4583 1
4586 2
4587 1
4588 2
4591 2
4592 1
4593 1
4595 1
4597 1
4598 1
4599 2
4600 1
4601 1
4602 1
4605 2
4607 1
4608 2
4609 1
4610 1
4612 1
4614 1
4616 1
4617 3
4619 2
4621 2
4624 1
4625 1
4626 1
4628 1
4629 1
4630 2
4633 1
4635 2
4636 1
4637 1
4638 1
4640 2
4641 2
4642 1
4645 1
4647 2
4650 1
4651 2
4652 2
4655 1
4656 1
4657 1
4660 3
4662 2
4663 2
4664 1
4667 2
4669 2
4670 1
4671 3
4674 1
4675 1
4676 1
4677 1
4678 1
4681 2
4682 1
4684 1
4686 1
4690 1
4691 1
4694 1
4696 1
4697 1
4698 1
4699 2
4701 2
4703 2
4704 4
4705 1
4706 1
4708 1
4711 2
4712 1
4713 2
4714 3
4715 3
4716 1
4719 3
4720 1
4722 1
4723 1
4724 1
4725 1
4728 1
4729 1
4730 1
4732 1
4733 1
4734 1
4735 1
4738 1
4739 2
4740 2
4741 2
4743 1
4744 2
4746 1
4748 2
4749 2
4750 1
4751 1
4753 2
4754 1
4757 1
4758 3
4761 1
4762 3
4763 3
4766 3
4767 2
4768 2
4769 1
4770 1
4772 3
4773 1
4774 1
4775 2
4776 1
4777 1
4779 1
4780 2
4781 1
4783 2
4785 1
4787 1
4788 1
4789 2
4790 2
4791 1
4792 2
4794 2
4796 1
4797 2
4798 1
4799 3
4800 1
4801 1
4802 1
4803 1
4804 1
4806 1
4807 1
4808 1
4809 2
4813 2
4815 1
4816 1
4817 3
4819 1
4821 2
4822 1
4824 1
4825 2
4826 2
4827 1
4828 2
4829 1
4830 1
4831 1
4832 1
4833 1
4835 1
4836 1
4840 1
4843 1
4845 1
4846 1
4847 1
4848 1
4849 1
4850 1
4851 2
4852 4
4854 2
4856 3
4859 1
4861 2
4862 2
4868 2
4869 1
4870 1
4871 1
4872 1
4874 2
4875 1
4876 1
4878 2
4879 1
4880 1
4881 1
4882 1
4883 2
4884 1
4885 2
4886 3
4888 1
4889 1
4890 1
4891 1
4893 3
4894 1
4895 5
4900 1
4901 2
4902 1
4903 1
4904 1
4905 1
4908 2
4911 1
4912 4
4914 1
4915 1
4916 1
4917 3
4919 1
4920 2
4922 2
4923 1
4925 1
4927 1
4929 3
4931 1
4932 1
4934 3
4937 1
4938 2
4939 1
4941 1
4942 1
4944 1
4945 2
4946 1
4947 1
4949 3
4950 1
4951 1
4953 1
4954 2
4956 1
4957 1
4958 2
4962 1
4963 2
4965 1
4967 3
4969 1
4971 1
4972 1
4973 1
4974 1
4975 1
4977 1
4978 1
4979 2
4980 4
4981 2
4983 1
4984 4
4985 1
4988 3
4989 2
4990 1
4991 2
4993 3
4994 2
4995 1
4996 1
4997 2
4998 2
4999 2
5000 1
5001 4
5002 2
5003 2
5005 1
5006 1
5007 1
5008 1
5009 2
5010 2
5011 2
5012 2
5013 1
5015 2
5016 2
5017 1
5018 4
5020 2
5022 1
5024 1
5025 1
5026 1
5027 2
5028 2
5030 1
5032 2
5033 1
5034 1
5035 1
5036 2
5037 1
5040 1
5042 1
5044 1
5048 2
5050 2
5052 2
5054 1
5055 1
5057 1
5060 1
5061 1
5062 2
5064 1
5066 1
5067 1
5068 1
5069 3
5070 2
5073 1
5074 2
5075 1
5076 1
5077 2
5078 3
5079 2
5083 2
5084 1
5085 3
5086 2
5087 2
5088 2
5090 1
5092 2
5094 2
5095 3
5096 3
5097 2
5098 1
5099 1
5101 2
5102 2
5103 1
5105 2
5106 2
5109 1
5110 1
5111 2
5112 3
5113 2
5114 1
5115 1
5116 3
5117 1
5118 2
5119 2
5120 2
5121 3
5122 1
5123 2
5124 2
5125 1
5126 4
5127 1
5128 3
5130 1
5131 2
5133 1
5134 1
5136 1
5138 5
5139 1
5143 1
5144 1
5145 1
5147 1
5148 2
5149 2
5150 1
5152 1
5153 1
5154 1
5155 1
5158 1
5160 4
5161 1
5162 1
5163 1
5165 3
5166 1
5167 1
5168 1
5169 3
5171 2
5172 1
5173 1
5174 1
5175 3
5177 2
5178 1
5179 4
5180 2
5181 1
5182 3
5183 2
5184 1
5186 1
5187 2
5188 1
5189 3
5190 2
5191 2
5193 1
5194 1
5195 1
5197 1
5198 1
5200 1
5201 1
5202 2
5205 1
5206 2
5208 2
5210 3
5211 2
5212 4
5213 1
5214 1
5215 1
5216 2
5217 2
5218 1
5219 3
5220 1
5221 1
5222 1
5224 1
5226 1
5227 1
5228 3
5229 1
5230 1
5231 1
5232 3
5233 1
5234 1
5235 1
5236 2
5237 2
5238 3
5239 1
5241 1
5242 2
5243 1
5244 3
5246 1
5247 2
5248 2
5249 1
5250 1
5251 2
5252 1
5253 2
5254 1
5256 1
5257 1
5258 1
5259 1
5260 1
5261 3
5262 1
5263 2
5264 1
5265 1
5266 4
5268 1
5270 2
5271 2
5272 1
5274 1
5275 3
5277 1
5278 2
5280 1
5281 2
5282 1
5283 2
5285 2
5288 1
5289 1
5290 1
5291 1
5292 2
5293 3
5294 2
5295 4
5296 1
5297 4
5299 2
5300 1
5301 3
5302 1
5304 1
5305 3
5306 1
5307 4
5310 1
5311 2
5312 1
5316 1
5318 1
5321 1
5323 1
5324 2
5326 1
5327 2
5328 1
5329 2
5331 2
5332 1
5333 1
5334 1
5335 1
5336 1
5338 1
5339 1
5341 1
5342 1
5343 2
5344 2
5345 1
5346 2
5347 3
5348 1
5349 2
5350 2
5352 1
5353 1
5354 2
5355 1
5357 3
5359 3
5360 4
5361 3
5362 1
5363 2
5364 2
5365 1
5369 3
5370 2
5371 4
5374 1
5376 2
5378 3
5379 4
5380 1
5381 2
5382 1
5383 1
5384 2
5386 3
5387 2
5388 2
5389 1
5390 2
5391 3
5392 1
5393 1
5394 2
5395 3
5396 3
5397 1
5398 1
5399 2
5400 4
5402 2
5403 1
5404 2
5405 1
5406 1
5407 1
5408 2
5409 1
5410 3
5411 2
5412 1
5413 4
5414 1
5416 1
5418 2
5419 2
5420 1
5421 1
5422 3
5423 1
5424 2
5425 2
5427 2
5428 1
5429 2
5430 2
5431 1
5432 3
5433 2
5435 1
5436 1
5437 1
5439 2
5441 1
5442 1
5443 3
5444 1
5446 2
5447 2
5448 1
5450 1
5451 1
5452 1
5453 2
5454 1
5455 2
5456 2
5458 2
5459 2
5460 2
5462 1
5463 2
5464 2
5465 1
5466 2
5469 2
5470 2
5472 1
5473 4
5475 4
5476 3
5477 4
5478 1
5480 1
5481 3
5482 5
5483 1
5484 2
5485 1
5486 3
5487 1
5488 1
5489 1
5491 3
5492 2
5494 2
5496 1
5497 1
5500 1
5501 1
5502 2
5505 1
5506 4
5507 2
5508 1
5510 2
5511 2
5512 3
5513 2
5515 1
5516 2
5518 2
5519 1
5520 1
5521 1
5523 3
5524 3
5525 4
5526 2
5527 2
5528 4
5529 2
5530 1
5531 2
5532 1
5533 1
5534 2
5535 1
5536 1
5537 1
5538 2
5539 1
5540 1
5542 3
5544 1
5545 3
5546 3
5547 4
5549 1
5550 1
5551 1
5552 1
5554 1
5555 3
5556 1
5557 1
5559 3
5560 2
5561 2
5562 1
5563 1
5564 4
5566 1
5567 1
5568 4
5569 3
5570 3
5571 3
5572 2
5573 1
5574 1
5575 3
5576 2
5578 2
5579 2
5580 2
5581 1
5585 1
5586 1
5587 1
5588 4
5589 2
5590 2
5591 1
5592 2
5593 2
5594 1
5595 2
5596 1
5597 2
5598 3
5600 1
5601 1
5602 3
5603 1
5605 3
5608 1
5609 2
5610 4
5612 2
5613 1
5614 4
5618 3
5619 2
5621 2
5622 2
5623 4
5624 4
5626 1
5627 1
5628 3
5629 2
5630 2
5631 4
5632 1
5633 2
5634 1
5635 1
5636 2
5637 1
5639 3
5640 4
5641 2
5644 3
5645 2
5646 2
5647 1
5648 2
5649 1
5650 1
5651 2
5653 2
5654 1
5655 4
5656 1
5657 5
5658 1
5659 1
5660 1
5662 2
5663 3
5664 2
5665 4
5667 1
5673 2
5674 4
5678 2
5680 1
5681 2
5682 3
5684 2
5685 1
5686 1
5687 2
5688 1
5689 2
5690 1
5691 1
5692 4
5693 1
5694 1
5695 1
5697 3
5699 1
5701 3
5702 1
5703 1
5704 2
5706 3
5707 3
5708 3
5709 1
5710 1
5711 3
5712 1
5713 2
5714 1
5715 2
5716 2
5717 4
5718 1
5720 2
5721 1
5722 2
5723 2
5724 3
5725 2
5726 1
5727 2
5728 1
5729 1
5730 1
5731 1
5733 2
5734 3
5735 4
5736 1
5737 2
5739 3
5740 2
5741 3
5742 3
5743 3
5744 2
5746 2
5747 1
5748 1
5750 3
5751 4
5753 2
5754 2
5755 1
5756 4
5757 2
5758 2
5759 2
5760 3
5762 1
5763 1
5765 1
5766 2
5767 1
5768 2
5769 3
5771 2
5772 1
5773 3
5774 1
5775 1
5776 2
5777 3
5778 1
5779 1
5780 3
5781 1
5782 3
5783 1
5784 1
5786 1
5787 4
5788 3
5789 1
5790 6
5792 1
5794 3
5796 2
5797 2
5798 1
5799 2
5801 1
5802 2
5803 1
5804 2
5805 2
5806 4
5807 2
5808 2
5809 3
5810 4
5812 3
5813 1
5814 4
5816 2
5817 2
5818 2
5819 2
5820 2
5821 3
5822 2
5823 3
5824 2
5825 1
5827 1
5828 2
5831 2
5832 1
5833 2
5834 1
5835 2
5836 4
5838 1
5839 4
5840 5
5841 2
5842 1
5844 2
5845 6
5846 3
5847 2
5849 5
5850 2
5854 2
5855 1
5856 3
5857 2
5858 3
5859 2
5860 1
5861 1
5862 2
5863 2
5864 2
5865 1
5866 3
5867 2
5868 3
5869 1
5870 2
5871 1
5872 2
5873 2
5874 3
5875 2
5876 1
5877 2
5878 1
5881 2
5882 5
5883 4
5885 3
5886 2
5887 1
5888 4
5889 2
5890 2
5891 1
5892 3
5893 2
5894 2
5895 1
5896 2
5898 2
5899 1
5900 4
5901 1
5902 1
5903 1
5904 3
5905 4
5907 1
5908 2
5909 2
5910 2
5913 2
5915 2
5917 2
5918 1
5919 2
5920 1
5921 1
5922 7
5923 2
5924 2
5925 2
5926 1
5927 4
5929 1
5930 3
5931 2
5932 1
5933 2
5934 4
5935 2
5937 4
5938 2
5939 3
5940 1
5941 2
5942 1
5943 1
5944 3
5945 1
5946 1
5949 1
5950 1
5951 5
5952 1
5953 2
5954 1
5955 2
5956 3
5957 3
5958 1
5959 2
5960 2
5961 3
5962 2
5965 1
5966 3
5967 2
5968 4
5971 1
5972 3
5973 1
5974 3
5975 1
5976 2
5977 3
5978 2
5979 1
5980 3
5981 4
5982 4
5983 1
5984 2
5985 3
5986 3
5987 2
5988 4
5989 4
5990 5
5991 3
5992 2
5993 1
5994 3
5995 2
5996 1
5997 1
5998 1
5999 3
6000 2
6001 2
6002 2
6003 2
6004 4
6005 1
6007 1
6008 3
6009 2
6010 2
6012 1
6013 1
6014 2
6015 2
6016 3
6017 3
6018 2
6019 1
6020 3
6021 3
6023 2
6024 2
6025 5
6026 1
6028 1
6029 1
6030 3
6032 1
6033 1
6034 2
6035 2
6036 1
6037 2
6038 1
6040 4
6041 1
6042 3
6043 5
6044 2
6045 2
6046 1
6047 3
6050 4
6051 1
6052 2
6053 1
6055 4
6057 2
6060 1
6062 3
6063 3
6064 2
6065 1
6066 3
6067 6
6068 1
6069 3
6071 3
6072 3
6073 2
6074 2
6075 2
6076 2
6077 2
6078 2
6079 1
6080 1
6081 2
6082 2
6083 2
6084 2
6085 2
6086 1
6088 2
6089 3
6090 2
6091 1
6093 3
6094 1
6095 1
6096 1
6097 3
6098 3
6099 3
6100 1
6101 3
6102 1
6103 5
6104 3
6105 2
6106 2
6107 4
6108 3
6109 2
6111 3
6112 2
6113 2
6114 4
6115 4
6116 2
6118 1
6119 3
6121 3
6122 3
6123 1
6124 3
6125 1
6126 2
6127 1
6129 2
6130 1
6131 4
6132 2
6133 3
6135 1
6136 1
6137 1
6138 2
6139 1
6140 2
6141 2
6142 2
6143 3
6146 1
6148 5
6149 1
6150 3
6151 2
6152 1
6153 3
6154 2
6155 2
6156 3
6157 2
6158 5
6159 1
6160 3
6161 2
6162 3
6163 2
6164 1
6165 1
6166 3
6167 4
6168 3
6169 1
6170 4
6172 5
6173 1
6174 1
6175 4
6176 2
6177 2
6179 1
6180 3
6181 1
6182 1
6183 4
6184 3
6185 3
6189 2
6190 2
6191 2
6192 3
6193 1
6194 5
6196 1
6197 3
6198 3
6199 2
6200 3
6201 4
6202 2
6203 3
6204 1
6205 2
6206 1
6207 2
6208 2
6209 3
6210 1
6211 2
6212 1
6213 1
6215 2
6216 3
6217 2
6218 1
6219 2
6220 2
6221 3
6222 2
6224 2
6225 5
6226 5
6227 2
6228 3
6229 1
6230 3
6231 3
6232 1
6233 1
6234 1
6235 2
6236 3
6237 1
6238 1
6239 2
6240 1
6241 1
6243 3
6244 5
6245 2
6246 2
6247 3
6248 3
6249 1
6250 2
6251 3
6252 4
6253 2
6254 5
6255 1
6256 4
6258 3
6259 3
6261 2
6262 1
6263 2
6264 2
6265 2
6266 3
6267 1
6268 3
6269 3
6270 1
6271 1
6272 2
6273 2
6274 3
6275 2
6276 2
6277 2
6278 4
6279 2
6280 2
6281 2
6282 2
6283 5
6284 2
6285 4
6286 3
6287 4
6288 4
6289 2
6290 3
6292 1
6293 3
6294 1
6295 6
6296 1
6297 2
6298 1
6299 1
6300 3
6303 1
6304 2
6307 2
6308 3
6309 2
6311 3
6312 3
6314 1
6315 1
6316 2
6317 3
6318 2
6319 3
6320 2
6321 1
6322 2
6323 2
6325 1
6327 2
6329 2
6330 1
6331 4
6332 3
6333 1
6334 4
6335 1
6336 1
6337 4
6338 5
6339 1
6340 3
6341 3
6342 3
6343 2
6344 2
6345 2
6347 3
6348 3
6349 3
6350 4
6351 1
6352 3
6353 3
6354 2
6356 2
6357 2
6358 3
6359 2
6360 1
6362 3
6363 1
6364 4
6365 2
6366 1
6367 5
6368 1
6369 1
6370 2
6371 2
6372 5
6373 1
6374 3
6375 2
6376 2
6377 2
6378 3
6379 3
6380 5
6381 4
6382 1
6383 3
6384 5
6386 3
6387 1
6388 2
6389 3
6390 2
6391 4
6392 1
6393 3
6394 2
6395 2
6396 2
6397 3
6398 3
6399 3
6400 2
6401 8
6402 3
6403 4
6404 1
6406 2
6407 2
6408 2
6410 1
6411 3
6412 2
6413 3
6414 1
6415 1
6416 4
6417 2
6418 3
6419 2
6420 5
6421 1
6422 1
6423 1
6424 3
6425 2
6426 1
6427 4
6428 1
6429 3
6430 2
6432 2
6433 1
6434 1
6435 3
6436 5
6437 2
6438 1
6439 1
6440 1
6442 1
6443 4
6444 4
6446 3
6448 2
6450 3
6451 1
6452 3
6453 3
6454 4
6455 1
6457 3
6458 1
6459 2
6460 1
6461 2
6462 2
6463 4
6464 1
6465 3
6466 4
6467 1
6468 1
6469 4
6470 4
6471 1
6473 1
6474 2
6475 5
6476 1
6477 3
6478 2
6479 6
6480 1
6482 1
6483 1
6484 4
6485 2
6486 3
6487 4
6488 3
6489 3
6490 1
6491 2
6492 3
6493 1
6494 2
6495 4
6496 5
6497 2
6499 1
6500 3
6501 5
6502 1
6503 1
6505 4
6506 3
6507 1
6508 1
6509 1
6510 1
6511 2
6512 4
6513 4
6514 2
6515 2
6516 4
6517 3
6518 3
6519 3
6520 2
6521 1
6522 4
6523 1
6524 2
6525 1
6526 3
6528 3
6530 5
6531 2
6533 3
6534 1
6535 2
6537 1
6538 6
6539 4
6540 1
6541 3
6542 2
6543 2
6544 1
6545 1
6546 2
6547 3
6548 4
6549 3
6550 3
6552 5
6553 2
6554 1
6555 1
6556 2
6557 3
6558 2
6559 3
6560 5
6561 2
6562 2
6563 2
6564 5
6565 3
6566 3
6567 1
6568 3
6569 4
6570 1
6571 4
6572 2
6573 1
6574 1
6575 3
6576 2
6577 2
6578 4
6579 4
6580 2
6581 5
6582 3
6583 3
6584 2
6585 3
6586 5
6587 2
6588 2
6589 3
6590 4
6591 2
6593 3
6594 1
6595 2
6596 2
6597 2
6598 3
6599 1
6600 3
6601 2
6602 5
6603 2
6605 1
6606 3
6607 4
6608 3
6610 2
6611 4
6612 6
6613 1
6615 1
6616 3
6617 3
6618 3
6619 3
6620 1
6621 3
6622 2
6623 1
6624 5
6625 1
6627 1
6628 5
6630 2
6631 1
6632 4
6633 2
6634 3
6635 1
6636 1
6637 3
6638 3
6639 2
6640 1
6641 2
6642 3
6643 2
6644 4
6645 4
6646 4
6647 1
6648 2
6650 2
6651 3
6652 3
6653 5
6654 1
6655 6
6656 1
6657 1
6658 3
6660 3
6661 2
6662 4
6663 2
6664 2
6665 2
6666 6
6667 2
6669 2
6670 4
6671 3
6672 2
6673 2
6674 3
6675 5
6676 3
6677 4
6678 1
6679 2
6680 3
6681 4
6682 1
6683 1
6684 1
6685 4
6686 1
6688 3
6689 1
6691 2
6692 2
6693 2
6694 3
6695 3
6696 5
6697 4
6698 1
6699 4
6700 3
6701 6
6702 2
6703 1
6704 3
6705 3
6706 4
6707 2
6708 2
6709 1
6710 3
6711 3
6713 1
6714 1
6715 2
6716 1
6718 2
6719 3
6720 1
6721 1
6722 2
6723 4
6724 1
6726 1
6727 3
6728 7
6729 3
6730 4
6731 2
6732 1
6733 3
6734 2
6735 2
6736 3
6737 3
6738 3
6739 3
6740 1
6741 1
6742 1
6743 1
6744 6
6745 1
6746 3
6747 4
6748 1
6749 2
6750 5
6751 2
6752 3
6753 3
6754 2
6755 1
6756 1
6757 5
6758 1
6759 5
6760 3
6761 7
6762 2
6763 3
6764 3
6765 3
6766 3
6767 1
6768 1
6769 3
6770 3
6771 4
6774 3
6775 1
6776 1
6778 4
6779 3
6780 4
6781 2
6782 3
6783 4
6784 1
6785 1
6786 4
6787 7
6788 2
6789 1
6790 3
6791 2
6792 1
6793 1
6794 4
6795 3
6796 4
6797 2
6798 3
6799 2
6800 2
6801 2
6802 3
6803 2
6804 2
6805 2
6806 1
6807 3
6808 3
6809 2
6810 3
6811 2
6812 4
6813 3
6814 2
6815 2
6816 4
6817 3
6818 1
6820 1
6821 3
6822 3
6823 3
6824 3
6825 1
6826 2
6827 3
6828 2
6829 4
6830 3
6831 2
6832 3
6833 5
6834 2
6835 2
6836 2
6837 2
6838 1
6839 5
6840 3
6841 2
6842 2
6843 2
6844 2
6845 4
6846 5
6847 4
6848 2
6849 3
6850 6
6851 3
6852 1
6853 3
6854 2
6855 6
6856 3
6857 1
6858 2
6859 2
6860 2
6861 2
6862 1
6863 4
6864 2
6865 3
6866 2
6867 1
6869 4
6870 2
6872 1
6873 5
6875 5
6876 3
6877 7
6878 2
6879 2
6880 2
6881 4
6882 3
6883 2
6884 3
6885 2
6886 5
6887 1
6888 2
6889 1
6891 3
6892 1
6893 3
6894 2
6895 2
6896 3
6897 2
6898 1
6899 3
6900 1
6901 1
6902 2
6903 1
6905 1
6906 2
6907 2
6908 3
6910 6
6911 1
6912 4
6913 3
6914 2
6915 5
6916 1
6917 1
6918 3
6919 2
6920 4
6922 4
6923 2
6924 1
6925 3
6926 2
6927 4
6928 5
6929 3
6930 4
6931 1
6932 4
6933 1
6934 3
6937 3
6938 2
6939 5
6941 3
6942 3
6944 4
6945 5
6946 4
6947 3
6948 1
6949 3
6950 2
6951 2
6952 2
6954 4
6955 5
6956 1
6958 1
6959 3
6960 3
6961 3
6962 4
6963 4
6964 5
6965 2
6966 2
6967 3
6968 4
6969 4
6970 5
6971 2
6972 3
6973 3
6974 2
6975 3
6976 4
6977 2
6978 6
6979 5
6980 3
6981 3
6982 1
6983 5
6986 1
6987 5
6988 6
6989 3
6990 2
6991 2
6992 4
6993 1
6994 2
6995 3
6996 3
6997 6
6998 5
7000 4
7002 3
7003 3
7004 1
7005 3
7006 2
7007 1
7008 3
7009 4
7010 4
7011 1
7012 1
7013 5
7014 5
7015 2
7016 4
7017 1
7018 4
7019 2
7020 1
7021 2
7022 1
7023 4
7024 4
7025 2
7026 3
7027 2
7028 6
7029 2
7030 3
7031 5
7032 3
7033 3
7034 2
7035 4
7036 3
7037 2
7038 2
7039 4
7040 6
7041 1
7043 3
7044 1
7045 3
7046 3
7047 2
7048 1
7049 3
7050 4
7051 2
7053 1
7054 2
7055 4
7056 3
7057 8
7058 1
7059 5
7060 3
7061 1
7062 6
7063 2
7064 3
7065 4
7066 1
7067 3
7069 1
7071 1
7072 2
7073 2
7074 4
7075 1
7076 1
7077 3
7078 2
7080 2
7081 5
7082 2
7083 2
7084 2
7085 2
7086 4
7087 2
7088 1
7089 3
7090 1
7091 3
7092 5
7093 2
7094 4
7095 4
7096 3
7097 2
7098 2
7099 5
7100 2
7101 3
7102 2
7103 2
7104 1
7106 2
7107 2
7108 4
7109 4
7110 6
7111 3
7112 2
7113 2
7114 3
7115 4
7116 2
7117 4
7118 1
7119 3
7120 4
7121 4
7122 3
7123 2
7124 3
7125 1
7126 3
7127 1
7128 2
7129 1
7130 3
7131 3
7132 1
7133 1
7134 3
7135 3
7136 3
7137 2
7138 4
7139 3
7140 4
7141 4
7142 4
7143 4
7144 4
7145 2
7146 2
7147 2
7148 4
7149 3
7150 3
7151 5
7152 2
7153 2
7154 1
7155 1
7156 5
7157 1
7158 3
7159 1
7160 4
7161 2
7162 1
7163 5
7165 1
7168 2
7169 3
7170 2
7171 2
7172 2
7173 6
7174 1
7175 2
7176 4
7177 2
7178 5
7179 1
7180 4
7181 1
7182 3
7183 1
7184 1
7185 1
7186 2
7187 4
7188 3
7189 2
7190 6
7191 1
7192 2
7193 1
7194 6
7195 2
7196 4
7197 5
7198 3
7199 4
7201 1
7202 3
7203 3
7204 3
7205 4
7206 6
7207 3
7208 7
7209 5
7210 3
7212 4
7213 4
7214 6
7215 3
7216 3
7217 1
7218 1
7219 4
7220 4
7221 4
7222 2
7223 4
7224 3
7225 2
7226 1
7227 4
7228 3
7229 2
7230 2
7231 4
7232 2
7233 3
7235 5
7236 3
7237 4
7238 1
7239 3
7240 3
7241 4
7242 3
7243 3
7244 4
7245 5
7246 2
7247 2
7248 1
7249 7
7251 2
7252 1
7253 1
7254 3
7256 5
7257 5
7258 5
7259 2
7260 2
7261 1
7262 3
7263 4
7264 2
7265 3
7266 4
7267 3
7268 3
7269 2
7270 2
7271 2
7272 3
7273 3
7274 2
7275 2
7276 4
7277 2
7278 4
7279 1
7281 4
7282 1
7283 4
7284 1
7285 5
7286 2
7287 1
7288 4
7289 1
7290 4
7292 4
7293 1
7294 1
7295 3
7296 3
7297 1
7298 1
7299 1
7300 6
7301 2
7302 3
7303 3
7304 2
7305 3
7306 1
7307 3
7308 4
7309 5
7310 2
7311 2
7312 1
7313 2
7315 2
7316 1
7317 1
7318 5
7319 4
7320 2
7321 3
7322 7
7323 1
7324 2
7325 5
7326 4
7327 3
7328 1
7329 1
7330 4
7331 5
7332 3
7333 1
7334 3
7335 1
7336 2
7337 5
7338 1
7339 2
7340 3
7341 3
7342 2
7343 3
7344 4
7345 2
7346 1
7347 3
7349 3
7350 1
7351 5
7352 3
7353 3
7355 3
7356 5
7357 4
7358 5
7359 1
7360 5
7361 3
7362 2
7363 1
7364 2
7365 3
7366 3
7367 2
7368 3
7369 1
7370 2
7371 3
7372 4
7373 3
7374 8
7375 2
7376 1
7377 4
7378 3
7379 3
7380 3
7381 3
7382 5
7383 2
7384 5
7385 4
7386 4
7387 2
7388 4
7389 5
7390 6
7391 6
7392 3
7393 3
7394 5
7395 4
7396 5
7399 2
7400 3
7401 2
7402 1
7403 3
7404 6
7405 1
7406 3
7407 4
7408 3
7409 2
7410 1
7412 3
7413 6
7414 3
7415 4
7416 2
7417 7
7418 2
7419 1
7420 5
7421 2
7423 3
7424 3
7425 7
7426 1
7427 2
7428 2
7429 2
7430 3
7431 2
7432 1
7433 2
7434 3
7435 1
7436 3
7437 6
7438 4
7439 1
7440 2
7441 2
7442 3
7443 8
7444 2
7445 3
7446 3
7447 6
7448 1
7449 1
7450 6
7451 3
7452 1
7453 2
7454 2
7455 4
7456 1
7457 3
7458 4
7459 3
7460 1
7461 1
7462 2
7463 5
7464 2
7465 1
7466 4
7467 5
7468 4
7469 2
7470 1
7471 2
7472 6
7473 6
7474 2
7475 1
7476 4
7477 4
7478 2
7479 2
7480 3
7481 3
7482 2
7483 3
7484 3
7485 2
7486 2
7487 1
7488 4
7489 6
7490 3
7492 2
7493 3
7494 1
7495 2
7496 3
7497 2
7498 3
7499 2
7500 2
7501 3
7502 3
7503 4
7505 3
7506 6
7507 6
7508 4
7509 3
7510 2
7511 4
7512 2
7514 3
7515 1
7516 1
7518 3
7519 4
7521 4
7522 3
7523 3
7524 2
7525 3
7526 4
7527 2
7528 2
7529 5
7530 2
7531 6
7532 2
7533 5
7534 2
7535 3
7536 4
7537 1
7538 1
7540 4
7541 1
7542 4
7543 2
7544 2
7545 2
7546 1
7548 4
7549 4
7550 5
7551 3
7552 6
7553 4
7554 1
7555 3
7556 5
7557 4
7558 6
7559 4
7560 5
7561 2
7562 3
7563 2
7564 3
7565 2
7566 6
7567 3
7568 2
7569 5
7570 5
7571 3
7572 4
7573 2
7574 4
7575 3
7576 2
7577 1
7578 2
7579 2
7580 2
7581 1
7582 1
7583 4
7584 6
7585 5
7586 1
7588 3
7589 3
7591 1
7592 4
7593 4
7594 4
7595 4
7596 1
7597 3
7598 2
7599 1
7600 4
7601 5
7602 3
7603 3
7605 3
7606 1
7607 4
7608 2
7609 3
7610 1
7611 5
7612 3
7613 1
7614 2
7615 3
7616 4
7617 7
7618 4
7619 1
7620 2
7621 3
7622 2
7623 2
7624 1
7625 5
7626 6
7627 4
7628 2
7629 2
7630 2
7631 3
7632 2
7633 2
7634 3
7635 4
7636 3
7637 1
7638 1
7639 8
7641 3
7642 1
7643 5
7644 6
7645 4
7646 4
7647 5
7648 6
7649 1
7650 3
7651 5
7652 3
7653 5
7654 5
7655 2
7656 5
7657 1
7658 5
7659 3
7661 3
7662 1
7663 4
7664 3
7665 3
7666 4
7667 2
7668 3
7669 5
7670 3
7671 1
7672 5
7673 3
7674 2
7675 2
7676 4
7677 3
7678 2
7679 2
7680 1
7681 3
7682 4
7683 4
7684 3
7685 3
7686 2
7687 4
7688 4
7689 4
7690 4
7691 2
7692 5
7693 1
7694 4
7695 5
7696 2
7697 2
7698 1
7699 4
7700 2
7701 1
7702 1
7703 2
7704 3
7705 2
7706 2
7707 3
7708 3
7709 2
7710 1
7711 4
7712 2
7713 2
7714 2
7715 2
7716 5
7717 3
7718 4
7719 3
7720 2
7721 2
7722 2
7723 2
7724 1
7726 2
7727 3
7728 3
7729 1
7730 1
7731 4
7732 6
7733 1
7734 5
7735 2
7736 2
7737 5
7738 5
7739 2
7740 6
7741 4
7742 4
7743 2
7744 3
7745 4
7747 3
7748 4
7749 6
7750 6
7751 6
7752 5
7753 2
7754 5
7756 2
7757 2
7758 4
7759 4
7760 1
7761 2
7762 2
7764 6
7765 2
7766 3
7767 5
7768 4
7769 2
7770 3
7771 4
7772 4
7773 1
7774 2
7775 7
7776 3
7777 3
7778 4
7779 3
7780 3
7781 4
7782 2
7783 5
7784 4
7786 4
7787 2
7788 1
7789 3
7790 1
7791 3
7792 2
7793 3
7794 4
7795 2
7796 2
7797 3
7798 2
7799 2
7800 4
7801 7
7802 2
7803 4
7804 3
7805 4
7806 4
7807 4
7808 3
7809 1
7810 3
7811 4
7812 2
7813 3
7814 3
7815 2
7816 3
7817 5
7818 1
7819 4
7820 4
7821 2
7822 3
7823 2
7824 4
7825 3
7826 3
7827 4
7828 2
7829 5
7830 1
7831 4
7832 3
7833 2
7834 7
7835 4
7836 5
7837 3
7838 4
7839 5
7840 1
7841 2
7842 2
7843 8
7844 6
7845 1
7846 6
7847 1
7848 4
7849 1
7850 3
7851 2
7852 3
7853 6
7854 3
7855 1
7856 3
7857 3
7858 1
7859 2
7860 3
7861 4
7862 2
7863 6
7864 2
7865 5
7866 4
7867 2
7868 2
7869 4
7870 8
7871 3
7872 2
7873 1
7874 2
7875 4
7876 1
7877 3
7878 1
7879 5
7880 2
7881 2
7882 3
7883 3
7884 3
7886 3
7887 3
7888 3
7889 5
7890 1
7891 3
7892 4
7893 3
7894 2
7895 4
7896 4
7897 1
7898 1
7899 2
7900 5
7901 3
7902 2
7903 2
7904 1
7905 3
7906 3
7907 3
7908 4
7910 2
7911 2
7912 4
7913 4
7914 3
7915 4
7916 5
7917 4
7918 3
7919 2
7920 3
7921 2
7922 6
7923 2
7924 1
7925 2
7926 2
7927 3
7928 2
7929 1
7930 6
7931 1
7932 4
7933 4
7934 3
7935 3
7937 1
7938 4
7939 3
7940 2
7941 3
7942 6
7943 2
7945 2
7946 4
7947 3
7948 6
7949 3
7950 4
7951 4
7952 5
7953 2
7954 1
7955 2
7956 5
7957 5
7958 2
7959 4
7960 2
7961 3
7962 2
7963 4
7964 7
7965 3
7966 3
7967 1
7968 3
7969 6
7970 3
7971 5
7972 1
7974 1
7975 6
7976 4
7977 1
7978 3
7979 4
7980 1
7981 7
7982 4
7983 5
7984 2
7985 7
7986 6
7987 2
7988 3
7989 1
7990 3
7991 2
7992 1
7993 4
7995 2
7996 2
7997 5
7998 2
7999 2
8000 3
8001 3
8002 4
8003 7
8004 3
8005 5
8006 3
8007 5
8008 2
8011 5
8012 5
8013 1
8014 4
8016 5
8017 1
8018 3
8019 4
8020 2
8021 5
8022 2
8023 1
8024 4
8025 4
8026 2
8027 3
8028 8
8029 1
8030 3
8032 2
8033 3
8034 5
8035 2
8036 1
8037 2
8038 3
8039 2
8040 2
8041 1
8042 2
8043 5
8044 3
8045 5
8046 3
8047 2
8048 1
8049 2
8050 6
8051 2
8052 3
8053 3
8054 1
8055 8
8056 1
8057 3
8058 3
8059 1
8060 4
8061 1
8062 5
8063 2
8064 4
8065 2
8066 3
8067 2
8068 3
8069 3
8070 5
8071 4
8072 2
8073 4
8074 4
8075 6
8076 4
8077 3
8079 3
8080 4
8081 2
8082 2
8083 1
8084 3
8085 6
8086 2
8087 3
8088 3
8089 2
8090 1
8091 2
8092 5
8093 4
8094 3
8096 5
8097 3
8098 3
8099 3
8100 3
8101 7
8102 3
8103 5
8104 3
8105 1
8106 6
8107 3
8108 4
8109 4
8110 3
8111 3
8112 1
8113 2
8114 6
8115 3
8116 1
8118 2
8119 5
8120 1
8121 2
8122 6
8123 3
8124 2
8125 3
8126 2
8127 2
8128 7
8129 3
8130 5
8131 3
8132 5
8133 4
8134 2
8135 3
8136 5
8137 5
8138 3
8139 3
8140 2
8141 2
8142 1
8143 1
8144 7
8145 2
8146 4
8147 1
8149 3
8150 4
8151 2
8152 3
8153 5
8154 2
8155 3
8156 2
8157 4
8158 2
8159 2
8161 6
8162 4
8163 6
8164 3
8165 4
8166 5
8167 3
8168 5
8169 2
8170 3
8171 1
8174 2
8175 3
8177 1
8178 2
8179 3
8180 4
8181 2
8182 4
8183 6
8184 1
8185 4
8186 3
8187 9
8188 1
8189 2
8190 4
8191 3
8192 5
8194 3
8195 3
8196 5
8197 3
8198 3
8199 2
8200 3
8201 4
8202 4
8203 1
8204 2
8205 6
8206 1
8207 4
8208 4
8209 4
8210 1
8211 1
8212 4
8213 2
8214 4
8215 3
8216 4
8217 4
8218 1
8219 1
8220 2
8221 4
8222 3
8223 5
8224 1
8225 3
8226 4
8227 4
8228 2
8229 4
8230 5
8231 2
8232 1
8233 4
8234 4
8235 2
8236 3
8237 2
8238 2
8239 4
8240 4
8241 3
8242 3
8243 3
8244 6
8245 5
8246 4
8247 4
8248 4
8249 5
8250 8
8251 5
8253 5
8254 2
8255 5
8256 6
8257 1
8258 3
8259 2
8260 2
8261 2
8263 5
8264 2
8265 4
8266 1
8267 1
8268 2
8269 7
8270 2
8271 1
8272 3
8273 5
8274 1
8275 2
8276 2
8277 5
8278 4
8279 3
8280 3
8281 5
8282 2
8283 3
8284 2
8285 3
8286 3
8287 1
8288 4
8289 1
8290 2
8291 1
8292 2
8293 5
8294 1
8295 3
8296 3
8297 2
8298 3
8299 4
8300 1
8301 2
8302 6
8303 3
8304 2
8305 1
8306 3
8307 1
8308 4
8309 2
8310 4
8311 3
8312 6
8313 4
8314 7
8315 5
8316 1
8317 2
8318 4
8319 3
8320 6
8321 1
8322 5
8323 2
8324 2
8325 2
8326 1
8327 3
8328 6
8329 4
8330 4
8331 3
8332 5
8333 4
8334 3
8335 2
8336 2
8337 5
8338 3
8339 5
8341 4
8342 3
8344 4
8345 6
8346 3
8347 1
8348 3
8349 3
8350 3
8351 4
8352 1
8354 3
8355 4
8357 2
8358 2
8359 2
8360 2
8361 4
8362 6
8363 6
8364 5
8365 3
8366 3
8367 5
8368 1
8369 3
8370 3
8371 1
8372 3
8373 2
8374 2
8375 5
8376 4
8377 3
8378 5
8379 6
8380 3
8381 3
8382 3
8383 7
8384 5
8385 1
8387 4
8388 5
8389 4
8390 2
8391 5
8392 3
8394 3
8395 3
8396 2
8397 5
8398 5
8400 4
8401 4
8402 1
8403 2
8404 1
8405 4
8406 2
8407 5
8408 4
8409 3
8410 2
8411 2
8413 9
8414 5
8415 4
8416 5
8417 3
8418 5
8419 1
8420 3
8421 1
8422 2
8423 5
8424 6
8425 3
8426 4
8427 2
8428 4
8429 2
8430 4
8431 8
8432 3
8433 2
8434 2
8435 5
8436 3
8437 3
8438 4
8439 4
8440 4
8443 4
8445 4
8446 1
8447 4
8448 2
8449 4
8450 5
8451 3
8452 2
8453 3
8454 3
8455 1
8456 3
8457 6
8458 1
8459 4
8460 2
8461 5
8462 6
8463 1
8464 4
8465 3
8466 3
8467 4
8468 2
8469 3
8470 1
8471 1
8472 3
8473 5
8474 1
8475 1
8476 3
8477 5
8478 3
8479 1
8480 4
8481 3
8482 4
8483 4
8484 2
8485 2
8486 3
8487 2
8488 1
8489 2
8490 4
8491 4
8492 1
8493 2
8494 8
8495 3
8496 4
8497 2
8498 5
8499 6
8500 5
8501 2
8502 5
8503 2
8504 3
8506 3
8507 3
8508 2
8509 5
8510 5
8511 4
8512 5
8513 4
8514 2
8515 3
8516 3
8517 1
8518 4
8519 7
8520 4
8521 5
8522 3
8523 4
8524 2
8525 2
8526 5
8528 2
8529 1
8530 3
8531 3
8532 1
8533 4
8534 1
8535 1
8536 3
8537 4
8538 5
8539 2
8540 4
8541 3
8542 4
8543 4
8544 4
8545 4
8546 4
8547 4
8548 4
8549 4
8550 3
8551 4
8552 2
8553 3
8554 2
8555 4
8556 5
8557 1
8558 3
8559 1
8560 5
8561 2
8562 4
8563 7
8564 4
8565 3
8567 2
8568 2
8569 2
8570 2
8571 3
8572 5
8573 5
8575 2
8576 4
8577 1
8578 5
8579 3
8580 2
8581 3
8582 3
8583 3
8584 3
8585 2
8586 2
8587 3
8588 3
8589 4
8590 1
8591 1
8592 2
8593 2
8594 5
8595 2
8596 4
8597 3
8598 4
8599 3
8600 2
8601 3
8602 3
8603 3
8604 2
8605 5
8606 7
8607 4
8608 6
8609 4
8610 2
8611 3
8612 3
8613 5
8614 7
8615 4
8616 4
8617 2
8618 1
8619 3
8620 3
8621 2
8622 1
8623 4
8624 3
8625 3
8626 1
8627 6
8628 3
8629 2
8630 3
8631 6
8632 6
8633 3
8634 1
8635 6
8636 3
8637 5
8638 1
8639 3
8640 2
8641 4
8642 4
8643 3
8644 3
8645 2
8646 3
8648 1
8649 6
8651 3
8652 2
8653 2
8654 4
8656 3
8657 6
8658 4
8659 3
8660 3
8661 4
8662 3
8663 3
8664 2
8665 4
8666 6
8667 4
8668 2
8669 3
8670 4
8671 2
8672 4
8673 1
8674 1
8675 3
8676 6
8677 2
8678 5
8679 2
8680 2
8681 2
8682 3
8683 3
8684 4
8685 4
8687 2
8688 4
8689 4
8690 5
8691 1
8692 3
8694 4
8695 4
8696 3
8697 1
8698 3
8699 4
8700 5
8701 2
8702 4
8703 2
8704 5
8705 2
8706 3
8707 3
8708 3
8709 3
8710 1
8711 4
8712 2
8713 3
8715 1
8716 1
8717 1
8718 5
8719 3
8720 3
8721 3
8722 5
8723 2
8724 2
8725 6
8726 6
8727 1
8728 3
8729 1
8730 2
8731 5
8732 3
8733 2
8735 3
8736 2
8737 4
8738 1
8739 2
8740 4
8741 4
8742 2
8743 3
8744 4
8745 3
8747 7
8748 3
8749 3
8751 2
8752 3
8753 1
8754 2
8755 3
8756 4
8757 5
8758 4
8759 4
8760 3
8761 2
8762 4
8763 3
8764 5
8765 5
8767 2
8768 2
8769 2
8770 2
8771 4
8772 3
8773 2
8774 6
8775 4
8776 3
8777 4
8778 4
8779 3
8780 1
8781 4
8782 6
8783 2
8784 3
8785 2
8786 4
8787 4
8788 4
8789 5
8790 3
8791 5
8792 3
8793 4
8794 5
8795 3
8796 5
8797 2
8798 2
8799 2
8800 3
8801 3
8803 3
8804 3
8805 4
8806 5
8807 5
8808 3
8809 3
8810 3
8811 5
8812 5
8813 5
8814 2
8815 3
8816 1
8817 6
8818 1
8819 3
8820 3
8821 2
8822 3
8823 1
8824 5
8825 5
8826 3
8827 6
8828 2
8829 1
8830 2
8831 2
8832 2
8833 3
8834 6
8835 1
8836 4
8837 5
8838 4
8839 1
8840 2
8841 4
8842 1
8843 4
8844 2
8845 2
8846 4
8847 6
8848 3
8849 3
8850 3
8851 4
8852 1
8853 2
8854 4
8855 3
8856 3
8857 3
8858 6
8859 3
8860 3
8861 1
8862 2
8863 4
8864 3
8865 1
8866 1
8867 1
8868 4
8869 2
8870 6
8871 2
8872 3
8873 6
8874 3
8876 6
8877 5
8878 1
8879 2
8880 3
8881 6
8882 1
8883 4
8884 4
8886 5
8887 3
8888 2
8889 4
8890 3
8892 4
8893 1
8894 2
8895 2
8896 2
8898 3
8899 3
8900 3
8901 2
8902 4
8903 2
8905 4
8906 6
8907 5
8908 2
8909 3
8910 3
8911 4
8912 3
8914 2
8915 1
8916 3
8917 1
8918 2
8919 5
8920 2
8921 3
8922 1
8923 5
8924 2
8925 4
8926 4
8927 2
8928 5
8929 5
8930 3
8931 3
8932 1
8933 3
8934 2
8935 3
8936 3
8937 3
8938 1
8939 2
8940 4
8941 4
8942 5
8943 2
8944 5
8945 4
8947 2
8948 3
8949 5
8950 5
8951 2
8952 8
8953 3
8954 1
8955 2
8956 4
8957 5
8958 5
8959 7
8960 2
8961 2
8962 4
8963 3
8964 4
8965 2
8966 5
8967 4
8968 3
8969 8
8970 3
8971 4
8972 3
8973 1
8974 6
8975 4
8976 4
8977 2
8978 2
8979 2
8980 1
8981 2
8983 2
8984 3
8985 4
8986 1
8987 4
8988 5
8989 5
8990 1
8991 2
8992 3
8993 6
8994 2
8995 4
8996 2
8997 4
8998 3
9000 3
9001 4
9002 3
9003 2
9004 3
9005 5
9006 2
9007 4
9008 1
9009 1
9010 1
9011 5
9012 3
9013 1
9014 4
9015 4
9016 2
9017 6
9018 6
9019 1
9020 3
9021 5
9022 3
9023 3
9025 4
9026 3
9027 4
9028 4
9029 1
9030 1
9031 3
9032 3
9033 3
9034 3
9035 5
9036 2
9037 1
9038 1
9039 7
9040 2
9041 3
9042 3
9043 4
9044 2
9045 3
9046 2
9047 5
9048 6
9049 1
9050 5
9051 4
9052 4
9053 3
9054 4
9055 3
9056 5
9057 5
9058 3
9059 2
9061 4
9062 1
9063 4
9064 5
9065 2
9066 1
9067 1
9068 1
9069 4
9070 5
9071 2
9072 3
9073 1
9074 2
9075 2
9076 5
9077 1
9078 2
9079 2
9080 3
9081 3
9082 4
9083 2
9084 2
9085 3
9086 3
9087 3
9088 1
9089 4
9090 2
9091 4
9092 6
9094 5
9095 3
9096 3
9097 1
9098 2
9099 6
9100 1
9101 3
9102 3
9103 6
9104 2
9105 2
9106 3
9107 3
9108 4
9109 3
9110 3
9111 2
9112 3
9113 4
9114 2
9115 1
9116 4
9117 6
9118 4
9119 3
9120 4
9121 2
9122 1
9123 5
9124 3
9125 1
9126 3
9127 1
9128 5
9129 2
9130 2
9131 1
9132 5
9133 2
9134 7
9135 1
9136 4
9137 5
9138 3
9139 4
9140 3
9141 3
9142 3
9143 2
9144 2
9145 6
9146 2
9147 1
9148 2
9149 5
9150 5
9151 6
9152 3
9153 1
9154 4
9155 3
9156 3
9157 2
9158 4
9159 2
9160 1
9161 2
9163 3
9164 2
9165 1
9166 2
9167 5
9168 4
9169 5
9170 3
9171 3
9173 2
9174 2
9175 6
9176 3
9177 2
9178 3
9179 3
9180 2
9181 3
9182 4
9183 4
9184 3
9185 5
9186 3
9187 2
9188 1
9189 3
9190 1
9191 2
9192 3
9193 4
9194 5
9195 2
9196 2
9197 3
9198 4
9200 3
9201 6
9202 2
9203 3
9204 3
9205 5
9206 3
9207 4
9208 1
9209 3
9210 4
9211 2
9212 2
9213 4
9214 3
9215 3
9216 3
9217 4
9218 3
9219 5
9220 2
9221 2
9222 4
9223 4
9224 3
9225 2
9226 3
9227 3
9228 4
9229 2
9230 2
9231 7
9232 3
9233 1
9234 7
9235 4
9236 4
9237 5
9238 5
9239 6
9240 4
9241 4
9242 2
9243 4
9244 7
9245 2
9246 4
9247 1
9248 3
9249 1
9250 2
9251 1
9252 2
9253 3
9255 1
9256 6
9257 2
9258 2
9259 1
9260 4
9261 4
9262 2
9263 4
9264 2
9265 3
9266 2
9267 2
9268 4
9269 4
9270 7
9271 2
9272 4
9273 2
9274 4
9276 1
9277 2
9278 2
9279 3
9280 2
9281 4
9282 2
9283 6
9286 3
9287 3
9288 3
9289 3
9290 1
9291 3
9292 4
9293 3
9294 1
9295 4
9296 3
9297 2
9298 2
9299 2
9300 6
9302 4
9303 4
9304 2
9305 3
9306 2
9307 3
9308 7
9310 3
9311 1
9312 3
9313 3
9314 2
9315 4
9316 3
9317 6
9318 4
9319 2
9320 3
9321 3
9322 6
9323 2
9324 3
9325 4
9326 3
9327 3
9328 2
9329 2
9330 2
9331 1
9332 6
9333 5
9334 3
9335 4
9336 1
9337 1
9338 4
9339 2
9340 1
9341 1
9342 4
9343 2
9345 4
9346 3
9347 2
9348 4
9349 3
9350 5
9351 6
9352 2
9353 1
9354 2
9355 5
9356 5
9357 2
9358 1
9359 2
9360 2
9361 2
9362 3
9363 3
9364 3
9365 1
9366 1
9367 3
9368 3
9369 5
9370 2
9371 5
9372 1
9373 2
9374 2
9375 5
9376 5
9377 2
9378 5
9379 4
9381 4
9382 3
9383 4
9384 3
9385 8
9386 4
9387 2
9388 2
9389 3
9390 3
9391 3
9392 1
9393 3
9394 1
9395 2
9396 2
9397 3
9398 3
9399 2
9400 1
9401 3
9402 2
9403 6
9404 5
9405 5
9406 3
9407 4
9408 3
9409 1
9411 6
9412 5
9414 4
9415 3
9416 5
9417 1
9418 4
9419 6
9420 4
9421 5
9422 1
9423 3
9424 2
9425 3
9426 2
9427 3
9428 6
9429 2
9430 4
9432 2
9433 2
9434 4
9435 1
9436 1
9437 4
9438 7
9439 1
9440 2
9441 2
9442 1
9443 3
9444 4
9445 4
9447 2
9448 1
9449 2
9450 6
9451 1
9452 2
9454 3
9455 2
9456 2
9457 5
9458 1
9459 1
9460 3
9461 3
9462 4
9463 3
9464 3
9465 1
9466 4
9467 4
9468 3
9469 1
9470 4
9471 5
9472 3
9473 4
9474 2
9475 5
9476 4
9478 1
9479 1
9480 5
9481 1
9482 3
9483 4
9484 4
9485 4
9486 2
9487 4
9488 3
9489 3
9490 5
9491 2
9492 4
9493 4
9494 3
9495 2
9496 3
9497 5
9498 3
9499 1
9500 4
9501 5
9502 2
9503 5
9504 2
9506 4
9507 2
9508 3
9509 3
9510 3
9511 3
9512 1
9513 4
9514 5
9515 1
9516 3
9517 2
9518 1
9519 5
9521 3
9522 4
9524 2
9525 4
9526 5
9527 2
9528 2
9529 2
9530 4
9531 5
9532 6
9533 2
9534 1
9535 3
9536 3
9537 5
9538 1
9539 2
9540 2
9541 2
9543 3
9544 3
9545 2
9546 3
9548 1
9549 4
9550 1
9551 2
9553 8
9554 4
9555 5
9556 2
9557 1
9558 3
9559 1
9561 2
9562 3
9563 6
9564 2
9565 3
9566 3
9567 5
9568 5
9569 2
9570 3
9571 3
9572 2
9573 1
9574 1
9575 3
9576 1
9577 4
9578 2
9579 3
9580 1
9581 3
9582 3
9583 4
9584 2
9585 3
9586 3
9587 4
9588 3
9589 4
9590 2
9591 3
9592 5
9593 3
9594 2
9595 3
9596 4
9597 3
9598 2
9599 2
9600 4
9601 2
9602 4
9603 2
9604 2
9605 5
9606 2
9607 2
9608 4
9609 3
9610 1
9611 2
9612 4
9613 4
9614 3
9615 2
9616 3
9617 4
9618 2
9619 2
9620 3
9621 2
9622 2
9623 3
9624 2
9625 4
9626 2
9627 3
9628 2
9629 1
9630 4
9631 2
9632 2
9633 3
9634 3
9635 2
9636 2
9637 2
9638 3
9639 2
9640 2
9641 2
9642 4
9643 4
9644 5
9645 3
9646 1
9647 2
9648 3
9649 5
9650 4
9651 4
9652 2
9653 6
9654 3
9655 1
9656 6
9657 1
9658 3
9659 2
9660 4
9661 2
9663 2
9664 4
9665 2
9666 3
9667 1
9668 3
9669 6
9670 4
9671 4
9672 3
9673 4
9674 2
9675 2
9676 4
9677 3
9678 4
9679 2
9680 3
9681 4
9682 4
9683 3
9684 1
9685 2
9686 1
9687 3
9688 4
9689 3
9690 5
9691 1
9692 4
9693 4
9695 3
9696 2
9697 1
9698 4
9699 2
9700 1
9701 2
9702 4
9703 2
9704 2
9705 2
9706 4
9707 1
9708 2
9709 2
9710 1
9711 4
9712 6
9713 4
9714 6
9715 3
9716 1
9717 3
9718 2
9719 3
9720 4
9721 2
9722 4
9723 1
9724 2
9725 2
9726 1
9727 2
9728 3
9729 5
9730 2
9731 4
9732 2
9733 5
9734 3
9735 4
9736 4
9737 5
9738 4
9739 3
9741 2
9742 3
9743 1
9744 1
9745 3
9746 1
9747 4
9748 3
9749 2
9750 2
9751 4
9752 3
9753 1
9754 1
9755 2
9757 3
9758 2
9759 4
9760 2
9761 2
9762 4
9763 4
9764 4
9765 2
9766 4
9767 5
9768 1
9769 4
9770 2
9771 1
9772 4
9773 3
9774 3
9775 6
9776 4
9777 2
9778 2
9779 3
9780 3
9781 1
9782 4
9783 4
9784 5
9785 1
9788 3
9789 4
9790 3
9791 3
9792 2
9793 2
9794 3
9795 4
9796 2
9797 3
9798 3
9799 2
9800 2
9801 5
9802 3
9804 2
9805 2
9806 1
9807 4
9808 4
9809 1
9810 4
9811 3
9812 2
9813 6
9814 4
9815 3
9816 1
9817 5
9818 3
9819 1
9820 3
9821 2
9822 1
9823 4
9824 7
9825 2
9826 2
9827 2
9828 2
9829 1
9830 3
9831 7
9832 4
9833 1
9834 3
9835 2
9836 2
9837 3
9838 4
9839 2
9840 1
9841 2
9842 2
9843 1
9845 3
9846 1
9847 4
9848 2
9849 3
9850 2
9851 2
9852 3
9853 6
9854 3
9856 2
9857 4
9858 2
9860 2
9861 6
9862 2
9863 1
9864 4
9865 3
9866 2
9867 3
9868 2
9869 5
9870 5
9871 3
9872 1
9873 3
9874 2
9875 1
9876 3
9877 4
9878 2
9879 2
9880 4
9882 5
9883 3
9884 2
9885 2
9886 2
9887 3
9888 3
9889 1
9890 4
9891 3
9893 2
9894 5
9895 4
9896 1
9897 2
9898 4
9899 2
9900 5
9901 2
9902 4
9903 1
9904 4
9905 1
9906 3
9907 5
9909 3
9911 4
9912 7
9913 5
9914 1
9915 1
9916 4
9917 4
9918 3
9919 6
9920 3
9921 2
9922 2
9923 3
9924 1
9925 3
9926 2
9928 1
9929 3
9930 3
9931 2
9932 2
9933 5
9934 1
9935 2
9936 2
9937 3
9938 1
9939 1
9940 3
9941 2
9942 4
9943 4
9944 3
9945 2
9946 4
9947 4
9948 1
9949 3
9950 3
9951 5
9952 2
9953 2
9954 2
9955 5
9956 3
9957 1
9958 2
9959 4
9960 5
9962 4
9963 5
9964 6
9965 3
9966 2
9967 2
9968 2
9969 1
9971 1
9972 3
9973 3
9975 4
9976 3
9977 1
9978 1
9979 3
9980 2
9981 4
9982 4
9983 2
9984 3
9985 3
9986 1
9987 2
9988 4
9989 5
9990 3
9991 2
9992 2
9993 2
9994 1
9995 1
9996 2
9997 1
9998 3
9999 2
10000 3
10001 3
10002 4
10003 1
10004 2
10005 2
10006 4
10007 4
10008 2
10009 1
10010 2
10011 5
10012 3
10013 2
10014 5
10015 3
10016 4
10017 1
10018 2
10019 1
10020 1
10022 2
10023 2
10024 2
10025 2
10027 4
10028 2
10029 2
10030 2
10031 3
10032 6
10033 2
10034 3
10035 3
10036 4
10037 3
10039 2
10040 2
10041 5
10042 2
10043 1
10044 1
10045 4
10046 3
10047 2
10048 1
10049 3
10050 4
10051 3
10052 3
10053 2
10054 5
10057 4
10058 1
10059 2
10060 1
10061 4
10062 4
10063 2
10064 2
10065 1
10066 3
10067 4
10068 4
10069 3
10070 4
10071 3
10072 3
10074 3
10075 6
10076 2
10077 2
10078 2
10079 1
10080 4
10082 2
10083 4
10084 3
10085 2
10086 2
10087 4
10088 2
10089 4
10090 4
10091 2
10092 2
10093 3
10094 4
10095 3
10096 3
10097 2
10098 2
10099 5
10100 4
10101 3
10102 2
10103 2
10104 5
10105 4
10106 2
10107 1
10108 2
10109 2
10110 3
10111 4
10112 1
10113 2
10114 1
10115 1
10117 3
10118 1
10120 2
10121 2
10122 4
10123 5
10124 3
10125 3
10126 5
10127 2
10128 3
10129 2
10130 2
10131 4
10132 2
10133 3
10134 1
10135 2
10136 1
10137 1
10138 2
10139 4
10140 3
10141 3
10142 1
10143 2
10144 3
10145 2
10146 1
10147 6
10148 5
10149 1
10151 3
10152 1
10153 2
10154 2
10155 2
10156 5
10157 5
10158 1
10159 3
10160 1
10161 1
10162 4
10163 3
10164 3
10165 4
10167 2
10168 2
10169 3
10170 2
10171 2
10172 1
10173 2
10174 1
10175 3
10176 3
10177 4
10178 3
10179 1
10180 1
10181 3
10182 7
10183 1
10184 2
10185 1
10186 3
10187 3
10188 2
10189 4
10190 3
10191 4
10192 3
10193 2
10194 4
10195 2
10196 2
10197 2
10198 2
10199 1
10200 2
10201 2
10202 2
10203 2
10204 3
10205 3
10206 3
10207 3
10208 2
10209 4
10210 4
10211 6
10212 5
10214 2
10215 1
10216 3
10217 1
10218 1
10219 3
10220 1
10221 2
10222 3
10223 1
10224 4
10225 4
10226 2
10227 6
10228 2
10229 4
10230 1
10232 3
10233 3
10234 7
10235 1
10236 3
10237 1
10238 2
10240 3
10241 2
10242 2
10243 2
10244 4
10245 2
10246 2
10247 3
10248 2
10249 3
10250 3
10251 5
10252 1
10253 1
10254 2
10255 3
10256 3
10257 2
10258 5
10259 1
10260 2
10262 2
10263 2
10264 2
10265 1
10267 2
10268 2
10269 2
10270 5
10271 1
10272 2
10273 5
10274 3
10275 2
10276 4
10277 3
10278 1
10279 2
10280 3
10281 6
10283 3
10284 2
10286 4
10287 2
10288 4
10289 2
10290 3
10291 2
10292 2
10293 2
10294 2
10295 2
10296 2
10297 1
10298 2
10299 2
10300 2
10301 1
10302 2
10303 4
10305 3
10306 2
10307 4
10309 3
10310 4
10311 2
10312 4
10315 2
10316 3
10317 2
10319 1
10320 2
10321 2
10322 2
10323 3
10324 2
10325 4
10326 2
10327 3
10328 3
10329 2
10330 2
10331 3
10332 2
10333 2
10336 3
10337 3
10338 2
10339 4
10340 2
10341 4
10342 3
10343 5
10344 3
10345 5
10346 2
10347 3
10348 2
10349 2
10350 4
10351 1
10352 4
10353 2
10354 2
10355 2
10356 3
10357 2
10358 1
10359 4
10361 3
10362 3
10363 2
10364 4
10365 2
10366 2
10367 3
10368 3
10369 5
10370 3
10371 2
10372 2
10373 3
10374 5
10375 4
10376 4
10377 2
10378 5
10379 1
10380 1
10381 1
10383 3
10384 1
10385 3
10386 1
10387 5
10388 2
10389 6
10390 2
10391 3
10392 5
10393 4
10394 2
10395 3
10396 1
10397 2
10398 3
10399 1
10400 2
10401 2
10402 2
10403 2
10404 3
10405 4
10406 2
10407 1
10408 4
10409 3
10410 1
10411 5
10412 1
10413 1
10414 4
10415 2
10416 1
10417 1
10418 5
10419 1
10420 3
10421 4
10422 3
10423 3
10425 3
10426 2
10427 1
10428 5
10430 2
10431 3
10432 2
10433 4
10434 2
10435 3
10436 1
10437 1
10438 4
10439 2
10440 2
10441 3
10442 2
10443 3
10444 1
10445 1
10447 2
10448 3
10449 1
10450 4
10451 4
10452 3
10454 4
10455 4
10456 2
10457 5
10458 3
10459 2
10460 2
10461 2
10462 1
10463 2
10464 4
10465 1
10467 1
10468 1
10469 1
10470 3
10471 2
10473 3
10474 1
10475 1
10476 4
10477 2
10478 2
10479 2
10480 4
10481 3
10482 2
10483 1
10484 2
10485 2
10486 2
10487 3
10489 3
10490 1
10491 4
10492 2
10494 3
10495 1
10496 4
10497 2
10498 3
10499 3
10500 1
10501 3
10502 3
10503 5
10504 1
10505 1
10506 1
10507 2
10508 2
10509 4
10510 3
10511 2
10512 3
10513 2
10514 3
10516 1
10517 5
10518 3
10519 3
10520 4
10521 4
10523 5
10524 2
10525 4
10526 2
10527 2
10528 2
10529 2
10530 2
10531 1
10532 2
10533 3
10534 4
10536 5
10537 3
10538 1
10539 3
10540 1
10541 1
10542 2
10543 4
10544 4
10545 5
10546 2
10547 1
10548 1
10549 1
10550 2
10551 3
10552 1
10553 2
10555 4
10556 2
10557 1
10558 4
10560 2
10563 3
10565 2
10566 1
10567 3
10568 2
10569 4
10570 3
10571 1
10572 3
10573 5
10574 2
10575 2
10576 2
10577 1
10578 2
10579 2
10581 2
10582 5
10583 1
10584 1
10585 5
10586 4
10587 1
10588 3
10589 5
10590 2
10591 1
10592 3
10593 2
10594 3
10595 2
10596 3
10597 1
10598 5
10599 2
10600 2
10601 4
10602 2
10603 3
10604 2
10605 2
10606 1
10607 3
10608 1
10609 2
10610 3
10613 3
10614 3
10615 1
10616 3
10617 1
10618 3
10619 4
10620 2
10621 1
10622 2
10623 4
10624 2
10625 2
10626 3
10627 2
10628 2
10630 2
10631 6
10632 4
10633 1
10635 2
10636 4
10637 4
10638 5
10639 4
10640 3
10641 2
10642 1
10644 4
10645 2
10646 1
10648 2
10651 1
10652 1
10653 1
10655 1
10656 3
10657 2
10658 2
10659 3
10660 4
10661 3
10662 1
10663 2
10664 1
10665 1
10666 1
10667 2
10668 2
10669 2
10670 4
10671 2
10672 2
10673 2
10674 4
10676 2
10677 1
10678 2
10679 2
10680 1
10681 3
10682 1
10683 5
10684 1
10685 1
10686 3
10687 2
10688 1
10689 1
10691 3
10692 3
10693 1
10694 1
10695 2
10696 2
10697 3
10698 1
10699 1
10700 4
10701 2
10702 2
10703 4
10704 2
10705 2
10706 1
10707 3
10708 5
10709 1
10710 2
10713 3
10715 1
10717 5
10718 4
10719 2
10720 2
10721 2
10722 4
10723 3
10724 2
10725 4
10726 5
10729 2
10731 2
10732 2
10733 3
10735 3
10736 2
10737 1
10738 2
10739 3
10741 1
10742 1
10743 2
10744 1
10745 2
10746 2
10747 2
10748 1
10749 2
10750 5
10751 3
10752 2
10753 2
10754 1
10755 5
10756 2
10759 1
10760 2
10761 2
10762 3
10763 1
10764 1
10765 1
10766 4
10767 2
10768 2
10769 4
10770 2
10771 3
10772 3
10773 3
10774 3
10775 1
10776 3
10777 3
10778 5
10779 2
10780 1
10781 2
10782 2
10783 1
10784 2
10785 4
10786 4
10787 3
10788 2
10789 4
10790 3
10791 2
10793 1
10794 2
10795 3
10796 3
10798 3
10799 2
10801 1
10802 4
10803 1
10804 4
10805 2
10806 3
10807 4
10808 5
10809 2
10811 3
10812 4
10814 1
10815 3
10816 3
10817 1
10818 3
10819 4
10820 6
10821 3
10823 3
10824 3
10825 1
10826 1
10828 2
10829 1
10830 3
10831 2
10832 2
10833 1
10834 1
10837 3
10838 5
10839 1
10840 2
10841 3
10842 3
10844 2
10845 5
10847 2
10848 2
10850 1
10851 1
10852 3
10853 1
10854 2
10855 1
10856 1
10857 3
10858 2
10859 1
10860 2
10861 2
10862 2
10863 3
10865 1
10866 3
10867 6
10868 1
10870 3
10871 2
10872 3
10873 2
10874 1
10875 4
10876 4
10877 2
10878 1
10880 3
10881 3
10882 1
10883 4
10884 3
10885 2
10886 1
10887 1
10888 3
10889 2
10890 4
10891 1
10892 2
10893 1
10894 1
10895 2
10896 2
10897 4
10898 2
10899 1
10900 3
10901 4
10902 2
10903 3
10904 1
10905 2
10906 3
10908 1
10910 3
10911 1
10913 3
10914 1
10916 3
10917 3
10918 1
10919 4
10921 2
10923 2
10925 2
10926 4
10927 2
10928 1
10929 2
10930 5
10931 4
10932 2
10935 2
10936 1
10937 3
10939 3
10940 2
10941 1
10943 2
10944 3
10945 1
10946 2
10947 2
10948 2
10949 1
10951 3
10952 2
10953 7
10954 4
10955 3
10956 1
10957 1
10958 2
10959 2
10961 1
10962 1
10963 4
10964 2
10965 1
10966 3
10967 3
10968 1
10969 2
10970 2
10971 3
10972 2
10973 2
10974 2
10975 3
10976 2
10977 4
10978 2
10979 2
10981 1
10982 2
10983 2
10984 2
10986 3
10987 1
10988 4
10989 4
10990 1
10991 1
10992 2
10993 3
10994 2
10995 2
10996 4
10997 2
10998 1
10999 1
11000 5
11001 1
11002 1
11003 2
11004 1
11005 1
11006 4
11007 1
11008 2
11009 1
11010 1
11011 1
11012 6
11013 3
11015 1
11016 2
11017 3
11018 3
11019 1
11020 1
11022 4
11024 2
11025 3
11028 2
11029 1
11030 2
11031 1
11032 2
11033 2
11034 1
11035 2
11036 1
11037 1
11038 2
11039 3
11040 2
11041 2
11042 3
11043 3
11044 1
11045 2
11046 1
11047 1
11048 3
11049 3
11050 4
11051 2
11052 2
11053 2
11054 2
11055 3
11056 2
11057 4
11058 2
11059 1
11060 3
11061 3
11062 1
11063 1
11064 5
11065 2
11066 2
11067 1
11068 1
11069 3
11070 2
11071 3
11072 2
11073 2
11074 2
11075 1
11076 3
11077 2
11078 1
11079 2
11080 1
11081 2
11082 2
11083 1
11084 2
11085 2
11087 3
11088 1
11089 4
11090 3
11092 2
11093 2
11094 2
11095 2
11096 1
11097 2
11098 2
11099 2
11103 1
11105 2
11106 2
11107 2
11108 2
11110 2
11111 3
11112 2
11113 2
11114 2
11115 2
11116 1
11117 2
11118 1
11119 2
11120 1
11121 2
11122 3
11123 1
11124 1
11126 1
11127 2
11128 1
11129 2
11130 1
11131 1
11132 2
11133 2
11134 1
11135 4
11136 2
11137 3
11138 2
11139 2
11140 1
11141 1
11142 3
11143 1
11144 1
11145 3
11146 1
11147 5
11148 1
11149 1
11150 1
11151 3
11152 4
11153 3
11154 2
11155 1
11156 1
11157 2
11158 2
11159 4
11160 2
11161 1
11162 3
11163 1
11165 1
11166 2
11167 3
11168 1
11169 3
11170 4
11172 2
11173 3
11174 3
11175 3
11176 3
11177 2
11178 2
11180 2
11181 1
11182 2
11183 2
11184 2
11189 2
11190 1
11192 3
11193 2
11194 1
11195 4
11196 4
11197 2
11198 2
11199 3
11200 3
11201 2
11202 2
11203 1
11204 2
11205 2
11206 2
11208 2
11209 1
11210 2
11211 3
11212 2
11213 1
11214 1
11215 2
11216 1
11217 5
11218 1
11219 2
11220 2
11221 4
11222 1
11223 1
11224 3
11225 1
11226 1
11227 1
11228 3
11229 3
11230 2
11231 1
11232 3
11233 2
11234 3
11235 1
11236 1
11237 3
11238 5
11239 4
11240 1
11241 3
11242 2
11243 3
11244 2
11245 1
11246 1
11247 1
11248 1
11249 2
11250 1
11252 1
11253 3
11254 2
11256 2
11257 3
11258 2
11260 2
11261 3
11263 2
11264 4
11265 4
11266 1
11267 1
11269 3
11270 4
11271 3
11274 2
11275 1
11276 2
11277 2
11279 3
11280 1
11282 2
11283 2
11284 1
11285 1
11286 2
11287 2
11288 2
11289 2
11290 1
11291 1
11293 2
11294 1
11295 4
11297 1
11298 2
11300 2
11301 2
11302 2
11303 1
11304 1
11305 1
11306 2
11307 3
11309 1
11310 1
11311 2
11312 3
11313 2
11314 1
11315 2
11316 3
11317 5
11318 1
11319 2
11320 3
11321 1
11322 1
11325 2
11327 2
11329 3
11330 3
11331 1
11332 2
11333 3
11334 1
11335 2
11336 1
11337 1
11338 1
11340 3
11342 3
11343 3
11344 2
11346 2
11347 2
11348 1
11349 2
11350 3
11351 4
11352 2
11354 1
11355 1
11356 2
11357 2
11358 2
11359 3
11360 2
11361 1
11362 1
11363 2
11364 5
11366 3
11373 2
11375 3
11376 5
11377 1
11378 1
11379 2
11380 4
11381 2
11382 3
11383 1
11385 3
11386 1
11388 3
11389 2
11390 2
11391 2
11392 2
11393 1
11394 1
11395 1
11396 1
11397 1
11398 3
11399 2
11400 2
11401 3
11402 3
11404 2
11405 1
11406 1
11407 1
11408 1
11409 2
11410 1
11411 2
11412 1
11413 1
11414 1
11415 2
11416 3
11418 2
11419 1
11420 2
11422 3
11423 2
11425 1
11427 1
11428 2
11429 2
11430 1
11431 1
11432 2
11433 1
11434 2
11436 2
11437 4
11438 2
11439 1
11441 3
11442 2
11443 1
11444 3
11445 4
11446 1
11447 2
11448 1
11450 4
11451 4
11452 2
11453 1
11454 2
11455 1
11457 1
11458 2
11459 1
11461 2
11462 3
11463 2
11464 1
11465 1
11467 1
11468 2
11469 4
11470 1
11471 2
11472 1
11474 2
11475 4
11479 1
11480 3
11482 1
11483 2
11484 2
11485 1
11486 2
11487 4
11489 2
11490 1
11491 3
11492 1
11493 3
11495 2
11496 2
11497 3
11498 3
11499 2
11500 2
11501 4
11503 2
11504 1
11505 2
11506 1
11508 2
11509 3
11510 2
11511 2
11514 3
11515 2
11516 1
11517 2
11521 1
11523 4
11524 3
11525 1
11526 3
11527 3
11528 3
11529 1
11530 2
11531 3
11532 3
11533 2
11534 1
11536 1
11538 1
11539 5
11540 2
11541 2
11543 1
11544 2
11546 1
11547 2
11548 2
11549 2
11550 1
11551 2
11553 2
11556 5
11557 3
11558 2
11559 1
11560 2
11561 2
11562 1
11563 1
11564 2
11565 1
11566 1
11569 2
11570 2
11571 1
11573 2
11574 2
11575 1
11576 1
11577 2
11578 2
11579 1
11580 2
11582 5
11583 1
11584 2
11586 4
11587 1
11590 1
11591 3
11592 2
11593 2
11594 2
11595 3
11596 3
11600 2
11602 3
11603 1
11604 3
11606 1
11607 1
11608 1
11609 3
11610 2
11611 2
11612 2
11614 2
11615 1
11616 2
11617 2
11618 2
11619 1
11620 2
11621 1
11622 1
11623 1
11624 1
11625 3
11626 1
11627 2
11628 1
11629 4
11630 1
11631 2
11632 1
11633 1
11634 2
11635 1
11636 3
11637 2
11638 2
11639 2
11640 1
11642 2
11643 1
11644 2
11645 3
11646 1
11647 1
11648 1
11649 1
11650 2
11651 6
11652 1
11653 1
11655 2
11656 1
11658 4
11659 2
11662 1
11663 1
11664 2
11667 1
11668 1
11669 2
11671 1
11672 2
11673 5
11674 1
11675 2
11676 1
11678 2
11679 1
11680 2
11681 3
11683 2
11688 4
11689 1
11690 2
11691 3
11692 1
11693 1
11694 3
11695 2
11696 3
11697 2
11698 2
11701 1
11703 3
11704 1
11705 1
11706 2
11707 2
11708 1
11709 2
11710 3
11711 1
11712 2
11713 2
11715 1
11716 1
11717 1
11720 1
11722 1
11723 1
11724 1
11725 4
11727 2
11728 1
11729 1
11731 4
11732 3
11733 2
11736 3
11737 2
11738 1
11739 2
11740 1
11741 1
11743 3
11744 1
11745 3
11746 2
11747 1
11749 1
11750 2
11751 1
11752 1
11753 1
11754 2
11755 1
11756 1
11757 1
11758 1
11759 1
11760 1
11761 2
11762 3
11763 1
11764 2
11765 1
11766 1
11767 1
11768 1
11769 2
11770 2
11771 1
11772 1
11773 3
11774 3
11775 1
11776 3
11777 1
11778 5
11779 1
11780 2
11783 1
11784 2
11785 1
11786 1
11787 1
11789 2
11790 1
11791 1
11792 4
11793 1
11794 1
11795 4
11796 1
11798 1
11799 1
11800 2
11802 2
11803 1
11806 1
11808 5
11809 4
11811 3
11812 1
11813 2
11814 2
11816 1
11817 1
11818 4
11819 2
11822 1
11823 2
11825 2
11826 3
11828 2
11830 1
11831 3
11832 1
11833 2
11834 1
11835 2
11838 3
11839 1
11841 2
11842 1
11843 1
11845 1
11847 1
11848 2
11849 2
11851 4
11852 1
11854 2
11855 2
11856 2
11857 1
11858 2
11859 2
11860 2
11861 3
11862 1
11863 1
11864 1
11867 1
11868 1
11870 1
11871 2
11872 2
11873 3
11875 1
11876 1
11877 4
11878 3
11879 1
11880 3
11881 2
11884 2
11886 1
11889 2
11890 1
11891 2
11893 1
11894 2
11895 2
11896 2
11897 1
11898 1
11901 1
11902 1
11903 1
11904 1
11905 1
11909 1
11910 1
11911 2
11912 2
11913 2
11914 4
11915 1
11916 1
11917 2
11918 1
11919 1
11920 3
11921 3
11923 1
11924 1
11925 3
11926 1
11927 2
11928 1
11929 1
11930 1
11931 1
11932 2
11933 1
11934 1
11936 2
11937 2
11938 1
11940 2
11941 1
11942 1
11943 2
11944 3
11945 2
11946 1
11947 1
11948 2
11949 1
11950 1
11951 3
11953 2
11954 1
11955 1
11957 2
11958 5
11959 1
11960 2
11962 2
11965 1
11966 1
11967 1
11968 1
11969 1
11970 1
11971 1
11972 3
11973 5
11975 2
11976 3
11977 1
11978 1
11979 1
11982 2
11983 2
11984 1
11986 2
11988 3
11989 5
11990 1
11991 1
11992 1
11994 1
11995 1
11996 2
11998 3
11999 2
12000 2
12001 1
12002 2
12003 2
12004 1
12005 2
12006 2
12007 1
12008 1
12009 1
12010 2
12011 1
12014 2
12016 1
12018 1
12019 1
12020 1
12022 2
12023 1
12024 1
12025 2
12026 2
12027 3
12029 1
12031 3
12032 3
12033 1
12035 1
12036 4
12038 3
12039 3
12041 1
12044 1
12045 2
12048 2
12049 2
12051 1
12052 1
12053 1
12055 1
12057 2
12059 2
12060 3
12061 2
12064 1
12067 1
12069 1
12070 3
12071 3
12073 1
12074 1
12076 1
12077 1
12078 1
12079 1
12080 1
12081 1
12082 2
12083 2
12084 1
12085 2
12086 1
12091 1
12092 2
12093 1
12094 1
12095 3
12097 1
12099 1
12100 2
12101 2
12102 1
12103 1
12104 1
12105 1
12106 1
12107 2
12108 2
12109 1
12112 1
12113 1
12117 1
12118 2
12120 2
12121 1
12122 1
12123 3
12125 2
12126 2
12128 2
12129 1
12130 1
12131 1
12135 1
12136 2
12138 1
12139 2
12142 3
12144 1
12146 1
12147 1
12149 1
12150 3
12151 1
12152 2
12153 2
12154 1
12155 2
12156 2
12157 2
12160 1
12161 1
12162 1
12163 2
12165 1
12166 4
12167 1
12169 3
12170 4
12171 2
12172 4
12173 1
12174 1
12177 2
12178 1
12179 1
12180 2
12181 1
12182 3
12183 1
12184 1
12186 2
12187 1
12188 3
12189 1
12190 1
12191 2
12192 1
12194 2
12195 3
12196 1
12199 1
12200 1
12202 2
12204 2
12205 3
12206 2
12207 2
12208 2
12209 1
12210 1
12212 2
12213 1
12214 1
12216 2
12217 1
12219 2
12220 4
12221 1
12224 1
12225 1
12226 1
12228 2
12229 2
12230 1
12231 3
12232 1
12233 1
12235 1
12238 1
12240 1
12241 1
12242 3
12245 2
12247 2
12248 1
12249 1
12250 1
12251 2
12252 2
12253 2
12255 1
12257 1
12258 3
12259 2
12260 2
12263 1
12265 2
12267 3
12268 2
12270 2
12271 1
12272 1
12275 3
12276 2
12277 2
12278 1
12281 2
12283 1
12284 1
12285 1
12288 1
12289 1
12290 1
12292 2
12293 1
12297 1
12298 1
12299 1
12301 3
12302 2
12303 2
12304 1
12305 2
12306 2
12307 1
12310 1
12311 1
12312 1
12314 1
12315 1
12317 1
12318 1
12319 1
12321 1
12322 1
12323 2
12325 1
12327 1
12328 1
12329 1
12330 3
12331 2
12334 2
12335 1
12336 2
12337 1
12339 3
12340 1
12344 2
12345 3
12346 2
12347 3
12348 1
12349 1
12350 2
12351 1
12352 3
12353 2
12354 2
12355 1
12356 1
12357 1
12358 1
12359 1
12362 1
12363 2
12364 3
12366 2
12367 1
12369 1
12370 3
12371 3
12372 1
12373 1
12374 1
12375 2
12376 1
12377 1
12379 1
12382 1
12383 1
12384 1
12386 1
12388 3
12389 2
12390 1
12392 3
12393 1
12394 1
12396 1
12397 1
12399 2
12400 4
12401 1
12406 2
12407 1
12408 1
12409 1
12410 1
12412 3
12413 2
12415 1
12416 2
12417 1
12418 1
12422 3
12423 1
12425 2
12426 1
12429 1
12430 1
12432 1
12435 1
12436 1
12439 1
12440 1
12441 1
12442 1
12443 2
12444 1
12445 1
12446 1
12448 2
12450 3
12451 2
12452 1
12455 2
12456 1
12457 3
12458 3
12459 1
12461 1
12462 1
12463 1
12464 3
12465 2
12469 1
12470 1
12472 2
12474 1
12475 1
12479 1
12481 2
12482 1
12484 1
12485 1
12486 1
12487 2
12489 2
12494 3
12497 2
12498 1
12499 1
12503 1
12504 1
12505 1
12507 2
12508 1
12510 1
12511 2
12512 1
12514 2
12515 1
12516 1
12518 1
12519 2
12521 1
12523 1
12524 1
12526 1
12527 1
12528 2
12529 1
12531 1
12532 1
12534 1
12535 2
12537 2
12538 1
12540 1
12542 2
12543 1
12544 1
12545 2
12546 1
12547 2
12550 2
12551 1
12552 1
12553 2
12554 1
12556 1
12557 1
12558 1
12559 1
12561 1
12562 2
12567 1
12568 2
12569 1
12570 3
12571 1
12574 1
12575 1
12577 1
12578 1
12580 3
12581 1
12584 2
12590 1
12592 2
12593 2
12596 3
12597 2
12598 1
12599 1
12600 2
12601 1
12603 1
12605 2
12606 1
12609 1
12611 1
12614 2
12615 1
12616 1
12617 2
12619 1
12620 1
12621 2
12622 2
12623 1
12624 1
12625 1
12628 1
12629 3
12630 1
12631 1
12632 2
12633 2
12634 2
12635 1
12636 1
12637 1
12638 3
12639 5
12641 1
12643 3
12644 2
12645 1
12647 1
12653 1
12656 1
12657 2
12661 1
12663 1
12664 2
12665 3
12666 1
12667 1
12669 1
12676 1
12678 1
12679 2
12683 1
12684 1
12686 1
12687 1
12689 1
12690 2
12692 2
12694 1
12695 1
12697 1
12698 1
12699 1
12701 1
12702 2
12703 1
12706 1
12707 1
12708 1
12710 2
12711 1
12712 1
12715 1
12716 2
12717 1
12718 1
12719 1
12720 2
12721 1
12722 1
12725 1
12726 1
12727 2
12729 1
12730 2
12733 2
12735 1
12737 1
12738 1
12740 1
12742 2
12743 2
12744 1
12745 1
12746 2
12748 1
12750 2
12751 3
12757 2
12758 1
12761 1
12764 4
12766 1
12768 2
12776 2
12778 1
12779 3
12780 2
12781 1
12783 1
12785 1
12786 1
12788 1
12789 1
12790 1
12794 1
12796 1
12797 1
12798 2
12800 1
12801 3
12802 2
12804 1
12805 1
12806 2
12809 2
12811 1
12812 1
12813 1
12814 1
12816 2
12818 1
12819 2
12820 1
12822 1
12823 2
12825 1
12827 1
12828 1
12831 1
12833 2
12837 2
12838 2
12839 1
12842 2
12844 3
12845 2
12846 1
12849 1
12851 2
12855 1
12858 1
12859 1
12861 2
12863 1
12865 1
12866 1
12869 2
12870 1
12875 1
12879 1
12880 1
12882 2
12884 2
12885 1
12886 1
12887 2
12889 1
12890 1
12891 3
12892 1
12896 1
12897 1
12898 3
12900 1
12901 3
12906 2
12908 1
12909 1
12911 1
12914 3
12915 1
12916 1
12924 3
12925 1
12926 2
12927 1
12928 2
12931 1
12932 2
12933 1
12934 1
12939 2
12940 1
12941 1
12944 2
12948 2
12949 1
12950 2
12953 1
12956 1
12957 2
12958 1
12959 1
12960 1
12961 2
12964 2
12966 1
12967 1
12969 1
12972 1
12974 1
12976 1
12977 2
12978 2
12979 1
12980 1
12982 1
12983 1
12984 1
12986 3
12987 1
12990 1
12992 1
12993 1
12994 1
12995 1
12996 2
12997 1
13000 1
13001 1
13002 1
13003 1
13004 1
13009 1
13010 1
13011 1
13012 1
13015 1
13017 1
13018 2
13019 1
13020 2
13022 1
13023 1
13025 1
13026 2
13030 1
13031 2
13036 1
13037 3
13038 1
13039 2
13045 1
13046 1
13048 1
13051 2
13053 1
13055 2
13056 1
13058 1
13059 2
13064 3
13065 1
13066 1
13068 1
13069 1
13071 2
13073 2
13076 1
13078 1
13081 1
13082 1
13083 2
13084 1
13090 1
13091 1
13092 1
13094 2
13095 1
13096 1
13097 1
13098 2
13104 1
13106 1
13107 1
13108 2
13109 1
13111 1
13112 1
13113 2
13114 1
13116 1
13117 1
13120 1
13124 1
13125 1
13128 2
13131 2
13132 1
13133 2
13137 2
13142 1
13144 1
13145 1
13154 1
13155 1
13157 1
13158 1
13159 1
13160 1
13161 1
13162 1
13163 1
13164 1
13167 1
13170 2
13174 1
13175 1
13176 2
13177 3
13178 1
13179 1
13180 1
13184 1
13194 1
13195 1
13196 1
13198 1
13199 1
13200 1
13202 1
13206 1
13208 1
13209 1
13212 1
13213 1
13218 2
13219 2
13223 1
13225 1
13226 2
13231 2
13235 1
13236 1
13242 1
13247 1
13248 2
13249 1
13256 2
13259 1
13261 2
13262 1
13263 1
13264 2
13265 1
13271 1
13272 2
13275 1
13277 2
13278 4
13280 2
13281 1
13286 1
13288 1
13289 1
13290 1
13293 1
13294 1
13295 1
13300 1
13311 1
13312 1
13313 2
13314 1
13315 1
13316 1
13317 1
13320 2
13324 1
13325 1
13328 1
13330 1
13332 1
13334 1
13335 1
13337 2
13338 1
13340 1
13341 2
13344 1
13346 1
13348 2
13350 1
13353 1
13354 1
13355 1
13357 2
13358 3
13359 2
13360 1
13362 2
13373 1
13376 3
13377 1
13383 2
13384 2
13386 1
13389 1
13391 1
13395 1
13398 2
13399 1
13400 1
13402 1
13403 1
13405 1
13406 1
13409 2
13411 1
13420 1
13422 1
13427 2
13429 1
13431 1
13435 1
13436 2
13439 1
13440 1
13441 1
13444 1
13445 3
13449 2
13452 1
13457 1
13458 1
13460 1
13462 1
13464 1
13469 1
13470 2
13471 1
13479 1
13480 1
13482 1
13485 1
13493 1
13495 2
13496 1
13498 1
13500 2
13502 1
13505 2
13508 1
13512 1
13516 1
13517 1
13518 1
13520 1
13521 1
13522 1
13525 1
13528 2
13530 1
13535 1
13536 1
13538 1
13539 1
13542 2
13550 1
13551 1
13552 1
13554 1
13556 2
13557 3
13563 2
13564 1
13567 1
13570 2
13571 1
13572 2
13578 1
13580 1
13581 1
13582 1
13584 1
13588 1
13589 1
13591 1
13592 1
13594 1
13595 1
13600 1
13604 1
13605 1
13606 1
13607 1
13610 1
13611 1
13613 1
13616 1
13617 1
13619 1
13620 2
13622 1
13625 1
13629 2
13631 1
13635 1
13644 1
13649 1
13650 1
13651 1
13652 1
13653 2
13658 1
13659 1
13660 1
13665 1
13667 1
13668 1
13671 1
13675 1
13676 2
13678 1
13686 1
13690 1
13693 1
13696 1
13697 1
13698 1
13702 1
13704 1
13706 1
13707 1
13711 1
13712 1
13715 1
13720 1
13722 1
13728 1
13730 1
13731 1
13734 2
13736 1
13737 1
13738 1
13739 2
13740 1
13745 2
13747 1
13749 1
13750 2
13752 1
13754 1
13756 2
13758 1
13759 1
13763 1
13764 2
13767 1
13770 2
13771 2
13772 1
13773 1
13775 1
13778 1
13784 1
13788 1
13789 1
13792 1
13793 1
13799 1
13800 2
13803 1
13809 1
13810 1
13813 1
13815 1
13816 2
13817 1
13818 1
13823 1
13826 1
13832 1
13833 1
13836 1
13843 1
13845 1
13851 1
13852 1
13856 1
13857 1
13858 1
13859 1
13870 1
13874 1
13875 1
13882 1
13886 1
13887 1
13889 1
13894 1
13896 1
13898 1
13904 1
13912 1
13914 1
13915 1
13918 1
13919 2
13920 1
13928 1
13929 1
13931 1
13934 1
13937 1
13938 1
13939 1
13943 1
13950 2
13955 1
13967 1
13968 1
13969 1
13971 1
13980 3
13981 1
13983 1
13984 1
13985 1
13990 1
13993 2
13996 1
13997 3
13998 1
14000 1
14014 1
14022 1
14025 1
14031 1
14032 2
14034 1
14039 2
14040 1
14047 1
14053 1
14054 1
14056 1
14065 1
14067 1
14069 1
14078 2
14084 1
14086 1
14090 1
14092 2
14095 1
14096 1
14099 1
14102 1
14103 1
14108 1
14110 1
14112 1
14116 1
14118 1
14119 1
14121 1
14126 1
14130 1
14143 1
14145 1
14146 1
14151 1
14161 1
14164 2
14165 1
14168 2
14177 1
14179 1
14189 1
14190 2
14197 1
14198 1
14201 1
14202 1
14204 1
14206 1
14211 1
14212 1
14214 1
14215 1
14219 2
14220 1
14227 1
14233 1
14237 1
14249 1
14266 1
14270 2
14275 1
14276 1
14282 1
14283 1
14285 1
14286 1
14290 1
14291 1
14292 1
14300 1
14301 1
14306 1
14308 1
14311 1
14314 1
14324 1
14325 1
14326 1
14332 1
14334 1
14348 2
14350 1
14353 1
14367 1
14369 1
14370 1
14372 1
14377 1
14378 1
14384 2
14386 1
14387 1
14390 1
14394 1
14395 1
14397 1
14401 1
14412 1
14417 1
14419 1
14423 1
14426 1
14430 1
14437 1
14450 1
14455 1
14456 1
14459 2
14464 1
14465 1
14466 1
14468 1
14471 1
14482 1
14484 1
14487 1
14490 1
14492 1
14508 1
14512 1
14514 1
14517 1
14526 1
14528 1
14533 1
14537 1
14542 1
14545 1
14555 1
14560 1
14564 1
14570 1
14575 1
14576 1
14577 2
14578 1
14594 1
14599 1
14606 1
14615 1
14619 1
14623 1
14624 1
14629 1
14636 1
14639 1
14648 1
14662 1
14664 1
14665 1
14678 1
14681 1
14688 1
14690 1
14700 1
14712 1
14716 1
14717 1
14725 1
14735 1
14741 1
14742 1
14744 1
14747 1
14752 1
14755 1
14757 1
14758 1
14759 2
14777 1
14784 1
14786 1
14799 1
14803 1
14804 1
14809 1
14831 1
14837 1
14840 1
14845 3
14846 1
14850 1
14858 1
14862 1
14864 1
14870 1
14884 1
14896 1
14898 1
14905 1
14909 1
14916 1
14918 1
14921 1
14922 1
14925 1
14938 1
14939 1
14951 1
14957 1
14964 1
14973 1
14981 1
14989 1
15004 1
15011 1
15017 1
15020 1
15025 1
15026 1
15044 1
15053 1
15076 1
15086 1
15089 1
15096 1
15098 1
15106 1
15120 1
15131 1
15138 1
15140 1
15156 2
15159 1
15173 1
15175 1
15178 1
15184 1
15190 1
15203 1
15206 1
15218 1
15233 1
15236 1
15249 1
15259 1
15260 1
15274 1
15296 1
15318 1
15320 1
15332 1
15338 1
15339 1
15343 1
15348 1
15355 1
15377 1
15381 1
15383 1
15384 1
15387 1
15391 1
15397 1
15398 1
15400 1
15425 1
15440 1
15449 1
15454 1
15467 1
15478 1
15480 1
15496 1
15503 1
15514 1
15518 1
15519 1
15523 1
15548 1
15553 1
15561 1
15564 2
15565 2
15569 1
15577 1
15590 1
15599 1
15607 1
15612 1
15615 1
15617 1
15620 1
15622 1
15637 1
15647 1
15670 1
15676 1
15683 1
15700 1
15702 1
15735 1
15745 2
15770 1
15779 1
15787 1
15795 1
15817 1
15825 1
15830 1
15838 1
15847 1
15850 1
15859 1
15882 1
15890 1
15892 1
15937 1
15962 1
15968 1
15978 1
16005 1
16010 1
16021 1
16022 1
16024 1
16032 1
16039 1
16055 1
16110 1
16117 1
16125 1
16144 1
16149 1
16159 1
16183 1
16197 1
16199 1
16204 1
16211 1
16221 1
16229 1
16242 1
16246 1
16248 1
16252 1
16284 1
16309 1
16314 1
16320 1
16325 1
16326 1
16331 1
16332 1
16336 1
16339 1
16341 1
16379 1
16384 1
16405 1
16409 1
16413 1
16418 1
16421 1
16426 1
16442 1
16460 1
16464 1
16489 1
16506 1
16507 1
16512 1
16541 1
16557 1
16585 1
16587 1
16592 1
16600 1
16601 1
16609 1
16610 1
16640 1
16644 1
16652 1
16662 1
16690 1
16695 1
16712 1
16740 1
16743 1
16755 1
16767 1
16772 1
16774 1
16794 1
16818 1
16827 1
16828 1
16835 1
16840 1
16844 1
16870 1
16875 1
16887 1
16897 1
16916 1
16923 1
16955 1
16961 1
16965 1
16971 1
16983 1
16998 1
17010 1
17014 1
17017 1
17020 1
17033 1
17035 1
17048 1
17051 1
17076 1
17086 1
17094 1
17098 1
17103 1
17105 1
17113 1
17132 1
17137 1
17145 1
17183 1
17185 1
17190 1
17204 1
17214 1
17215 1
17222 1
17231 1
17270 1
17274 1
17285 1
17294 1
17307 1
17313 1
17319 1
17325 1
17329 1
17363 1
17372 1
17393 1
17398 1
17402 1
17406 1
17409 1
17414 1
17415 1
17424 1
17431 1
17450 1
17452 1
17457 1
17458 1
17474 3
17505 1
17517 1
17527 1
17546 1
17573 1
17578 1
17580 1
17589 1
17594 1
17597 1
17600 1
17602 1
17606 1
17616 1
17632 1
17637 1
17659 1
17683 1
17693 1
17700 1
17705 1
17717 1
17733 1
17735 1
17760 1
17767 1
17782 1
17789 1
17795 1
17805 1
17813 1
17816 1
17820 1
17828 1
17832 1
17848 1
17863 1
17867 1
17875 1
17882 1
17885 1
17900 1
17904 1
17909 1
17915 1
17970 1
17976 1
17989 1
17993 1
18010 1
18026 1
18028 1
18044 1
18047 1
18056 1
18069 1
18079 1
18080 1
18087 1
18091 1
18093 1
18115 1
18125 1
18150 1
18159 1
18169 1
18171 1
18176 1
18178 1
18193 1
18208 1
18224 1
18230 1
18236 2
18246 1
18258 1
18263 1
18267 1
18273 1
18280 1
18287 1
18289 1
18323 1
18339 1
18351 1
18356 1
18378 1
18386 1
18402 1
18403 1
18408 1
18412 1
18419 1
18424 1
18438 1
18443 1
18445 1
18462 1
18465 1
18467 2
18479 1
18489 1
18497 1
18539 1
18566 1
18567 1
18582 2
18588 1
18590 1
18594 1
18600 1
18601 1
18604 1
18619 1
18625 1
18647 1
18654 1
18673 1
18677 1
18681 1
18689 1
18693 1
18732 1
18780 1
18782 1
18788 1
18798 1
18799 1
18806 1
18841 1
18853 1
18855 1
18862 1
18869 1
18875 1
18877 1
18878 1
18893 1
18897 1
18912 1
18921 1
18958 1
18977 1
18980 1
18982 1
18986 1
18999 1
19008 1
19035 1
19042 2
19049 1
19058 1
19073 1
19095 1
19101 1
19103 1
19138 1
19152 1
19157 1
19162 1
19164 1
19181 1
19184 1
19186 1
19229 1
19251 2
19268 1
19273 1
19285 1
19301 1
19303 1
19319 1
19332 1
19344 2
19354 1
19362 1
19366 1
19373 1
19396 1
19400 1
19412 1
19431 1
19451 1
19453 1
19455 1
19483 1
19499 1
19538 1
19542 1
19560 1
19562 1
19594 1
19612 1
19631 1
19640 1
19647 1
19661 1
19677 1
19683 1
19699 1
19718 1
19720 1
19727 1
19742 2
19792 1
19814 1
19820 1
19841 1
19855 1
19857 1
19865 1
19871 1
19900 1
19907 1
19914 1
19968 1
19970 1
19987 1
19992 1
20035 1
20051 1
20057 1
20063 1
20073 1
20081 1
20094 1
20116 1
20150 2
20168 1
20172 1
20174 1
20257 1
20261 2
20324 1
20348 1
20366 1
20427 1
20437 1
20439 1
20446 1
20461 1
20504 1
20526 1
20548 1
20607 1
20619 1
20626 1
20633 1
20671 1
20687 1
20706 1
20720 1
20730 1
20813 1
20835 1
20869 1
20887 1
20900 1
20922 1
20980 1
21067 1
21130 1
21146 1
21189 1
21245 1
21267 1
21310 1
21326 1
21369 1
21425 1
21439 1
21449 1
21536 1
21619 1
21641 1
21908 1
21995 1
22088 1
22175 1
22255 1
22714 1
22894 1
25134 1
25896 1
25999 1
26127 1
26702 1
26718 1
26761 1
26889 1
26992 1
27480 1
27567 1
27695 1
27711 1
27754 1
28286 1
28473 1
28560 1
29279 1
End
