01 01 2.365e-06
02 01 2.976e-06
02 02 3.656e-06
03 01 5.240e-06
03 02 4.258e-06
03 03 4.138e-06
04 01 7.585e-06
04 02 6.783e-06
04 03 7.294e-06
04 04 6.923e-06
05 01 8.866e-06
05 02 9.598e-06
05 03 1.067e-05
05 04 1.351e-05
05 05 1.201e-05
06 01 1.276e-05
06 02 1.018e-05
06 03 1.008e-05
06 04 1.352e-05
06 05 1.075e-05
06 06 1.036e-05
07 01 9.979e-06
07 02 6.883e-06
07 03 1.008e-05
07 04 1.075e-05
07 05 1.073e-05
07 06 1.114e-05
07 07 1.088e-05
08 01 2.237e-05
08 02 1.384e-05
08 03 1.484e-05
08 04 1.967e-05
08 05 1.603e-05
08 06 1.983e-05
08 07 1.668e-05
08 08 1.641e-05
09 01 1.585e-05
09 02 1.495e-05
09 03 1.844e-05
09 04 2.190e-05
09 05 2.493e-05
09 06 2.611e-05
09 07 2.473e-05
09 08 2.511e-05
10 01 1.955e-05
10 02 1.500e-05
10 03 2.290e-05
10 04 2.783e-05
10 05 3.295e-05
10 06 3.336e-05
10 07 3.275e-05
10 08 3.553e-05
11 01 1.638e-05
11 02 2.403e-05
11 03 2.883e-05
11 04 3.192e-05
11 05 4.151e-05
11 06 4.878e-05
11 07 5.254e-05
11 08 5.340e-05
12 01 2.209e-05
12 02 2.585e-05
12 03 4.455e-05
12 04 5.851e-05
12 05 7.413e-05
12 06 7.979e-05
12 07 8.210e-05
12 08 8.228e-05
13 01 2.705e-05
13 02 3.365e-05
13 03 6.129e-05
13 04 6.806e-05
13 05 1.231e-04
13 06 1.664e-04
13 07 1.649e-04
13 08 1.817e-04
14 01 2.323e-05
14 02 8.172e-05
14 03 8.642e-05
14 04 1.025e-04
14 05 1.997e-04
14 06 2.509e-04
14 07 2.915e-04
14 08 3.503e-04
15 01 2.940e-05
15 02 8.105e-05
15 03 1.188e-04
15 04 1.286e-04
15 05 2.949e-04
15 06 4.178e-04
15 07 5.122e-04
15 08 5.714e-04
16 01 3.081e-05
16 02 8.514e-05
16 03 1.810e-04
16 04 1.981e-04
16 05 5.556e-04
16 06 7.420e-04
16 07 1.018e-03
16 08 1.123e-03
17 01 4.726e-05
17 02 2.211e-04
17 03 2.547e-04
17 04 3.694e-04
17 05 3.650e-04
17 06 8.672e-04
17 07 1.372e-03
17 08 1.739e-03
18 01 6.736e-05
18 02 1.731e-04
18 03 8.160e-04
18 04 5.935e-04
18 05 1.612e-03
18 06 2.845e-03
18 07 3.583e-03
18 08 4.022e-03
19 01 2.479e-04
19 02 8.270e-04
19 03 5.615e-04
19 04 1.019e-03
19 05 2.869e-03
19 06 3.626e-03
19 07 6.853e-03
19 08 8.212e-03
20 01 7.661e-05
20 02 1.883e-03
20 03 1.148e-03
20 04 1.816e-03
20 05 3.927e-03
20 06 7.599e-03
20 07 6.068e-03
20 08 9.300e-03
21 01 2.602e-04
21 02 1.542e-03
21 03 1.551e-03
21 04 4.115e-03
21 05 6.503e-03
21 06 5.869e-03
21 07 2.596e-02
21 08 3.413e-02
22 01 1.885e-04
22 02 2.066e-03
22 03 8.159e-03
22 04 4.973e-03
22 05 1.502e-02
22 06 2.459e-02
22 07 2.888e-02
22 08 5.026e-02
23 01 4.975e-04
23 02 6.077e-03
23 03 1.184e-02
23 04 3.752e-02
23 05 4.591e-02
23 06 3.223e-02
23 07 7.555e-02
23 08 4.600e-02
24 01 3.490e-04
24 02 3.559e-03
24 03 2.849e-03
24 04 2.455e-02
24 05 2.137e-02
24 06 8.181e-02
24 07 1.067e-01
24 08 6.055e-02
25 01 1.040e-03
25 02 9.422e-03
25 03 8.353e-03
25 04 3.965e-02
25 05 1.845e-01
25 06 7.461e-02
25 07 1.747e-01
25 08 2.231e-01
26 01 1.753e-03
26 02 5.105e-03
26 03 3.954e-02
26 04 1.132e-01
26 05 9.758e-02
26 06 1.727e-01
26 07 5.218e-01
26 08 6.030e-01
27 01 7.777e-04
27 02 8.657e-03
27 03 3.091e-02
27 04 7.144e-02
27 05 9.464e-02
27 06 2.406e-01
27 07 2.275e-01
27 08 5.252e-01
28 01 8.554e-03
28 02 4.215e-02
28 03 1.200e-01
28 04 1.248e-01
28 05 1.870e+00
28 06 2.578e-01
28 07 1.635e+00
28 08 6.528e-01
29 01 2.883e-03
29 02 3.012e-02
29 03 6.416e-02
29 04 3.528e-01
29 05 2.184e-01
29 06 1.383e+00
29 07 3.108e+00
29 08 3.944e+00
30 01 1.439e-02
30 02 1.298e-01
30 03 3.005e-01
30 04 2.276e+00
30 05 3.061e+00
30 06 5.917e+00
30 07 3.663e+00
30 08 5.974e+00
31 01 2.603e-02
31 02 1.066e-01
31 03 8.046e-01
31 04 7.871e-01
31 05 2.361e+00
31 06 3.261e+00
31 07 5.970e+00
31 08 1.118e+01
32 01 4.870e-02
32 02 2.058e-01
32 03 7.032e-01
32 04 1.025e+00
32 05 4.037e+00
32 06 2.222e+00
32 07 7.405e+00
32 08 2.212e+01
33 01 7.814e-02
33 02 1.434e+00
33 03 4.355e+00
33 04 3.266e+00
33 05 1.061e+01
33 06 1.655e+01
33 07 5.312e+00
33 08 6.965e+01
34 01 5.663e-02
34 02 1.524e+00
34 03 3.806e+00
34 04 6.334e+00
34 05 1.644e+01
34 06 3.267e+01
34 07 9.389e+01
34 08 7.349e+01
35 01 4.767e-02
35 02 4.602e-01
35 03 2.232e+00
35 04 1.347e+01
35 05 1.207e+01
35 06 5.064e+01
35 07 6.367e+01
35 08 5.012e+01
36 01 1.612e-01
36 02 1.201e+00
36 03 1.811e+00
36 04 2.685e+01
36 05 7.345e+01
36 06 5.315e+01
36 07 1.171e+02
36 08 1.772e+02
37 01 1.483e-01
37 02 1.463e+01
37 03 9.408e+00
37 04 1.774e+01
37 05 8.244e+01
37 06 6.636e+01
37 07 7.797e+01
37 08 7.084e+02
38 01 6.305e-01
38 02 5.749e+00
38 03 1.503e+02
38 04 1.148e+03
38 05 1.165e+02
38 06 5.483e+02
38 07 7.537e+02
38 08 6.198e+02
39 01 5.953e-01
39 02 2.870e+01
39 03 1.622e+01
39 04 1.188e+02
39 05 4.512e+02
39 06 4.992e+02
39 07 1.228e+03
39 08 1.406e+03
40 01 1.761e+00
40 02 3.690e+00
40 03 5.046e+01
40 04 4.823e+02
40 05 3.472e+02
40 06 2.467e+03
40 07 1.812e+03
40 08 4.055e+03
